SYSTEM_CALL
sys_enter_brk
sys_enter_mmap
sys_enter_openat
sys_enter_newfstatat
sys_enter_openat
sys_enter_newfstatat
sys_enter_openat
sys_enter_newfstatat
sys_enter_openat
sys_enter_newfstatat
sys_enter_openat
sys_enter_newfstatat
sys_enter_openat
sys_enter_newfstatat
sys_enter_openat
sys_enter_newfstatat
sys_enter_openat
sys_enter_newfstatat
sys_enter_openat
sys_enter_newfstatat
sys_enter_openat
sys_enter_newfstatat
sys_enter_openat
sys_enter_newfstatat
sys_enter_openat
sys_enter_newfstatat
sys_enter_openat
sys_enter_newfstatat
sys_enter_openat
sys_enter_newfstatat
sys_enter_openat
sys_enter_newfstatat
sys_enter_openat
sys_enter_newfstatat
sys_enter_openat
sys_enter_newfstatat
sys_enter_openat
sys_enter_newfstatat
sys_enter_openat
sys_enter_newfstatat
sys_enter_openat
sys_enter_newfstatat
sys_enter_openat
sys_enter_newfstatat
sys_enter_mmap
sys_enter_close
sys_enter_openat
sys_enter_read
sys_enter_newfstatat
sys_enter_mmap
sys_enter_mmap
sys_enter_mmap
sys_enter_mmap
sys_enter_close
sys_enter_openat
sys_enter_openat
sys_enter_openat
sys_enter_read
sys_enter_newfstatat
sys_enter_mmap
sys_enter_mmap
sys_enter_mmap
sys_enter_mmap
sys_enter_close
sys_enter_openat
sys_enter_openat
sys_enter_openat
sys_enter_read
sys_enter_newfstatat
sys_enter_mmap
sys_enter_mprotect
sys_enter_mmap
sys_enter_mmap
sys_enter_mmap
sys_enter_close
sys_enter_openat
sys_enter_openat
sys_enter_openat
sys_enter_read
sys_enter_newfstatat
sys_enter_mmap
sys_enter_mmap
sys_enter_mmap
sys_enter_mmap
sys_enter_mmap
sys_enter_close
sys_enter_openat
sys_enter_openat
sys_enter_openat
sys_enter_read
sys_enter_newfstatat
sys_enter_mmap
sys_enter_mmap
sys_enter_mmap
sys_enter_mmap
sys_enter_close
sys_enter_openat
sys_enter_openat
sys_enter_openat
sys_enter_read
sys_enter_pread64
sys_enter_newfstatat
sys_enter_mmap
sys_enter_pread64
sys_enter_mmap
sys_enter_mmap
sys_enter_mmap
sys_enter_mmap
sys_enter_mmap
sys_enter_close
sys_enter_openat
sys_enter_openat
sys_enter_openat
sys_enter_read
sys_enter_newfstatat
sys_enter_mmap
sys_enter_mmap
sys_enter_mmap
sys_enter_mmap
sys_enter_close
sys_enter_openat
sys_enter_openat
sys_enter_openat
sys_enter_read
sys_enter_newfstatat
sys_enter_mmap
sys_enter_mmap
sys_enter_mmap
sys_enter_mmap
sys_enter_close
sys_enter_mmap
sys_enter_set_tid_address
sys_enter_set_robust_list
sys_enter_rseq
sys_enter_mprotect
sys_enter_mprotect
sys_enter_mprotect
sys_enter_mprotect
sys_enter_mprotect
sys_enter_mprotect
sys_enter_mprotect
sys_enter_mprotect
sys_enter_mprotect
sys_enter_mprotect
sys_enter_prlimit64
sys_enter_munmap
sys_enter_prctl
sys_enter_prctl
sys_enter_prctl
sys_enter_prctl
sys_enter_prctl
sys_enter_prctl
sys_enter_getuid
sys_enter_socket
sys_enter_setsockopt
sys_enter_setsockopt
sys_enter_setsockopt
sys_enter_bind
sys_enter_getsockname
sys_enter_setsockopt
sys_enter_sendto
sys_enter_getrandom
sys_enter_brk
sys_enter_brk
sys_enter_newfstatat
sys_enter_recvmsg
sys_enter_recvmsg
sys_enter_socket
sys_enter_setsockopt
sys_enter_setsockopt
sys_enter_setsockopt
sys_enter_bind
sys_enter_getsockname
sys_enter_sendmsg
sys_enter_recvmsg
sys_enter_recvmsg
sys_enter_close
sys_enter_write
sys_enter_recvmsg
sys_enter_recvmsg
sys_enter_write
sys_enter_exit_group
sys_enter_brk
sys_enter_mmap
sys_enter_openat
sys_enter_newfstatat
sys_enter_openat
sys_enter_newfstatat
sys_enter_openat
sys_enter_newfstatat
sys_enter_openat
sys_enter_newfstatat
sys_enter_openat
sys_enter_newfstatat
sys_enter_openat
sys_enter_newfstatat
sys_enter_openat
sys_enter_newfstatat
sys_enter_openat
sys_enter_newfstatat
sys_enter_openat
sys_enter_newfstatat
sys_enter_openat
sys_enter_newfstatat
sys_enter_openat
sys_enter_newfstatat
sys_enter_openat
sys_enter_newfstatat
sys_enter_openat
sys_enter_newfstatat
sys_enter_openat
sys_enter_newfstatat
sys_enter_openat
sys_enter_newfstatat
sys_enter_openat
sys_enter_newfstatat
sys_enter_openat
sys_enter_newfstatat
sys_enter_openat
sys_enter_newfstatat
sys_enter_openat
sys_enter_newfstatat
sys_enter_openat
sys_enter_newfstatat
sys_enter_openat
sys_enter_newfstatat
sys_enter_mmap
sys_enter_close
sys_enter_openat
sys_enter_read
sys_enter_newfstatat
sys_enter_mmap
sys_enter_mmap
sys_enter_mmap
sys_enter_mmap
sys_enter_close
sys_enter_openat
sys_enter_openat
sys_enter_openat
sys_enter_read
sys_enter_newfstatat
sys_enter_mmap
sys_enter_mmap
sys_enter_mmap
sys_enter_mmap
sys_enter_close
sys_enter_openat
sys_enter_openat
sys_enter_openat
sys_enter_read
sys_enter_newfstatat
sys_enter_mmap
sys_enter_mprotect
sys_enter_mmap
sys_enter_mmap
sys_enter_mmap
sys_enter_close
sys_enter_openat
sys_enter_openat
sys_enter_openat
sys_enter_read
sys_enter_newfstatat
sys_enter_mmap
sys_enter_mmap
sys_enter_mmap
sys_enter_mmap
sys_enter_mmap
sys_enter_close
sys_enter_openat
sys_enter_openat
sys_enter_openat
sys_enter_read
sys_enter_newfstatat
sys_enter_mmap
sys_enter_mmap
sys_enter_mmap
sys_enter_mmap
sys_enter_close
sys_enter_openat
sys_enter_openat
sys_enter_openat
sys_enter_read
sys_enter_pread64
sys_enter_newfstatat
sys_enter_mmap
sys_enter_pread64
sys_enter_mmap
sys_enter_mmap
sys_enter_mmap
sys_enter_mmap
sys_enter_mmap
sys_enter_close
sys_enter_openat
sys_enter_openat
sys_enter_openat
sys_enter_read
sys_enter_newfstatat
sys_enter_mmap
sys_enter_mmap
sys_enter_mmap
sys_enter_mmap
sys_enter_close
sys_enter_openat
sys_enter_openat
sys_enter_openat
sys_enter_read
sys_enter_newfstatat
sys_enter_mmap
sys_enter_mmap
sys_enter_mmap
sys_enter_mmap
sys_enter_close
sys_enter_mmap
sys_enter_set_tid_address
sys_enter_set_robust_list
sys_enter_rseq
sys_enter_mprotect
sys_enter_mprotect
sys_enter_mprotect
sys_enter_mprotect
sys_enter_mprotect
sys_enter_mprotect
sys_enter_mprotect
sys_enter_mprotect
sys_enter_mprotect
sys_enter_mprotect
sys_enter_prlimit64
sys_enter_munmap
sys_enter_prctl
sys_enter_prctl
sys_enter_prctl
sys_enter_prctl
sys_enter_prctl
sys_enter_prctl
sys_enter_getuid
sys_enter_socket
sys_enter_setsockopt
sys_enter_setsockopt
sys_enter_setsockopt
sys_enter_bind
sys_enter_getsockname
sys_enter_setsockopt
sys_enter_sendto
sys_enter_getrandom
sys_enter_brk
sys_enter_brk
sys_enter_newfstatat
sys_enter_recvmsg
sys_enter_recvmsg
sys_enter_socket
sys_enter_setsockopt
sys_enter_setsockopt
sys_enter_setsockopt
sys_enter_bind
sys_enter_getsockname
sys_enter_sendmsg
sys_enter_recvmsg
sys_enter_recvmsg
sys_enter_close
sys_enter_write
sys_enter_recvmsg
sys_enter_recvmsg
sys_enter_write
sys_enter_exit_group
sys_enter_brk
sys_enter_mmap
sys_enter_openat
sys_enter_newfstatat
sys_enter_openat
sys_enter_newfstatat
sys_enter_openat
sys_enter_newfstatat
sys_enter_openat
sys_enter_newfstatat
sys_enter_openat
sys_enter_newfstatat
sys_enter_openat
sys_enter_newfstatat
sys_enter_openat
sys_enter_newfstatat
sys_enter_openat
sys_enter_newfstatat
sys_enter_openat
sys_enter_newfstatat
sys_enter_openat
sys_enter_newfstatat
sys_enter_openat
sys_enter_newfstatat
sys_enter_openat
sys_enter_newfstatat
sys_enter_openat
sys_enter_newfstatat
sys_enter_openat
sys_enter_newfstatat
sys_enter_openat
sys_enter_newfstatat
sys_enter_openat
sys_enter_newfstatat
sys_enter_openat
sys_enter_newfstatat
sys_enter_openat
sys_enter_newfstatat
sys_enter_openat
sys_enter_newfstatat
sys_enter_openat
sys_enter_newfstatat
sys_enter_openat
sys_enter_newfstatat
sys_enter_mmap
sys_enter_close
sys_enter_openat
sys_enter_read
sys_enter_newfstatat
sys_enter_mmap
sys_enter_mmap
sys_enter_mmap
sys_enter_mmap
sys_enter_close
sys_enter_openat
sys_enter_openat
sys_enter_openat
sys_enter_read
sys_enter_newfstatat
sys_enter_mmap
sys_enter_mmap
sys_enter_mmap
sys_enter_mmap
sys_enter_close
sys_enter_openat
sys_enter_openat
sys_enter_openat
sys_enter_read
sys_enter_newfstatat
sys_enter_mmap
sys_enter_mprotect
sys_enter_mmap
sys_enter_mmap
sys_enter_mmap
sys_enter_close
sys_enter_openat
sys_enter_openat
sys_enter_openat
sys_enter_read
sys_enter_newfstatat
sys_enter_mmap
sys_enter_mmap
sys_enter_mmap
sys_enter_mmap
sys_enter_mmap
sys_enter_close
sys_enter_openat
sys_enter_openat
sys_enter_openat
sys_enter_read
sys_enter_newfstatat
sys_enter_mmap
sys_enter_mmap
sys_enter_mmap
sys_enter_mmap
sys_enter_close
sys_enter_openat
sys_enter_openat
sys_enter_openat
sys_enter_read
sys_enter_pread64
sys_enter_newfstatat
sys_enter_mmap
sys_enter_pread64
sys_enter_mmap
sys_enter_mmap
sys_enter_mmap
sys_enter_mmap
sys_enter_mmap
sys_enter_close
sys_enter_openat
sys_enter_openat
sys_enter_openat
sys_enter_read
sys_enter_newfstatat
sys_enter_mmap
sys_enter_mmap
sys_enter_mmap
sys_enter_mmap
sys_enter_close
sys_enter_openat
sys_enter_openat
sys_enter_openat
sys_enter_read
sys_enter_newfstatat
sys_enter_mmap
sys_enter_mmap
sys_enter_mmap
sys_enter_mmap
sys_enter_close
sys_enter_mmap
sys_enter_set_tid_address
sys_enter_set_robust_list
sys_enter_rseq
sys_enter_mprotect
sys_enter_mprotect
sys_enter_mprotect
sys_enter_mprotect
sys_enter_mprotect
sys_enter_mprotect
sys_enter_mprotect
sys_enter_mprotect
sys_enter_mprotect
sys_enter_mprotect
sys_enter_prlimit64
sys_enter_munmap
sys_enter_prctl
sys_enter_prctl
sys_enter_prctl
sys_enter_prctl
sys_enter_prctl
sys_enter_prctl
sys_enter_getuid
sys_enter_socket
sys_enter_setsockopt
sys_enter_setsockopt
sys_enter_setsockopt
sys_enter_bind
sys_enter_getsockname
sys_enter_setsockopt
sys_enter_sendto
sys_enter_getrandom
sys_enter_brk
sys_enter_brk
sys_enter_newfstatat
sys_enter_recvmsg
sys_enter_recvmsg
sys_enter_socket
sys_enter_setsockopt
sys_enter_setsockopt
sys_enter_setsockopt
sys_enter_bind
sys_enter_getsockname
sys_enter_sendmsg
sys_enter_recvmsg
sys_enter_recvmsg
sys_enter_close
sys_enter_write
sys_enter_recvmsg
sys_enter_recvmsg
sys_enter_write
sys_enter_exit_group
