SYSTEM_CALL
sys_enter_futex
sys_enter_futex
sys_enter_futex
sys_enter_futex
sys_enter_write
sys_enter_futex
sys_enter_futex
sys_enter_madvise
sys_enter_madvise
sys_enter_madvise
sys_enter_madvise
sys_enter_futex
sys_enter_madvise
sys_enter_write
sys_enter_futex
sys_enter_futex
sys_enter_futex
sys_enter_futex
sys_enter_futex
sys_enter_futex
sys_enter_futex
sys_enter_futex
sys_enter_futex
sys_enter_futex
sys_enter_futex
sys_enter_futex
sys_enter_futex
sys_enter_futex
sys_enter_futex
sys_enter_futex
sys_enter_futex
sys_enter_futex
sys_enter_futex
sys_enter_futex
sys_enter_futex
sys_enter_futex
sys_enter_futex
sys_enter_futex
sys_enter_futex
sys_enter_futex
sys_enter_futex
sys_enter_futex
sys_enter_futex
sys_enter_futex
sys_enter_futex
sys_enter_futex
sys_enter_futex
sys_enter_futex
sys_enter_futex
sys_enter_futex
sys_enter_futex
sys_enter_futex
sys_enter_futex
sys_enter_futex
sys_enter_futex
sys_enter_futex
sys_enter_futex
sys_enter_futex
sys_enter_futex
sys_enter_futex
sys_enter_futex
sys_enter_futex
sys_enter_futex
sys_enter_futex
sys_enter_futex
sys_enter_futex
sys_enter_futex
sys_enter_futex
sys_enter_futex
sys_enter_futex
sys_enter_futex
sys_enter_futex
sys_enter_futex
sys_enter_futex
sys_enter_futex
sys_enter_futex
sys_enter_futex
sys_enter_futex
sys_enter_futex
sys_enter_futex
sys_enter_futex
sys_enter_futex
sys_enter_futex
sys_enter_futex
sys_enter_futex
sys_enter_futex
sys_enter_futex
sys_enter_futex
sys_enter_futex
sys_enter_futex
sys_enter_futex
sys_enter_futex
sys_enter_futex
sys_enter_futex
sys_enter_futex
sys_enter_futex
sys_enter_futex
sys_enter_futex
sys_enter_futex
sys_enter_futex
sys_enter_futex
sys_enter_futex
sys_enter_futex
sys_enter_futex
sys_enter_futex
sys_enter_futex
sys_enter_futex
sys_enter_futex
sys_enter_futex
sys_enter_futex
sys_enter_futex
sys_enter_futex
sys_enter_futex
sys_enter_futex
sys_enter_futex
sys_enter_futex
sys_enter_futex
sys_enter_futex
sys_enter_futex
sys_enter_futex
sys_enter_futex
sys_enter_futex
