SYSTEM_CALL
sys_enter_sched_yield
sys_enter_sched_yield
sys_enter_sched_yield
sys_enter_sched_yield
sys_enter_sched_yield
sys_enter_sched_yield
sys_enter_sched_yield
sys_enter_sched_yield
sys_enter_sched_yield
sys_enter_clock_gettime
sys_enter_clock_gettime
sys_enter_clock_gettime
sys_enter_clock_gettime
sys_enter_clock_gettime
sys_enter_sched_yield
sys_enter_sched_yield
sys_enter_sched_yield
sys_enter_sched_yield
sys_enter_sched_yield
sys_enter_sched_yield
sys_enter_sched_yield
sys_enter_sched_yield
sys_enter_sched_yield
sys_enter_sched_yield
sys_enter_sched_yield
sys_enter_sched_yield
sys_enter_sched_yield
sys_enter_sched_yield
sys_enter_sched_yield
sys_enter_sched_yield
sys_enter_sched_yield
sys_enter_sched_yield
sys_enter_sched_yield
sys_enter_sched_yield
sys_enter_sched_yield
sys_enter_sched_yield
sys_enter_sched_yield
sys_enter_sched_yield
sys_enter_sched_yield
sys_enter_sched_yield
sys_enter_sched_yield
sys_enter_sched_yield
sys_enter_sched_yield
sys_enter_sched_yield
sys_enter_sched_yield
sys_enter_sched_yield
sys_enter_sched_yield
sys_enter_sched_yield
sys_enter_sched_yield
sys_enter_sched_yield
sys_enter_sched_yield
sys_enter_sched_yield
sys_enter_sched_yield
sys_enter_sched_yield
sys_enter_sched_yield
sys_enter_sched_yield
sys_enter_clock_gettime
sys_enter_clock_gettime
sys_enter_clock_gettime
sys_enter_clock_gettime
sys_enter_clock_gettime
sys_enter_sched_yield
sys_enter_sched_yield
sys_enter_sched_yield
sys_enter_sched_yield
sys_enter_sched_yield
sys_enter_sched_yield
sys_enter_sched_yield
sys_enter_sched_yield
sys_enter_sched_yield
sys_enter_sched_yield
sys_enter_sched_yield
sys_enter_sched_yield
sys_enter_sched_yield
sys_enter_sched_yield
sys_enter_sched_yield
sys_enter_sched_yield
sys_enter_sched_yield
sys_enter_sched_yield
sys_enter_sched_yield
sys_enter_sched_yield
sys_enter_sched_yield
sys_enter_sched_yield
sys_enter_sched_yield
sys_enter_sched_yield
sys_enter_sched_yield
sys_enter_clock_gettime
sys_enter_clock_gettime
sys_enter_clock_gettime
sys_enter_sched_yield
sys_enter_sched_yield
sys_enter_sched_yield
sys_enter_sched_yield
sys_enter_sched_yield
sys_enter_sched_yield
sys_enter_sched_yield
sys_enter_sched_yield
sys_enter_sched_yield
sys_enter_sched_yield
sys_enter_sched_yield
sys_enter_sched_yield
sys_enter_sched_yield
sys_enter_sched_yield
sys_enter_sched_yield
sys_enter_sched_yield
sys_enter_sched_yield
sys_enter_sched_yield
sys_enter_sched_yield
sys_enter_clock_gettime
sys_enter_clock_gettime
sys_enter_clock_gettime
sys_enter_clock_gettime
sys_enter_clock_gettime
sys_enter_sched_yield
sys_enter_sched_yield
sys_enter_sched_yield
sys_enter_sched_yield
sys_enter_sched_yield
sys_enter_sched_yield
sys_enter_sched_yield
sys_enter_sched_yield
sys_enter_sched_yield
sys_enter_sched_yield
sys_enter_sched_yield
sys_enter_sched_yield
sys_enter_sched_yield
sys_enter_sched_yield
sys_enter_sched_yield
sys_enter_sched_yield
sys_enter_sched_yield
sys_enter_sched_yield
sys_enter_sched_yield
sys_enter_sched_yield
sys_enter_sched_yield
sys_enter_sched_yield
sys_enter_sched_yield
sys_enter_sched_yield
sys_enter_sched_yield
sys_enter_sched_yield
sys_enter_sched_yield
sys_enter_sched_yield
sys_enter_sched_yield
sys_enter_sched_yield
sys_enter_sched_yield
sys_enter_sched_yield
sys_enter_sched_yield
sys_enter_sched_yield
sys_enter_sched_yield
sys_enter_sched_yield
sys_enter_sched_yield
sys_enter_sched_yield
sys_enter_sched_yield
sys_enter_sched_yield
sys_enter_sched_yield
sys_enter_sched_yield
sys_enter_sched_yield
sys_enter_clock_gettime
sys_enter_clock_gettime
sys_enter_clock_gettime
sys_enter_clock_gettime
sys_enter_clock_gettime
sys_enter_sched_yield
sys_enter_sched_yield
sys_enter_sched_yield
sys_enter_sched_yield
sys_enter_sched_yield
sys_enter_sched_yield
sys_enter_sched_yield
sys_enter_sched_yield
sys_enter_sched_yield
sys_enter_sched_yield
sys_enter_sched_yield
sys_enter_sched_yield
sys_enter_sched_yield
sys_enter_sched_yield
sys_enter_sched_yield
sys_enter_sched_yield
sys_enter_sched_yield
sys_enter_sched_yield
sys_enter_sched_yield
sys_enter_sched_yield
sys_enter_sched_yield
sys_enter_sched_yield
sys_enter_sched_yield
sys_enter_sched_yield
sys_enter_sched_yield
sys_enter_sched_yield
sys_enter_sched_yield
sys_enter_clock_gettime
sys_enter_clock_gettime
sys_enter_clock_gettime
sys_enter_sched_yield
sys_enter_sched_yield
sys_enter_sched_yield
sys_enter_sched_yield
sys_enter_sched_yield
sys_enter_sched_yield
sys_enter_sched_yield
sys_enter_sched_yield
sys_enter_sched_yield
sys_enter_sched_yield
sys_enter_sched_yield
sys_enter_sched_yield
sys_enter_sched_yield
sys_enter_sched_yield
sys_enter_sched_yield
sys_enter_sched_yield
sys_enter_sched_yield
sys_enter_sched_yield
sys_enter_clock_gettime
sys_enter_clock_gettime
sys_enter_clock_gettime
sys_enter_clock_gettime
sys_enter_clock_gettime
sys_enter_sched_yield
sys_enter_sched_yield
sys_enter_sched_yield
sys_enter_sched_yield
sys_enter_sched_yield
sys_enter_sched_yield
sys_enter_sched_yield
sys_enter_sched_yield
sys_enter_sched_yield
sys_enter_sched_yield
sys_enter_sched_yield
sys_enter_sched_yield
sys_enter_sched_yield
sys_enter_sched_yield
sys_enter_sched_yield
sys_enter_sched_yield
sys_enter_sched_yield
sys_enter_sched_yield
sys_enter_sched_yield
sys_enter_sched_yield
sys_enter_sched_yield
sys_enter_sched_yield
sys_enter_sched_yield
sys_enter_sched_yield
sys_enter_sched_yield
sys_enter_sched_yield
sys_enter_sched_yield
sys_enter_sched_yield
sys_enter_sched_yield
sys_enter_sched_yield
sys_enter_sched_yield
sys_enter_sched_yield
sys_enter_sched_yield
sys_enter_sched_yield
sys_enter_sched_yield
sys_enter_sched_yield
sys_enter_sched_yield
sys_enter_sched_yield
sys_enter_sched_yield
sys_enter_sched_yield
sys_enter_sched_yield
sys_enter_sched_yield
sys_enter_sched_yield
sys_enter_sched_yield
sys_enter_clock_gettime
sys_enter_clock_gettime
sys_enter_clock_gettime
sys_enter_clock_gettime
sys_enter_clock_gettime
sys_enter_sched_yield
sys_enter_sched_yield
sys_enter_sched_yield
sys_enter_sched_yield
sys_enter_sched_yield
sys_enter_sched_yield
sys_enter_sched_yield
sys_enter_sched_yield
sys_enter_sched_yield
sys_enter_sched_yield
sys_enter_sched_yield
sys_enter_sched_yield
sys_enter_sched_yield
sys_enter_sched_yield
sys_enter_sched_yield
sys_enter_sched_yield
sys_enter_sched_yield
sys_enter_sched_yield
sys_enter_sched_yield
sys_enter_sched_yield
sys_enter_sched_yield
sys_enter_sched_yield
sys_enter_sched_yield
sys_enter_sched_yield
sys_enter_clock_gettime
sys_enter_clock_gettime
sys_enter_clock_gettime
sys_enter_sched_yield
sys_enter_sched_yield
sys_enter_sched_yield
sys_enter_sched_yield
sys_enter_sched_yield
sys_enter_sched_yield
sys_enter_sched_yield
sys_enter_sched_yield
sys_enter_sched_yield
sys_enter_sched_yield
sys_enter_sched_yield
sys_enter_sched_yield
sys_enter_sched_yield
sys_enter_sched_yield
sys_enter_sched_yield
sys_enter_sched_yield
sys_enter_sched_yield
sys_enter_sched_yield
sys_enter_sched_yield
sys_enter_clock_gettime
sys_enter_clock_gettime
sys_enter_clock_gettime
sys_enter_clock_gettime
sys_enter_clock_gettime
sys_enter_sched_yield
sys_enter_sched_yield
sys_enter_sched_yield
sys_enter_sched_yield
sys_enter_sched_yield
sys_enter_sched_yield
sys_enter_sched_yield
sys_enter_sched_yield
sys_enter_sched_yield
sys_enter_sched_yield
sys_enter_sched_yield
sys_enter_sched_yield
sys_enter_sched_yield
sys_enter_sched_yield
sys_enter_sched_yield
sys_enter_sched_yield
sys_enter_sched_yield
sys_enter_sched_yield
sys_enter_sched_yield
sys_enter_sched_yield
sys_enter_sched_yield
sys_enter_sched_yield
sys_enter_sched_yield
sys_enter_sched_yield
sys_enter_sched_yield
sys_enter_sched_yield
sys_enter_sched_yield
sys_enter_sched_yield
sys_enter_sched_yield
sys_enter_sched_yield
sys_enter_sched_yield
sys_enter_sched_yield
sys_enter_sched_yield
sys_enter_sched_yield
sys_enter_sched_yield
sys_enter_sched_yield
sys_enter_sched_yield
sys_enter_sched_yield
sys_enter_sched_yield
sys_enter_sched_yield
sys_enter_sched_yield
sys_enter_sched_yield
sys_enter_sched_yield
sys_enter_clock_gettime
sys_enter_clock_gettime
sys_enter_clock_gettime
sys_enter_clock_gettime
sys_enter_clock_gettime
sys_enter_sched_yield
sys_enter_sched_yield
sys_enter_sched_yield
sys_enter_sched_yield
sys_enter_sched_yield
sys_enter_sched_yield
sys_enter_sched_yield
sys_enter_sched_yield
sys_enter_sched_yield
sys_enter_sched_yield
sys_enter_sched_yield
sys_enter_sched_yield
sys_enter_sched_yield
sys_enter_sched_yield
sys_enter_sched_yield
sys_enter_sched_yield
sys_enter_sched_yield
sys_enter_sched_yield
sys_enter_sched_yield
sys_enter_sched_yield
sys_enter_sched_yield
sys_enter_sched_yield
sys_enter_sched_yield
sys_enter_sched_yield
sys_enter_clock_gettime
sys_enter_clock_gettime
sys_enter_clock_gettime
sys_enter_sched_yield
sys_enter_sched_yield
sys_enter_sched_yield
sys_enter_sched_yield
sys_enter_sched_yield
sys_enter_sched_yield
sys_enter_sched_yield
sys_enter_sched_yield
sys_enter_sched_yield
sys_enter_sched_yield
sys_enter_sched_yield
sys_enter_sched_yield
sys_enter_sched_yield
sys_enter_sched_yield
sys_enter_clock_gettime
sys_enter_read
sys_enter_clock_gettime
sys_enter_clock_gettime
sys_enter_sched_yield
sys_enter_sched_yield
sys_enter_sched_yield
sys_enter_sched_yield
sys_enter_sched_yield
sys_enter_sched_yield
sys_enter_clock_gettime
sys_enter_clock_gettime
sys_enter_clock_gettime
sys_enter_clock_gettime
sys_enter_clock_gettime
sys_enter_sched_yield
sys_enter_sched_yield
sys_enter_sched_yield
sys_enter_sched_yield
sys_enter_sched_yield
sys_enter_sched_yield
sys_enter_sched_yield
sys_enter_sched_yield
sys_enter_sched_yield
sys_enter_sched_yield
sys_enter_sched_yield
sys_enter_sched_yield
sys_enter_sched_yield
sys_enter_sched_yield
sys_enter_sched_yield
sys_enter_sched_yield
sys_enter_sched_yield
sys_enter_sched_yield
sys_enter_sched_yield
sys_enter_sched_yield
sys_enter_sched_yield
sys_enter_sched_yield
sys_enter_sched_yield
sys_enter_sched_yield
sys_enter_sched_yield
sys_enter_sched_yield
sys_enter_sched_yield
sys_enter_sched_yield
sys_enter_sched_yield
sys_enter_sched_yield
sys_enter_sched_yield
sys_enter_sched_yield
sys_enter_sched_yield
sys_enter_sched_yield
sys_enter_sched_yield
sys_enter_sched_yield
sys_enter_sched_yield
sys_enter_sched_yield
sys_enter_sched_yield
sys_enter_sched_yield
sys_enter_sched_yield
sys_enter_sched_yield
sys_enter_sched_yield
sys_enter_sched_yield
sys_enter_clock_gettime
sys_enter_clock_gettime
sys_enter_clock_gettime
sys_enter_clock_gettime
sys_enter_clock_gettime
sys_enter_sched_yield
sys_enter_sched_yield
sys_enter_sched_yield
sys_enter_sched_yield
sys_enter_sched_yield
sys_enter_sched_yield
sys_enter_sched_yield
sys_enter_sched_yield
sys_enter_sched_yield
sys_enter_sched_yield
sys_enter_sched_yield
sys_enter_sched_yield
sys_enter_sched_yield
sys_enter_sched_yield
sys_enter_sched_yield
sys_enter_sched_yield
sys_enter_sched_yield
sys_enter_sched_yield
sys_enter_sched_yield
sys_enter_sched_yield
sys_enter_sched_yield
sys_enter_sched_yield
sys_enter_sched_yield
sys_enter_sched_yield
sys_enter_sched_yield
sys_enter_sched_yield
sys_enter_sched_yield
sys_enter_sched_yield
sys_enter_sched_yield
sys_enter_clock_gettime
sys_enter_clock_gettime
sys_enter_clock_gettime
sys_enter_sched_yield
sys_enter_sched_yield
sys_enter_sched_yield
sys_enter_sched_yield
sys_enter_sched_yield
sys_enter_sched_yield
sys_enter_sched_yield
sys_enter_sched_yield
sys_enter_sched_yield
sys_enter_sched_yield
sys_enter_sched_yield
sys_enter_sched_yield
sys_enter_sched_yield
sys_enter_sched_yield
sys_enter_sched_yield
sys_enter_sched_yield
sys_enter_sched_yield
sys_enter_sched_yield
sys_enter_sched_yield
sys_enter_sched_yield
sys_enter_sched_yield
sys_enter_sched_yield
sys_enter_clock_gettime
sys_enter_clock_gettime
sys_enter_clock_gettime
sys_enter_clock_gettime
sys_enter_clock_gettime
sys_enter_sched_yield
sys_enter_sched_yield
sys_enter_sched_yield
sys_enter_sched_yield
sys_enter_sched_yield
sys_enter_sched_yield
sys_enter_sched_yield
sys_enter_sched_yield
sys_enter_sched_yield
sys_enter_sched_yield
sys_enter_sched_yield
sys_enter_sched_yield
sys_enter_sched_yield
sys_enter_sched_yield
sys_enter_sched_yield
sys_enter_sched_yield
sys_enter_sched_yield
sys_enter_sched_yield
sys_enter_sched_yield
sys_enter_sched_yield
sys_enter_sched_yield
sys_enter_sched_yield
sys_enter_sched_yield
sys_enter_sched_yield
sys_enter_sched_yield
sys_enter_sched_yield
sys_enter_sched_yield
sys_enter_sched_yield
sys_enter_sched_yield
sys_enter_sched_yield
sys_enter_sched_yield
sys_enter_sched_yield
sys_enter_sched_yield
sys_enter_sched_yield
sys_enter_sched_yield
sys_enter_sched_yield
sys_enter_sched_yield
sys_enter_sched_yield
sys_enter_sched_yield
sys_enter_sched_yield
sys_enter_sched_yield
sys_enter_sched_yield
sys_enter_sched_yield
sys_enter_sched_yield
sys_enter_sched_yield
sys_enter_sched_yield
sys_enter_sched_yield
sys_enter_sched_yield
sys_enter_sched_yield
sys_enter_clock_gettime
sys_enter_clock_gettime
sys_enter_clock_gettime
sys_enter_clock_gettime
sys_enter_clock_gettime
sys_enter_sched_yield
sys_enter_sched_yield
sys_enter_sched_yield
sys_enter_sched_yield
sys_enter_sched_yield
sys_enter_sched_yield
sys_enter_sched_yield
sys_enter_sched_yield
sys_enter_sched_yield
sys_enter_sched_yield
sys_enter_sched_yield
sys_enter_sched_yield
sys_enter_sched_yield
sys_enter_sched_yield
sys_enter_sched_yield
sys_enter_sched_yield
sys_enter_sched_yield
sys_enter_sched_yield
sys_enter_sched_yield
sys_enter_sched_yield
sys_enter_sched_yield
sys_enter_sched_yield
sys_enter_sched_yield
sys_enter_sched_yield
sys_enter_sched_yield
sys_enter_sched_yield
sys_enter_sched_yield
sys_enter_sched_yield
sys_enter_sched_yield
sys_enter_sched_yield
sys_enter_clock_gettime
sys_enter_clock_gettime
sys_enter_clock_gettime
sys_enter_sched_yield
sys_enter_sched_yield
sys_enter_sched_yield
sys_enter_sched_yield
sys_enter_sched_yield
sys_enter_sched_yield
sys_enter_sched_yield
sys_enter_sched_yield
sys_enter_sched_yield
sys_enter_sched_yield
sys_enter_sched_yield
sys_enter_sched_yield
sys_enter_sched_yield
sys_enter_sched_yield
sys_enter_sched_yield
sys_enter_sched_yield
sys_enter_sched_yield
sys_enter_sched_yield
sys_enter_sched_yield
sys_enter_sched_yield
sys_enter_sched_yield
sys_enter_clock_gettime
sys_enter_clock_gettime
sys_enter_clock_gettime
sys_enter_clock_gettime
sys_enter_clock_gettime
sys_enter_sched_yield
sys_enter_sched_yield
sys_enter_sched_yield
sys_enter_sched_yield
sys_enter_sched_yield
sys_enter_sched_yield
sys_enter_sched_yield
sys_enter_sched_yield
sys_enter_sched_yield
sys_enter_sched_yield
sys_enter_sched_yield
sys_enter_sched_yield
sys_enter_sched_yield
sys_enter_sched_yield
sys_enter_sched_yield
sys_enter_sched_yield
sys_enter_sched_yield
sys_enter_sched_yield
sys_enter_sched_yield
sys_enter_sched_yield
sys_enter_sched_yield
sys_enter_sched_yield
sys_enter_sched_yield
sys_enter_sched_yield
sys_enter_sched_yield
sys_enter_sched_yield
sys_enter_sched_yield
sys_enter_sched_yield
sys_enter_sched_yield
sys_enter_sched_yield
sys_enter_sched_yield
sys_enter_sched_yield
sys_enter_sched_yield
sys_enter_sched_yield
sys_enter_sched_yield
sys_enter_sched_yield
sys_enter_sched_yield
sys_enter_sched_yield
sys_enter_sched_yield
sys_enter_sched_yield
sys_enter_sched_yield
sys_enter_sched_yield
sys_enter_sched_yield
sys_enter_sched_yield
sys_enter_sched_yield
sys_enter_sched_yield
sys_enter_sched_yield
sys_enter_sched_yield
sys_enter_sched_yield
sys_enter_sched_yield
sys_enter_sched_yield
sys_enter_clock_gettime
sys_enter_clock_gettime
sys_enter_clock_gettime
sys_enter_clock_gettime
sys_enter_clock_gettime
sys_enter_sched_yield
sys_enter_sched_yield
sys_enter_sched_yield
sys_enter_sched_yield
sys_enter_sched_yield
sys_enter_sched_yield
sys_enter_sched_yield
sys_enter_sched_yield
sys_enter_sched_yield
sys_enter_sched_yield
sys_enter_sched_yield
sys_enter_sched_yield
sys_enter_sched_yield
sys_enter_sched_yield
sys_enter_sched_yield
sys_enter_sched_yield
sys_enter_sched_yield
sys_enter_sched_yield
sys_enter_sched_yield
sys_enter_sched_yield
sys_enter_sched_yield
sys_enter_sched_yield
sys_enter_sched_yield
sys_enter_sched_yield
sys_enter_sched_yield
sys_enter_sched_yield
sys_enter_sched_yield
sys_enter_sched_yield
sys_enter_clock_gettime
sys_enter_clock_gettime
sys_enter_clock_gettime
sys_enter_sched_yield
sys_enter_sched_yield
sys_enter_sched_yield
sys_enter_sched_yield
sys_enter_sched_yield
sys_enter_sched_yield
sys_enter_sched_yield
sys_enter_sched_yield
sys_enter_sched_yield
sys_enter_sched_yield
sys_enter_sched_yield
sys_enter_sched_yield
sys_enter_sched_yield
sys_enter_sched_yield
sys_enter_sched_yield
sys_enter_sched_yield
sys_enter_sched_yield
sys_enter_sched_yield
sys_enter_sched_yield
sys_enter_sched_yield
sys_enter_sched_yield
sys_enter_clock_gettime
sys_enter_clock_gettime
sys_enter_clock_gettime
sys_enter_clock_gettime
sys_enter_clock_gettime
sys_enter_sched_yield
sys_enter_sched_yield
sys_enter_sched_yield
sys_enter_sched_yield
sys_enter_sched_yield
sys_enter_sched_yield
sys_enter_sched_yield
sys_enter_sched_yield
sys_enter_sched_yield
sys_enter_sched_yield
sys_enter_sched_yield
sys_enter_sched_yield
sys_enter_sched_yield
sys_enter_sched_yield
sys_enter_sched_yield
sys_enter_sched_yield
sys_enter_sched_yield
sys_enter_sched_yield
sys_enter_sched_yield
sys_enter_sched_yield
sys_enter_sched_yield
sys_enter_sched_yield
sys_enter_sched_yield
sys_enter_sched_yield
sys_enter_sched_yield
sys_enter_sched_yield
sys_enter_sched_yield
sys_enter_sched_yield
sys_enter_sched_yield
sys_enter_sched_yield
sys_enter_sched_yield
sys_enter_sched_yield
sys_enter_sched_yield
sys_enter_sched_yield
sys_enter_sched_yield
sys_enter_sched_yield
sys_enter_sched_yield
sys_enter_sched_yield
sys_enter_sched_yield
sys_enter_sched_yield
sys_enter_sched_yield
sys_enter_sched_yield
sys_enter_sched_yield
sys_enter_sched_yield
sys_enter_sched_yield
sys_enter_sched_yield
sys_enter_sched_yield
sys_enter_sched_yield
sys_enter_sched_yield
sys_enter_sched_yield
sys_enter_sched_yield
sys_enter_clock_gettime
sys_enter_clock_gettime
sys_enter_clock_gettime
sys_enter_clock_gettime
sys_enter_clock_gettime
sys_enter_sched_yield
sys_enter_sched_yield
sys_enter_sched_yield
sys_enter_sched_yield
sys_enter_sched_yield
sys_enter_sched_yield
sys_enter_sched_yield
sys_enter_sched_yield
sys_enter_sched_yield
sys_enter_sched_yield
sys_enter_sched_yield
sys_enter_sched_yield
sys_enter_sched_yield
sys_enter_sched_yield
sys_enter_sched_yield
sys_enter_sched_yield
sys_enter_sched_yield
sys_enter_sched_yield
sys_enter_sched_yield
sys_enter_sched_yield
sys_enter_sched_yield
sys_enter_sched_yield
sys_enter_sched_yield
sys_enter_sched_yield
sys_enter_sched_yield
sys_enter_sched_yield
sys_enter_sched_yield
sys_enter_sched_yield
sys_enter_clock_gettime
sys_enter_clock_gettime
sys_enter_clock_gettime
sys_enter_sched_yield
sys_enter_sched_yield
sys_enter_sched_yield
sys_enter_sched_yield
sys_enter_sched_yield
sys_enter_sched_yield
sys_enter_sched_yield
sys_enter_sched_yield
sys_enter_sched_yield
sys_enter_sched_yield
sys_enter_sched_yield
sys_enter_sched_yield
sys_enter_sched_yield
sys_enter_sched_yield
sys_enter_sched_yield
sys_enter_sched_yield
sys_enter_sched_yield
sys_enter_sched_yield
sys_enter_sched_yield
sys_enter_sched_yield
sys_enter_sched_yield
sys_enter_sched_yield
sys_enter_sched_yield
sys_enter_clock_gettime
sys_enter_clock_gettime
sys_enter_clock_gettime
sys_enter_clock_gettime
sys_enter_clock_gettime
sys_enter_sched_yield
sys_enter_sched_yield
sys_enter_sched_yield
sys_enter_sched_yield
sys_enter_sched_yield
sys_enter_sched_yield
sys_enter_sched_yield
sys_enter_sched_yield
sys_enter_sched_yield
sys_enter_sched_yield
sys_enter_sched_yield
sys_enter_sched_yield
sys_enter_sched_yield
sys_enter_sched_yield
sys_enter_sched_yield
sys_enter_sched_yield
sys_enter_sched_yield
sys_enter_sched_yield
sys_enter_sched_yield
sys_enter_sched_yield
sys_enter_sched_yield
sys_enter_sched_yield
sys_enter_sched_yield
sys_enter_sched_yield
sys_enter_sched_yield
sys_enter_sched_yield
sys_enter_sched_yield
sys_enter_sched_yield
sys_enter_sched_yield
sys_enter_sched_yield
sys_enter_sched_yield
sys_enter_sched_yield
sys_enter_sched_yield
sys_enter_sched_yield
sys_enter_sched_yield
sys_enter_sched_yield
sys_enter_sched_yield
sys_enter_sched_yield
sys_enter_sched_yield
sys_enter_sched_yield
sys_enter_sched_yield
sys_enter_sched_yield
sys_enter_sched_yield
sys_enter_sched_yield
sys_enter_sched_yield
sys_enter_sched_yield
sys_enter_sched_yield
sys_enter_sched_yield
sys_enter_sched_yield
sys_enter_clock_gettime
sys_enter_clock_gettime
sys_enter_clock_gettime
sys_enter_clock_gettime
sys_enter_clock_gettime
sys_enter_sched_yield
sys_enter_sched_yield
sys_enter_sched_yield
sys_enter_sched_yield
sys_enter_sched_yield
sys_enter_sched_yield
sys_enter_sched_yield
sys_enter_sched_yield
sys_enter_sched_yield
sys_enter_sched_yield
sys_enter_sched_yield
sys_enter_sched_yield
sys_enter_sched_yield
sys_enter_sched_yield
sys_enter_sched_yield
sys_enter_sched_yield
sys_enter_sched_yield
sys_enter_sched_yield
sys_enter_sched_yield
sys_enter_sched_yield
sys_enter_sched_yield
sys_enter_sched_yield
sys_enter_sched_yield
sys_enter_sched_yield
sys_enter_sched_yield
sys_enter_sched_yield
sys_enter_sched_yield
sys_enter_sched_yield
sys_enter_sched_yield
sys_enter_clock_gettime
sys_enter_clock_gettime
sys_enter_clock_gettime
sys_enter_sched_yield
sys_enter_sched_yield
sys_enter_sched_yield
sys_enter_sched_yield
sys_enter_sched_yield
sys_enter_sched_yield
sys_enter_sched_yield
sys_enter_sched_yield
sys_enter_sched_yield
sys_enter_sched_yield
sys_enter_sched_yield
sys_enter_sched_yield
sys_enter_sched_yield
sys_enter_sched_yield
sys_enter_sched_yield
sys_enter_sched_yield
sys_enter_sched_yield
sys_enter_sched_yield
sys_enter_sched_yield
sys_enter_sched_yield
sys_enter_sched_yield
sys_enter_sched_yield
sys_enter_clock_gettime
sys_enter_clock_gettime
sys_enter_clock_gettime
sys_enter_clock_gettime
sys_enter_clock_gettime
sys_enter_sched_yield
sys_enter_sched_yield
sys_enter_sched_yield
sys_enter_sched_yield
sys_enter_sched_yield
sys_enter_sched_yield
sys_enter_sched_yield
sys_enter_sched_yield
sys_enter_sched_yield
sys_enter_sched_yield
sys_enter_sched_yield
sys_enter_sched_yield
sys_enter_sched_yield
sys_enter_sched_yield
sys_enter_sched_yield
sys_enter_sched_yield
sys_enter_sched_yield
sys_enter_sched_yield
sys_enter_sched_yield
sys_enter_sched_yield
sys_enter_sched_yield
sys_enter_sched_yield
sys_enter_sched_yield
sys_enter_sched_yield
sys_enter_sched_yield
sys_enter_sched_yield
sys_enter_sched_yield
sys_enter_sched_yield
sys_enter_sched_yield
sys_enter_sched_yield
sys_enter_sched_yield
sys_enter_sched_yield
sys_enter_sched_yield
sys_enter_sched_yield
sys_enter_sched_yield
sys_enter_sched_yield
sys_enter_sched_yield
sys_enter_sched_yield
sys_enter_sched_yield
sys_enter_sched_yield
sys_enter_sched_yield
sys_enter_sched_yield
sys_enter_sched_yield
sys_enter_sched_yield
sys_enter_sched_yield
sys_enter_sched_yield
sys_enter_sched_yield
sys_enter_sched_yield
sys_enter_sched_yield
sys_enter_sched_yield
sys_enter_sched_yield
sys_enter_clock_gettime
sys_enter_clock_gettime
sys_enter_clock_gettime
sys_enter_clock_gettime
sys_enter_clock_gettime
sys_enter_sched_yield
sys_enter_sched_yield
sys_enter_sched_yield
sys_enter_sched_yield
sys_enter_sched_yield
sys_enter_sched_yield
sys_enter_sched_yield
sys_enter_sched_yield
sys_enter_sched_yield
sys_enter_sched_yield
sys_enter_sched_yield
sys_enter_sched_yield
sys_enter_sched_yield
sys_enter_sched_yield
sys_enter_sched_yield
sys_enter_sched_yield
sys_enter_sched_yield
sys_enter_sched_yield
sys_enter_sched_yield
sys_enter_sched_yield
sys_enter_sched_yield
sys_enter_sched_yield
sys_enter_sched_yield
sys_enter_sched_yield
sys_enter_sched_yield
sys_enter_sched_yield
sys_enter_sched_yield
sys_enter_sched_yield
sys_enter_clock_gettime
sys_enter_clock_gettime
sys_enter_clock_gettime
sys_enter_sched_yield
sys_enter_sched_yield
sys_enter_sched_yield
sys_enter_sched_yield
sys_enter_sched_yield
sys_enter_sched_yield
sys_enter_sched_yield
sys_enter_sched_yield
sys_enter_sched_yield
sys_enter_sched_yield
sys_enter_sched_yield
sys_enter_sched_yield
sys_enter_sched_yield
sys_enter_sched_yield
sys_enter_sched_yield
sys_enter_sched_yield
sys_enter_sched_yield
sys_enter_sched_yield
sys_enter_sched_yield
sys_enter_sched_yield
sys_enter_sched_yield
sys_enter_clock_gettime
sys_enter_clock_gettime
sys_enter_clock_gettime
sys_enter_clock_gettime
sys_enter_clock_gettime
sys_enter_sched_yield
sys_enter_sched_yield
sys_enter_sched_yield
sys_enter_sched_yield
sys_enter_sched_yield
sys_enter_sched_yield
sys_enter_sched_yield
sys_enter_sched_yield
sys_enter_sched_yield
sys_enter_sched_yield
sys_enter_sched_yield
sys_enter_sched_yield
sys_enter_sched_yield
sys_enter_sched_yield
sys_enter_sched_yield
sys_enter_sched_yield
sys_enter_sched_yield
sys_enter_sched_yield
sys_enter_sched_yield
sys_enter_sched_yield
sys_enter_sched_yield
sys_enter_sched_yield
sys_enter_sched_yield
sys_enter_sched_yield
sys_enter_sched_yield
sys_enter_sched_yield
sys_enter_sched_yield
sys_enter_sched_yield
sys_enter_sched_yield
sys_enter_sched_yield
sys_enter_sched_yield
sys_enter_sched_yield
sys_enter_sched_yield
sys_enter_sched_yield
sys_enter_sched_yield
sys_enter_sched_yield
sys_enter_sched_yield
sys_enter_sched_yield
sys_enter_sched_yield
sys_enter_sched_yield
sys_enter_sched_yield
sys_enter_sched_yield
sys_enter_sched_yield
sys_enter_sched_yield
sys_enter_sched_yield
sys_enter_sched_yield
sys_enter_sched_yield
sys_enter_sched_yield
sys_enter_sched_yield
sys_enter_sched_yield
sys_enter_sched_yield
sys_enter_clock_gettime
sys_enter_clock_gettime
sys_enter_clock_gettime
sys_enter_clock_gettime
sys_enter_clock_gettime
sys_enter_sched_yield
sys_enter_sched_yield
sys_enter_sched_yield
sys_enter_sched_yield
sys_enter_sched_yield
sys_enter_sched_yield
sys_enter_sched_yield
sys_enter_sched_yield
sys_enter_sched_yield
sys_enter_sched_yield
sys_enter_sched_yield
sys_enter_sched_yield
sys_enter_sched_yield
sys_enter_sched_yield
sys_enter_sched_yield
sys_enter_sched_yield
sys_enter_sched_yield
sys_enter_sched_yield
sys_enter_sched_yield
sys_enter_sched_yield
sys_enter_sched_yield
sys_enter_sched_yield
sys_enter_sched_yield
sys_enter_sched_yield
sys_enter_sched_yield
sys_enter_sched_yield
sys_enter_sched_yield
sys_enter_sched_yield
sys_enter_clock_gettime
sys_enter_clock_gettime
sys_enter_clock_gettime
sys_enter_sched_yield
sys_enter_sched_yield
sys_enter_sched_yield
sys_enter_sched_yield
sys_enter_sched_yield
sys_enter_sched_yield
sys_enter_sched_yield
sys_enter_sched_yield
sys_enter_sched_yield
sys_enter_sched_yield
sys_enter_sched_yield
sys_enter_sched_yield
sys_enter_sched_yield
sys_enter_sched_yield
sys_enter_sched_yield
sys_enter_sched_yield
sys_enter_sched_yield
sys_enter_sched_yield
sys_enter_sched_yield
sys_enter_sched_yield
sys_enter_sched_yield
sys_enter_clock_gettime
sys_enter_clock_gettime
sys_enter_clock_gettime
sys_enter_clock_gettime
sys_enter_clock_gettime
sys_enter_sched_yield
sys_enter_sched_yield
sys_enter_sched_yield
sys_enter_sched_yield
sys_enter_sched_yield
sys_enter_sched_yield
sys_enter_sched_yield
sys_enter_sched_yield
sys_enter_sched_yield
sys_enter_sched_yield
sys_enter_sched_yield
sys_enter_sched_yield
sys_enter_sched_yield
sys_enter_sched_yield
sys_enter_sched_yield
sys_enter_sched_yield
sys_enter_sched_yield
sys_enter_sched_yield
sys_enter_sched_yield
sys_enter_sched_yield
sys_enter_sched_yield
sys_enter_sched_yield
sys_enter_sched_yield
sys_enter_sched_yield
sys_enter_sched_yield
sys_enter_sched_yield
sys_enter_sched_yield
sys_enter_sched_yield
sys_enter_sched_yield
sys_enter_sched_yield
sys_enter_sched_yield
sys_enter_sched_yield
sys_enter_sched_yield
sys_enter_sched_yield
sys_enter_sched_yield
sys_enter_sched_yield
sys_enter_sched_yield
sys_enter_sched_yield
sys_enter_sched_yield
sys_enter_sched_yield
sys_enter_sched_yield
sys_enter_sched_yield
sys_enter_sched_yield
sys_enter_sched_yield
sys_enter_sched_yield
sys_enter_sched_yield
sys_enter_sched_yield
sys_enter_sched_yield
sys_enter_sched_yield
sys_enter_sched_yield
sys_enter_clock_gettime
sys_enter_clock_gettime
sys_enter_clock_gettime
sys_enter_clock_gettime
sys_enter_clock_gettime
sys_enter_clock_gettime
sys_enter_clock_gettime
sys_enter_clock_gettime
sys_enter_clock_gettime
sys_enter_sched_yield
sys_enter_sched_yield
sys_enter_sched_yield
sys_enter_sched_yield
sys_enter_sched_yield
sys_enter_sched_yield
sys_enter_sched_yield
sys_enter_sched_yield
sys_enter_sched_yield
sys_enter_sched_yield
sys_enter_sched_yield
sys_enter_sched_yield
sys_enter_sched_yield
sys_enter_sched_yield
sys_enter_sched_yield
sys_enter_sched_yield
sys_enter_sched_yield
sys_enter_sched_yield
sys_enter_sched_yield
sys_enter_sched_yield
sys_enter_sched_yield
sys_enter_sched_yield
sys_enter_sched_yield
sys_enter_sched_yield
sys_enter_sched_yield
sys_enter_sched_yield
sys_enter_sched_yield
sys_enter_sched_yield
sys_enter_sched_yield
sys_enter_clock_gettime
sys_enter_clock_gettime
sys_enter_clock_gettime
sys_enter_sched_yield
sys_enter_sched_yield
sys_enter_sched_yield
sys_enter_sched_yield
sys_enter_sched_yield
sys_enter_sched_yield
sys_enter_sched_yield
sys_enter_sched_yield
sys_enter_sched_yield
sys_enter_sched_yield
sys_enter_sched_yield
sys_enter_sched_yield
sys_enter_sched_yield
sys_enter_sched_yield
sys_enter_sched_yield
sys_enter_sched_yield
sys_enter_sched_yield
sys_enter_sched_yield
sys_enter_sched_yield
sys_enter_sched_yield
sys_enter_sched_yield
sys_enter_sched_yield
sys_enter_clock_gettime
sys_enter_clock_gettime
sys_enter_clock_gettime
sys_enter_clock_gettime
sys_enter_clock_gettime
sys_enter_sched_yield
sys_enter_sched_yield
sys_enter_sched_yield
sys_enter_sched_yield
sys_enter_sched_yield
sys_enter_sched_yield
sys_enter_sched_yield
sys_enter_sched_yield
sys_enter_sched_yield
sys_enter_sched_yield
sys_enter_sched_yield
sys_enter_sched_yield
sys_enter_sched_yield
sys_enter_sched_yield
sys_enter_sched_yield
sys_enter_sched_yield
sys_enter_sched_yield
sys_enter_sched_yield
sys_enter_sched_yield
sys_enter_sched_yield
sys_enter_sched_yield
sys_enter_sched_yield
sys_enter_sched_yield
sys_enter_sched_yield
sys_enter_sched_yield
sys_enter_sched_yield
sys_enter_sched_yield
sys_enter_sched_yield
sys_enter_sched_yield
sys_enter_sched_yield
sys_enter_sched_yield
sys_enter_sched_yield
sys_enter_sched_yield
sys_enter_sched_yield
sys_enter_sched_yield
sys_enter_sched_yield
sys_enter_sched_yield
sys_enter_sched_yield
sys_enter_sched_yield
sys_enter_sched_yield
sys_enter_sched_yield
sys_enter_sched_yield
sys_enter_sched_yield
sys_enter_sched_yield
sys_enter_sched_yield
sys_enter_sched_yield
sys_enter_sched_yield
sys_enter_sched_yield
sys_enter_sched_yield
sys_enter_clock_gettime
sys_enter_clock_gettime
sys_enter_clock_gettime
sys_enter_clock_gettime
sys_enter_clock_gettime
sys_enter_sched_yield
sys_enter_sched_yield
sys_enter_sched_yield
sys_enter_sched_yield
sys_enter_sched_yield
sys_enter_sched_yield
sys_enter_sched_yield
sys_enter_sched_yield
sys_enter_sched_yield
sys_enter_sched_yield
sys_enter_sched_yield
sys_enter_sched_yield
sys_enter_sched_yield
sys_enter_sched_yield
sys_enter_sched_yield
sys_enter_sched_yield
sys_enter_sched_yield
sys_enter_sched_yield
sys_enter_sched_yield
sys_enter_sched_yield
sys_enter_sched_yield
sys_enter_sched_yield
sys_enter_sched_yield
sys_enter_sched_yield
sys_enter_sched_yield
sys_enter_sched_yield
sys_enter_sched_yield
sys_enter_sched_yield
sys_enter_sched_yield
sys_enter_clock_gettime
sys_enter_clock_gettime
sys_enter_clock_gettime
sys_enter_sched_yield
sys_enter_sched_yield
sys_enter_sched_yield
sys_enter_sched_yield
sys_enter_sched_yield
sys_enter_sched_yield
sys_enter_sched_yield
sys_enter_sched_yield
sys_enter_sched_yield
sys_enter_sched_yield
sys_enter_sched_yield
sys_enter_sched_yield
sys_enter_sched_yield
sys_enter_sched_yield
sys_enter_sched_yield
sys_enter_sched_yield
sys_enter_sched_yield
sys_enter_sched_yield
sys_enter_sched_yield
sys_enter_sched_yield
sys_enter_sched_yield
sys_enter_sched_yield
sys_enter_sched_yield
sys_enter_clock_gettime
sys_enter_clock_gettime
sys_enter_clock_gettime
sys_enter_clock_gettime
sys_enter_clock_gettime
sys_enter_sched_yield
sys_enter_sched_yield
sys_enter_sched_yield
sys_enter_sched_yield
sys_enter_sched_yield
sys_enter_sched_yield
sys_enter_sched_yield
sys_enter_sched_yield
sys_enter_sched_yield
sys_enter_sched_yield
sys_enter_sched_yield
sys_enter_sched_yield
sys_enter_sched_yield
sys_enter_sched_yield
sys_enter_sched_yield
sys_enter_sched_yield
sys_enter_sched_yield
sys_enter_sched_yield
sys_enter_sched_yield
sys_enter_sched_yield
sys_enter_sched_yield
sys_enter_sched_yield
sys_enter_sched_yield
sys_enter_sched_yield
sys_enter_sched_yield
sys_enter_sched_yield
sys_enter_sched_yield
sys_enter_sched_yield
sys_enter_sched_yield
sys_enter_sched_yield
sys_enter_sched_yield
sys_enter_sched_yield
sys_enter_sched_yield
sys_enter_sched_yield
sys_enter_sched_yield
sys_enter_sched_yield
sys_enter_sched_yield
sys_enter_sched_yield
sys_enter_sched_yield
sys_enter_sched_yield
sys_enter_sched_yield
sys_enter_sched_yield
sys_enter_sched_yield
sys_enter_sched_yield
sys_enter_sched_yield
sys_enter_sched_yield
sys_enter_sched_yield
sys_enter_sched_yield
sys_enter_clock_gettime
sys_enter_clock_gettime
sys_enter_clock_gettime
sys_enter_clock_gettime
sys_enter_clock_gettime
sys_enter_sched_yield
sys_enter_sched_yield
sys_enter_sched_yield
sys_enter_sched_yield
sys_enter_sched_yield
sys_enter_sched_yield
sys_enter_sched_yield
sys_enter_sched_yield
sys_enter_sched_yield
sys_enter_sched_yield
sys_enter_sched_yield
sys_enter_sched_yield
sys_enter_sched_yield
sys_enter_sched_yield
sys_enter_sched_yield
sys_enter_sched_yield
sys_enter_sched_yield
sys_enter_sched_yield
sys_enter_sched_yield
sys_enter_sched_yield
sys_enter_sched_yield
sys_enter_sched_yield
sys_enter_sched_yield
sys_enter_sched_yield
sys_enter_sched_yield
sys_enter_sched_yield
sys_enter_sched_yield
sys_enter_sched_yield
sys_enter_sched_yield
sys_enter_clock_gettime
sys_enter_clock_gettime
sys_enter_clock_gettime
sys_enter_sched_yield
sys_enter_sched_yield
sys_enter_sched_yield
sys_enter_sched_yield
sys_enter_sched_yield
sys_enter_sched_yield
sys_enter_sched_yield
sys_enter_sched_yield
sys_enter_sched_yield
sys_enter_sched_yield
sys_enter_sched_yield
sys_enter_sched_yield
sys_enter_sched_yield
sys_enter_sched_yield
sys_enter_sched_yield
sys_enter_sched_yield
sys_enter_sched_yield
sys_enter_sched_yield
sys_enter_sched_yield
sys_enter_sched_yield
sys_enter_sched_yield
sys_enter_sched_yield
sys_enter_clock_gettime
sys_enter_read
sys_enter_clock_gettime
sys_enter_clock_gettime
sys_enter_sched_yield
sys_enter_clock_gettime
sys_enter_clock_gettime
sys_enter_clock_gettime
sys_enter_clock_gettime
sys_enter_clock_gettime
sys_enter_sched_yield
sys_enter_sched_yield
sys_enter_sched_yield
sys_enter_sched_yield
sys_enter_sched_yield
sys_enter_sched_yield
sys_enter_sched_yield
sys_enter_sched_yield
sys_enter_sched_yield
sys_enter_sched_yield
sys_enter_sched_yield
sys_enter_sched_yield
sys_enter_sched_yield
sys_enter_sched_yield
sys_enter_sched_yield
sys_enter_sched_yield
sys_enter_sched_yield
sys_enter_sched_yield
sys_enter_sched_yield
sys_enter_sched_yield
sys_enter_sched_yield
sys_enter_sched_yield
sys_enter_sched_yield
sys_enter_sched_yield
sys_enter_sched_yield
sys_enter_sched_yield
sys_enter_sched_yield
sys_enter_sched_yield
sys_enter_sched_yield
sys_enter_sched_yield
sys_enter_sched_yield
sys_enter_sched_yield
sys_enter_sched_yield
sys_enter_sched_yield
sys_enter_sched_yield
sys_enter_sched_yield
sys_enter_sched_yield
sys_enter_sched_yield
sys_enter_sched_yield
sys_enter_sched_yield
sys_enter_sched_yield
sys_enter_sched_yield
sys_enter_sched_yield
sys_enter_sched_yield
sys_enter_sched_yield
sys_enter_sched_yield
sys_enter_sched_yield
sys_enter_sched_yield
sys_enter_clock_gettime
sys_enter_clock_gettime
sys_enter_clock_gettime
sys_enter_clock_gettime
sys_enter_clock_gettime
sys_enter_sched_yield
sys_enter_sched_yield
sys_enter_sched_yield
sys_enter_sched_yield
sys_enter_sched_yield
sys_enter_sched_yield
sys_enter_sched_yield
sys_enter_sched_yield
sys_enter_sched_yield
sys_enter_sched_yield
sys_enter_sched_yield
sys_enter_sched_yield
sys_enter_sched_yield
sys_enter_sched_yield
sys_enter_sched_yield
sys_enter_sched_yield
sys_enter_sched_yield
sys_enter_sched_yield
sys_enter_sched_yield
sys_enter_sched_yield
sys_enter_sched_yield
sys_enter_sched_yield
sys_enter_sched_yield
sys_enter_sched_yield
sys_enter_sched_yield
sys_enter_sched_yield
sys_enter_sched_yield
sys_enter_sched_yield
sys_enter_sched_yield
sys_enter_sched_yield
sys_enter_clock_gettime
sys_enter_clock_gettime
sys_enter_clock_gettime
sys_enter_sched_yield
sys_enter_sched_yield
sys_enter_sched_yield
sys_enter_sched_yield
sys_enter_sched_yield
sys_enter_sched_yield
sys_enter_sched_yield
sys_enter_sched_yield
sys_enter_sched_yield
sys_enter_sched_yield
sys_enter_sched_yield
sys_enter_sched_yield
sys_enter_sched_yield
sys_enter_sched_yield
sys_enter_sched_yield
sys_enter_sched_yield
sys_enter_sched_yield
sys_enter_sched_yield
sys_enter_sched_yield
sys_enter_sched_yield
sys_enter_sched_yield
sys_enter_sched_yield
sys_enter_clock_gettime
sys_enter_clock_gettime
sys_enter_clock_gettime
sys_enter_clock_gettime
sys_enter_clock_gettime
sys_enter_sched_yield
sys_enter_sched_yield
sys_enter_sched_yield
sys_enter_sched_yield
sys_enter_sched_yield
sys_enter_sched_yield
sys_enter_sched_yield
sys_enter_sched_yield
sys_enter_sched_yield
sys_enter_sched_yield
sys_enter_sched_yield
sys_enter_sched_yield
sys_enter_sched_yield
sys_enter_sched_yield
sys_enter_sched_yield
sys_enter_sched_yield
sys_enter_sched_yield
sys_enter_sched_yield
sys_enter_sched_yield
sys_enter_sched_yield
sys_enter_sched_yield
sys_enter_sched_yield
sys_enter_sched_yield
sys_enter_sched_yield
sys_enter_sched_yield
sys_enter_sched_yield
sys_enter_sched_yield
sys_enter_sched_yield
sys_enter_sched_yield
sys_enter_sched_yield
sys_enter_sched_yield
sys_enter_sched_yield
sys_enter_sched_yield
sys_enter_sched_yield
sys_enter_sched_yield
sys_enter_sched_yield
sys_enter_sched_yield
sys_enter_sched_yield
sys_enter_sched_yield
sys_enter_sched_yield
sys_enter_sched_yield
sys_enter_sched_yield
sys_enter_sched_yield
sys_enter_sched_yield
sys_enter_clock_gettime
sys_enter_clock_gettime
sys_enter_clock_gettime
sys_enter_clock_gettime
sys_enter_clock_gettime
sys_enter_sched_yield
sys_enter_sched_yield
sys_enter_sched_yield
sys_enter_sched_yield
sys_enter_sched_yield
sys_enter_sched_yield
sys_enter_sched_yield
sys_enter_sched_yield
sys_enter_sched_yield
sys_enter_sched_yield
sys_enter_sched_yield
sys_enter_sched_yield
sys_enter_sched_yield
sys_enter_sched_yield
sys_enter_sched_yield
sys_enter_sched_yield
sys_enter_sched_yield
sys_enter_sched_yield
sys_enter_sched_yield
sys_enter_sched_yield
sys_enter_sched_yield
sys_enter_sched_yield
sys_enter_sched_yield
sys_enter_sched_yield
sys_enter_clock_gettime
sys_enter_clock_gettime
sys_enter_clock_gettime
sys_enter_sched_yield
sys_enter_sched_yield
sys_enter_sched_yield
sys_enter_sched_yield
sys_enter_sched_yield
sys_enter_sched_yield
sys_enter_sched_yield
sys_enter_sched_yield
sys_enter_sched_yield
sys_enter_sched_yield
sys_enter_sched_yield
sys_enter_sched_yield
sys_enter_sched_yield
sys_enter_sched_yield
sys_enter_sched_yield
sys_enter_sched_yield
sys_enter_sched_yield
sys_enter_sched_yield
sys_enter_clock_gettime
sys_enter_clock_gettime
sys_enter_clock_gettime
sys_enter_clock_gettime
sys_enter_clock_gettime
sys_enter_sched_yield
sys_enter_sched_yield
sys_enter_sched_yield
sys_enter_sched_yield
sys_enter_sched_yield
sys_enter_sched_yield
sys_enter_sched_yield
sys_enter_sched_yield
sys_enter_sched_yield
sys_enter_sched_yield
sys_enter_sched_yield
sys_enter_sched_yield
sys_enter_sched_yield
sys_enter_sched_yield
sys_enter_sched_yield
sys_enter_sched_yield
sys_enter_sched_yield
sys_enter_sched_yield
sys_enter_sched_yield
sys_enter_sched_yield
sys_enter_sched_yield
sys_enter_sched_yield
sys_enter_sched_yield
sys_enter_sched_yield
sys_enter_sched_yield
sys_enter_sched_yield
sys_enter_sched_yield
sys_enter_sched_yield
sys_enter_sched_yield
sys_enter_sched_yield
sys_enter_sched_yield
sys_enter_sched_yield
sys_enter_sched_yield
sys_enter_sched_yield
sys_enter_sched_yield
sys_enter_sched_yield
sys_enter_sched_yield
sys_enter_sched_yield
sys_enter_sched_yield
sys_enter_sched_yield
sys_enter_sched_yield
sys_enter_sched_yield
sys_enter_sched_yield
sys_enter_sched_yield
sys_enter_sched_yield
sys_enter_sched_yield
sys_enter_clock_gettime
sys_enter_clock_gettime
sys_enter_clock_gettime
sys_enter_clock_gettime
sys_enter_clock_gettime
sys_enter_sched_yield
sys_enter_sched_yield
sys_enter_sched_yield
sys_enter_sched_yield
sys_enter_sched_yield
sys_enter_sched_yield
sys_enter_sched_yield
sys_enter_sched_yield
sys_enter_sched_yield
sys_enter_sched_yield
sys_enter_sched_yield
sys_enter_sched_yield
sys_enter_sched_yield
sys_enter_sched_yield
sys_enter_sched_yield
sys_enter_sched_yield
sys_enter_sched_yield
sys_enter_sched_yield
sys_enter_sched_yield
sys_enter_sched_yield
sys_enter_sched_yield
sys_enter_sched_yield
sys_enter_sched_yield
sys_enter_sched_yield
sys_enter_clock_gettime
sys_enter_clock_gettime
sys_enter_clock_gettime
sys_enter_sched_yield
sys_enter_sched_yield
sys_enter_sched_yield
sys_enter_sched_yield
sys_enter_sched_yield
sys_enter_sched_yield
sys_enter_sched_yield
sys_enter_sched_yield
sys_enter_sched_yield
sys_enter_sched_yield
sys_enter_sched_yield
sys_enter_sched_yield
sys_enter_sched_yield
sys_enter_sched_yield
sys_enter_sched_yield
sys_enter_sched_yield
sys_enter_sched_yield
sys_enter_sched_yield
sys_enter_sched_yield
sys_enter_sched_yield
sys_enter_clock_gettime
sys_enter_clock_gettime
sys_enter_clock_gettime
sys_enter_clock_gettime
sys_enter_clock_gettime
sys_enter_sched_yield
sys_enter_sched_yield
sys_enter_sched_yield
sys_enter_sched_yield
sys_enter_sched_yield
sys_enter_sched_yield
sys_enter_sched_yield
sys_enter_sched_yield
sys_enter_sched_yield
sys_enter_sched_yield
sys_enter_sched_yield
sys_enter_sched_yield
sys_enter_sched_yield
sys_enter_sched_yield
sys_enter_sched_yield
sys_enter_sched_yield
sys_enter_sched_yield
sys_enter_sched_yield
sys_enter_sched_yield
sys_enter_sched_yield
sys_enter_sched_yield
sys_enter_sched_yield
sys_enter_sched_yield
sys_enter_sched_yield
sys_enter_sched_yield
sys_enter_sched_yield
sys_enter_sched_yield
sys_enter_sched_yield
sys_enter_sched_yield
sys_enter_sched_yield
sys_enter_sched_yield
sys_enter_sched_yield
sys_enter_sched_yield
sys_enter_sched_yield
sys_enter_sched_yield
sys_enter_sched_yield
sys_enter_sched_yield
sys_enter_sched_yield
sys_enter_sched_yield
sys_enter_sched_yield
sys_enter_sched_yield
sys_enter_sched_yield
sys_enter_clock_gettime
sys_enter_clock_gettime
sys_enter_clock_gettime
sys_enter_clock_gettime
sys_enter_clock_gettime
sys_enter_sched_yield
sys_enter_sched_yield
sys_enter_sched_yield
sys_enter_sched_yield
sys_enter_sched_yield
sys_enter_sched_yield
sys_enter_sched_yield
sys_enter_sched_yield
sys_enter_sched_yield
sys_enter_sched_yield
sys_enter_sched_yield
sys_enter_sched_yield
sys_enter_sched_yield
sys_enter_sched_yield
sys_enter_sched_yield
sys_enter_sched_yield
sys_enter_sched_yield
sys_enter_sched_yield
sys_enter_sched_yield
sys_enter_sched_yield
sys_enter_sched_yield
sys_enter_sched_yield
sys_enter_sched_yield
sys_enter_sched_yield
sys_enter_clock_gettime
sys_enter_clock_gettime
sys_enter_clock_gettime
sys_enter_sched_yield
sys_enter_sched_yield
sys_enter_sched_yield
sys_enter_sched_yield
sys_enter_sched_yield
sys_enter_sched_yield
sys_enter_sched_yield
sys_enter_sched_yield
sys_enter_sched_yield
sys_enter_sched_yield
sys_enter_sched_yield
sys_enter_sched_yield
sys_enter_sched_yield
sys_enter_sched_yield
sys_enter_sched_yield
sys_enter_sched_yield
sys_enter_sched_yield
sys_enter_sched_yield
sys_enter_sched_yield
sys_enter_sched_yield
sys_enter_clock_gettime
sys_enter_clock_gettime
sys_enter_clock_gettime
sys_enter_clock_gettime
sys_enter_clock_gettime
sys_enter_sched_yield
sys_enter_sched_yield
sys_enter_sched_yield
sys_enter_sched_yield
sys_enter_sched_yield
sys_enter_sched_yield
sys_enter_sched_yield
sys_enter_sched_yield
sys_enter_sched_yield
sys_enter_sched_yield
sys_enter_sched_yield
sys_enter_sched_yield
sys_enter_sched_yield
sys_enter_sched_yield
sys_enter_sched_yield
sys_enter_sched_yield
sys_enter_sched_yield
sys_enter_sched_yield
sys_enter_sched_yield
sys_enter_sched_yield
sys_enter_sched_yield
sys_enter_sched_yield
sys_enter_sched_yield
sys_enter_sched_yield
sys_enter_sched_yield
sys_enter_sched_yield
sys_enter_sched_yield
sys_enter_sched_yield
sys_enter_sched_yield
sys_enter_sched_yield
sys_enter_sched_yield
sys_enter_sched_yield
sys_enter_sched_yield
sys_enter_sched_yield
sys_enter_sched_yield
sys_enter_sched_yield
sys_enter_sched_yield
sys_enter_sched_yield
sys_enter_sched_yield
sys_enter_sched_yield
sys_enter_sched_yield
sys_enter_sched_yield
sys_enter_sched_yield
sys_enter_sched_yield
sys_enter_sched_yield
sys_enter_sched_yield
sys_enter_clock_gettime
sys_enter_clock_gettime
sys_enter_clock_gettime
sys_enter_clock_gettime
sys_enter_clock_gettime
sys_enter_sched_yield
sys_enter_sched_yield
sys_enter_sched_yield
sys_enter_sched_yield
sys_enter_sched_yield
sys_enter_sched_yield
sys_enter_sched_yield
sys_enter_sched_yield
sys_enter_sched_yield
sys_enter_sched_yield
sys_enter_sched_yield
sys_enter_sched_yield
sys_enter_sched_yield
sys_enter_sched_yield
sys_enter_sched_yield
sys_enter_sched_yield
sys_enter_sched_yield
sys_enter_sched_yield
sys_enter_sched_yield
sys_enter_sched_yield
sys_enter_sched_yield
sys_enter_sched_yield
sys_enter_sched_yield
sys_enter_sched_yield
sys_enter_clock_gettime
sys_enter_clock_gettime
sys_enter_clock_gettime
sys_enter_sched_yield
sys_enter_sched_yield
sys_enter_sched_yield
sys_enter_sched_yield
sys_enter_sched_yield
sys_enter_sched_yield
sys_enter_sched_yield
sys_enter_sched_yield
sys_enter_sched_yield
sys_enter_sched_yield
sys_enter_sched_yield
sys_enter_sched_yield
sys_enter_sched_yield
sys_enter_sched_yield
sys_enter_sched_yield
sys_enter_sched_yield
sys_enter_sched_yield
sys_enter_sched_yield
sys_enter_clock_gettime
sys_enter_clock_gettime
sys_enter_clock_gettime
sys_enter_clock_gettime
sys_enter_clock_gettime
sys_enter_sched_yield
sys_enter_sched_yield
sys_enter_sched_yield
sys_enter_sched_yield
sys_enter_sched_yield
sys_enter_sched_yield
sys_enter_sched_yield
sys_enter_sched_yield
sys_enter_sched_yield
sys_enter_sched_yield
sys_enter_sched_yield
sys_enter_sched_yield
sys_enter_sched_yield
sys_enter_sched_yield
sys_enter_sched_yield
sys_enter_sched_yield
sys_enter_sched_yield
sys_enter_sched_yield
sys_enter_sched_yield
sys_enter_sched_yield
sys_enter_sched_yield
sys_enter_sched_yield
sys_enter_sched_yield
sys_enter_sched_yield
sys_enter_sched_yield
sys_enter_sched_yield
sys_enter_sched_yield
sys_enter_sched_yield
sys_enter_sched_yield
sys_enter_sched_yield
sys_enter_sched_yield
sys_enter_sched_yield
sys_enter_sched_yield
sys_enter_sched_yield
sys_enter_sched_yield
sys_enter_sched_yield
sys_enter_sched_yield
sys_enter_sched_yield
sys_enter_sched_yield
sys_enter_sched_yield
sys_enter_sched_yield
sys_enter_sched_yield
sys_enter_sched_yield
sys_enter_sched_yield
sys_enter_clock_gettime
sys_enter_clock_gettime
sys_enter_clock_gettime
sys_enter_clock_gettime
sys_enter_clock_gettime
sys_enter_sched_yield
sys_enter_sched_yield
sys_enter_sched_yield
sys_enter_sched_yield
sys_enter_sched_yield
sys_enter_sched_yield
sys_enter_sched_yield
sys_enter_sched_yield
sys_enter_sched_yield
sys_enter_sched_yield
sys_enter_sched_yield
sys_enter_sched_yield
sys_enter_sched_yield
sys_enter_sched_yield
sys_enter_sched_yield
sys_enter_sched_yield
sys_enter_sched_yield
sys_enter_sched_yield
sys_enter_sched_yield
sys_enter_sched_yield
sys_enter_sched_yield
sys_enter_sched_yield
sys_enter_sched_yield
sys_enter_sched_yield
sys_enter_sched_yield
sys_enter_clock_gettime
sys_enter_clock_gettime
sys_enter_clock_gettime
sys_enter_sched_yield
sys_enter_sched_yield
sys_enter_sched_yield
sys_enter_sched_yield
sys_enter_sched_yield
sys_enter_sched_yield
sys_enter_sched_yield
sys_enter_sched_yield
sys_enter_sched_yield
sys_enter_sched_yield
sys_enter_sched_yield
sys_enter_sched_yield
sys_enter_sched_yield
sys_enter_sched_yield
sys_enter_sched_yield
sys_enter_sched_yield
sys_enter_sched_yield
sys_enter_sched_yield
sys_enter_sched_yield
sys_enter_sched_yield
sys_enter_clock_gettime
sys_enter_clock_gettime
sys_enter_clock_gettime
sys_enter_clock_gettime
sys_enter_clock_gettime
sys_enter_sched_yield
sys_enter_sched_yield
sys_enter_sched_yield
sys_enter_sched_yield
sys_enter_sched_yield
sys_enter_sched_yield
sys_enter_sched_yield
sys_enter_sched_yield
sys_enter_sched_yield
sys_enter_sched_yield
sys_enter_sched_yield
sys_enter_sched_yield
sys_enter_sched_yield
sys_enter_sched_yield
sys_enter_sched_yield
sys_enter_sched_yield
sys_enter_sched_yield
sys_enter_sched_yield
sys_enter_sched_yield
sys_enter_sched_yield
sys_enter_sched_yield
sys_enter_sched_yield
sys_enter_sched_yield
sys_enter_sched_yield
sys_enter_sched_yield
sys_enter_sched_yield
sys_enter_sched_yield
sys_enter_sched_yield
sys_enter_sched_yield
sys_enter_sched_yield
sys_enter_sched_yield
sys_enter_sched_yield
sys_enter_sched_yield
sys_enter_sched_yield
sys_enter_sched_yield
sys_enter_sched_yield
sys_enter_sched_yield
sys_enter_sched_yield
sys_enter_sched_yield
sys_enter_sched_yield
sys_enter_sched_yield
sys_enter_sched_yield
sys_enter_sched_yield
sys_enter_clock_gettime
sys_enter_clock_gettime
sys_enter_clock_gettime
sys_enter_clock_gettime
sys_enter_clock_gettime
sys_enter_sched_yield
sys_enter_sched_yield
sys_enter_sched_yield
sys_enter_sched_yield
sys_enter_sched_yield
sys_enter_sched_yield
sys_enter_sched_yield
sys_enter_sched_yield
sys_enter_sched_yield
sys_enter_sched_yield
sys_enter_sched_yield
sys_enter_sched_yield
sys_enter_sched_yield
sys_enter_sched_yield
sys_enter_sched_yield
sys_enter_sched_yield
sys_enter_sched_yield
sys_enter_sched_yield
sys_enter_sched_yield
sys_enter_sched_yield
sys_enter_sched_yield
sys_enter_sched_yield
sys_enter_sched_yield
sys_enter_sched_yield
sys_enter_clock_gettime
sys_enter_clock_gettime
sys_enter_clock_gettime
sys_enter_sched_yield
sys_enter_sched_yield
sys_enter_sched_yield
sys_enter_sched_yield
sys_enter_sched_yield
sys_enter_sched_yield
sys_enter_sched_yield
sys_enter_sched_yield
sys_enter_sched_yield
sys_enter_sched_yield
sys_enter_sched_yield
sys_enter_sched_yield
sys_enter_sched_yield
sys_enter_sched_yield
sys_enter_sched_yield
sys_enter_sched_yield
sys_enter_sched_yield
sys_enter_sched_yield
sys_enter_sched_yield
sys_enter_sched_yield
sys_enter_clock_gettime
sys_enter_clock_gettime
sys_enter_clock_gettime
sys_enter_clock_gettime
sys_enter_clock_gettime
sys_enter_sched_yield
sys_enter_sched_yield
sys_enter_sched_yield
sys_enter_sched_yield
sys_enter_sched_yield
sys_enter_sched_yield
sys_enter_sched_yield
sys_enter_sched_yield
sys_enter_sched_yield
sys_enter_sched_yield
sys_enter_sched_yield
sys_enter_sched_yield
sys_enter_sched_yield
sys_enter_sched_yield
sys_enter_sched_yield
sys_enter_sched_yield
sys_enter_sched_yield
sys_enter_sched_yield
sys_enter_sched_yield
sys_enter_sched_yield
sys_enter_sched_yield
sys_enter_sched_yield
sys_enter_sched_yield
sys_enter_sched_yield
sys_enter_sched_yield
sys_enter_sched_yield
sys_enter_sched_yield
sys_enter_sched_yield
sys_enter_sched_yield
sys_enter_sched_yield
sys_enter_sched_yield
sys_enter_sched_yield
sys_enter_sched_yield
sys_enter_sched_yield
sys_enter_sched_yield
sys_enter_sched_yield
sys_enter_sched_yield
sys_enter_sched_yield
sys_enter_sched_yield
sys_enter_sched_yield
sys_enter_sched_yield
sys_enter_sched_yield
sys_enter_sched_yield
sys_enter_clock_gettime
sys_enter_clock_gettime
sys_enter_clock_gettime
sys_enter_clock_gettime
sys_enter_clock_gettime
sys_enter_sched_yield
sys_enter_sched_yield
sys_enter_sched_yield
sys_enter_sched_yield
sys_enter_sched_yield
sys_enter_sched_yield
sys_enter_sched_yield
sys_enter_sched_yield
sys_enter_sched_yield
sys_enter_sched_yield
sys_enter_sched_yield
sys_enter_sched_yield
sys_enter_sched_yield
sys_enter_sched_yield
sys_enter_sched_yield
sys_enter_sched_yield
sys_enter_sched_yield
sys_enter_sched_yield
sys_enter_sched_yield
sys_enter_sched_yield
sys_enter_sched_yield
sys_enter_sched_yield
sys_enter_sched_yield
sys_enter_sched_yield
sys_enter_sched_yield
sys_enter_sched_yield
sys_enter_clock_gettime
sys_enter_clock_gettime
sys_enter_clock_gettime
sys_enter_sched_yield
sys_enter_sched_yield
sys_enter_sched_yield
sys_enter_sched_yield
sys_enter_sched_yield
sys_enter_sched_yield
sys_enter_sched_yield
sys_enter_sched_yield
sys_enter_sched_yield
sys_enter_sched_yield
sys_enter_sched_yield
sys_enter_sched_yield
sys_enter_sched_yield
sys_enter_sched_yield
sys_enter_sched_yield
sys_enter_sched_yield
sys_enter_sched_yield
sys_enter_sched_yield
sys_enter_clock_gettime
sys_enter_clock_gettime
sys_enter_clock_gettime
sys_enter_clock_gettime
sys_enter_clock_gettime
sys_enter_sched_yield
sys_enter_sched_yield
sys_enter_sched_yield
sys_enter_sched_yield
sys_enter_sched_yield
sys_enter_sched_yield
sys_enter_sched_yield
sys_enter_sched_yield
sys_enter_sched_yield
sys_enter_sched_yield
sys_enter_sched_yield
sys_enter_sched_yield
sys_enter_sched_yield
sys_enter_sched_yield
sys_enter_sched_yield
sys_enter_sched_yield
sys_enter_sched_yield
sys_enter_sched_yield
sys_enter_sched_yield
sys_enter_sched_yield
sys_enter_sched_yield
sys_enter_sched_yield
sys_enter_sched_yield
sys_enter_sched_yield
sys_enter_sched_yield
sys_enter_sched_yield
sys_enter_sched_yield
sys_enter_sched_yield
sys_enter_sched_yield
sys_enter_sched_yield
sys_enter_sched_yield
sys_enter_sched_yield
sys_enter_sched_yield
sys_enter_sched_yield
sys_enter_sched_yield
sys_enter_sched_yield
sys_enter_sched_yield
sys_enter_sched_yield
sys_enter_sched_yield
sys_enter_sched_yield
sys_enter_sched_yield
sys_enter_sched_yield
sys_enter_sched_yield
sys_enter_sched_yield
sys_enter_sched_yield
sys_enter_clock_gettime
sys_enter_clock_gettime
sys_enter_clock_gettime
sys_enter_clock_gettime
sys_enter_clock_gettime
sys_enter_sched_yield
sys_enter_sched_yield
sys_enter_sched_yield
sys_enter_sched_yield
sys_enter_sched_yield
sys_enter_sched_yield
sys_enter_sched_yield
sys_enter_sched_yield
sys_enter_sched_yield
sys_enter_sched_yield
sys_enter_sched_yield
sys_enter_sched_yield
sys_enter_sched_yield
sys_enter_sched_yield
sys_enter_sched_yield
sys_enter_sched_yield
sys_enter_sched_yield
sys_enter_sched_yield
sys_enter_sched_yield
sys_enter_sched_yield
sys_enter_sched_yield
sys_enter_sched_yield
sys_enter_sched_yield
sys_enter_sched_yield
sys_enter_clock_gettime
sys_enter_clock_gettime
sys_enter_clock_gettime
sys_enter_sched_yield
sys_enter_sched_yield
sys_enter_sched_yield
sys_enter_sched_yield
sys_enter_sched_yield
sys_enter_sched_yield
sys_enter_sched_yield
sys_enter_sched_yield
sys_enter_sched_yield
sys_enter_sched_yield
sys_enter_sched_yield
sys_enter_sched_yield
sys_enter_sched_yield
sys_enter_sched_yield
sys_enter_sched_yield
sys_enter_sched_yield
sys_enter_sched_yield
sys_enter_sched_yield
sys_enter_sched_yield
sys_enter_clock_gettime
sys_enter_clock_gettime
sys_enter_clock_gettime
sys_enter_clock_gettime
sys_enter_clock_gettime
sys_enter_sched_yield
sys_enter_sched_yield
sys_enter_sched_yield
sys_enter_sched_yield
sys_enter_sched_yield
sys_enter_sched_yield
sys_enter_sched_yield
sys_enter_sched_yield
sys_enter_sched_yield
sys_enter_sched_yield
sys_enter_sched_yield
sys_enter_sched_yield
sys_enter_sched_yield
sys_enter_sched_yield
sys_enter_sched_yield
sys_enter_sched_yield
sys_enter_sched_yield
sys_enter_sched_yield
sys_enter_sched_yield
sys_enter_sched_yield
sys_enter_sched_yield
sys_enter_sched_yield
sys_enter_sched_yield
sys_enter_sched_yield
sys_enter_sched_yield
sys_enter_sched_yield
sys_enter_sched_yield
sys_enter_sched_yield
sys_enter_sched_yield
sys_enter_sched_yield
sys_enter_sched_yield
sys_enter_sched_yield
sys_enter_sched_yield
sys_enter_sched_yield
sys_enter_sched_yield
sys_enter_sched_yield
sys_enter_sched_yield
sys_enter_sched_yield
sys_enter_sched_yield
sys_enter_sched_yield
sys_enter_sched_yield
sys_enter_sched_yield
sys_enter_sched_yield
sys_enter_sched_yield
sys_enter_clock_gettime
sys_enter_clock_gettime
sys_enter_clock_gettime
sys_enter_clock_gettime
sys_enter_clock_gettime
sys_enter_sched_yield
sys_enter_sched_yield
sys_enter_sched_yield
sys_enter_sched_yield
sys_enter_sched_yield
sys_enter_sched_yield
sys_enter_sched_yield
sys_enter_sched_yield
sys_enter_sched_yield
sys_enter_sched_yield
sys_enter_sched_yield
sys_enter_sched_yield
sys_enter_sched_yield
sys_enter_sched_yield
sys_enter_sched_yield
sys_enter_sched_yield
sys_enter_sched_yield
sys_enter_sched_yield
sys_enter_sched_yield
sys_enter_sched_yield
sys_enter_sched_yield
sys_enter_sched_yield
sys_enter_sched_yield
sys_enter_sched_yield
sys_enter_clock_gettime
sys_enter_clock_gettime
sys_enter_clock_gettime
sys_enter_sched_yield
sys_enter_sched_yield
sys_enter_sched_yield
sys_enter_sched_yield
sys_enter_sched_yield
sys_enter_sched_yield
sys_enter_sched_yield
sys_enter_sched_yield
sys_enter_sched_yield
sys_enter_sched_yield
sys_enter_sched_yield
sys_enter_sched_yield
sys_enter_sched_yield
sys_enter_sched_yield
sys_enter_sched_yield
sys_enter_sched_yield
sys_enter_sched_yield
sys_enter_sched_yield
sys_enter_sched_yield
sys_enter_clock_gettime
sys_enter_read
sys_enter_clock_gettime
sys_enter_clock_gettime
sys_enter_sched_yield
sys_enter_sched_yield
sys_enter_clock_gettime
sys_enter_clock_gettime
sys_enter_clock_gettime
sys_enter_clock_gettime
sys_enter_clock_gettime
sys_enter_sched_yield
sys_enter_sched_yield
sys_enter_sched_yield
sys_enter_sched_yield
sys_enter_sched_yield
sys_enter_sched_yield
sys_enter_sched_yield
sys_enter_sched_yield
sys_enter_sched_yield
sys_enter_sched_yield
sys_enter_sched_yield
sys_enter_sched_yield
sys_enter_sched_yield
sys_enter_sched_yield
sys_enter_sched_yield
sys_enter_sched_yield
sys_enter_sched_yield
sys_enter_sched_yield
sys_enter_sched_yield
sys_enter_sched_yield
sys_enter_sched_yield
sys_enter_sched_yield
sys_enter_sched_yield
sys_enter_sched_yield
sys_enter_sched_yield
sys_enter_sched_yield
sys_enter_sched_yield
sys_enter_sched_yield
sys_enter_sched_yield
sys_enter_sched_yield
sys_enter_sched_yield
sys_enter_sched_yield
sys_enter_sched_yield
sys_enter_sched_yield
sys_enter_sched_yield
sys_enter_sched_yield
sys_enter_sched_yield
sys_enter_sched_yield
sys_enter_sched_yield
sys_enter_sched_yield
sys_enter_sched_yield
sys_enter_sched_yield
sys_enter_sched_yield
sys_enter_clock_gettime
sys_enter_clock_gettime
sys_enter_clock_gettime
sys_enter_clock_gettime
sys_enter_clock_gettime
sys_enter_sched_yield
sys_enter_sched_yield
sys_enter_sched_yield
sys_enter_sched_yield
sys_enter_sched_yield
sys_enter_sched_yield
sys_enter_sched_yield
sys_enter_sched_yield
sys_enter_sched_yield
sys_enter_sched_yield
sys_enter_sched_yield
sys_enter_sched_yield
sys_enter_sched_yield
sys_enter_sched_yield
sys_enter_sched_yield
sys_enter_sched_yield
sys_enter_sched_yield
sys_enter_sched_yield
sys_enter_sched_yield
sys_enter_sched_yield
sys_enter_sched_yield
sys_enter_sched_yield
sys_enter_sched_yield
sys_enter_sched_yield
sys_enter_clock_gettime
sys_enter_clock_gettime
sys_enter_clock_gettime
sys_enter_sched_yield
sys_enter_sched_yield
sys_enter_sched_yield
sys_enter_sched_yield
sys_enter_sched_yield
sys_enter_sched_yield
sys_enter_sched_yield
sys_enter_sched_yield
sys_enter_sched_yield
sys_enter_sched_yield
sys_enter_sched_yield
sys_enter_sched_yield
sys_enter_sched_yield
sys_enter_sched_yield
sys_enter_sched_yield
sys_enter_sched_yield
sys_enter_sched_yield
sys_enter_sched_yield
sys_enter_sched_yield
sys_enter_clock_gettime
sys_enter_clock_gettime
sys_enter_clock_gettime
sys_enter_clock_gettime
sys_enter_clock_gettime
sys_enter_sched_yield
sys_enter_sched_yield
sys_enter_sched_yield
sys_enter_sched_yield
sys_enter_sched_yield
sys_enter_sched_yield
sys_enter_sched_yield
sys_enter_sched_yield
sys_enter_sched_yield
sys_enter_sched_yield
sys_enter_sched_yield
sys_enter_sched_yield
sys_enter_sched_yield
sys_enter_sched_yield
sys_enter_sched_yield
sys_enter_sched_yield
sys_enter_sched_yield
sys_enter_sched_yield
sys_enter_sched_yield
sys_enter_sched_yield
sys_enter_sched_yield
sys_enter_sched_yield
sys_enter_sched_yield
sys_enter_sched_yield
sys_enter_sched_yield
sys_enter_sched_yield
sys_enter_sched_yield
sys_enter_sched_yield
sys_enter_sched_yield
sys_enter_sched_yield
sys_enter_sched_yield
sys_enter_sched_yield
sys_enter_sched_yield
sys_enter_sched_yield
sys_enter_sched_yield
sys_enter_sched_yield
sys_enter_sched_yield
sys_enter_sched_yield
sys_enter_sched_yield
sys_enter_sched_yield
sys_enter_sched_yield
sys_enter_sched_yield
sys_enter_sched_yield
sys_enter_sched_yield
sys_enter_sched_yield
sys_enter_clock_gettime
sys_enter_clock_gettime
sys_enter_clock_gettime
sys_enter_clock_gettime
sys_enter_clock_gettime
sys_enter_sched_yield
sys_enter_sched_yield
sys_enter_sched_yield
sys_enter_sched_yield
sys_enter_sched_yield
sys_enter_sched_yield
sys_enter_sched_yield
sys_enter_sched_yield
sys_enter_sched_yield
sys_enter_sched_yield
sys_enter_sched_yield
sys_enter_sched_yield
sys_enter_sched_yield
sys_enter_sched_yield
sys_enter_sched_yield
sys_enter_sched_yield
sys_enter_sched_yield
sys_enter_sched_yield
sys_enter_sched_yield
sys_enter_sched_yield
sys_enter_sched_yield
sys_enter_sched_yield
sys_enter_sched_yield
sys_enter_sched_yield
sys_enter_sched_yield
sys_enter_clock_gettime
sys_enter_clock_gettime
sys_enter_clock_gettime
sys_enter_sched_yield
sys_enter_sched_yield
sys_enter_sched_yield
sys_enter_sched_yield
sys_enter_sched_yield
sys_enter_sched_yield
sys_enter_sched_yield
sys_enter_sched_yield
sys_enter_sched_yield
sys_enter_sched_yield
sys_enter_sched_yield
sys_enter_sched_yield
sys_enter_sched_yield
sys_enter_sched_yield
sys_enter_sched_yield
sys_enter_sched_yield
sys_enter_sched_yield
sys_enter_sched_yield
sys_enter_sched_yield
sys_enter_clock_gettime
sys_enter_clock_gettime
sys_enter_clock_gettime
sys_enter_clock_gettime
sys_enter_clock_gettime
sys_enter_sched_yield
sys_enter_sched_yield
sys_enter_sched_yield
sys_enter_sched_yield
sys_enter_sched_yield
sys_enter_sched_yield
sys_enter_sched_yield
sys_enter_sched_yield
sys_enter_sched_yield
sys_enter_sched_yield
sys_enter_sched_yield
sys_enter_sched_yield
sys_enter_sched_yield
sys_enter_sched_yield
sys_enter_sched_yield
sys_enter_sched_yield
sys_enter_sched_yield
sys_enter_sched_yield
sys_enter_sched_yield
sys_enter_sched_yield
sys_enter_sched_yield
sys_enter_sched_yield
sys_enter_sched_yield
sys_enter_sched_yield
sys_enter_sched_yield
sys_enter_sched_yield
sys_enter_sched_yield
sys_enter_sched_yield
sys_enter_sched_yield
sys_enter_sched_yield
sys_enter_sched_yield
sys_enter_sched_yield
sys_enter_sched_yield
sys_enter_sched_yield
sys_enter_sched_yield
sys_enter_sched_yield
sys_enter_sched_yield
sys_enter_sched_yield
sys_enter_sched_yield
sys_enter_sched_yield
sys_enter_sched_yield
sys_enter_sched_yield
sys_enter_sched_yield
sys_enter_clock_gettime
sys_enter_clock_gettime
sys_enter_clock_gettime
sys_enter_clock_gettime
sys_enter_clock_gettime
sys_enter_sched_yield
sys_enter_sched_yield
sys_enter_sched_yield
sys_enter_sched_yield
sys_enter_sched_yield
sys_enter_sched_yield
sys_enter_sched_yield
sys_enter_sched_yield
sys_enter_sched_yield
sys_enter_sched_yield
sys_enter_sched_yield
sys_enter_sched_yield
sys_enter_sched_yield
sys_enter_sched_yield
sys_enter_sched_yield
sys_enter_sched_yield
sys_enter_sched_yield
sys_enter_sched_yield
sys_enter_sched_yield
sys_enter_sched_yield
sys_enter_sched_yield
sys_enter_sched_yield
sys_enter_sched_yield
sys_enter_sched_yield
sys_enter_sched_yield
sys_enter_sched_yield
sys_enter_clock_gettime
sys_enter_clock_gettime
sys_enter_clock_gettime
sys_enter_sched_yield
sys_enter_sched_yield
sys_enter_sched_yield
sys_enter_sched_yield
sys_enter_sched_yield
sys_enter_sched_yield
sys_enter_sched_yield
sys_enter_sched_yield
sys_enter_sched_yield
sys_enter_sched_yield
sys_enter_sched_yield
sys_enter_sched_yield
sys_enter_sched_yield
sys_enter_sched_yield
sys_enter_sched_yield
sys_enter_sched_yield
sys_enter_sched_yield
sys_enter_sched_yield
sys_enter_clock_gettime
sys_enter_clock_gettime
sys_enter_clock_gettime
sys_enter_clock_gettime
sys_enter_clock_gettime
sys_enter_sched_yield
sys_enter_sched_yield
sys_enter_sched_yield
sys_enter_sched_yield
sys_enter_sched_yield
sys_enter_sched_yield
sys_enter_sched_yield
sys_enter_sched_yield
sys_enter_sched_yield
sys_enter_sched_yield
sys_enter_sched_yield
sys_enter_sched_yield
sys_enter_sched_yield
sys_enter_sched_yield
sys_enter_sched_yield
sys_enter_sched_yield
sys_enter_sched_yield
sys_enter_sched_yield
sys_enter_sched_yield
sys_enter_sched_yield
sys_enter_sched_yield
sys_enter_sched_yield
sys_enter_sched_yield
sys_enter_sched_yield
sys_enter_sched_yield
sys_enter_sched_yield
sys_enter_sched_yield
sys_enter_sched_yield
sys_enter_sched_yield
sys_enter_sched_yield
sys_enter_sched_yield
sys_enter_sched_yield
sys_enter_sched_yield
sys_enter_sched_yield
sys_enter_sched_yield
sys_enter_sched_yield
sys_enter_sched_yield
sys_enter_sched_yield
sys_enter_sched_yield
sys_enter_sched_yield
sys_enter_sched_yield
sys_enter_sched_yield
sys_enter_sched_yield
sys_enter_sched_yield
sys_enter_sched_yield
sys_enter_clock_gettime
sys_enter_clock_gettime
sys_enter_clock_gettime
sys_enter_clock_gettime
sys_enter_clock_gettime
sys_enter_sched_yield
sys_enter_sched_yield
sys_enter_sched_yield
sys_enter_sched_yield
sys_enter_sched_yield
sys_enter_sched_yield
sys_enter_sched_yield
sys_enter_sched_yield
sys_enter_sched_yield
sys_enter_sched_yield
sys_enter_sched_yield
sys_enter_sched_yield
sys_enter_sched_yield
sys_enter_sched_yield
sys_enter_sched_yield
sys_enter_sched_yield
sys_enter_sched_yield
sys_enter_sched_yield
sys_enter_sched_yield
sys_enter_sched_yield
sys_enter_sched_yield
sys_enter_sched_yield
sys_enter_sched_yield
sys_enter_sched_yield
sys_enter_clock_gettime
sys_enter_clock_gettime
sys_enter_clock_gettime
sys_enter_sched_yield
sys_enter_sched_yield
sys_enter_sched_yield
sys_enter_sched_yield
sys_enter_sched_yield
sys_enter_sched_yield
sys_enter_sched_yield
sys_enter_sched_yield
sys_enter_sched_yield
sys_enter_sched_yield
sys_enter_sched_yield
sys_enter_sched_yield
sys_enter_sched_yield
sys_enter_sched_yield
sys_enter_sched_yield
sys_enter_sched_yield
sys_enter_sched_yield
sys_enter_sched_yield
sys_enter_sched_yield
sys_enter_clock_gettime
sys_enter_clock_gettime
sys_enter_clock_gettime
sys_enter_clock_gettime
sys_enter_clock_gettime
sys_enter_sched_yield
sys_enter_sched_yield
sys_enter_sched_yield
sys_enter_sched_yield
sys_enter_sched_yield
sys_enter_sched_yield
sys_enter_sched_yield
sys_enter_sched_yield
sys_enter_sched_yield
sys_enter_sched_yield
sys_enter_sched_yield
sys_enter_sched_yield
sys_enter_sched_yield
sys_enter_sched_yield
sys_enter_sched_yield
sys_enter_sched_yield
sys_enter_sched_yield
sys_enter_sched_yield
sys_enter_sched_yield
sys_enter_sched_yield
sys_enter_sched_yield
sys_enter_sched_yield
sys_enter_sched_yield
sys_enter_sched_yield
sys_enter_sched_yield
sys_enter_sched_yield
sys_enter_sched_yield
sys_enter_sched_yield
sys_enter_sched_yield
sys_enter_sched_yield
sys_enter_sched_yield
sys_enter_sched_yield
sys_enter_sched_yield
sys_enter_sched_yield
sys_enter_sched_yield
sys_enter_sched_yield
sys_enter_sched_yield
sys_enter_sched_yield
sys_enter_sched_yield
sys_enter_sched_yield
sys_enter_sched_yield
sys_enter_sched_yield
sys_enter_sched_yield
sys_enter_sched_yield
sys_enter_clock_gettime
sys_enter_clock_gettime
sys_enter_clock_gettime
sys_enter_clock_gettime
sys_enter_clock_gettime
sys_enter_sched_yield
sys_enter_sched_yield
sys_enter_sched_yield
sys_enter_sched_yield
sys_enter_sched_yield
sys_enter_sched_yield
sys_enter_sched_yield
sys_enter_sched_yield
sys_enter_sched_yield
sys_enter_sched_yield
sys_enter_sched_yield
sys_enter_sched_yield
sys_enter_sched_yield
sys_enter_sched_yield
sys_enter_sched_yield
sys_enter_sched_yield
sys_enter_sched_yield
sys_enter_sched_yield
sys_enter_sched_yield
sys_enter_sched_yield
sys_enter_sched_yield
sys_enter_sched_yield
sys_enter_sched_yield
sys_enter_sched_yield
sys_enter_sched_yield
sys_enter_clock_gettime
sys_enter_clock_gettime
sys_enter_clock_gettime
sys_enter_sched_yield
sys_enter_sched_yield
sys_enter_sched_yield
sys_enter_sched_yield
sys_enter_sched_yield
sys_enter_sched_yield
sys_enter_sched_yield
sys_enter_sched_yield
sys_enter_sched_yield
sys_enter_sched_yield
sys_enter_sched_yield
sys_enter_sched_yield
sys_enter_sched_yield
sys_enter_sched_yield
sys_enter_sched_yield
sys_enter_sched_yield
sys_enter_sched_yield
sys_enter_sched_yield
sys_enter_sched_yield
sys_enter_clock_gettime
sys_enter_clock_gettime
sys_enter_clock_gettime
sys_enter_clock_gettime
sys_enter_clock_gettime
sys_enter_sched_yield
sys_enter_sched_yield
sys_enter_sched_yield
sys_enter_sched_yield
sys_enter_sched_yield
sys_enter_sched_yield
sys_enter_sched_yield
sys_enter_sched_yield
sys_enter_sched_yield
sys_enter_sched_yield
sys_enter_sched_yield
sys_enter_sched_yield
sys_enter_sched_yield
sys_enter_sched_yield
sys_enter_sched_yield
sys_enter_sched_yield
sys_enter_sched_yield
sys_enter_sched_yield
sys_enter_sched_yield
sys_enter_sched_yield
sys_enter_sched_yield
sys_enter_sched_yield
sys_enter_sched_yield
sys_enter_sched_yield
sys_enter_sched_yield
sys_enter_sched_yield
sys_enter_sched_yield
sys_enter_sched_yield
sys_enter_sched_yield
sys_enter_sched_yield
sys_enter_sched_yield
sys_enter_sched_yield
sys_enter_sched_yield
sys_enter_sched_yield
sys_enter_sched_yield
sys_enter_sched_yield
sys_enter_sched_yield
sys_enter_sched_yield
sys_enter_sched_yield
sys_enter_sched_yield
sys_enter_sched_yield
sys_enter_sched_yield
sys_enter_sched_yield
sys_enter_sched_yield
sys_enter_sched_yield
sys_enter_clock_gettime
sys_enter_clock_gettime
sys_enter_clock_gettime
sys_enter_clock_gettime
sys_enter_clock_gettime
sys_enter_sched_yield
sys_enter_sched_yield
sys_enter_sched_yield
sys_enter_sched_yield
sys_enter_sched_yield
sys_enter_sched_yield
sys_enter_sched_yield
sys_enter_sched_yield
sys_enter_sched_yield
sys_enter_sched_yield
sys_enter_sched_yield
sys_enter_sched_yield
sys_enter_sched_yield
sys_enter_sched_yield
sys_enter_sched_yield
sys_enter_sched_yield
sys_enter_sched_yield
sys_enter_sched_yield
sys_enter_sched_yield
sys_enter_sched_yield
sys_enter_sched_yield
sys_enter_sched_yield
sys_enter_sched_yield
sys_enter_sched_yield
sys_enter_clock_gettime
sys_enter_clock_gettime
sys_enter_clock_gettime
sys_enter_sched_yield
sys_enter_sched_yield
sys_enter_sched_yield
sys_enter_sched_yield
sys_enter_sched_yield
sys_enter_sched_yield
sys_enter_sched_yield
sys_enter_sched_yield
sys_enter_sched_yield
