SYSTEM_CALL
sys_enter_rt_sigreturn
sys_enter_futex
sys_enter_rt_sigreturn
sys_enter_futex
sys_enter_futex
sys_enter_gettid
sys_enter_futex
sys_enter_futex
sys_enter_futex
sys_enter_futex
sys_enter_futex
sys_enter_futex
sys_enter_futex
sys_enter_futex
sys_enter_futex
sys_enter_getuid
sys_enter_getgid
sys_enter_clone
sys_enter_prctl
sys_enter_close
sys_enter_close
sys_enter_close
sys_enter_futex
sys_enter_futex
sys_enter_futex
sys_enter_futex
sys_enter_gettid
sys_enter_futex
sys_enter_futex
sys_enter_futex
sys_enter_futex
sys_enter_futex
sys_enter_futex
sys_enter_getuid
sys_enter_getgid
sys_enter_clone
sys_enter_futex
sys_enter_futex
sys_enter_futex
sys_enter_futex
sys_enter_futex
sys_enter_prctl
sys_enter_close
sys_enter_futex
sys_enter_futex
sys_enter_close
sys_enter_close
sys_enter_futex
sys_enter_futex
sys_enter_futex
sys_enter_futex
sys_enter_futex
