SYSTEM_CALL
sys_enter_mmap
sys_enter_mprotect
sys_enter_mmap
sys_enter_mprotect
sys_enter_mmap
sys_enter_mmap
sys_enter_close
sys_enter_munmap
sys_enter_sched_getaffinity
sys_enter_mmap
sys_enter_munmap
sys_enter_mmap
sys_enter_mmap
sys_enter_mmap
sys_enter_mmap
sys_enter_mmap
sys_enter_mmap
sys_enter_rt_sigprocmask
sys_enter_sigaltstack
sys_enter_sigaltstack
sys_enter_gettid
sys_enter_rt_sigprocmask
sys_enter_rt_sigaction
sys_enter_rt_sigaction
sys_enter_rt_sigaction
sys_enter_rt_sigaction
sys_enter_rt_sigaction
sys_enter_rt_sigaction
sys_enter_rt_sigaction
sys_enter_rt_sigaction
sys_enter_rt_sigaction
sys_enter_rt_sigaction
sys_enter_rt_sigaction
sys_enter_rt_sigaction
sys_enter_rt_sigaction
sys_enter_rt_sigaction
sys_enter_rt_sigaction
sys_enter_rt_sigaction
sys_enter_rt_sigaction
sys_enter_rt_sigaction
sys_enter_rt_sigaction
sys_enter_rt_sigaction
sys_enter_rt_sigaction
sys_enter_rt_sigaction
sys_enter_rt_sigaction
sys_enter_rt_sigaction
sys_enter_rt_sigaction
sys_enter_rt_sigaction
sys_enter_rt_sigaction
sys_enter_rt_sigaction
sys_enter_rt_sigaction
sys_enter_rt_sigaction
sys_enter_rt_sigaction
sys_enter_rt_sigaction
sys_enter_rt_sigaction
sys_enter_rt_sigaction
sys_enter_rt_sigaction
sys_enter_rt_sigaction
sys_enter_rt_sigaction
sys_enter_rt_sigaction
sys_enter_rt_sigaction
sys_enter_rt_sigaction
sys_enter_rt_sigaction
sys_enter_rt_sigaction
sys_enter_rt_sigaction
sys_enter_rt_sigaction
sys_enter_rt_sigaction
sys_enter_rt_sigaction
sys_enter_rt_sigaction
sys_enter_rt_sigaction
sys_enter_rt_sigaction
sys_enter_rt_sigaction
sys_enter_rt_sigaction
sys_enter_rt_sigaction
sys_enter_rt_sigaction
sys_enter_rt_sigaction
sys_enter_rt_sigaction
sys_enter_rt_sigaction
sys_enter_rt_sigaction
sys_enter_rt_sigaction
sys_enter_rt_sigaction
sys_enter_rt_sigaction
sys_enter_rt_sigaction
sys_enter_rt_sigaction
sys_enter_rt_sigaction
sys_enter_rt_sigaction
sys_enter_rt_sigaction
sys_enter_rt_sigaction
sys_enter_rt_sigaction
sys_enter_rt_sigaction
sys_enter_rt_sigaction
sys_enter_rt_sigaction
sys_enter_rt_sigaction
sys_enter_rt_sigaction
sys_enter_rt_sigaction
sys_enter_rt_sigaction
sys_enter_rt_sigaction
sys_enter_rt_sigaction
sys_enter_rt_sigaction
sys_enter_rt_sigaction
sys_enter_rt_sigaction
sys_enter_rt_sigaction
sys_enter_rt_sigaction
sys_enter_rt_sigaction
sys_enter_rt_sigaction
sys_enter_rt_sigaction
sys_enter_rt_sigaction
sys_enter_rt_sigaction
sys_enter_rt_sigaction
sys_enter_rt_sigaction
sys_enter_rt_sigaction
sys_enter_rt_sigaction
sys_enter_rt_sigaction
sys_enter_rt_sigaction
sys_enter_rt_sigaction
sys_enter_rt_sigaction
sys_enter_rt_sigaction
sys_enter_rt_sigaction
sys_enter_rt_sigaction
sys_enter_rt_sigaction
sys_enter_rt_sigaction
sys_enter_rt_sigaction
sys_enter_rt_sigaction
sys_enter_rt_sigaction
sys_enter_rt_sigaction
sys_enter_rt_sigaction
sys_enter_rt_sigaction
sys_enter_rt_sigaction
sys_enter_rt_sigaction
sys_enter_rt_sigaction
sys_enter_rt_sigaction
sys_enter_rt_sigaction
sys_enter_rt_sigaction
sys_enter_rt_sigaction
sys_enter_rt_sigaction
sys_enter_rt_sigaction
sys_enter_rt_sigprocmask
sys_enter_clone
sys_enter_rt_sigprocmask
sys_enter_gettid
sys_enter_sigaltstack
sys_enter_sigaltstack
sys_enter_gettid
sys_enter_rt_sigprocmask
sys_enter_rt_sigprocmask
sys_enter_clone
sys_enter_rt_sigprocmask
sys_enter_gettid
sys_enter_sigaltstack
sys_enter_sigaltstack
sys_enter_gettid
sys_enter_rt_sigprocmask
sys_enter_rt_sigprocmask
sys_enter_clone
sys_enter_rt_sigprocmask
sys_enter_clone
sys_enter_rt_sigprocmask
sys_enter_futex
sys_enter_gettid
sys_enter_sigaltstack
sys_enter_sigaltstack
sys_enter_gettid
sys_enter_rt_sigprocmask
sys_enter_rt_sigprocmask
sys_enter_futex
sys_enter_gettid
sys_enter_futex
sys_enter_sigaltstack
sys_enter_futex
sys_enter_sigaltstack
sys_enter_gettid
sys_enter_rt_sigprocmask
sys_enter_futex
sys_enter_futex
sys_enter_mmap
sys_enter_futex
sys_enter_futex
sys_enter_futex
sys_enter_openat
sys_enter_read
sys_enter_read
sys_enter_close
sys_enter_socket
sys_enter_close
sys_enter_socket
sys_enter_setsockopt
sys_enter_bind
sys_enter_socket
sys_enter_setsockopt
sys_enter_bind
sys_enter_close
sys_enter_close
sys_enter_getpid
sys_enter_getppid
sys_enter_mmap
sys_enter_mmap
sys_enter_getppid
sys_enter_openat
sys_enter_pipe2
sys_enter_getpid
sys_enter_clone
sys_enter_setsid
sys_enter_close
sys_enter_read
sys_enter_chdir
sys_enter_execve
sys_enter_close
sys_enter_exit_group
sys_enter_mmap
sys_enter_mmap
sys_enter_mprotect
sys_enter_mmap
sys_enter_mmap
sys_enter_mprotect
sys_enter_mmap
sys_enter_mprotect
sys_enter_mmap
sys_enter_mprotect
sys_enter_mmap
sys_enter_mmap
sys_enter_close
sys_enter_munmap
sys_enter_sched_getaffinity
sys_enter_mmap
sys_enter_munmap
sys_enter_mmap
sys_enter_mmap
sys_enter_mmap
sys_enter_mmap
sys_enter_mmap
sys_enter_mmap
sys_enter_rt_sigprocmask
sys_enter_sigaltstack
sys_enter_sigaltstack
sys_enter_gettid
sys_enter_rt_sigprocmask
sys_enter_rt_sigaction
sys_enter_rt_sigaction
sys_enter_rt_sigaction
sys_enter_rt_sigaction
sys_enter_rt_sigaction
sys_enter_rt_sigaction
sys_enter_rt_sigaction
sys_enter_rt_sigaction
sys_enter_rt_sigaction
sys_enter_rt_sigaction
sys_enter_rt_sigaction
sys_enter_rt_sigaction
sys_enter_rt_sigaction
sys_enter_rt_sigaction
sys_enter_rt_sigaction
sys_enter_rt_sigaction
sys_enter_rt_sigaction
sys_enter_rt_sigaction
sys_enter_rt_sigaction
sys_enter_rt_sigaction
sys_enter_rt_sigaction
sys_enter_rt_sigaction
sys_enter_rt_sigaction
sys_enter_rt_sigaction
sys_enter_rt_sigaction
sys_enter_rt_sigaction
sys_enter_rt_sigaction
sys_enter_rt_sigaction
sys_enter_rt_sigaction
sys_enter_rt_sigaction
sys_enter_rt_sigaction
sys_enter_rt_sigaction
sys_enter_rt_sigaction
sys_enter_rt_sigaction
sys_enter_rt_sigaction
sys_enter_rt_sigaction
sys_enter_rt_sigaction
sys_enter_rt_sigaction
sys_enter_rt_sigaction
sys_enter_rt_sigaction
sys_enter_rt_sigaction
sys_enter_rt_sigaction
sys_enter_rt_sigaction
sys_enter_rt_sigaction
sys_enter_rt_sigaction
sys_enter_rt_sigaction
sys_enter_rt_sigaction
sys_enter_rt_sigaction
sys_enter_rt_sigaction
sys_enter_rt_sigaction
sys_enter_rt_sigaction
sys_enter_rt_sigaction
sys_enter_rt_sigaction
sys_enter_rt_sigaction
sys_enter_rt_sigaction
sys_enter_rt_sigaction
sys_enter_rt_sigaction
sys_enter_rt_sigaction
sys_enter_rt_sigaction
sys_enter_rt_sigaction
sys_enter_rt_sigaction
sys_enter_rt_sigaction
sys_enter_rt_sigaction
sys_enter_rt_sigaction
sys_enter_rt_sigaction
sys_enter_rt_sigaction
sys_enter_rt_sigaction
sys_enter_rt_sigaction
sys_enter_rt_sigaction
sys_enter_rt_sigaction
sys_enter_rt_sigaction
sys_enter_rt_sigaction
sys_enter_rt_sigaction
sys_enter_rt_sigaction
sys_enter_rt_sigaction
sys_enter_rt_sigaction
sys_enter_rt_sigaction
sys_enter_rt_sigaction
sys_enter_rt_sigaction
sys_enter_rt_sigaction
sys_enter_rt_sigaction
sys_enter_rt_sigaction
sys_enter_rt_sigaction
sys_enter_rt_sigaction
sys_enter_rt_sigaction
sys_enter_rt_sigaction
sys_enter_rt_sigaction
sys_enter_rt_sigaction
sys_enter_rt_sigaction
sys_enter_rt_sigaction
sys_enter_rt_sigaction
sys_enter_rt_sigaction
sys_enter_rt_sigaction
sys_enter_rt_sigaction
sys_enter_rt_sigaction
sys_enter_rt_sigaction
sys_enter_rt_sigaction
sys_enter_rt_sigaction
sys_enter_rt_sigaction
sys_enter_rt_sigaction
sys_enter_rt_sigaction
sys_enter_rt_sigaction
sys_enter_rt_sigaction
sys_enter_rt_sigaction
sys_enter_rt_sigaction
sys_enter_rt_sigaction
sys_enter_rt_sigaction
sys_enter_rt_sigaction
sys_enter_rt_sigaction
sys_enter_rt_sigaction
sys_enter_rt_sigaction
sys_enter_rt_sigaction
sys_enter_rt_sigaction
sys_enter_rt_sigaction
sys_enter_rt_sigprocmask
sys_enter_clone
sys_enter_rt_sigprocmask
sys_enter_gettid
sys_enter_sigaltstack
sys_enter_sigaltstack
sys_enter_gettid
sys_enter_rt_sigprocmask
sys_enter_rt_sigprocmask
sys_enter_clone
sys_enter_rt_sigprocmask
sys_enter_gettid
sys_enter_sigaltstack
sys_enter_sigaltstack
sys_enter_gettid
sys_enter_rt_sigprocmask
sys_enter_rt_sigprocmask
sys_enter_clone
sys_enter_rt_sigprocmask
sys_enter_futex
sys_enter_rt_sigprocmask
sys_enter_clone
sys_enter_gettid
sys_enter_sigaltstack
sys_enter_sigaltstack
sys_enter_gettid
sys_enter_rt_sigprocmask
sys_enter_rt_sigprocmask
sys_enter_futex
sys_enter_gettid
sys_enter_futex
sys_enter_sigaltstack
sys_enter_futex
sys_enter_sigaltstack
sys_enter_gettid
sys_enter_rt_sigprocmask
sys_enter_futex
sys_enter_futex
sys_enter_mmap
sys_enter_futex
sys_enter_futex
sys_enter_futex
sys_enter_openat
sys_enter_futex
sys_enter_futex
sys_enter_read
sys_enter_read
sys_enter_close
sys_enter_socket
sys_enter_close
sys_enter_socket
sys_enter_setsockopt
sys_enter_bind
sys_enter_socket
sys_enter_setsockopt
sys_enter_bind
sys_enter_close
sys_enter_close
sys_enter_mmap
sys_enter_getpid
sys_enter_getppid
sys_enter_mmap
sys_enter_mmap
sys_enter_getppid
sys_enter_openat
sys_enter_pipe2
sys_enter_getpid
sys_enter_clone
sys_enter_setsid
sys_enter_close
sys_enter_chdir
sys_enter_read
sys_enter_execve
sys_enter_close
sys_enter_exit_group
sys_enter_mmap
sys_enter_mmap
sys_enter_mprotect
sys_enter_mmap
sys_enter_mmap
sys_enter_mprotect
sys_enter_mmap
sys_enter_mprotect
sys_enter_mmap
sys_enter_mprotect
sys_enter_mmap
sys_enter_mmap
sys_enter_close
sys_enter_munmap
sys_enter_sched_getaffinity
sys_enter_mmap
sys_enter_munmap
sys_enter_mmap
sys_enter_mmap
sys_enter_mmap
sys_enter_mmap
sys_enter_mmap
sys_enter_mmap
sys_enter_rt_sigprocmask
sys_enter_sigaltstack
sys_enter_sigaltstack
sys_enter_gettid
sys_enter_rt_sigprocmask
sys_enter_rt_sigaction
sys_enter_rt_sigaction
sys_enter_rt_sigaction
sys_enter_rt_sigaction
sys_enter_rt_sigaction
sys_enter_rt_sigaction
sys_enter_rt_sigaction
sys_enter_rt_sigaction
sys_enter_rt_sigaction
sys_enter_rt_sigaction
sys_enter_rt_sigaction
sys_enter_rt_sigaction
sys_enter_rt_sigaction
sys_enter_rt_sigaction
sys_enter_rt_sigaction
sys_enter_rt_sigaction
sys_enter_rt_sigaction
sys_enter_rt_sigaction
sys_enter_rt_sigaction
sys_enter_rt_sigaction
sys_enter_rt_sigaction
sys_enter_rt_sigaction
sys_enter_rt_sigaction
sys_enter_rt_sigaction
sys_enter_rt_sigaction
sys_enter_rt_sigaction
sys_enter_rt_sigaction
sys_enter_rt_sigaction
sys_enter_rt_sigaction
sys_enter_rt_sigaction
sys_enter_rt_sigaction
sys_enter_rt_sigaction
sys_enter_rt_sigaction
sys_enter_rt_sigaction
sys_enter_rt_sigaction
sys_enter_rt_sigaction
sys_enter_rt_sigaction
sys_enter_rt_sigaction
sys_enter_rt_sigaction
sys_enter_rt_sigaction
sys_enter_rt_sigaction
sys_enter_rt_sigaction
sys_enter_rt_sigaction
sys_enter_rt_sigaction
sys_enter_rt_sigaction
sys_enter_rt_sigaction
sys_enter_rt_sigaction
sys_enter_rt_sigaction
sys_enter_rt_sigaction
sys_enter_rt_sigaction
sys_enter_rt_sigaction
sys_enter_rt_sigaction
sys_enter_rt_sigaction
sys_enter_rt_sigaction
sys_enter_rt_sigaction
sys_enter_rt_sigaction
sys_enter_rt_sigaction
sys_enter_rt_sigaction
sys_enter_rt_sigaction
sys_enter_rt_sigaction
sys_enter_rt_sigaction
sys_enter_rt_sigaction
sys_enter_rt_sigaction
sys_enter_rt_sigaction
sys_enter_rt_sigaction
sys_enter_rt_sigaction
sys_enter_rt_sigaction
sys_enter_rt_sigaction
sys_enter_rt_sigaction
sys_enter_rt_sigaction
sys_enter_rt_sigaction
sys_enter_rt_sigaction
sys_enter_rt_sigaction
sys_enter_rt_sigaction
sys_enter_rt_sigaction
sys_enter_rt_sigaction
sys_enter_rt_sigaction
sys_enter_rt_sigaction
sys_enter_rt_sigaction
sys_enter_rt_sigaction
sys_enter_rt_sigaction
sys_enter_rt_sigaction
sys_enter_rt_sigaction
sys_enter_rt_sigaction
sys_enter_rt_sigaction
sys_enter_rt_sigaction
sys_enter_rt_sigaction
sys_enter_rt_sigaction
sys_enter_rt_sigaction
sys_enter_rt_sigaction
sys_enter_rt_sigaction
sys_enter_rt_sigaction
sys_enter_rt_sigaction
sys_enter_rt_sigaction
sys_enter_rt_sigaction
sys_enter_rt_sigaction
sys_enter_rt_sigaction
sys_enter_rt_sigaction
sys_enter_rt_sigaction
sys_enter_rt_sigaction
sys_enter_rt_sigaction
sys_enter_rt_sigaction
sys_enter_rt_sigaction
sys_enter_rt_sigaction
sys_enter_rt_sigaction
sys_enter_rt_sigaction
sys_enter_rt_sigaction
sys_enter_rt_sigaction
sys_enter_rt_sigaction
sys_enter_rt_sigaction
sys_enter_rt_sigaction
sys_enter_rt_sigaction
sys_enter_rt_sigaction
sys_enter_rt_sigaction
sys_enter_rt_sigprocmask
sys_enter_clone
sys_enter_rt_sigprocmask
sys_enter_gettid
sys_enter_sigaltstack
sys_enter_sigaltstack
sys_enter_gettid
sys_enter_rt_sigprocmask
sys_enter_rt_sigprocmask
sys_enter_clone
sys_enter_rt_sigprocmask
sys_enter_gettid
sys_enter_sigaltstack
sys_enter_sigaltstack
sys_enter_gettid
sys_enter_rt_sigprocmask
sys_enter_rt_sigprocmask
sys_enter_clone
sys_enter_rt_sigprocmask
sys_enter_clone
sys_enter_rt_sigprocmask
sys_enter_futex
sys_enter_rt_sigprocmask
sys_enter_futex
sys_enter_gettid
sys_enter_sigaltstack
sys_enter_gettid
sys_enter_sigaltstack
sys_enter_sigaltstack
sys_enter_gettid
sys_enter_rt_sigprocmask
sys_enter_futex
sys_enter_futex
sys_enter_mmap
sys_enter_sigaltstack
sys_enter_gettid
sys_enter_rt_sigprocmask
sys_enter_futex
sys_enter_openat
sys_enter_futex
sys_enter_futex
sys_enter_read
sys_enter_read
sys_enter_close
sys_enter_socket
sys_enter_close
sys_enter_socket
sys_enter_setsockopt
sys_enter_bind
sys_enter_socket
sys_enter_setsockopt
sys_enter_bind
sys_enter_close
sys_enter_close
sys_enter_getpid
sys_enter_getppid
sys_enter_mmap
sys_enter_mmap
sys_enter_getppid
sys_enter_openat
sys_enter_pipe2
sys_enter_getpid
sys_enter_clone
sys_enter_setsid
sys_enter_close
sys_enter_read
sys_enter_chdir
sys_enter_execve
sys_enter_close
sys_enter_exit_group
sys_enter_mmap
sys_enter_mmap
sys_enter_mprotect
sys_enter_mmap
sys_enter_mmap
sys_enter_mprotect
sys_enter_mmap
sys_enter_mprotect
sys_enter_mmap
sys_enter_mprotect
sys_enter_mmap
sys_enter_mmap
sys_enter_close
sys_enter_munmap
sys_enter_sched_getaffinity
sys_enter_mmap
sys_enter_munmap
sys_enter_mmap
sys_enter_mmap
sys_enter_mmap
sys_enter_mmap
sys_enter_mmap
sys_enter_mmap
sys_enter_rt_sigprocmask
sys_enter_sigaltstack
sys_enter_sigaltstack
sys_enter_gettid
sys_enter_rt_sigprocmask
sys_enter_rt_sigaction
sys_enter_rt_sigaction
sys_enter_rt_sigaction
sys_enter_rt_sigaction
sys_enter_rt_sigaction
sys_enter_rt_sigaction
sys_enter_rt_sigaction
sys_enter_rt_sigaction
sys_enter_rt_sigaction
sys_enter_rt_sigaction
sys_enter_rt_sigaction
sys_enter_rt_sigaction
sys_enter_rt_sigaction
sys_enter_rt_sigaction
sys_enter_rt_sigaction
sys_enter_rt_sigaction
sys_enter_rt_sigaction
sys_enter_rt_sigaction
sys_enter_rt_sigaction
sys_enter_rt_sigaction
sys_enter_rt_sigaction
sys_enter_rt_sigaction
sys_enter_rt_sigaction
sys_enter_rt_sigaction
sys_enter_rt_sigaction
sys_enter_rt_sigaction
sys_enter_rt_sigaction
sys_enter_rt_sigaction
sys_enter_rt_sigaction
sys_enter_rt_sigaction
sys_enter_rt_sigaction
sys_enter_rt_sigaction
sys_enter_rt_sigaction
sys_enter_rt_sigaction
sys_enter_rt_sigaction
sys_enter_rt_sigaction
sys_enter_rt_sigaction
sys_enter_rt_sigaction
sys_enter_rt_sigaction
sys_enter_rt_sigaction
sys_enter_rt_sigaction
sys_enter_rt_sigaction
sys_enter_rt_sigaction
sys_enter_rt_sigaction
sys_enter_rt_sigaction
sys_enter_rt_sigaction
sys_enter_rt_sigaction
sys_enter_rt_sigaction
sys_enter_rt_sigaction
sys_enter_rt_sigaction
sys_enter_rt_sigaction
sys_enter_rt_sigaction
sys_enter_rt_sigaction
sys_enter_rt_sigaction
sys_enter_rt_sigaction
sys_enter_rt_sigaction
sys_enter_rt_sigaction
sys_enter_rt_sigaction
sys_enter_rt_sigaction
sys_enter_rt_sigaction
sys_enter_rt_sigaction
sys_enter_rt_sigaction
sys_enter_rt_sigaction
sys_enter_rt_sigaction
sys_enter_rt_sigaction
sys_enter_rt_sigaction
sys_enter_rt_sigaction
sys_enter_rt_sigaction
sys_enter_rt_sigaction
sys_enter_rt_sigaction
sys_enter_rt_sigaction
sys_enter_rt_sigaction
sys_enter_rt_sigaction
sys_enter_rt_sigaction
sys_enter_rt_sigaction
sys_enter_rt_sigaction
sys_enter_rt_sigaction
sys_enter_rt_sigaction
sys_enter_rt_sigaction
sys_enter_rt_sigaction
sys_enter_rt_sigaction
sys_enter_rt_sigaction
sys_enter_rt_sigaction
sys_enter_rt_sigaction
sys_enter_rt_sigaction
sys_enter_rt_sigaction
sys_enter_rt_sigaction
sys_enter_rt_sigaction
sys_enter_rt_sigaction
sys_enter_rt_sigaction
sys_enter_rt_sigaction
sys_enter_rt_sigaction
sys_enter_rt_sigaction
sys_enter_rt_sigaction
sys_enter_rt_sigaction
sys_enter_rt_sigaction
sys_enter_rt_sigaction
sys_enter_rt_sigaction
sys_enter_rt_sigaction
sys_enter_rt_sigaction
sys_enter_rt_sigaction
sys_enter_rt_sigaction
sys_enter_rt_sigaction
sys_enter_rt_sigaction
sys_enter_rt_sigaction
sys_enter_rt_sigaction
sys_enter_rt_sigaction
sys_enter_rt_sigaction
sys_enter_rt_sigaction
sys_enter_rt_sigaction
sys_enter_rt_sigaction
sys_enter_rt_sigaction
sys_enter_rt_sigaction
sys_enter_rt_sigaction
sys_enter_rt_sigprocmask
sys_enter_clone
sys_enter_rt_sigprocmask
sys_enter_gettid
sys_enter_sigaltstack
sys_enter_sigaltstack
sys_enter_gettid
sys_enter_rt_sigprocmask
sys_enter_rt_sigprocmask
sys_enter_clone
sys_enter_rt_sigprocmask
sys_enter_rt_sigprocmask
sys_enter_clone
sys_enter_gettid
sys_enter_sigaltstack
sys_enter_sigaltstack
sys_enter_gettid
sys_enter_rt_sigprocmask
sys_enter_rt_sigprocmask
sys_enter_clone
sys_enter_rt_sigprocmask
sys_enter_futex
sys_enter_gettid
sys_enter_sigaltstack
sys_enter_sigaltstack
sys_enter_gettid
sys_enter_rt_sigprocmask
sys_enter_futex
sys_enter_futex
sys_enter_rt_sigprocmask
sys_enter_gettid
sys_enter_sigaltstack
sys_enter_sigaltstack
sys_enter_gettid
sys_enter_rt_sigprocmask
sys_enter_futex
sys_enter_futex
sys_enter_futex
sys_enter_mmap
sys_enter_futex
sys_enter_futex
sys_enter_futex
sys_enter_openat
sys_enter_read
sys_enter_read
sys_enter_close
sys_enter_socket
sys_enter_close
sys_enter_socket
sys_enter_setsockopt
sys_enter_bind
sys_enter_socket
sys_enter_setsockopt
sys_enter_bind
sys_enter_close
sys_enter_close
sys_enter_getpid
sys_enter_getppid
sys_enter_mmap
sys_enter_mmap
sys_enter_getppid
sys_enter_openat
sys_enter_pipe2
sys_enter_getpid
sys_enter_clone
sys_enter_setsid
sys_enter_close
sys_enter_read
sys_enter_chdir
sys_enter_execve
sys_enter_close
sys_enter_exit_group
sys_enter_mmap
sys_enter_mmap
sys_enter_mprotect
sys_enter_mmap
sys_enter_mmap
sys_enter_mprotect
sys_enter_mmap
sys_enter_mprotect
sys_enter_mmap
sys_enter_mprotect
sys_enter_mmap
sys_enter_mmap
sys_enter_close
sys_enter_munmap
sys_enter_sched_getaffinity
sys_enter_mmap
sys_enter_munmap
sys_enter_mmap
sys_enter_mmap
sys_enter_mmap
sys_enter_mmap
sys_enter_mmap
sys_enter_mmap
sys_enter_rt_sigprocmask
sys_enter_sigaltstack
sys_enter_sigaltstack
sys_enter_gettid
sys_enter_rt_sigprocmask
sys_enter_rt_sigaction
sys_enter_rt_sigaction
sys_enter_rt_sigaction
sys_enter_rt_sigaction
sys_enter_rt_sigaction
sys_enter_rt_sigaction
sys_enter_rt_sigaction
sys_enter_rt_sigaction
sys_enter_rt_sigaction
sys_enter_rt_sigaction
sys_enter_rt_sigaction
sys_enter_rt_sigaction
sys_enter_rt_sigaction
sys_enter_rt_sigaction
sys_enter_rt_sigaction
sys_enter_rt_sigaction
sys_enter_rt_sigaction
sys_enter_rt_sigaction
sys_enter_rt_sigaction
sys_enter_rt_sigaction
sys_enter_rt_sigaction
sys_enter_rt_sigaction
sys_enter_rt_sigaction
sys_enter_rt_sigaction
sys_enter_rt_sigaction
sys_enter_rt_sigaction
sys_enter_rt_sigaction
sys_enter_rt_sigaction
sys_enter_rt_sigaction
sys_enter_rt_sigaction
sys_enter_rt_sigaction
sys_enter_rt_sigaction
sys_enter_rt_sigaction
sys_enter_rt_sigaction
sys_enter_rt_sigaction
sys_enter_rt_sigaction
sys_enter_rt_sigaction
sys_enter_rt_sigaction
sys_enter_rt_sigaction
sys_enter_rt_sigaction
sys_enter_rt_sigaction
sys_enter_rt_sigaction
sys_enter_rt_sigaction
sys_enter_rt_sigaction
sys_enter_rt_sigaction
sys_enter_rt_sigaction
sys_enter_rt_sigaction
sys_enter_rt_sigaction
sys_enter_rt_sigaction
sys_enter_rt_sigaction
sys_enter_rt_sigaction
sys_enter_rt_sigaction
sys_enter_rt_sigaction
sys_enter_rt_sigaction
sys_enter_rt_sigaction
sys_enter_rt_sigaction
sys_enter_rt_sigaction
sys_enter_rt_sigaction
sys_enter_rt_sigaction
sys_enter_rt_sigaction
sys_enter_rt_sigaction
sys_enter_rt_sigaction
sys_enter_rt_sigaction
sys_enter_rt_sigaction
sys_enter_rt_sigaction
sys_enter_rt_sigaction
sys_enter_rt_sigaction
sys_enter_rt_sigaction
sys_enter_rt_sigaction
sys_enter_rt_sigaction
sys_enter_rt_sigaction
sys_enter_rt_sigaction
sys_enter_rt_sigaction
sys_enter_rt_sigaction
sys_enter_rt_sigaction
sys_enter_rt_sigaction
sys_enter_rt_sigaction
sys_enter_rt_sigaction
sys_enter_rt_sigaction
sys_enter_rt_sigaction
sys_enter_rt_sigaction
sys_enter_rt_sigaction
sys_enter_rt_sigaction
sys_enter_rt_sigaction
sys_enter_rt_sigaction
sys_enter_rt_sigaction
sys_enter_rt_sigaction
sys_enter_rt_sigaction
sys_enter_rt_sigaction
sys_enter_rt_sigaction
sys_enter_rt_sigaction
sys_enter_rt_sigaction
sys_enter_rt_sigaction
sys_enter_rt_sigaction
sys_enter_rt_sigaction
sys_enter_rt_sigaction
sys_enter_rt_sigaction
sys_enter_rt_sigaction
sys_enter_rt_sigaction
sys_enter_rt_sigaction
sys_enter_rt_sigaction
sys_enter_rt_sigaction
sys_enter_rt_sigaction
sys_enter_rt_sigaction
sys_enter_rt_sigaction
sys_enter_rt_sigaction
sys_enter_rt_sigaction
sys_enter_rt_sigaction
sys_enter_rt_sigaction
sys_enter_rt_sigaction
sys_enter_rt_sigaction
sys_enter_rt_sigaction
sys_enter_rt_sigaction
sys_enter_rt_sigaction
sys_enter_rt_sigprocmask
sys_enter_clone
sys_enter_rt_sigprocmask
sys_enter_gettid
sys_enter_sigaltstack
sys_enter_sigaltstack
sys_enter_gettid
sys_enter_rt_sigprocmask
sys_enter_rt_sigprocmask
sys_enter_clone
sys_enter_rt_sigprocmask
sys_enter_gettid
sys_enter_sigaltstack
sys_enter_sigaltstack
sys_enter_gettid
sys_enter_rt_sigprocmask
sys_enter_rt_sigprocmask
sys_enter_clone
sys_enter_rt_sigprocmask
sys_enter_futex
sys_enter_rt_sigprocmask
sys_enter_clone
sys_enter_gettid
sys_enter_sigaltstack
sys_enter_sigaltstack
sys_enter_gettid
sys_enter_rt_sigprocmask
sys_enter_futex
sys_enter_futex
sys_enter_rt_sigprocmask
sys_enter_gettid
sys_enter_sigaltstack
sys_enter_sigaltstack
sys_enter_gettid
sys_enter_rt_sigprocmask
sys_enter_futex
sys_enter_futex
sys_enter_futex
sys_enter_mmap
sys_enter_futex
sys_enter_futex
sys_enter_futex
sys_enter_openat
sys_enter_read
sys_enter_read
sys_enter_close
sys_enter_socket
sys_enter_close
sys_enter_socket
sys_enter_setsockopt
sys_enter_bind
sys_enter_socket
sys_enter_setsockopt
sys_enter_bind
sys_enter_close
sys_enter_close
sys_enter_getpid
sys_enter_getppid
sys_enter_mmap
sys_enter_mmap
sys_enter_getppid
sys_enter_openat
sys_enter_pipe2
sys_enter_getpid
sys_enter_clone
sys_enter_setsid
sys_enter_close
sys_enter_read
sys_enter_chdir
sys_enter_execve
sys_enter_close
sys_enter_exit_group
sys_enter_mmap
sys_enter_mmap
sys_enter_mprotect
sys_enter_mmap
sys_enter_mmap
sys_enter_mprotect
sys_enter_mmap
sys_enter_mprotect
sys_enter_mmap
sys_enter_mprotect
sys_enter_mmap
sys_enter_mmap
sys_enter_close
sys_enter_munmap
sys_enter_sched_getaffinity
sys_enter_mmap
sys_enter_munmap
sys_enter_mmap
sys_enter_mmap
sys_enter_mmap
sys_enter_mmap
sys_enter_mmap
sys_enter_mmap
sys_enter_rt_sigprocmask
sys_enter_sigaltstack
sys_enter_sigaltstack
sys_enter_gettid
sys_enter_rt_sigprocmask
sys_enter_rt_sigaction
sys_enter_rt_sigaction
sys_enter_rt_sigaction
sys_enter_rt_sigaction
sys_enter_rt_sigaction
sys_enter_rt_sigaction
sys_enter_rt_sigaction
sys_enter_rt_sigaction
sys_enter_rt_sigaction
sys_enter_rt_sigaction
sys_enter_rt_sigaction
sys_enter_rt_sigaction
sys_enter_rt_sigaction
sys_enter_rt_sigaction
sys_enter_rt_sigaction
sys_enter_rt_sigaction
sys_enter_rt_sigaction
sys_enter_rt_sigaction
sys_enter_rt_sigaction
sys_enter_rt_sigaction
sys_enter_rt_sigaction
sys_enter_rt_sigaction
sys_enter_rt_sigaction
sys_enter_rt_sigaction
sys_enter_rt_sigaction
sys_enter_rt_sigaction
sys_enter_rt_sigaction
sys_enter_rt_sigaction
sys_enter_rt_sigaction
sys_enter_rt_sigaction
sys_enter_rt_sigaction
sys_enter_rt_sigaction
sys_enter_rt_sigaction
sys_enter_rt_sigaction
sys_enter_rt_sigaction
sys_enter_rt_sigaction
sys_enter_rt_sigaction
sys_enter_rt_sigaction
sys_enter_rt_sigaction
sys_enter_rt_sigaction
sys_enter_rt_sigaction
sys_enter_rt_sigaction
sys_enter_rt_sigaction
sys_enter_rt_sigaction
sys_enter_rt_sigaction
sys_enter_rt_sigaction
sys_enter_rt_sigaction
sys_enter_rt_sigaction
sys_enter_rt_sigaction
sys_enter_rt_sigaction
sys_enter_rt_sigaction
sys_enter_rt_sigaction
sys_enter_rt_sigaction
sys_enter_rt_sigaction
sys_enter_rt_sigaction
sys_enter_rt_sigaction
sys_enter_rt_sigaction
sys_enter_rt_sigaction
sys_enter_rt_sigaction
sys_enter_rt_sigaction
sys_enter_rt_sigaction
sys_enter_rt_sigaction
sys_enter_rt_sigaction
sys_enter_rt_sigaction
sys_enter_rt_sigaction
sys_enter_rt_sigaction
sys_enter_rt_sigaction
sys_enter_rt_sigaction
sys_enter_rt_sigaction
sys_enter_rt_sigaction
sys_enter_rt_sigaction
sys_enter_rt_sigaction
sys_enter_rt_sigaction
sys_enter_rt_sigaction
sys_enter_rt_sigaction
sys_enter_rt_sigaction
sys_enter_rt_sigaction
sys_enter_rt_sigaction
sys_enter_rt_sigaction
sys_enter_rt_sigaction
sys_enter_rt_sigaction
sys_enter_rt_sigaction
sys_enter_rt_sigaction
sys_enter_rt_sigaction
sys_enter_rt_sigaction
sys_enter_rt_sigaction
sys_enter_rt_sigaction
sys_enter_rt_sigaction
sys_enter_rt_sigaction
sys_enter_rt_sigaction
sys_enter_rt_sigaction
sys_enter_rt_sigaction
sys_enter_rt_sigaction
sys_enter_rt_sigaction
sys_enter_rt_sigaction
sys_enter_rt_sigaction
sys_enter_rt_sigaction
sys_enter_rt_sigaction
sys_enter_rt_sigaction
sys_enter_rt_sigaction
sys_enter_rt_sigaction
sys_enter_rt_sigaction
sys_enter_rt_sigaction
sys_enter_rt_sigaction
sys_enter_rt_sigaction
sys_enter_rt_sigaction
sys_enter_rt_sigaction
sys_enter_rt_sigaction
sys_enter_rt_sigaction
sys_enter_rt_sigaction
sys_enter_rt_sigaction
sys_enter_rt_sigaction
sys_enter_rt_sigaction
sys_enter_rt_sigaction
sys_enter_rt_sigprocmask
sys_enter_clone
sys_enter_rt_sigprocmask
sys_enter_gettid
sys_enter_sigaltstack
sys_enter_sigaltstack
sys_enter_gettid
sys_enter_rt_sigprocmask
sys_enter_rt_sigprocmask
sys_enter_clone
sys_enter_rt_sigprocmask
sys_enter_rt_sigprocmask
sys_enter_clone
sys_enter_rt_sigprocmask
sys_enter_futex
sys_enter_gettid
sys_enter_sigaltstack
sys_enter_sigaltstack
sys_enter_gettid
sys_enter_rt_sigprocmask
sys_enter_futex
sys_enter_gettid
sys_enter_sigaltstack
sys_enter_sigaltstack
sys_enter_gettid
sys_enter_rt_sigprocmask
sys_enter_rt_sigprocmask
sys_enter_clone
sys_enter_rt_sigprocmask
sys_enter_futex
sys_enter_gettid
sys_enter_sigaltstack
sys_enter_sigaltstack
sys_enter_gettid
sys_enter_rt_sigprocmask
sys_enter_futex
sys_enter_futex
sys_enter_futex
sys_enter_mmap
sys_enter_futex
sys_enter_futex
sys_enter_futex
sys_enter_openat
sys_enter_read
sys_enter_read
sys_enter_close
sys_enter_socket
sys_enter_close
sys_enter_socket
sys_enter_setsockopt
sys_enter_bind
sys_enter_socket
sys_enter_setsockopt
sys_enter_bind
sys_enter_close
sys_enter_close
sys_enter_getpid
sys_enter_getppid
sys_enter_mmap
sys_enter_mmap
sys_enter_getppid
sys_enter_openat
sys_enter_pipe2
sys_enter_getpid
sys_enter_clone
sys_enter_setsid
sys_enter_close
sys_enter_read
sys_enter_chdir
sys_enter_execve
sys_enter_close
sys_enter_exit_group
sys_enter_mmap
sys_enter_mmap
sys_enter_mprotect
sys_enter_mmap
sys_enter_mmap
sys_enter_mprotect
sys_enter_mmap
sys_enter_mprotect
sys_enter_mmap
sys_enter_mprotect
sys_enter_mmap
sys_enter_mmap
sys_enter_close
sys_enter_munmap
sys_enter_sched_getaffinity
sys_enter_mmap
sys_enter_munmap
sys_enter_mmap
sys_enter_mmap
sys_enter_mmap
sys_enter_mmap
sys_enter_mmap
sys_enter_mmap
sys_enter_rt_sigprocmask
sys_enter_sigaltstack
sys_enter_sigaltstack
sys_enter_gettid
sys_enter_rt_sigprocmask
sys_enter_rt_sigaction
sys_enter_rt_sigaction
sys_enter_rt_sigaction
sys_enter_rt_sigaction
sys_enter_rt_sigaction
sys_enter_rt_sigaction
sys_enter_rt_sigaction
sys_enter_rt_sigaction
sys_enter_rt_sigaction
sys_enter_rt_sigaction
sys_enter_rt_sigaction
sys_enter_rt_sigaction
sys_enter_rt_sigaction
sys_enter_rt_sigaction
sys_enter_rt_sigaction
sys_enter_rt_sigaction
sys_enter_rt_sigaction
sys_enter_rt_sigaction
sys_enter_rt_sigaction
sys_enter_rt_sigaction
sys_enter_rt_sigaction
sys_enter_rt_sigaction
sys_enter_rt_sigaction
sys_enter_rt_sigaction
sys_enter_rt_sigaction
sys_enter_rt_sigaction
sys_enter_rt_sigaction
sys_enter_rt_sigaction
sys_enter_rt_sigaction
sys_enter_rt_sigaction
sys_enter_rt_sigaction
sys_enter_rt_sigaction
sys_enter_rt_sigaction
sys_enter_rt_sigaction
sys_enter_rt_sigaction
sys_enter_rt_sigaction
sys_enter_rt_sigaction
sys_enter_rt_sigaction
sys_enter_rt_sigaction
sys_enter_rt_sigaction
sys_enter_rt_sigaction
sys_enter_rt_sigaction
sys_enter_rt_sigaction
sys_enter_rt_sigaction
sys_enter_rt_sigaction
sys_enter_rt_sigaction
sys_enter_rt_sigaction
sys_enter_rt_sigaction
sys_enter_rt_sigaction
sys_enter_rt_sigaction
sys_enter_rt_sigaction
sys_enter_rt_sigaction
sys_enter_rt_sigaction
sys_enter_rt_sigaction
sys_enter_rt_sigaction
sys_enter_rt_sigaction
sys_enter_rt_sigaction
sys_enter_rt_sigaction
sys_enter_rt_sigaction
sys_enter_rt_sigaction
sys_enter_rt_sigaction
sys_enter_rt_sigaction
sys_enter_rt_sigaction
sys_enter_rt_sigaction
sys_enter_rt_sigaction
sys_enter_rt_sigaction
sys_enter_rt_sigaction
sys_enter_rt_sigaction
sys_enter_rt_sigaction
sys_enter_rt_sigaction
sys_enter_rt_sigaction
sys_enter_rt_sigaction
sys_enter_rt_sigaction
sys_enter_rt_sigaction
sys_enter_rt_sigaction
sys_enter_rt_sigaction
sys_enter_rt_sigaction
sys_enter_rt_sigaction
sys_enter_rt_sigaction
sys_enter_rt_sigaction
sys_enter_rt_sigaction
sys_enter_rt_sigaction
sys_enter_rt_sigaction
sys_enter_rt_sigaction
sys_enter_rt_sigaction
sys_enter_rt_sigaction
sys_enter_rt_sigaction
sys_enter_rt_sigaction
sys_enter_rt_sigaction
sys_enter_rt_sigaction
sys_enter_rt_sigaction
sys_enter_rt_sigaction
sys_enter_rt_sigaction
sys_enter_rt_sigaction
sys_enter_rt_sigaction
sys_enter_rt_sigaction
sys_enter_rt_sigaction
sys_enter_rt_sigaction
sys_enter_rt_sigaction
sys_enter_rt_sigaction
sys_enter_rt_sigaction
sys_enter_rt_sigaction
sys_enter_rt_sigaction
sys_enter_rt_sigaction
sys_enter_rt_sigaction
sys_enter_rt_sigaction
sys_enter_rt_sigaction
sys_enter_rt_sigaction
sys_enter_rt_sigaction
sys_enter_rt_sigaction
sys_enter_rt_sigaction
sys_enter_rt_sigaction
sys_enter_rt_sigaction
sys_enter_rt_sigaction
sys_enter_rt_sigprocmask
sys_enter_clone
sys_enter_rt_sigprocmask
sys_enter_gettid
sys_enter_sigaltstack
sys_enter_sigaltstack
sys_enter_gettid
sys_enter_rt_sigprocmask
sys_enter_rt_sigprocmask
sys_enter_clone
sys_enter_rt_sigprocmask
sys_enter_gettid
sys_enter_sigaltstack
sys_enter_sigaltstack
sys_enter_gettid
sys_enter_rt_sigprocmask
sys_enter_rt_sigprocmask
sys_enter_clone
sys_enter_rt_sigprocmask
sys_enter_futex
sys_enter_rt_sigprocmask
sys_enter_clone
sys_enter_gettid
sys_enter_sigaltstack
sys_enter_sigaltstack
sys_enter_gettid
sys_enter_rt_sigprocmask
sys_enter_rt_sigprocmask
sys_enter_futex
sys_enter_gettid
sys_enter_futex
sys_enter_sigaltstack
sys_enter_sigaltstack
sys_enter_gettid
sys_enter_rt_sigprocmask
sys_enter_futex
sys_enter_futex
sys_enter_futex
sys_enter_mmap
sys_enter_futex
sys_enter_futex
sys_enter_futex
sys_enter_openat
sys_enter_futex
sys_enter_futex
sys_enter_read
sys_enter_read
sys_enter_close
sys_enter_socket
sys_enter_close
sys_enter_socket
sys_enter_setsockopt
sys_enter_bind
sys_enter_socket
sys_enter_setsockopt
sys_enter_bind
sys_enter_close
sys_enter_close
sys_enter_getpid
sys_enter_getppid
sys_enter_mmap
sys_enter_mmap
sys_enter_getppid
sys_enter_openat
sys_enter_pipe2
sys_enter_getpid
sys_enter_clone
sys_enter_setsid
sys_enter_close
sys_enter_read
sys_enter_chdir
sys_enter_execve
sys_enter_close
sys_enter_mmap
sys_enter_mmap
sys_enter_exit_group
sys_enter_mprotect
sys_enter_mmap
sys_enter_mmap
sys_enter_mprotect
sys_enter_mmap
sys_enter_mprotect
sys_enter_mmap
sys_enter_mprotect
sys_enter_mmap
sys_enter_mmap
sys_enter_close
sys_enter_munmap
sys_enter_sched_getaffinity
sys_enter_mmap
sys_enter_munmap
sys_enter_mmap
sys_enter_mmap
sys_enter_mmap
sys_enter_mmap
sys_enter_mmap
sys_enter_mmap
sys_enter_rt_sigprocmask
sys_enter_sigaltstack
sys_enter_sigaltstack
sys_enter_gettid
sys_enter_rt_sigprocmask
sys_enter_rt_sigaction
sys_enter_rt_sigaction
sys_enter_rt_sigaction
sys_enter_rt_sigaction
sys_enter_rt_sigaction
sys_enter_rt_sigaction
sys_enter_rt_sigaction
sys_enter_rt_sigaction
sys_enter_rt_sigaction
sys_enter_rt_sigaction
sys_enter_rt_sigaction
sys_enter_rt_sigaction
sys_enter_rt_sigaction
sys_enter_rt_sigaction
sys_enter_rt_sigaction
sys_enter_rt_sigaction
sys_enter_rt_sigaction
sys_enter_rt_sigaction
sys_enter_rt_sigaction
sys_enter_rt_sigaction
sys_enter_rt_sigaction
sys_enter_rt_sigaction
sys_enter_rt_sigaction
sys_enter_rt_sigaction
sys_enter_rt_sigaction
sys_enter_rt_sigaction
sys_enter_rt_sigaction
sys_enter_rt_sigaction
sys_enter_rt_sigaction
sys_enter_rt_sigaction
sys_enter_rt_sigaction
sys_enter_rt_sigaction
sys_enter_rt_sigaction
sys_enter_rt_sigaction
sys_enter_rt_sigaction
sys_enter_rt_sigaction
sys_enter_rt_sigaction
sys_enter_rt_sigaction
sys_enter_rt_sigaction
sys_enter_rt_sigaction
sys_enter_rt_sigaction
sys_enter_rt_sigaction
sys_enter_rt_sigaction
sys_enter_rt_sigaction
sys_enter_rt_sigaction
sys_enter_rt_sigaction
sys_enter_rt_sigaction
sys_enter_rt_sigaction
sys_enter_rt_sigaction
sys_enter_rt_sigaction
sys_enter_rt_sigaction
sys_enter_rt_sigaction
sys_enter_rt_sigaction
sys_enter_rt_sigaction
sys_enter_rt_sigaction
sys_enter_rt_sigaction
sys_enter_rt_sigaction
sys_enter_rt_sigaction
sys_enter_rt_sigaction
sys_enter_rt_sigaction
sys_enter_rt_sigaction
sys_enter_rt_sigaction
sys_enter_rt_sigaction
sys_enter_rt_sigaction
sys_enter_rt_sigaction
sys_enter_rt_sigaction
sys_enter_rt_sigaction
sys_enter_rt_sigaction
sys_enter_rt_sigaction
sys_enter_rt_sigaction
sys_enter_rt_sigaction
sys_enter_rt_sigaction
sys_enter_rt_sigaction
sys_enter_rt_sigaction
sys_enter_rt_sigaction
sys_enter_rt_sigaction
sys_enter_rt_sigaction
sys_enter_rt_sigaction
sys_enter_rt_sigaction
sys_enter_rt_sigaction
sys_enter_rt_sigaction
sys_enter_rt_sigaction
sys_enter_rt_sigaction
sys_enter_rt_sigaction
sys_enter_rt_sigaction
sys_enter_rt_sigaction
sys_enter_rt_sigaction
sys_enter_rt_sigaction
sys_enter_rt_sigaction
sys_enter_rt_sigaction
sys_enter_rt_sigaction
sys_enter_rt_sigaction
sys_enter_rt_sigaction
sys_enter_rt_sigaction
sys_enter_rt_sigaction
sys_enter_rt_sigaction
sys_enter_rt_sigaction
sys_enter_rt_sigaction
sys_enter_rt_sigaction
sys_enter_rt_sigaction
sys_enter_rt_sigaction
sys_enter_rt_sigaction
sys_enter_rt_sigaction
sys_enter_rt_sigaction
sys_enter_rt_sigaction
sys_enter_rt_sigaction
sys_enter_rt_sigaction
sys_enter_rt_sigaction
sys_enter_rt_sigaction
sys_enter_rt_sigaction
sys_enter_rt_sigaction
sys_enter_rt_sigaction
sys_enter_rt_sigaction
sys_enter_rt_sigaction
sys_enter_rt_sigprocmask
sys_enter_clone
sys_enter_rt_sigprocmask
sys_enter_gettid
sys_enter_sigaltstack
sys_enter_sigaltstack
sys_enter_gettid
sys_enter_rt_sigprocmask
sys_enter_rt_sigprocmask
sys_enter_clone
sys_enter_rt_sigprocmask
sys_enter_gettid
sys_enter_sigaltstack
sys_enter_sigaltstack
sys_enter_rt_sigprocmask
sys_enter_gettid
sys_enter_clone
sys_enter_rt_sigprocmask
sys_enter_rt_sigprocmask
sys_enter_futex
sys_enter_gettid
sys_enter_sigaltstack
sys_enter_sigaltstack
sys_enter_gettid
sys_enter_rt_sigprocmask
sys_enter_rt_sigprocmask
sys_enter_clone
sys_enter_futex
sys_enter_futex
sys_enter_rt_sigprocmask
sys_enter_futex
sys_enter_gettid
sys_enter_sigaltstack
sys_enter_sigaltstack
sys_enter_gettid
sys_enter_rt_sigprocmask
sys_enter_futex
sys_enter_futex
sys_enter_mmap
sys_enter_futex
sys_enter_futex
sys_enter_futex
sys_enter_openat
sys_enter_read
sys_enter_read
sys_enter_close
sys_enter_socket
sys_enter_close
sys_enter_socket
sys_enter_setsockopt
sys_enter_bind
sys_enter_socket
sys_enter_setsockopt
sys_enter_bind
sys_enter_close
sys_enter_close
sys_enter_getpid
sys_enter_getppid
sys_enter_mmap
sys_enter_mmap
sys_enter_getppid
sys_enter_openat
sys_enter_pipe2
sys_enter_getpid
sys_enter_clone
sys_enter_setsid
sys_enter_close
sys_enter_read
sys_enter_chdir
sys_enter_execve
sys_enter_close
sys_enter_mmap
sys_enter_mmap
sys_enter_exit_group
sys_enter_mprotect
sys_enter_mmap
sys_enter_mmap
sys_enter_mprotect
sys_enter_mmap
sys_enter_mprotect
sys_enter_mmap
sys_enter_mprotect
sys_enter_mmap
sys_enter_mmap
sys_enter_close
sys_enter_munmap
sys_enter_sched_getaffinity
sys_enter_mmap
sys_enter_munmap
sys_enter_mmap
sys_enter_mmap
sys_enter_mmap
sys_enter_mmap
sys_enter_mmap
sys_enter_mmap
sys_enter_rt_sigprocmask
sys_enter_sigaltstack
sys_enter_sigaltstack
sys_enter_gettid
sys_enter_rt_sigprocmask
sys_enter_rt_sigaction
sys_enter_rt_sigaction
sys_enter_rt_sigaction
sys_enter_rt_sigaction
sys_enter_rt_sigaction
sys_enter_rt_sigaction
sys_enter_rt_sigaction
sys_enter_rt_sigaction
sys_enter_rt_sigaction
sys_enter_rt_sigaction
sys_enter_rt_sigaction
sys_enter_rt_sigaction
sys_enter_rt_sigaction
sys_enter_rt_sigaction
sys_enter_rt_sigaction
sys_enter_rt_sigaction
sys_enter_rt_sigaction
sys_enter_rt_sigaction
sys_enter_rt_sigaction
sys_enter_rt_sigaction
sys_enter_rt_sigaction
sys_enter_rt_sigaction
sys_enter_rt_sigaction
sys_enter_rt_sigaction
sys_enter_rt_sigaction
sys_enter_rt_sigaction
sys_enter_rt_sigaction
sys_enter_rt_sigaction
sys_enter_rt_sigaction
sys_enter_rt_sigaction
sys_enter_rt_sigaction
sys_enter_rt_sigaction
sys_enter_rt_sigaction
sys_enter_rt_sigaction
sys_enter_rt_sigaction
sys_enter_rt_sigaction
sys_enter_rt_sigaction
sys_enter_rt_sigaction
sys_enter_rt_sigaction
sys_enter_rt_sigaction
sys_enter_rt_sigaction
sys_enter_rt_sigaction
sys_enter_rt_sigaction
sys_enter_rt_sigaction
sys_enter_rt_sigaction
sys_enter_rt_sigaction
sys_enter_rt_sigaction
sys_enter_rt_sigaction
sys_enter_rt_sigaction
sys_enter_rt_sigaction
sys_enter_rt_sigaction
sys_enter_rt_sigaction
sys_enter_rt_sigaction
sys_enter_rt_sigaction
sys_enter_rt_sigaction
sys_enter_rt_sigaction
sys_enter_rt_sigaction
sys_enter_rt_sigaction
sys_enter_rt_sigaction
sys_enter_rt_sigaction
sys_enter_rt_sigaction
sys_enter_rt_sigaction
sys_enter_rt_sigaction
sys_enter_rt_sigaction
sys_enter_rt_sigaction
sys_enter_rt_sigaction
sys_enter_rt_sigaction
sys_enter_rt_sigaction
sys_enter_rt_sigaction
sys_enter_rt_sigaction
sys_enter_rt_sigaction
sys_enter_rt_sigaction
sys_enter_rt_sigaction
sys_enter_rt_sigaction
sys_enter_rt_sigaction
sys_enter_rt_sigaction
sys_enter_rt_sigaction
sys_enter_rt_sigaction
sys_enter_rt_sigaction
sys_enter_rt_sigaction
sys_enter_rt_sigaction
sys_enter_rt_sigaction
sys_enter_rt_sigaction
sys_enter_rt_sigaction
sys_enter_rt_sigaction
sys_enter_rt_sigaction
sys_enter_rt_sigaction
sys_enter_rt_sigaction
sys_enter_rt_sigaction
sys_enter_rt_sigaction
sys_enter_rt_sigaction
sys_enter_rt_sigaction
sys_enter_rt_sigaction
sys_enter_rt_sigaction
sys_enter_rt_sigaction
sys_enter_rt_sigaction
sys_enter_rt_sigaction
sys_enter_rt_sigaction
sys_enter_rt_sigaction
sys_enter_rt_sigaction
sys_enter_rt_sigaction
sys_enter_rt_sigaction
sys_enter_rt_sigaction
sys_enter_rt_sigaction
sys_enter_rt_sigaction
sys_enter_rt_sigaction
sys_enter_rt_sigaction
sys_enter_rt_sigaction
sys_enter_rt_sigaction
sys_enter_rt_sigaction
sys_enter_rt_sigaction
sys_enter_rt_sigaction
sys_enter_rt_sigaction
sys_enter_rt_sigaction
sys_enter_rt_sigprocmask
sys_enter_clone
sys_enter_rt_sigprocmask
sys_enter_gettid
sys_enter_sigaltstack
sys_enter_sigaltstack
sys_enter_gettid
sys_enter_rt_sigprocmask
sys_enter_rt_sigprocmask
sys_enter_clone
sys_enter_rt_sigprocmask
sys_enter_gettid
sys_enter_sigaltstack
sys_enter_sigaltstack
sys_enter_gettid
sys_enter_rt_sigprocmask
sys_enter_rt_sigprocmask
sys_enter_clone
sys_enter_rt_sigprocmask
sys_enter_futex
sys_enter_sigaltstack
sys_enter_sigaltstack
sys_enter_gettid
sys_enter_rt_sigprocmask
sys_enter_futex
sys_enter_gettid
sys_enter_sigaltstack
sys_enter_sigaltstack
sys_enter_gettid
sys_enter_rt_sigprocmask
sys_enter_futex
sys_enter_futex
sys_enter_rt_sigprocmask
sys_enter_clone
sys_enter_rt_sigprocmask
sys_enter_futex
sys_enter_gettid
sys_enter_futex
sys_enter_mmap
sys_enter_futex
sys_enter_futex
sys_enter_futex
sys_enter_openat
sys_enter_read
sys_enter_read
sys_enter_close
sys_enter_socket
sys_enter_close
sys_enter_socket
sys_enter_setsockopt
sys_enter_bind
sys_enter_socket
sys_enter_setsockopt
sys_enter_bind
sys_enter_close
sys_enter_close
sys_enter_getpid
sys_enter_getppid
sys_enter_mmap
sys_enter_mmap
sys_enter_getppid
sys_enter_openat
sys_enter_pipe2
sys_enter_getpid
sys_enter_clone
sys_enter_setsid
sys_enter_close
sys_enter_read
sys_enter_chdir
sys_enter_execve
sys_enter_close
sys_enter_exit_group
sys_enter_mmap
sys_enter_mmap
sys_enter_mprotect
sys_enter_mmap
sys_enter_mmap
sys_enter_mprotect
sys_enter_mmap
sys_enter_mprotect
sys_enter_mmap
sys_enter_mprotect
sys_enter_mmap
sys_enter_mmap
sys_enter_close
sys_enter_munmap
sys_enter_sched_getaffinity
sys_enter_mmap
sys_enter_munmap
sys_enter_mmap
sys_enter_mmap
sys_enter_mmap
sys_enter_mmap
sys_enter_mmap
sys_enter_mmap
sys_enter_rt_sigprocmask
sys_enter_sigaltstack
sys_enter_sigaltstack
sys_enter_gettid
sys_enter_rt_sigprocmask
sys_enter_rt_sigaction
sys_enter_rt_sigaction
sys_enter_rt_sigaction
sys_enter_rt_sigaction
sys_enter_rt_sigaction
sys_enter_rt_sigaction
sys_enter_rt_sigaction
sys_enter_rt_sigaction
sys_enter_rt_sigaction
sys_enter_rt_sigaction
sys_enter_rt_sigaction
sys_enter_rt_sigaction
sys_enter_rt_sigaction
sys_enter_rt_sigaction
sys_enter_rt_sigaction
sys_enter_rt_sigaction
sys_enter_rt_sigaction
sys_enter_rt_sigaction
sys_enter_rt_sigaction
sys_enter_rt_sigaction
sys_enter_rt_sigaction
sys_enter_rt_sigaction
sys_enter_rt_sigaction
sys_enter_rt_sigaction
sys_enter_rt_sigaction
sys_enter_rt_sigaction
sys_enter_rt_sigaction
sys_enter_rt_sigaction
sys_enter_rt_sigaction
sys_enter_rt_sigaction
sys_enter_rt_sigaction
sys_enter_rt_sigaction
sys_enter_rt_sigaction
sys_enter_rt_sigaction
sys_enter_rt_sigaction
sys_enter_rt_sigaction
sys_enter_rt_sigaction
sys_enter_rt_sigaction
sys_enter_rt_sigaction
sys_enter_rt_sigaction
sys_enter_rt_sigaction
sys_enter_rt_sigaction
sys_enter_rt_sigaction
sys_enter_rt_sigaction
sys_enter_rt_sigaction
sys_enter_rt_sigaction
sys_enter_rt_sigaction
sys_enter_rt_sigaction
sys_enter_rt_sigaction
sys_enter_rt_sigaction
sys_enter_rt_sigaction
sys_enter_rt_sigaction
sys_enter_rt_sigaction
sys_enter_rt_sigaction
sys_enter_rt_sigaction
sys_enter_rt_sigaction
sys_enter_rt_sigaction
sys_enter_rt_sigaction
sys_enter_rt_sigaction
sys_enter_rt_sigaction
sys_enter_rt_sigaction
sys_enter_rt_sigaction
sys_enter_rt_sigaction
sys_enter_rt_sigaction
sys_enter_rt_sigaction
sys_enter_rt_sigaction
sys_enter_rt_sigaction
sys_enter_rt_sigaction
sys_enter_rt_sigaction
sys_enter_rt_sigaction
sys_enter_rt_sigaction
sys_enter_rt_sigaction
sys_enter_rt_sigaction
sys_enter_rt_sigaction
sys_enter_rt_sigaction
sys_enter_rt_sigaction
sys_enter_rt_sigaction
sys_enter_rt_sigaction
sys_enter_rt_sigaction
sys_enter_rt_sigaction
sys_enter_rt_sigaction
sys_enter_rt_sigaction
sys_enter_rt_sigaction
sys_enter_rt_sigaction
sys_enter_rt_sigaction
sys_enter_rt_sigaction
sys_enter_rt_sigaction
sys_enter_rt_sigaction
sys_enter_rt_sigaction
sys_enter_rt_sigaction
sys_enter_rt_sigaction
sys_enter_rt_sigaction
sys_enter_rt_sigaction
sys_enter_rt_sigaction
sys_enter_rt_sigaction
sys_enter_rt_sigaction
sys_enter_rt_sigaction
sys_enter_rt_sigaction
sys_enter_rt_sigaction
sys_enter_rt_sigaction
sys_enter_rt_sigaction
sys_enter_rt_sigaction
sys_enter_rt_sigaction
sys_enter_rt_sigaction
sys_enter_rt_sigaction
sys_enter_rt_sigaction
sys_enter_rt_sigaction
sys_enter_rt_sigaction
sys_enter_rt_sigaction
sys_enter_rt_sigaction
sys_enter_rt_sigaction
sys_enter_rt_sigaction
sys_enter_rt_sigaction
sys_enter_rt_sigaction
sys_enter_rt_sigprocmask
sys_enter_clone
sys_enter_rt_sigprocmask
sys_enter_gettid
sys_enter_sigaltstack
sys_enter_sigaltstack
sys_enter_gettid
sys_enter_rt_sigprocmask
sys_enter_rt_sigprocmask
sys_enter_clone
sys_enter_rt_sigprocmask
sys_enter_gettid
sys_enter_sigaltstack
sys_enter_sigaltstack
sys_enter_rt_sigprocmask
sys_enter_gettid
sys_enter_clone
sys_enter_rt_sigprocmask
sys_enter_rt_sigprocmask
sys_enter_futex
sys_enter_gettid
sys_enter_sigaltstack
sys_enter_rt_sigprocmask
sys_enter_clone
sys_enter_sigaltstack
sys_enter_gettid
sys_enter_rt_sigprocmask
sys_enter_futex
sys_enter_futex
sys_enter_rt_sigprocmask
sys_enter_futex
sys_enter_gettid
sys_enter_sigaltstack
sys_enter_sigaltstack
sys_enter_gettid
sys_enter_rt_sigprocmask
sys_enter_futex
sys_enter_futex
sys_enter_mmap
sys_enter_futex
sys_enter_futex
sys_enter_futex
sys_enter_openat
sys_enter_futex
sys_enter_futex
sys_enter_read
sys_enter_read
sys_enter_close
sys_enter_socket
sys_enter_close
sys_enter_socket
sys_enter_setsockopt
sys_enter_bind
sys_enter_socket
sys_enter_setsockopt
sys_enter_bind
sys_enter_close
sys_enter_close
sys_enter_mmap
sys_enter_mmap
sys_enter_getpid
sys_enter_getppid
sys_enter_mmap
sys_enter_mmap
sys_enter_getppid
sys_enter_openat
sys_enter_pipe2
sys_enter_getpid
sys_enter_clone
sys_enter_setsid
sys_enter_close
sys_enter_read
sys_enter_chdir
sys_enter_execve
sys_enter_close
sys_enter_mmap
sys_enter_mmap
sys_enter_exit_group
sys_enter_mprotect
sys_enter_mmap
sys_enter_mmap
sys_enter_mprotect
sys_enter_mmap
sys_enter_mprotect
sys_enter_mmap
sys_enter_mprotect
sys_enter_mmap
sys_enter_mmap
sys_enter_close
sys_enter_munmap
sys_enter_sched_getaffinity
sys_enter_mmap
sys_enter_munmap
sys_enter_mmap
sys_enter_mmap
sys_enter_mmap
sys_enter_mmap
sys_enter_mmap
sys_enter_mmap
sys_enter_rt_sigprocmask
sys_enter_sigaltstack
sys_enter_sigaltstack
sys_enter_gettid
sys_enter_rt_sigprocmask
sys_enter_rt_sigaction
sys_enter_rt_sigaction
sys_enter_rt_sigaction
sys_enter_rt_sigaction
sys_enter_rt_sigaction
sys_enter_rt_sigaction
sys_enter_rt_sigaction
sys_enter_rt_sigaction
sys_enter_rt_sigaction
sys_enter_rt_sigaction
sys_enter_rt_sigaction
sys_enter_rt_sigaction
sys_enter_rt_sigaction
sys_enter_rt_sigaction
sys_enter_rt_sigaction
sys_enter_rt_sigaction
sys_enter_rt_sigaction
sys_enter_rt_sigaction
sys_enter_rt_sigaction
sys_enter_rt_sigaction
sys_enter_rt_sigaction
sys_enter_rt_sigaction
sys_enter_rt_sigaction
sys_enter_rt_sigaction
sys_enter_rt_sigaction
sys_enter_rt_sigaction
sys_enter_rt_sigaction
sys_enter_rt_sigaction
sys_enter_rt_sigaction
sys_enter_rt_sigaction
sys_enter_rt_sigaction
sys_enter_rt_sigaction
sys_enter_rt_sigaction
sys_enter_rt_sigaction
sys_enter_rt_sigaction
sys_enter_rt_sigaction
sys_enter_rt_sigaction
sys_enter_rt_sigaction
sys_enter_rt_sigaction
sys_enter_rt_sigaction
sys_enter_rt_sigaction
sys_enter_rt_sigaction
sys_enter_rt_sigaction
sys_enter_rt_sigaction
sys_enter_rt_sigaction
sys_enter_rt_sigaction
sys_enter_rt_sigaction
sys_enter_rt_sigaction
sys_enter_rt_sigaction
sys_enter_rt_sigaction
sys_enter_rt_sigaction
sys_enter_rt_sigaction
sys_enter_rt_sigaction
sys_enter_rt_sigaction
sys_enter_rt_sigaction
sys_enter_rt_sigaction
sys_enter_rt_sigaction
sys_enter_rt_sigaction
sys_enter_rt_sigaction
sys_enter_rt_sigaction
sys_enter_rt_sigaction
sys_enter_rt_sigaction
sys_enter_rt_sigaction
sys_enter_rt_sigaction
sys_enter_rt_sigaction
sys_enter_rt_sigaction
sys_enter_rt_sigaction
sys_enter_rt_sigaction
sys_enter_rt_sigaction
sys_enter_rt_sigaction
sys_enter_rt_sigaction
sys_enter_rt_sigaction
sys_enter_rt_sigaction
sys_enter_rt_sigaction
sys_enter_rt_sigaction
sys_enter_rt_sigaction
sys_enter_rt_sigaction
sys_enter_rt_sigaction
sys_enter_rt_sigaction
sys_enter_rt_sigaction
sys_enter_rt_sigaction
sys_enter_rt_sigaction
sys_enter_rt_sigaction
sys_enter_rt_sigaction
sys_enter_rt_sigaction
sys_enter_rt_sigaction
sys_enter_rt_sigaction
sys_enter_rt_sigaction
sys_enter_rt_sigaction
sys_enter_rt_sigaction
sys_enter_rt_sigaction
sys_enter_rt_sigaction
sys_enter_rt_sigaction
sys_enter_rt_sigaction
sys_enter_rt_sigaction
sys_enter_rt_sigaction
sys_enter_rt_sigaction
sys_enter_rt_sigaction
sys_enter_rt_sigaction
sys_enter_rt_sigaction
sys_enter_rt_sigaction
sys_enter_rt_sigaction
sys_enter_rt_sigaction
sys_enter_rt_sigaction
sys_enter_rt_sigaction
sys_enter_rt_sigaction
sys_enter_rt_sigaction
sys_enter_rt_sigaction
sys_enter_rt_sigaction
sys_enter_rt_sigaction
sys_enter_rt_sigaction
sys_enter_rt_sigaction
sys_enter_rt_sigaction
sys_enter_rt_sigaction
sys_enter_rt_sigprocmask
sys_enter_clone
sys_enter_rt_sigprocmask
sys_enter_gettid
sys_enter_sigaltstack
sys_enter_sigaltstack
sys_enter_gettid
sys_enter_rt_sigprocmask
sys_enter_rt_sigprocmask
sys_enter_clone
sys_enter_rt_sigprocmask
sys_enter_gettid
sys_enter_sigaltstack
sys_enter_sigaltstack
sys_enter_gettid
sys_enter_rt_sigprocmask
sys_enter_sched_yield
sys_enter_sched_yield
sys_enter_futex
sys_enter_futex
sys_enter_futex
sys_enter_rt_sigprocmask
sys_enter_clone
sys_enter_futex
sys_enter_rt_sigprocmask
sys_enter_clone
sys_enter_rt_sigprocmask
sys_enter_futex
sys_enter_gettid
sys_enter_rt_sigprocmask
sys_enter_gettid
sys_enter_sigaltstack
sys_enter_sigaltstack
sys_enter_sigaltstack
sys_enter_sigaltstack
sys_enter_gettid
sys_enter_rt_sigprocmask
sys_enter_gettid
sys_enter_rt_sigprocmask
sys_enter_futex
sys_enter_futex
sys_enter_futex
sys_enter_futex
sys_enter_futex
sys_enter_mmap
sys_enter_futex
sys_enter_futex
sys_enter_futex
sys_enter_openat
sys_enter_read
sys_enter_read
sys_enter_close
sys_enter_socket
sys_enter_close
sys_enter_socket
sys_enter_setsockopt
sys_enter_bind
sys_enter_socket
sys_enter_setsockopt
sys_enter_bind
sys_enter_close
sys_enter_close
sys_enter_getpid
sys_enter_getppid
sys_enter_mmap
sys_enter_mmap
sys_enter_getppid
sys_enter_openat
sys_enter_pipe2
sys_enter_getpid
sys_enter_clone
sys_enter_setsid
sys_enter_close
sys_enter_read
sys_enter_chdir
sys_enter_execve
sys_enter_close
sys_enter_exit_group
sys_enter_mmap
sys_enter_mmap
sys_enter_mprotect
sys_enter_mmap
sys_enter_mmap
sys_enter_mprotect
sys_enter_mmap
sys_enter_mprotect
sys_enter_mmap
sys_enter_mprotect
sys_enter_mmap
sys_enter_mmap
sys_enter_close
sys_enter_munmap
sys_enter_sched_getaffinity
sys_enter_mmap
sys_enter_munmap
sys_enter_mmap
sys_enter_mmap
sys_enter_mmap
sys_enter_mmap
sys_enter_mmap
sys_enter_mmap
sys_enter_rt_sigprocmask
sys_enter_sigaltstack
sys_enter_sigaltstack
sys_enter_gettid
sys_enter_rt_sigprocmask
sys_enter_rt_sigaction
sys_enter_rt_sigaction
sys_enter_rt_sigaction
sys_enter_rt_sigaction
sys_enter_rt_sigaction
sys_enter_rt_sigaction
sys_enter_rt_sigaction
sys_enter_rt_sigaction
sys_enter_rt_sigaction
sys_enter_rt_sigaction
sys_enter_rt_sigaction
sys_enter_rt_sigaction
sys_enter_rt_sigaction
sys_enter_rt_sigaction
sys_enter_rt_sigaction
sys_enter_rt_sigaction
sys_enter_rt_sigaction
sys_enter_rt_sigaction
sys_enter_rt_sigaction
sys_enter_rt_sigaction
sys_enter_rt_sigaction
sys_enter_rt_sigaction
sys_enter_rt_sigaction
sys_enter_rt_sigaction
sys_enter_rt_sigaction
sys_enter_rt_sigaction
sys_enter_rt_sigaction
sys_enter_rt_sigaction
sys_enter_rt_sigaction
sys_enter_rt_sigaction
sys_enter_rt_sigaction
sys_enter_rt_sigaction
sys_enter_rt_sigaction
sys_enter_rt_sigaction
sys_enter_rt_sigaction
sys_enter_rt_sigaction
sys_enter_rt_sigaction
sys_enter_rt_sigaction
sys_enter_rt_sigaction
sys_enter_rt_sigaction
sys_enter_rt_sigaction
sys_enter_rt_sigaction
sys_enter_rt_sigaction
sys_enter_rt_sigaction
sys_enter_rt_sigaction
sys_enter_rt_sigaction
sys_enter_rt_sigaction
sys_enter_rt_sigaction
sys_enter_rt_sigaction
sys_enter_rt_sigaction
sys_enter_rt_sigaction
sys_enter_rt_sigaction
sys_enter_rt_sigaction
sys_enter_rt_sigaction
sys_enter_rt_sigaction
sys_enter_rt_sigaction
sys_enter_rt_sigaction
sys_enter_rt_sigaction
sys_enter_rt_sigaction
sys_enter_rt_sigaction
sys_enter_rt_sigaction
sys_enter_rt_sigaction
sys_enter_rt_sigaction
sys_enter_rt_sigaction
sys_enter_rt_sigaction
sys_enter_rt_sigaction
sys_enter_rt_sigaction
sys_enter_rt_sigaction
sys_enter_rt_sigaction
sys_enter_rt_sigaction
sys_enter_rt_sigaction
sys_enter_rt_sigaction
sys_enter_rt_sigaction
sys_enter_rt_sigaction
sys_enter_rt_sigaction
sys_enter_rt_sigaction
sys_enter_rt_sigaction
sys_enter_rt_sigaction
sys_enter_rt_sigaction
sys_enter_rt_sigaction
sys_enter_rt_sigaction
sys_enter_rt_sigaction
sys_enter_rt_sigaction
sys_enter_rt_sigaction
sys_enter_rt_sigaction
sys_enter_rt_sigaction
sys_enter_rt_sigaction
sys_enter_rt_sigaction
sys_enter_rt_sigaction
sys_enter_rt_sigaction
sys_enter_rt_sigaction
sys_enter_rt_sigaction
sys_enter_rt_sigaction
sys_enter_rt_sigaction
sys_enter_rt_sigaction
sys_enter_rt_sigaction
sys_enter_rt_sigaction
sys_enter_rt_sigaction
sys_enter_rt_sigaction
sys_enter_rt_sigaction
sys_enter_rt_sigaction
sys_enter_rt_sigaction
sys_enter_rt_sigaction
sys_enter_rt_sigaction
sys_enter_rt_sigaction
sys_enter_rt_sigaction
sys_enter_rt_sigaction
sys_enter_rt_sigaction
sys_enter_rt_sigaction
sys_enter_rt_sigaction
sys_enter_rt_sigaction
sys_enter_rt_sigaction
sys_enter_rt_sigaction
sys_enter_rt_sigaction
sys_enter_rt_sigprocmask
sys_enter_clone
sys_enter_rt_sigprocmask
sys_enter_gettid
sys_enter_sigaltstack
sys_enter_sigaltstack
sys_enter_gettid
sys_enter_rt_sigprocmask
sys_enter_rt_sigprocmask
sys_enter_clone
sys_enter_rt_sigprocmask
sys_enter_gettid
sys_enter_sigaltstack
sys_enter_sigaltstack
sys_enter_gettid
sys_enter_rt_sigprocmask
sys_enter_rt_sigprocmask
sys_enter_clone
sys_enter_rt_sigprocmask
sys_enter_clone
sys_enter_rt_sigprocmask
sys_enter_rt_sigprocmask
sys_enter_futex
sys_enter_gettid
sys_enter_sigaltstack
sys_enter_sigaltstack
sys_enter_gettid
sys_enter_rt_sigprocmask
sys_enter_futex
sys_enter_futex
sys_enter_gettid
sys_enter_futex
sys_enter_sigaltstack
sys_enter_sigaltstack
sys_enter_gettid
sys_enter_rt_sigprocmask
sys_enter_futex
sys_enter_futex
sys_enter_mmap
sys_enter_futex
sys_enter_futex
sys_enter_futex
sys_enter_openat
sys_enter_read
sys_enter_read
sys_enter_close
sys_enter_socket
sys_enter_close
sys_enter_socket
sys_enter_setsockopt
sys_enter_bind
sys_enter_socket
sys_enter_setsockopt
sys_enter_bind
sys_enter_close
sys_enter_close
sys_enter_getpid
sys_enter_getppid
sys_enter_mmap
sys_enter_mmap
sys_enter_getppid
sys_enter_openat
sys_enter_pipe2
sys_enter_getpid
sys_enter_clone
sys_enter_setsid
sys_enter_close
sys_enter_read
sys_enter_chdir
sys_enter_execve
sys_enter_close
sys_enter_exit_group
sys_enter_mmap
sys_enter_mmap
sys_enter_mprotect
sys_enter_mmap
sys_enter_mmap
sys_enter_mprotect
sys_enter_mmap
sys_enter_mprotect
sys_enter_mmap
sys_enter_mprotect
sys_enter_mmap
sys_enter_mmap
sys_enter_close
sys_enter_munmap
sys_enter_sched_getaffinity
sys_enter_mmap
sys_enter_munmap
sys_enter_mmap
sys_enter_mmap
sys_enter_mmap
sys_enter_mmap
sys_enter_mmap
sys_enter_mmap
sys_enter_rt_sigprocmask
sys_enter_sigaltstack
sys_enter_sigaltstack
sys_enter_gettid
sys_enter_rt_sigprocmask
sys_enter_rt_sigaction
sys_enter_rt_sigaction
sys_enter_rt_sigaction
sys_enter_rt_sigaction
sys_enter_rt_sigaction
sys_enter_rt_sigaction
sys_enter_rt_sigaction
sys_enter_rt_sigaction
sys_enter_rt_sigaction
sys_enter_rt_sigaction
sys_enter_rt_sigaction
sys_enter_rt_sigaction
sys_enter_rt_sigaction
sys_enter_rt_sigaction
sys_enter_rt_sigaction
sys_enter_rt_sigaction
sys_enter_rt_sigaction
sys_enter_rt_sigaction
sys_enter_rt_sigaction
sys_enter_rt_sigaction
sys_enter_rt_sigaction
sys_enter_rt_sigaction
sys_enter_rt_sigaction
sys_enter_rt_sigaction
sys_enter_rt_sigaction
sys_enter_rt_sigaction
sys_enter_rt_sigaction
sys_enter_rt_sigaction
sys_enter_rt_sigaction
sys_enter_rt_sigaction
sys_enter_rt_sigaction
sys_enter_rt_sigaction
sys_enter_rt_sigaction
sys_enter_rt_sigaction
sys_enter_rt_sigaction
sys_enter_rt_sigaction
sys_enter_rt_sigaction
sys_enter_rt_sigaction
sys_enter_rt_sigaction
sys_enter_rt_sigaction
sys_enter_rt_sigaction
sys_enter_rt_sigaction
sys_enter_rt_sigaction
sys_enter_rt_sigaction
sys_enter_rt_sigaction
sys_enter_rt_sigaction
sys_enter_rt_sigaction
sys_enter_rt_sigaction
sys_enter_rt_sigaction
sys_enter_rt_sigaction
sys_enter_rt_sigaction
sys_enter_rt_sigaction
sys_enter_rt_sigaction
sys_enter_rt_sigaction
sys_enter_rt_sigaction
sys_enter_rt_sigaction
sys_enter_rt_sigaction
sys_enter_rt_sigaction
sys_enter_rt_sigaction
sys_enter_rt_sigaction
sys_enter_rt_sigaction
sys_enter_rt_sigaction
sys_enter_rt_sigaction
sys_enter_rt_sigaction
sys_enter_rt_sigaction
sys_enter_rt_sigaction
sys_enter_rt_sigaction
sys_enter_rt_sigaction
sys_enter_rt_sigaction
sys_enter_rt_sigaction
sys_enter_rt_sigaction
sys_enter_rt_sigaction
sys_enter_rt_sigaction
sys_enter_rt_sigaction
sys_enter_rt_sigaction
sys_enter_rt_sigaction
sys_enter_rt_sigaction
sys_enter_rt_sigaction
sys_enter_rt_sigaction
sys_enter_rt_sigaction
sys_enter_rt_sigaction
sys_enter_rt_sigaction
sys_enter_rt_sigaction
sys_enter_rt_sigaction
sys_enter_rt_sigaction
sys_enter_rt_sigaction
sys_enter_rt_sigaction
sys_enter_rt_sigaction
sys_enter_rt_sigaction
sys_enter_rt_sigaction
sys_enter_rt_sigaction
sys_enter_rt_sigaction
sys_enter_rt_sigaction
sys_enter_rt_sigaction
sys_enter_rt_sigaction
sys_enter_rt_sigaction
sys_enter_rt_sigaction
sys_enter_rt_sigaction
sys_enter_rt_sigaction
sys_enter_rt_sigaction
sys_enter_rt_sigaction
sys_enter_rt_sigaction
sys_enter_rt_sigaction
sys_enter_rt_sigaction
sys_enter_rt_sigaction
sys_enter_rt_sigaction
sys_enter_rt_sigaction
sys_enter_rt_sigaction
sys_enter_rt_sigaction
sys_enter_rt_sigaction
sys_enter_rt_sigaction
sys_enter_rt_sigaction
sys_enter_rt_sigaction
sys_enter_rt_sigaction
sys_enter_rt_sigprocmask
sys_enter_clone
sys_enter_rt_sigprocmask
sys_enter_gettid
sys_enter_sigaltstack
sys_enter_sigaltstack
sys_enter_gettid
sys_enter_rt_sigprocmask
sys_enter_rt_sigprocmask
sys_enter_clone
sys_enter_rt_sigprocmask
sys_enter_gettid
sys_enter_sigaltstack
sys_enter_sigaltstack
sys_enter_gettid
sys_enter_rt_sigprocmask
sys_enter_rt_sigprocmask
sys_enter_clone
sys_enter_rt_sigprocmask
sys_enter_clone
sys_enter_rt_sigprocmask
sys_enter_futex
sys_enter_gettid
sys_enter_sigaltstack
sys_enter_sigaltstack
sys_enter_gettid
sys_enter_rt_sigprocmask
sys_enter_rt_sigprocmask
sys_enter_gettid
sys_enter_futex
sys_enter_futex
sys_enter_sigaltstack
sys_enter_futex
sys_enter_mmap
sys_enter_sigaltstack
sys_enter_gettid
sys_enter_rt_sigprocmask
sys_enter_openat
sys_enter_futex
sys_enter_futex
sys_enter_read
sys_enter_futex
sys_enter_read
sys_enter_close
sys_enter_socket
sys_enter_close
sys_enter_socket
sys_enter_setsockopt
sys_enter_bind
sys_enter_socket
sys_enter_setsockopt
sys_enter_bind
sys_enter_close
sys_enter_close
sys_enter_getpid
sys_enter_getppid
sys_enter_mmap
sys_enter_mmap
sys_enter_getppid
sys_enter_openat
sys_enter_pipe2
sys_enter_getpid
sys_enter_clone
sys_enter_setsid
sys_enter_close
sys_enter_read
sys_enter_chdir
sys_enter_execve
sys_enter_close
sys_enter_exit_group
sys_enter_mmap
sys_enter_mmap
sys_enter_mprotect
sys_enter_mmap
sys_enter_mmap
sys_enter_mprotect
sys_enter_mmap
sys_enter_mprotect
sys_enter_mmap
sys_enter_mprotect
sys_enter_mmap
sys_enter_mmap
sys_enter_close
sys_enter_munmap
sys_enter_sched_getaffinity
sys_enter_mmap
sys_enter_munmap
sys_enter_mmap
sys_enter_mmap
sys_enter_mmap
sys_enter_mmap
sys_enter_mmap
sys_enter_mmap
sys_enter_rt_sigprocmask
sys_enter_sigaltstack
sys_enter_sigaltstack
sys_enter_gettid
sys_enter_rt_sigprocmask
sys_enter_rt_sigaction
sys_enter_rt_sigaction
sys_enter_rt_sigaction
sys_enter_rt_sigaction
sys_enter_rt_sigaction
sys_enter_rt_sigaction
sys_enter_rt_sigaction
sys_enter_rt_sigaction
sys_enter_rt_sigaction
sys_enter_rt_sigaction
sys_enter_rt_sigaction
sys_enter_rt_sigaction
sys_enter_rt_sigaction
sys_enter_rt_sigaction
sys_enter_rt_sigaction
sys_enter_rt_sigaction
sys_enter_rt_sigaction
sys_enter_rt_sigaction
sys_enter_rt_sigaction
sys_enter_rt_sigaction
sys_enter_rt_sigaction
sys_enter_rt_sigaction
sys_enter_rt_sigaction
sys_enter_rt_sigaction
sys_enter_rt_sigaction
sys_enter_rt_sigaction
sys_enter_rt_sigaction
sys_enter_rt_sigaction
sys_enter_rt_sigaction
sys_enter_rt_sigaction
sys_enter_rt_sigaction
sys_enter_rt_sigaction
sys_enter_rt_sigaction
sys_enter_rt_sigaction
sys_enter_rt_sigaction
sys_enter_rt_sigaction
sys_enter_rt_sigaction
sys_enter_rt_sigaction
sys_enter_rt_sigaction
sys_enter_rt_sigaction
sys_enter_rt_sigaction
sys_enter_rt_sigaction
sys_enter_rt_sigaction
sys_enter_rt_sigaction
sys_enter_rt_sigaction
sys_enter_rt_sigaction
sys_enter_rt_sigaction
sys_enter_rt_sigaction
sys_enter_rt_sigaction
sys_enter_rt_sigaction
sys_enter_rt_sigaction
sys_enter_rt_sigaction
sys_enter_rt_sigaction
sys_enter_rt_sigaction
sys_enter_rt_sigaction
sys_enter_rt_sigaction
sys_enter_rt_sigaction
sys_enter_rt_sigaction
sys_enter_rt_sigaction
sys_enter_rt_sigaction
sys_enter_rt_sigaction
sys_enter_rt_sigaction
sys_enter_rt_sigaction
sys_enter_rt_sigaction
sys_enter_rt_sigaction
sys_enter_rt_sigaction
sys_enter_rt_sigaction
sys_enter_rt_sigaction
sys_enter_rt_sigaction
sys_enter_rt_sigaction
sys_enter_rt_sigaction
sys_enter_rt_sigaction
sys_enter_rt_sigaction
sys_enter_rt_sigaction
sys_enter_rt_sigaction
sys_enter_rt_sigaction
sys_enter_rt_sigaction
sys_enter_rt_sigaction
sys_enter_rt_sigaction
sys_enter_rt_sigaction
sys_enter_rt_sigaction
sys_enter_rt_sigaction
sys_enter_rt_sigaction
sys_enter_rt_sigaction
sys_enter_rt_sigaction
sys_enter_rt_sigaction
sys_enter_rt_sigaction
sys_enter_rt_sigaction
sys_enter_rt_sigaction
sys_enter_rt_sigaction
sys_enter_rt_sigaction
sys_enter_rt_sigaction
sys_enter_rt_sigaction
sys_enter_rt_sigaction
sys_enter_rt_sigaction
sys_enter_rt_sigaction
sys_enter_rt_sigaction
sys_enter_rt_sigaction
sys_enter_rt_sigaction
sys_enter_rt_sigaction
sys_enter_rt_sigaction
sys_enter_rt_sigaction
sys_enter_rt_sigaction
sys_enter_rt_sigaction
sys_enter_rt_sigaction
sys_enter_rt_sigaction
sys_enter_rt_sigaction
sys_enter_rt_sigaction
sys_enter_rt_sigaction
sys_enter_rt_sigaction
sys_enter_rt_sigaction
sys_enter_rt_sigaction
sys_enter_rt_sigaction
sys_enter_rt_sigaction
sys_enter_rt_sigprocmask
sys_enter_clone
sys_enter_rt_sigprocmask
sys_enter_gettid
sys_enter_sigaltstack
sys_enter_sigaltstack
sys_enter_gettid
sys_enter_rt_sigprocmask
sys_enter_rt_sigprocmask
sys_enter_clone
sys_enter_rt_sigprocmask
sys_enter_gettid
sys_enter_sigaltstack
sys_enter_sigaltstack
sys_enter_rt_sigprocmask
sys_enter_clone
sys_enter_gettid
sys_enter_rt_sigprocmask
sys_enter_rt_sigprocmask
sys_enter_sched_yield
sys_enter_gettid
sys_enter_futex
sys_enter_sigaltstack
sys_enter_sigaltstack
sys_enter_gettid
sys_enter_rt_sigprocmask
sys_enter_futex
sys_enter_futex
sys_enter_futex
sys_enter_rt_sigprocmask
sys_enter_clone
sys_enter_rt_sigprocmask
sys_enter_futex
sys_enter_futex
sys_enter_gettid
sys_enter_sigaltstack
sys_enter_sigaltstack
sys_enter_gettid
sys_enter_rt_sigprocmask
sys_enter_mmap
sys_enter_futex
sys_enter_futex
sys_enter_futex
sys_enter_openat
sys_enter_read
sys_enter_read
sys_enter_close
sys_enter_socket
sys_enter_close
sys_enter_socket
sys_enter_setsockopt
sys_enter_bind
sys_enter_socket
sys_enter_setsockopt
sys_enter_bind
sys_enter_close
sys_enter_close
sys_enter_getpid
sys_enter_getppid
sys_enter_mmap
sys_enter_mmap
sys_enter_getppid
sys_enter_openat
sys_enter_pipe2
sys_enter_getpid
sys_enter_clone
sys_enter_setsid
sys_enter_close
sys_enter_read
sys_enter_chdir
sys_enter_execve
sys_enter_close
sys_enter_exit_group
sys_enter_mmap
sys_enter_mmap
sys_enter_mprotect
sys_enter_mmap
sys_enter_mmap
sys_enter_mprotect
sys_enter_mmap
sys_enter_mprotect
sys_enter_mmap
sys_enter_mprotect
sys_enter_mmap
sys_enter_mmap
sys_enter_close
sys_enter_munmap
sys_enter_sched_getaffinity
sys_enter_mmap
sys_enter_munmap
sys_enter_mmap
sys_enter_mmap
sys_enter_mmap
sys_enter_mmap
sys_enter_mmap
sys_enter_mmap
sys_enter_rt_sigprocmask
sys_enter_sigaltstack
sys_enter_sigaltstack
sys_enter_gettid
sys_enter_rt_sigprocmask
sys_enter_rt_sigaction
sys_enter_rt_sigaction
sys_enter_rt_sigaction
sys_enter_rt_sigaction
sys_enter_rt_sigaction
sys_enter_rt_sigaction
sys_enter_rt_sigaction
sys_enter_rt_sigaction
sys_enter_rt_sigaction
sys_enter_rt_sigaction
sys_enter_rt_sigaction
sys_enter_rt_sigaction
sys_enter_rt_sigaction
sys_enter_rt_sigaction
sys_enter_rt_sigaction
sys_enter_rt_sigaction
sys_enter_rt_sigaction
sys_enter_rt_sigaction
sys_enter_rt_sigaction
sys_enter_rt_sigaction
sys_enter_rt_sigaction
sys_enter_rt_sigaction
sys_enter_rt_sigaction
sys_enter_rt_sigaction
sys_enter_rt_sigaction
sys_enter_rt_sigaction
sys_enter_rt_sigaction
sys_enter_rt_sigaction
sys_enter_rt_sigaction
sys_enter_rt_sigaction
sys_enter_rt_sigaction
sys_enter_rt_sigaction
sys_enter_rt_sigaction
sys_enter_rt_sigaction
sys_enter_rt_sigaction
sys_enter_rt_sigaction
sys_enter_rt_sigaction
sys_enter_rt_sigaction
sys_enter_rt_sigaction
sys_enter_rt_sigaction
sys_enter_rt_sigaction
sys_enter_rt_sigaction
sys_enter_rt_sigaction
sys_enter_rt_sigaction
sys_enter_rt_sigaction
sys_enter_rt_sigaction
sys_enter_rt_sigaction
sys_enter_rt_sigaction
sys_enter_rt_sigaction
sys_enter_rt_sigaction
sys_enter_rt_sigaction
sys_enter_rt_sigaction
sys_enter_rt_sigaction
sys_enter_rt_sigaction
sys_enter_rt_sigaction
sys_enter_rt_sigaction
sys_enter_rt_sigaction
sys_enter_rt_sigaction
sys_enter_rt_sigaction
sys_enter_rt_sigaction
sys_enter_rt_sigaction
sys_enter_rt_sigaction
sys_enter_rt_sigaction
sys_enter_rt_sigaction
sys_enter_rt_sigaction
sys_enter_rt_sigaction
sys_enter_rt_sigaction
sys_enter_rt_sigaction
sys_enter_rt_sigaction
sys_enter_rt_sigaction
sys_enter_rt_sigaction
sys_enter_rt_sigaction
sys_enter_rt_sigaction
sys_enter_rt_sigaction
sys_enter_rt_sigaction
sys_enter_rt_sigaction
sys_enter_rt_sigaction
sys_enter_rt_sigaction
sys_enter_rt_sigaction
sys_enter_rt_sigaction
sys_enter_rt_sigaction
sys_enter_rt_sigaction
sys_enter_rt_sigaction
sys_enter_rt_sigaction
sys_enter_rt_sigaction
sys_enter_rt_sigaction
sys_enter_rt_sigaction
sys_enter_rt_sigaction
sys_enter_rt_sigaction
sys_enter_rt_sigaction
sys_enter_rt_sigaction
sys_enter_rt_sigaction
sys_enter_rt_sigaction
sys_enter_rt_sigaction
sys_enter_rt_sigaction
sys_enter_rt_sigaction
sys_enter_rt_sigaction
sys_enter_rt_sigaction
sys_enter_rt_sigaction
sys_enter_rt_sigaction
sys_enter_rt_sigaction
sys_enter_rt_sigaction
sys_enter_rt_sigaction
sys_enter_rt_sigaction
sys_enter_rt_sigaction
sys_enter_rt_sigaction
sys_enter_rt_sigaction
sys_enter_rt_sigaction
sys_enter_rt_sigaction
sys_enter_rt_sigaction
sys_enter_rt_sigaction
sys_enter_rt_sigaction
sys_enter_rt_sigaction
sys_enter_rt_sigaction
sys_enter_rt_sigprocmask
sys_enter_clone
sys_enter_rt_sigprocmask
sys_enter_gettid
sys_enter_sigaltstack
sys_enter_sigaltstack
sys_enter_gettid
sys_enter_rt_sigprocmask
sys_enter_rt_sigprocmask
sys_enter_clone
sys_enter_rt_sigprocmask
sys_enter_gettid
sys_enter_sigaltstack
sys_enter_sigaltstack
sys_enter_rt_sigprocmask
sys_enter_clone
sys_enter_gettid
sys_enter_rt_sigprocmask
sys_enter_rt_sigprocmask
sys_enter_futex
sys_enter_gettid
sys_enter_sigaltstack
sys_enter_sigaltstack
sys_enter_gettid
sys_enter_rt_sigprocmask
sys_enter_futex
sys_enter_rt_sigprocmask
sys_enter_clone
sys_enter_rt_sigprocmask
sys_enter_futex
sys_enter_gettid
sys_enter_futex
sys_enter_sigaltstack
sys_enter_sigaltstack
sys_enter_gettid
sys_enter_rt_sigprocmask
sys_enter_futex
sys_enter_futex
sys_enter_mmap
sys_enter_futex
sys_enter_futex
sys_enter_futex
sys_enter_futex
sys_enter_openat
sys_enter_futex
sys_enter_read
sys_enter_read
sys_enter_close
sys_enter_socket
sys_enter_close
sys_enter_socket
sys_enter_setsockopt
sys_enter_bind
sys_enter_socket
sys_enter_setsockopt
sys_enter_bind
sys_enter_close
sys_enter_close
sys_enter_getpid
sys_enter_getppid
sys_enter_mmap
sys_enter_mmap
sys_enter_getppid
sys_enter_openat
sys_enter_pipe2
sys_enter_getpid
sys_enter_clone
sys_enter_setsid
sys_enter_close
sys_enter_read
sys_enter_chdir
sys_enter_execve
sys_enter_close
sys_enter_exit_group
sys_enter_mmap
sys_enter_mmap
sys_enter_mprotect
sys_enter_mmap
sys_enter_mmap
sys_enter_mprotect
sys_enter_mmap
sys_enter_mprotect
sys_enter_mmap
sys_enter_mprotect
sys_enter_mmap
sys_enter_mmap
sys_enter_close
sys_enter_munmap
sys_enter_sched_getaffinity
sys_enter_mmap
sys_enter_munmap
sys_enter_mmap
sys_enter_mmap
sys_enter_mmap
sys_enter_mmap
sys_enter_mmap
sys_enter_mmap
sys_enter_rt_sigprocmask
sys_enter_sigaltstack
sys_enter_sigaltstack
sys_enter_gettid
sys_enter_rt_sigprocmask
sys_enter_rt_sigaction
sys_enter_rt_sigaction
sys_enter_rt_sigaction
sys_enter_rt_sigaction
sys_enter_rt_sigaction
sys_enter_rt_sigaction
sys_enter_rt_sigaction
sys_enter_rt_sigaction
sys_enter_rt_sigaction
sys_enter_rt_sigaction
sys_enter_rt_sigaction
sys_enter_rt_sigaction
sys_enter_rt_sigaction
sys_enter_rt_sigaction
sys_enter_rt_sigaction
sys_enter_rt_sigaction
sys_enter_rt_sigaction
sys_enter_rt_sigaction
sys_enter_rt_sigaction
sys_enter_rt_sigaction
sys_enter_rt_sigaction
sys_enter_rt_sigaction
sys_enter_rt_sigaction
sys_enter_rt_sigaction
sys_enter_rt_sigaction
sys_enter_rt_sigaction
sys_enter_rt_sigaction
sys_enter_rt_sigaction
sys_enter_rt_sigaction
sys_enter_rt_sigaction
sys_enter_rt_sigaction
sys_enter_rt_sigaction
sys_enter_rt_sigaction
sys_enter_rt_sigaction
sys_enter_rt_sigaction
sys_enter_rt_sigaction
sys_enter_rt_sigaction
sys_enter_rt_sigaction
sys_enter_rt_sigaction
sys_enter_rt_sigaction
sys_enter_rt_sigaction
sys_enter_rt_sigaction
sys_enter_rt_sigaction
sys_enter_rt_sigaction
sys_enter_rt_sigaction
sys_enter_rt_sigaction
sys_enter_rt_sigaction
sys_enter_rt_sigaction
sys_enter_rt_sigaction
sys_enter_rt_sigaction
sys_enter_rt_sigaction
sys_enter_rt_sigaction
sys_enter_rt_sigaction
sys_enter_rt_sigaction
sys_enter_rt_sigaction
sys_enter_rt_sigaction
sys_enter_rt_sigaction
sys_enter_rt_sigaction
sys_enter_rt_sigaction
sys_enter_rt_sigaction
sys_enter_rt_sigaction
sys_enter_rt_sigaction
sys_enter_rt_sigaction
sys_enter_rt_sigaction
sys_enter_rt_sigaction
sys_enter_rt_sigaction
sys_enter_rt_sigaction
sys_enter_rt_sigaction
sys_enter_rt_sigaction
sys_enter_rt_sigaction
sys_enter_rt_sigaction
sys_enter_rt_sigaction
sys_enter_rt_sigaction
sys_enter_rt_sigaction
sys_enter_rt_sigaction
sys_enter_rt_sigaction
sys_enter_rt_sigaction
sys_enter_rt_sigaction
sys_enter_rt_sigaction
sys_enter_rt_sigaction
sys_enter_rt_sigaction
sys_enter_rt_sigaction
sys_enter_rt_sigaction
sys_enter_rt_sigaction
sys_enter_rt_sigaction
sys_enter_rt_sigaction
sys_enter_rt_sigaction
sys_enter_rt_sigaction
sys_enter_rt_sigaction
sys_enter_rt_sigaction
sys_enter_rt_sigaction
sys_enter_rt_sigaction
sys_enter_rt_sigaction
sys_enter_rt_sigaction
sys_enter_rt_sigaction
sys_enter_rt_sigaction
sys_enter_rt_sigaction
sys_enter_rt_sigaction
sys_enter_rt_sigaction
sys_enter_rt_sigaction
sys_enter_rt_sigaction
sys_enter_rt_sigaction
sys_enter_rt_sigaction
sys_enter_rt_sigaction
sys_enter_rt_sigaction
sys_enter_rt_sigaction
sys_enter_rt_sigaction
sys_enter_rt_sigaction
sys_enter_rt_sigaction
sys_enter_rt_sigaction
sys_enter_rt_sigaction
sys_enter_rt_sigaction
sys_enter_rt_sigaction
sys_enter_rt_sigaction
sys_enter_rt_sigprocmask
sys_enter_clone
sys_enter_rt_sigprocmask
sys_enter_gettid
sys_enter_sigaltstack
sys_enter_sigaltstack
sys_enter_gettid
sys_enter_rt_sigprocmask
sys_enter_rt_sigprocmask
sys_enter_clone
sys_enter_rt_sigprocmask
sys_enter_gettid
sys_enter_sigaltstack
sys_enter_sigaltstack
sys_enter_gettid
sys_enter_rt_sigprocmask
sys_enter_rt_sigprocmask
sys_enter_clone
sys_enter_rt_sigprocmask
sys_enter_futex
sys_enter_gettid
sys_enter_gettid
sys_enter_sigaltstack
sys_enter_sigaltstack
sys_enter_gettid
sys_enter_rt_sigprocmask
sys_enter_futex
sys_enter_futex
sys_enter_rt_sigprocmask
sys_enter_clone
sys_enter_rt_sigprocmask
sys_enter_futex
sys_enter_mmap
sys_enter_openat
sys_enter_futex
sys_enter_futex
sys_enter_sigaltstack
sys_enter_sigaltstack
sys_enter_read
sys_enter_gettid
sys_enter_rt_sigprocmask
sys_enter_futex
sys_enter_read
sys_enter_close
sys_enter_socket
sys_enter_close
sys_enter_socket
sys_enter_setsockopt
sys_enter_bind
sys_enter_socket
sys_enter_setsockopt
sys_enter_bind
sys_enter_close
sys_enter_close
sys_enter_mmap
sys_enter_getpid
sys_enter_getppid
sys_enter_mmap
sys_enter_mmap
sys_enter_getppid
sys_enter_openat
sys_enter_pipe2
sys_enter_getpid
sys_enter_clone
sys_enter_setsid
sys_enter_close
sys_enter_read
sys_enter_chdir
sys_enter_execve
sys_enter_close
sys_enter_exit_group
sys_enter_mmap
sys_enter_mmap
sys_enter_mprotect
sys_enter_mmap
sys_enter_mmap
sys_enter_mprotect
sys_enter_mmap
sys_enter_mprotect
sys_enter_mmap
sys_enter_mprotect
sys_enter_mmap
sys_enter_mmap
sys_enter_close
sys_enter_munmap
sys_enter_sched_getaffinity
sys_enter_mmap
sys_enter_munmap
sys_enter_mmap
sys_enter_mmap
sys_enter_mmap
sys_enter_mmap
sys_enter_mmap
sys_enter_mmap
sys_enter_rt_sigprocmask
sys_enter_sigaltstack
sys_enter_sigaltstack
sys_enter_gettid
sys_enter_rt_sigprocmask
sys_enter_rt_sigaction
sys_enter_rt_sigaction
sys_enter_rt_sigaction
sys_enter_rt_sigaction
sys_enter_rt_sigaction
sys_enter_rt_sigaction
sys_enter_rt_sigaction
sys_enter_rt_sigaction
sys_enter_rt_sigaction
sys_enter_rt_sigaction
sys_enter_rt_sigaction
sys_enter_rt_sigaction
sys_enter_rt_sigaction
sys_enter_rt_sigaction
sys_enter_rt_sigaction
sys_enter_rt_sigaction
sys_enter_rt_sigaction
sys_enter_rt_sigaction
sys_enter_rt_sigaction
sys_enter_rt_sigaction
sys_enter_rt_sigaction
sys_enter_rt_sigaction
sys_enter_rt_sigaction
sys_enter_rt_sigaction
sys_enter_rt_sigaction
sys_enter_rt_sigaction
sys_enter_rt_sigaction
sys_enter_rt_sigaction
sys_enter_rt_sigaction
sys_enter_rt_sigaction
sys_enter_rt_sigaction
sys_enter_rt_sigaction
sys_enter_rt_sigaction
sys_enter_rt_sigaction
sys_enter_rt_sigaction
sys_enter_rt_sigaction
sys_enter_rt_sigaction
sys_enter_rt_sigaction
sys_enter_rt_sigaction
sys_enter_rt_sigaction
sys_enter_rt_sigaction
sys_enter_rt_sigaction
sys_enter_rt_sigaction
sys_enter_rt_sigaction
sys_enter_rt_sigaction
sys_enter_rt_sigaction
sys_enter_rt_sigaction
sys_enter_rt_sigaction
sys_enter_rt_sigaction
sys_enter_rt_sigaction
sys_enter_rt_sigaction
sys_enter_rt_sigaction
sys_enter_rt_sigaction
sys_enter_rt_sigaction
sys_enter_rt_sigaction
sys_enter_rt_sigaction
sys_enter_rt_sigaction
sys_enter_rt_sigaction
sys_enter_rt_sigaction
sys_enter_rt_sigaction
sys_enter_rt_sigaction
sys_enter_rt_sigaction
sys_enter_rt_sigaction
sys_enter_rt_sigaction
sys_enter_rt_sigaction
sys_enter_rt_sigaction
sys_enter_rt_sigaction
sys_enter_rt_sigaction
sys_enter_rt_sigaction
sys_enter_rt_sigaction
sys_enter_rt_sigaction
sys_enter_rt_sigaction
sys_enter_rt_sigaction
sys_enter_rt_sigaction
sys_enter_rt_sigaction
sys_enter_rt_sigaction
sys_enter_rt_sigaction
sys_enter_rt_sigaction
sys_enter_rt_sigaction
sys_enter_rt_sigaction
sys_enter_rt_sigaction
sys_enter_rt_sigaction
sys_enter_rt_sigaction
sys_enter_rt_sigaction
sys_enter_rt_sigaction
sys_enter_rt_sigaction
sys_enter_rt_sigaction
sys_enter_rt_sigaction
sys_enter_rt_sigaction
sys_enter_rt_sigaction
sys_enter_rt_sigaction
sys_enter_rt_sigaction
sys_enter_rt_sigaction
sys_enter_rt_sigaction
sys_enter_rt_sigaction
sys_enter_rt_sigaction
sys_enter_rt_sigaction
sys_enter_rt_sigaction
sys_enter_rt_sigaction
sys_enter_rt_sigaction
sys_enter_rt_sigaction
sys_enter_rt_sigaction
sys_enter_rt_sigaction
sys_enter_rt_sigaction
sys_enter_rt_sigaction
sys_enter_rt_sigaction
sys_enter_rt_sigaction
sys_enter_rt_sigaction
sys_enter_rt_sigaction
sys_enter_rt_sigaction
sys_enter_rt_sigaction
sys_enter_rt_sigaction
sys_enter_rt_sigaction
sys_enter_rt_sigaction
sys_enter_rt_sigprocmask
sys_enter_clone
sys_enter_rt_sigprocmask
sys_enter_rt_sigprocmask
sys_enter_clone
sys_enter_rt_sigprocmask
sys_enter_rt_sigprocmask
sys_enter_clone
sys_enter_rt_sigprocmask
sys_enter_futex
sys_enter_gettid
sys_enter_sigaltstack
sys_enter_sigaltstack
sys_enter_gettid
sys_enter_rt_sigprocmask
sys_enter_futex
sys_enter_futex
sys_enter_mmap
sys_enter_gettid
sys_enter_sigaltstack
sys_enter_sigaltstack
sys_enter_gettid
sys_enter_rt_sigprocmask
sys_enter_gettid
sys_enter_sigaltstack
sys_enter_sigaltstack
sys_enter_gettid
sys_enter_rt_sigprocmask
sys_enter_rt_sigprocmask
sys_enter_clone
sys_enter_rt_sigprocmask
sys_enter_futex
sys_enter_gettid
sys_enter_sigaltstack
sys_enter_sigaltstack
sys_enter_gettid
sys_enter_rt_sigprocmask
sys_enter_futex
sys_enter_futex
sys_enter_futex
sys_enter_futex
sys_enter_futex
sys_enter_openat
sys_enter_read
sys_enter_read
sys_enter_close
sys_enter_socket
sys_enter_close
sys_enter_socket
sys_enter_setsockopt
sys_enter_bind
sys_enter_socket
sys_enter_setsockopt
sys_enter_bind
sys_enter_close
sys_enter_close
sys_enter_getpid
sys_enter_getppid
sys_enter_mmap
sys_enter_mmap
sys_enter_getppid
sys_enter_openat
sys_enter_pipe2
sys_enter_getpid
sys_enter_clone
sys_enter_setsid
sys_enter_close
sys_enter_read
sys_enter_chdir
sys_enter_execve
sys_enter_close
sys_enter_mmap
sys_enter_mmap
sys_enter_exit_group
sys_enter_mprotect
sys_enter_mmap
sys_enter_mmap
sys_enter_mprotect
sys_enter_mmap
sys_enter_mprotect
sys_enter_mmap
sys_enter_mprotect
sys_enter_mmap
sys_enter_mmap
sys_enter_close
sys_enter_munmap
sys_enter_sched_getaffinity
sys_enter_mmap
sys_enter_munmap
sys_enter_mmap
sys_enter_mmap
sys_enter_mmap
sys_enter_mmap
sys_enter_mmap
sys_enter_mmap
sys_enter_rt_sigprocmask
sys_enter_sigaltstack
sys_enter_sigaltstack
sys_enter_gettid
sys_enter_rt_sigprocmask
sys_enter_rt_sigaction
sys_enter_rt_sigaction
sys_enter_rt_sigaction
sys_enter_rt_sigaction
sys_enter_rt_sigaction
sys_enter_rt_sigaction
sys_enter_rt_sigaction
sys_enter_rt_sigaction
sys_enter_rt_sigaction
sys_enter_rt_sigaction
sys_enter_rt_sigaction
sys_enter_rt_sigaction
sys_enter_rt_sigaction
sys_enter_rt_sigaction
sys_enter_rt_sigaction
sys_enter_rt_sigaction
sys_enter_rt_sigaction
sys_enter_rt_sigaction
sys_enter_rt_sigaction
sys_enter_rt_sigaction
sys_enter_rt_sigaction
sys_enter_rt_sigaction
sys_enter_rt_sigaction
sys_enter_rt_sigaction
sys_enter_rt_sigaction
sys_enter_rt_sigaction
sys_enter_rt_sigaction
sys_enter_rt_sigaction
sys_enter_rt_sigaction
sys_enter_rt_sigaction
sys_enter_rt_sigaction
sys_enter_rt_sigaction
sys_enter_rt_sigaction
sys_enter_rt_sigaction
sys_enter_rt_sigaction
sys_enter_rt_sigaction
sys_enter_rt_sigaction
sys_enter_rt_sigaction
sys_enter_rt_sigaction
sys_enter_rt_sigaction
sys_enter_rt_sigaction
sys_enter_rt_sigaction
sys_enter_rt_sigaction
sys_enter_rt_sigaction
sys_enter_rt_sigaction
sys_enter_rt_sigaction
sys_enter_rt_sigaction
sys_enter_rt_sigaction
sys_enter_rt_sigaction
sys_enter_rt_sigaction
sys_enter_rt_sigaction
sys_enter_rt_sigaction
sys_enter_rt_sigaction
sys_enter_rt_sigaction
sys_enter_rt_sigaction
sys_enter_rt_sigaction
sys_enter_rt_sigaction
sys_enter_rt_sigaction
sys_enter_rt_sigaction
sys_enter_rt_sigaction
sys_enter_rt_sigaction
sys_enter_rt_sigaction
sys_enter_rt_sigaction
sys_enter_rt_sigaction
sys_enter_rt_sigaction
sys_enter_rt_sigaction
sys_enter_rt_sigaction
sys_enter_rt_sigaction
sys_enter_rt_sigaction
sys_enter_rt_sigaction
sys_enter_rt_sigaction
sys_enter_rt_sigaction
sys_enter_rt_sigaction
sys_enter_rt_sigaction
sys_enter_rt_sigaction
sys_enter_rt_sigaction
sys_enter_rt_sigaction
sys_enter_rt_sigaction
sys_enter_rt_sigaction
sys_enter_rt_sigaction
sys_enter_rt_sigaction
sys_enter_rt_sigaction
sys_enter_rt_sigaction
sys_enter_rt_sigaction
sys_enter_rt_sigaction
sys_enter_rt_sigaction
sys_enter_rt_sigaction
sys_enter_rt_sigaction
sys_enter_rt_sigaction
sys_enter_rt_sigaction
sys_enter_rt_sigaction
sys_enter_rt_sigaction
sys_enter_rt_sigaction
sys_enter_rt_sigaction
sys_enter_rt_sigaction
sys_enter_rt_sigaction
sys_enter_rt_sigaction
sys_enter_rt_sigaction
sys_enter_rt_sigaction
sys_enter_rt_sigaction
sys_enter_rt_sigaction
sys_enter_rt_sigaction
sys_enter_rt_sigaction
sys_enter_rt_sigaction
sys_enter_rt_sigaction
sys_enter_rt_sigaction
sys_enter_rt_sigaction
sys_enter_rt_sigaction
sys_enter_rt_sigaction
sys_enter_rt_sigaction
sys_enter_rt_sigaction
sys_enter_rt_sigaction
sys_enter_rt_sigaction
sys_enter_rt_sigaction
sys_enter_rt_sigprocmask
sys_enter_clone
sys_enter_rt_sigprocmask
sys_enter_gettid
sys_enter_sigaltstack
sys_enter_sigaltstack
sys_enter_gettid
sys_enter_rt_sigprocmask
sys_enter_rt_sigprocmask
sys_enter_clone
sys_enter_rt_sigprocmask
sys_enter_gettid
sys_enter_sigaltstack
sys_enter_sigaltstack
sys_enter_gettid
sys_enter_rt_sigprocmask
sys_enter_clone
sys_enter_rt_sigprocmask
sys_enter_rt_sigprocmask
sys_enter_futex
sys_enter_gettid
sys_enter_rt_sigprocmask
sys_enter_clone
sys_enter_sigaltstack
sys_enter_sigaltstack
sys_enter_gettid
sys_enter_rt_sigprocmask
sys_enter_futex
sys_enter_rt_sigprocmask
sys_enter_gettid
sys_enter_sigaltstack
sys_enter_sigaltstack
sys_enter_gettid
sys_enter_rt_sigprocmask
sys_enter_futex
sys_enter_futex
sys_enter_futex
sys_enter_futex
sys_enter_mmap
sys_enter_futex
sys_enter_futex
sys_enter_futex
sys_enter_openat
sys_enter_read
sys_enter_read
sys_enter_close
sys_enter_socket
sys_enter_close
sys_enter_socket
sys_enter_setsockopt
sys_enter_bind
sys_enter_socket
sys_enter_setsockopt
sys_enter_bind
sys_enter_close
sys_enter_close
sys_enter_getpid
sys_enter_getppid
sys_enter_mmap
sys_enter_mmap
sys_enter_getppid
sys_enter_openat
sys_enter_pipe2
sys_enter_getpid
sys_enter_clone
sys_enter_setsid
sys_enter_close
sys_enter_read
sys_enter_chdir
sys_enter_execve
sys_enter_close
sys_enter_exit_group
sys_enter_mmap
sys_enter_mmap
sys_enter_mprotect
sys_enter_mmap
sys_enter_mmap
sys_enter_mprotect
sys_enter_mmap
sys_enter_mprotect
sys_enter_mmap
sys_enter_mprotect
sys_enter_mmap
sys_enter_mmap
sys_enter_close
sys_enter_munmap
sys_enter_sched_getaffinity
sys_enter_mmap
sys_enter_munmap
sys_enter_mmap
sys_enter_mmap
sys_enter_mmap
sys_enter_mmap
sys_enter_mmap
sys_enter_mmap
sys_enter_rt_sigprocmask
sys_enter_sigaltstack
sys_enter_sigaltstack
sys_enter_gettid
sys_enter_rt_sigprocmask
sys_enter_rt_sigaction
sys_enter_rt_sigaction
sys_enter_rt_sigaction
sys_enter_rt_sigaction
sys_enter_rt_sigaction
sys_enter_rt_sigaction
sys_enter_rt_sigaction
sys_enter_rt_sigaction
sys_enter_rt_sigaction
sys_enter_rt_sigaction
sys_enter_rt_sigaction
sys_enter_rt_sigaction
sys_enter_rt_sigaction
sys_enter_rt_sigaction
sys_enter_rt_sigaction
sys_enter_rt_sigaction
sys_enter_rt_sigaction
sys_enter_rt_sigaction
sys_enter_rt_sigaction
sys_enter_rt_sigaction
sys_enter_rt_sigaction
sys_enter_rt_sigaction
sys_enter_rt_sigaction
sys_enter_rt_sigaction
sys_enter_rt_sigaction
sys_enter_rt_sigaction
sys_enter_rt_sigaction
sys_enter_rt_sigaction
sys_enter_rt_sigaction
sys_enter_rt_sigaction
sys_enter_rt_sigaction
sys_enter_rt_sigaction
sys_enter_rt_sigaction
sys_enter_rt_sigaction
sys_enter_rt_sigaction
sys_enter_rt_sigaction
sys_enter_rt_sigaction
sys_enter_rt_sigaction
sys_enter_rt_sigaction
sys_enter_rt_sigaction
sys_enter_rt_sigaction
sys_enter_rt_sigaction
sys_enter_rt_sigaction
sys_enter_rt_sigaction
sys_enter_rt_sigaction
sys_enter_rt_sigaction
sys_enter_rt_sigaction
sys_enter_rt_sigaction
sys_enter_rt_sigaction
sys_enter_rt_sigaction
sys_enter_rt_sigaction
sys_enter_rt_sigaction
sys_enter_rt_sigaction
sys_enter_rt_sigaction
sys_enter_rt_sigaction
sys_enter_rt_sigaction
sys_enter_rt_sigaction
sys_enter_rt_sigaction
sys_enter_rt_sigaction
sys_enter_rt_sigaction
sys_enter_rt_sigaction
sys_enter_rt_sigaction
sys_enter_rt_sigaction
sys_enter_rt_sigaction
sys_enter_rt_sigaction
sys_enter_rt_sigaction
sys_enter_rt_sigaction
sys_enter_rt_sigaction
sys_enter_rt_sigaction
sys_enter_rt_sigaction
sys_enter_rt_sigaction
sys_enter_rt_sigaction
sys_enter_rt_sigaction
sys_enter_rt_sigaction
sys_enter_rt_sigaction
sys_enter_rt_sigaction
sys_enter_rt_sigaction
sys_enter_rt_sigaction
sys_enter_rt_sigaction
sys_enter_rt_sigaction
sys_enter_rt_sigaction
sys_enter_rt_sigaction
sys_enter_rt_sigaction
sys_enter_rt_sigaction
sys_enter_rt_sigaction
sys_enter_rt_sigaction
sys_enter_rt_sigaction
sys_enter_rt_sigaction
sys_enter_rt_sigaction
sys_enter_rt_sigaction
sys_enter_rt_sigaction
sys_enter_rt_sigaction
sys_enter_rt_sigaction
sys_enter_rt_sigaction
sys_enter_rt_sigaction
sys_enter_rt_sigaction
sys_enter_rt_sigaction
sys_enter_rt_sigaction
sys_enter_rt_sigaction
sys_enter_rt_sigaction
sys_enter_rt_sigaction
sys_enter_rt_sigaction
sys_enter_rt_sigaction
sys_enter_rt_sigaction
sys_enter_rt_sigaction
sys_enter_rt_sigaction
sys_enter_rt_sigaction
sys_enter_rt_sigaction
sys_enter_rt_sigaction
sys_enter_rt_sigaction
sys_enter_rt_sigaction
sys_enter_rt_sigaction
sys_enter_rt_sigaction
sys_enter_rt_sigaction
sys_enter_rt_sigprocmask
sys_enter_clone
sys_enter_rt_sigprocmask
sys_enter_gettid
sys_enter_sigaltstack
sys_enter_sigaltstack
sys_enter_gettid
sys_enter_rt_sigprocmask
sys_enter_rt_sigprocmask
sys_enter_clone
sys_enter_rt_sigprocmask
sys_enter_gettid
sys_enter_sigaltstack
sys_enter_sigaltstack
sys_enter_gettid
sys_enter_rt_sigprocmask
sys_enter_clone
sys_enter_rt_sigprocmask
sys_enter_rt_sigprocmask
sys_enter_futex
sys_enter_gettid
sys_enter_sigaltstack
sys_enter_sigaltstack
sys_enter_gettid
sys_enter_rt_sigprocmask
sys_enter_rt_sigprocmask
sys_enter_clone
sys_enter_futex
sys_enter_futex
sys_enter_rt_sigprocmask
sys_enter_futex
sys_enter_gettid
sys_enter_sigaltstack
sys_enter_sigaltstack
sys_enter_gettid
sys_enter_rt_sigprocmask
sys_enter_futex
sys_enter_futex
sys_enter_mmap
sys_enter_futex
sys_enter_futex
sys_enter_futex
sys_enter_openat
sys_enter_read
sys_enter_read
sys_enter_close
sys_enter_socket
sys_enter_close
sys_enter_socket
sys_enter_setsockopt
sys_enter_bind
sys_enter_socket
sys_enter_setsockopt
sys_enter_bind
sys_enter_close
sys_enter_close
sys_enter_getpid
sys_enter_getppid
sys_enter_mmap
sys_enter_mmap
sys_enter_getppid
sys_enter_openat
sys_enter_pipe2
sys_enter_getpid
sys_enter_clone
sys_enter_setsid
sys_enter_close
sys_enter_read
sys_enter_chdir
sys_enter_execve
sys_enter_close
sys_enter_exit_group
sys_enter_mmap
sys_enter_mmap
sys_enter_mprotect
sys_enter_mmap
sys_enter_mmap
sys_enter_mprotect
sys_enter_mmap
sys_enter_mprotect
sys_enter_mmap
sys_enter_mprotect
sys_enter_mmap
sys_enter_mmap
sys_enter_close
sys_enter_munmap
sys_enter_sched_getaffinity
sys_enter_mmap
sys_enter_munmap
sys_enter_mmap
sys_enter_mmap
sys_enter_mmap
sys_enter_mmap
sys_enter_mmap
sys_enter_mmap
sys_enter_rt_sigprocmask
sys_enter_sigaltstack
sys_enter_sigaltstack
sys_enter_gettid
sys_enter_rt_sigprocmask
sys_enter_rt_sigaction
sys_enter_rt_sigaction
sys_enter_rt_sigaction
sys_enter_rt_sigaction
sys_enter_rt_sigaction
sys_enter_rt_sigaction
sys_enter_rt_sigaction
sys_enter_rt_sigaction
sys_enter_rt_sigaction
sys_enter_rt_sigaction
sys_enter_rt_sigaction
sys_enter_rt_sigaction
sys_enter_rt_sigaction
sys_enter_rt_sigaction
sys_enter_rt_sigaction
sys_enter_rt_sigaction
sys_enter_rt_sigaction
sys_enter_rt_sigaction
sys_enter_rt_sigaction
sys_enter_rt_sigaction
sys_enter_rt_sigaction
sys_enter_rt_sigaction
sys_enter_rt_sigaction
sys_enter_rt_sigaction
sys_enter_rt_sigaction
sys_enter_rt_sigaction
sys_enter_rt_sigaction
sys_enter_rt_sigaction
sys_enter_rt_sigaction
sys_enter_rt_sigaction
sys_enter_rt_sigaction
sys_enter_rt_sigaction
sys_enter_rt_sigaction
sys_enter_rt_sigaction
sys_enter_rt_sigaction
sys_enter_rt_sigaction
sys_enter_rt_sigaction
sys_enter_rt_sigaction
sys_enter_rt_sigaction
sys_enter_rt_sigaction
sys_enter_rt_sigaction
sys_enter_rt_sigaction
sys_enter_rt_sigaction
sys_enter_rt_sigaction
sys_enter_rt_sigaction
sys_enter_rt_sigaction
sys_enter_rt_sigaction
sys_enter_rt_sigaction
sys_enter_rt_sigaction
sys_enter_rt_sigaction
sys_enter_rt_sigaction
sys_enter_rt_sigaction
sys_enter_rt_sigaction
sys_enter_rt_sigaction
sys_enter_rt_sigaction
sys_enter_rt_sigaction
sys_enter_rt_sigaction
sys_enter_rt_sigaction
sys_enter_rt_sigaction
sys_enter_rt_sigaction
sys_enter_rt_sigaction
sys_enter_rt_sigaction
sys_enter_rt_sigaction
sys_enter_rt_sigaction
sys_enter_rt_sigaction
sys_enter_rt_sigaction
sys_enter_rt_sigaction
sys_enter_rt_sigaction
sys_enter_rt_sigaction
sys_enter_rt_sigaction
sys_enter_rt_sigaction
sys_enter_rt_sigaction
sys_enter_rt_sigaction
sys_enter_rt_sigaction
sys_enter_rt_sigaction
sys_enter_rt_sigaction
sys_enter_rt_sigaction
sys_enter_rt_sigaction
sys_enter_rt_sigaction
sys_enter_rt_sigaction
sys_enter_rt_sigaction
sys_enter_rt_sigaction
sys_enter_rt_sigaction
sys_enter_rt_sigaction
sys_enter_rt_sigaction
sys_enter_rt_sigaction
sys_enter_rt_sigaction
sys_enter_rt_sigaction
sys_enter_rt_sigaction
sys_enter_rt_sigaction
sys_enter_rt_sigaction
sys_enter_rt_sigaction
sys_enter_rt_sigaction
sys_enter_rt_sigaction
sys_enter_rt_sigaction
sys_enter_rt_sigaction
sys_enter_rt_sigaction
sys_enter_rt_sigaction
sys_enter_rt_sigaction
sys_enter_rt_sigaction
sys_enter_rt_sigaction
sys_enter_rt_sigaction
sys_enter_rt_sigaction
sys_enter_rt_sigaction
sys_enter_rt_sigaction
sys_enter_rt_sigaction
sys_enter_rt_sigaction
sys_enter_rt_sigaction
sys_enter_rt_sigaction
sys_enter_rt_sigaction
sys_enter_rt_sigaction
sys_enter_rt_sigaction
sys_enter_rt_sigaction
sys_enter_rt_sigaction
sys_enter_rt_sigprocmask
sys_enter_clone
sys_enter_rt_sigprocmask
sys_enter_gettid
sys_enter_sigaltstack
sys_enter_sigaltstack
sys_enter_gettid
sys_enter_rt_sigprocmask
sys_enter_rt_sigprocmask
sys_enter_clone
sys_enter_rt_sigprocmask
sys_enter_gettid
sys_enter_sigaltstack
sys_enter_sigaltstack
sys_enter_gettid
sys_enter_rt_sigprocmask
sys_enter_rt_sigprocmask
sys_enter_clone
sys_enter_rt_sigprocmask
sys_enter_clone
sys_enter_rt_sigprocmask
sys_enter_futex
sys_enter_gettid
sys_enter_sigaltstack
sys_enter_sigaltstack
sys_enter_gettid
sys_enter_rt_sigprocmask
sys_enter_rt_sigprocmask
sys_enter_gettid
sys_enter_futex
sys_enter_futex
sys_enter_sigaltstack
sys_enter_futex
sys_enter_mmap
sys_enter_openat
sys_enter_futex
sys_enter_futex
sys_enter_read
sys_enter_read
sys_enter_close
sys_enter_sigaltstack
sys_enter_gettid
sys_enter_rt_sigprocmask
sys_enter_futex
sys_enter_socket
sys_enter_close
sys_enter_socket
sys_enter_setsockopt
sys_enter_bind
sys_enter_socket
sys_enter_setsockopt
sys_enter_bind
sys_enter_close
sys_enter_close
sys_enter_getpid
sys_enter_getppid
sys_enter_mmap
sys_enter_mmap
sys_enter_getppid
sys_enter_openat
sys_enter_pipe2
sys_enter_getpid
sys_enter_clone
sys_enter_setsid
sys_enter_close
sys_enter_read
sys_enter_chdir
sys_enter_execve
sys_enter_close
sys_enter_mmap
sys_enter_mmap
sys_enter_exit_group
sys_enter_mprotect
sys_enter_mmap
sys_enter_mmap
sys_enter_mprotect
sys_enter_mmap
sys_enter_mprotect
sys_enter_mmap
sys_enter_mprotect
sys_enter_mmap
sys_enter_mmap
sys_enter_close
sys_enter_munmap
sys_enter_sched_getaffinity
sys_enter_mmap
sys_enter_munmap
sys_enter_mmap
sys_enter_mmap
sys_enter_mmap
sys_enter_mmap
sys_enter_mmap
sys_enter_mmap
sys_enter_rt_sigprocmask
sys_enter_sigaltstack
sys_enter_sigaltstack
sys_enter_gettid
sys_enter_rt_sigprocmask
sys_enter_rt_sigaction
sys_enter_rt_sigaction
sys_enter_rt_sigaction
sys_enter_rt_sigaction
sys_enter_rt_sigaction
sys_enter_rt_sigaction
sys_enter_rt_sigaction
sys_enter_rt_sigaction
sys_enter_rt_sigaction
sys_enter_rt_sigaction
sys_enter_rt_sigaction
sys_enter_rt_sigaction
sys_enter_rt_sigaction
sys_enter_rt_sigaction
sys_enter_rt_sigaction
sys_enter_rt_sigaction
sys_enter_rt_sigaction
sys_enter_rt_sigaction
sys_enter_rt_sigaction
sys_enter_rt_sigaction
sys_enter_rt_sigaction
sys_enter_rt_sigaction
sys_enter_rt_sigaction
sys_enter_rt_sigaction
sys_enter_rt_sigaction
sys_enter_rt_sigaction
sys_enter_rt_sigaction
sys_enter_rt_sigaction
sys_enter_rt_sigaction
sys_enter_rt_sigaction
sys_enter_rt_sigaction
sys_enter_rt_sigaction
sys_enter_rt_sigaction
sys_enter_rt_sigaction
sys_enter_rt_sigaction
sys_enter_rt_sigaction
sys_enter_rt_sigaction
sys_enter_rt_sigaction
sys_enter_rt_sigaction
sys_enter_rt_sigaction
sys_enter_rt_sigaction
sys_enter_rt_sigaction
sys_enter_rt_sigaction
sys_enter_rt_sigaction
sys_enter_rt_sigaction
sys_enter_rt_sigaction
sys_enter_rt_sigaction
sys_enter_rt_sigaction
sys_enter_rt_sigaction
sys_enter_rt_sigaction
sys_enter_rt_sigaction
sys_enter_rt_sigaction
sys_enter_rt_sigaction
sys_enter_rt_sigaction
sys_enter_rt_sigaction
sys_enter_rt_sigaction
sys_enter_rt_sigaction
sys_enter_rt_sigaction
sys_enter_rt_sigaction
sys_enter_rt_sigaction
sys_enter_rt_sigaction
sys_enter_rt_sigaction
sys_enter_rt_sigaction
sys_enter_rt_sigaction
sys_enter_rt_sigaction
sys_enter_rt_sigaction
sys_enter_rt_sigaction
sys_enter_rt_sigaction
sys_enter_rt_sigaction
sys_enter_rt_sigaction
sys_enter_rt_sigaction
sys_enter_rt_sigaction
sys_enter_rt_sigaction
sys_enter_rt_sigaction
sys_enter_rt_sigaction
sys_enter_rt_sigaction
sys_enter_rt_sigaction
sys_enter_rt_sigaction
sys_enter_rt_sigaction
sys_enter_rt_sigaction
sys_enter_rt_sigaction
sys_enter_rt_sigaction
sys_enter_rt_sigaction
sys_enter_rt_sigaction
sys_enter_rt_sigaction
sys_enter_rt_sigaction
sys_enter_rt_sigaction
sys_enter_rt_sigaction
sys_enter_rt_sigaction
sys_enter_rt_sigaction
sys_enter_rt_sigaction
sys_enter_rt_sigaction
sys_enter_rt_sigaction
sys_enter_rt_sigaction
sys_enter_rt_sigaction
sys_enter_rt_sigaction
sys_enter_rt_sigaction
sys_enter_rt_sigaction
sys_enter_rt_sigaction
sys_enter_rt_sigaction
sys_enter_rt_sigaction
sys_enter_rt_sigaction
sys_enter_rt_sigaction
sys_enter_rt_sigaction
sys_enter_rt_sigaction
sys_enter_rt_sigaction
sys_enter_rt_sigaction
sys_enter_rt_sigaction
sys_enter_rt_sigaction
sys_enter_rt_sigaction
sys_enter_rt_sigaction
sys_enter_rt_sigaction
sys_enter_rt_sigaction
sys_enter_rt_sigaction
sys_enter_rt_sigprocmask
sys_enter_clone
sys_enter_rt_sigprocmask
sys_enter_gettid
sys_enter_sigaltstack
sys_enter_sigaltstack
sys_enter_gettid
sys_enter_rt_sigprocmask
sys_enter_rt_sigprocmask
sys_enter_clone
sys_enter_rt_sigprocmask
sys_enter_gettid
sys_enter_sigaltstack
sys_enter_sigaltstack
sys_enter_gettid
sys_enter_rt_sigprocmask
sys_enter_rt_sigprocmask
sys_enter_clone
sys_enter_rt_sigprocmask
sys_enter_futex
sys_enter_rt_sigprocmask
sys_enter_clone
sys_enter_rt_sigprocmask
sys_enter_futex
sys_enter_gettid
sys_enter_sigaltstack
sys_enter_sigaltstack
sys_enter_gettid
sys_enter_rt_sigprocmask
sys_enter_futex
sys_enter_futex
sys_enter_gettid
sys_enter_sigaltstack
sys_enter_sigaltstack
sys_enter_gettid
sys_enter_rt_sigprocmask
sys_enter_futex
sys_enter_futex
sys_enter_mmap
sys_enter_futex
sys_enter_futex
sys_enter_futex
sys_enter_openat
sys_enter_read
sys_enter_read
sys_enter_close
sys_enter_socket
sys_enter_close
sys_enter_socket
sys_enter_setsockopt
sys_enter_bind
sys_enter_socket
sys_enter_setsockopt
sys_enter_bind
sys_enter_close
sys_enter_close
sys_enter_getpid
sys_enter_getppid
sys_enter_mmap
sys_enter_mmap
sys_enter_getppid
sys_enter_openat
sys_enter_pipe2
sys_enter_getpid
sys_enter_clone
sys_enter_setsid
sys_enter_close
sys_enter_read
sys_enter_chdir
sys_enter_execve
sys_enter_close
sys_enter_mmap
sys_enter_exit_group
sys_enter_mmap
sys_enter_mprotect
sys_enter_mmap
sys_enter_mmap
sys_enter_mprotect
sys_enter_mmap
sys_enter_mprotect
sys_enter_mmap
sys_enter_mprotect
sys_enter_mmap
sys_enter_mmap
sys_enter_close
sys_enter_munmap
sys_enter_sched_getaffinity
sys_enter_mmap
sys_enter_munmap
sys_enter_mmap
sys_enter_mmap
sys_enter_mmap
sys_enter_mmap
sys_enter_mmap
sys_enter_mmap
sys_enter_rt_sigprocmask
sys_enter_sigaltstack
sys_enter_sigaltstack
sys_enter_gettid
sys_enter_rt_sigprocmask
sys_enter_rt_sigaction
sys_enter_rt_sigaction
sys_enter_rt_sigaction
sys_enter_rt_sigaction
sys_enter_rt_sigaction
sys_enter_rt_sigaction
sys_enter_rt_sigaction
sys_enter_rt_sigaction
sys_enter_rt_sigaction
sys_enter_rt_sigaction
sys_enter_rt_sigaction
sys_enter_rt_sigaction
sys_enter_rt_sigaction
sys_enter_rt_sigaction
sys_enter_rt_sigaction
sys_enter_rt_sigaction
sys_enter_rt_sigaction
sys_enter_rt_sigaction
sys_enter_rt_sigaction
sys_enter_rt_sigaction
sys_enter_rt_sigaction
sys_enter_rt_sigaction
sys_enter_rt_sigaction
sys_enter_rt_sigaction
sys_enter_rt_sigaction
sys_enter_rt_sigaction
sys_enter_rt_sigaction
sys_enter_rt_sigaction
sys_enter_rt_sigaction
sys_enter_rt_sigaction
sys_enter_rt_sigaction
sys_enter_rt_sigaction
sys_enter_rt_sigaction
sys_enter_rt_sigaction
sys_enter_rt_sigaction
sys_enter_rt_sigaction
sys_enter_rt_sigaction
sys_enter_rt_sigaction
sys_enter_rt_sigaction
sys_enter_rt_sigaction
sys_enter_rt_sigaction
sys_enter_rt_sigaction
sys_enter_rt_sigaction
sys_enter_rt_sigaction
sys_enter_rt_sigaction
sys_enter_rt_sigaction
sys_enter_rt_sigaction
sys_enter_rt_sigaction
sys_enter_rt_sigaction
sys_enter_rt_sigaction
sys_enter_rt_sigaction
sys_enter_rt_sigaction
sys_enter_rt_sigaction
sys_enter_rt_sigaction
sys_enter_rt_sigaction
sys_enter_rt_sigaction
sys_enter_rt_sigaction
sys_enter_rt_sigaction
sys_enter_rt_sigaction
sys_enter_rt_sigaction
sys_enter_rt_sigaction
sys_enter_rt_sigaction
sys_enter_rt_sigaction
sys_enter_rt_sigaction
sys_enter_rt_sigaction
sys_enter_rt_sigaction
sys_enter_rt_sigaction
sys_enter_rt_sigaction
sys_enter_rt_sigaction
sys_enter_rt_sigaction
sys_enter_rt_sigaction
sys_enter_rt_sigaction
sys_enter_rt_sigaction
sys_enter_rt_sigaction
sys_enter_rt_sigaction
sys_enter_rt_sigaction
sys_enter_rt_sigaction
sys_enter_rt_sigaction
sys_enter_rt_sigaction
sys_enter_rt_sigaction
sys_enter_rt_sigaction
sys_enter_rt_sigaction
sys_enter_rt_sigaction
sys_enter_rt_sigaction
sys_enter_rt_sigaction
sys_enter_rt_sigaction
sys_enter_rt_sigaction
sys_enter_rt_sigaction
sys_enter_rt_sigaction
sys_enter_rt_sigaction
sys_enter_rt_sigaction
sys_enter_rt_sigaction
sys_enter_rt_sigaction
sys_enter_rt_sigaction
sys_enter_rt_sigaction
sys_enter_rt_sigaction
sys_enter_rt_sigaction
sys_enter_rt_sigaction
sys_enter_rt_sigaction
sys_enter_rt_sigaction
sys_enter_rt_sigaction
sys_enter_rt_sigaction
sys_enter_rt_sigaction
sys_enter_rt_sigaction
sys_enter_rt_sigaction
sys_enter_rt_sigaction
sys_enter_rt_sigaction
sys_enter_rt_sigaction
sys_enter_rt_sigaction
sys_enter_rt_sigaction
sys_enter_rt_sigaction
sys_enter_rt_sigaction
sys_enter_rt_sigaction
sys_enter_rt_sigaction
sys_enter_rt_sigprocmask
sys_enter_clone
sys_enter_rt_sigprocmask
sys_enter_gettid
sys_enter_sigaltstack
sys_enter_sigaltstack
sys_enter_gettid
sys_enter_rt_sigprocmask
sys_enter_rt_sigprocmask
sys_enter_clone
sys_enter_rt_sigprocmask
sys_enter_gettid
sys_enter_sigaltstack
sys_enter_sigaltstack
sys_enter_gettid
sys_enter_rt_sigprocmask
sys_enter_rt_sigprocmask
sys_enter_clone
sys_enter_rt_sigprocmask
sys_enter_futex
sys_enter_rt_sigprocmask
sys_enter_clone
sys_enter_gettid
sys_enter_sigaltstack
sys_enter_sigaltstack
sys_enter_gettid
sys_enter_rt_sigprocmask
sys_enter_futex
sys_enter_futex
sys_enter_rt_sigprocmask
sys_enter_futex
sys_enter_gettid
sys_enter_sigaltstack
sys_enter_sigaltstack
sys_enter_gettid
sys_enter_rt_sigprocmask
sys_enter_futex
sys_enter_futex
sys_enter_mmap
sys_enter_futex
sys_enter_futex
sys_enter_futex
sys_enter_openat
sys_enter_read
sys_enter_read
sys_enter_close
sys_enter_socket
sys_enter_close
sys_enter_socket
sys_enter_setsockopt
sys_enter_bind
sys_enter_socket
sys_enter_setsockopt
sys_enter_bind
sys_enter_close
sys_enter_close
sys_enter_getpid
sys_enter_getppid
sys_enter_mmap
sys_enter_mmap
sys_enter_getppid
sys_enter_openat
sys_enter_pipe2
sys_enter_getpid
sys_enter_clone
sys_enter_setsid
sys_enter_close
sys_enter_read
sys_enter_chdir
sys_enter_execve
sys_enter_close
sys_enter_exit_group
sys_enter_mmap
sys_enter_mmap
sys_enter_mprotect
sys_enter_mmap
sys_enter_mmap
sys_enter_mprotect
sys_enter_mmap
sys_enter_mprotect
sys_enter_mmap
sys_enter_mprotect
sys_enter_mmap
sys_enter_mmap
sys_enter_close
sys_enter_munmap
sys_enter_sched_getaffinity
sys_enter_mmap
sys_enter_munmap
sys_enter_mmap
sys_enter_mmap
sys_enter_mmap
sys_enter_mmap
sys_enter_mmap
sys_enter_mmap
sys_enter_rt_sigprocmask
sys_enter_sigaltstack
sys_enter_sigaltstack
sys_enter_gettid
sys_enter_rt_sigprocmask
sys_enter_rt_sigaction
sys_enter_rt_sigaction
sys_enter_rt_sigaction
sys_enter_rt_sigaction
sys_enter_rt_sigaction
sys_enter_rt_sigaction
sys_enter_rt_sigaction
sys_enter_rt_sigaction
sys_enter_rt_sigaction
sys_enter_rt_sigaction
sys_enter_rt_sigaction
sys_enter_rt_sigaction
sys_enter_rt_sigaction
sys_enter_rt_sigaction
sys_enter_rt_sigaction
sys_enter_rt_sigaction
sys_enter_rt_sigaction
sys_enter_rt_sigaction
sys_enter_rt_sigaction
sys_enter_rt_sigaction
sys_enter_rt_sigaction
sys_enter_rt_sigaction
sys_enter_rt_sigaction
sys_enter_rt_sigaction
sys_enter_rt_sigaction
sys_enter_rt_sigaction
sys_enter_rt_sigaction
sys_enter_rt_sigaction
sys_enter_rt_sigaction
sys_enter_rt_sigaction
sys_enter_rt_sigaction
sys_enter_rt_sigaction
sys_enter_rt_sigaction
sys_enter_rt_sigaction
sys_enter_rt_sigaction
sys_enter_rt_sigaction
sys_enter_rt_sigaction
sys_enter_rt_sigaction
sys_enter_rt_sigaction
sys_enter_rt_sigaction
sys_enter_rt_sigaction
sys_enter_rt_sigaction
sys_enter_rt_sigaction
sys_enter_rt_sigaction
sys_enter_rt_sigaction
sys_enter_rt_sigaction
sys_enter_rt_sigaction
sys_enter_rt_sigaction
sys_enter_rt_sigaction
sys_enter_rt_sigaction
sys_enter_rt_sigaction
sys_enter_rt_sigaction
sys_enter_rt_sigaction
sys_enter_rt_sigaction
sys_enter_rt_sigaction
sys_enter_rt_sigaction
sys_enter_rt_sigaction
sys_enter_rt_sigaction
sys_enter_rt_sigaction
sys_enter_rt_sigaction
sys_enter_rt_sigaction
sys_enter_rt_sigaction
sys_enter_rt_sigaction
sys_enter_rt_sigaction
sys_enter_rt_sigaction
sys_enter_rt_sigaction
sys_enter_rt_sigaction
sys_enter_rt_sigaction
sys_enter_rt_sigaction
sys_enter_rt_sigaction
sys_enter_rt_sigaction
sys_enter_rt_sigaction
sys_enter_rt_sigaction
sys_enter_rt_sigaction
sys_enter_rt_sigaction
sys_enter_rt_sigaction
sys_enter_rt_sigaction
sys_enter_rt_sigaction
sys_enter_rt_sigaction
sys_enter_rt_sigaction
sys_enter_rt_sigaction
sys_enter_rt_sigaction
sys_enter_rt_sigaction
sys_enter_rt_sigaction
sys_enter_rt_sigaction
sys_enter_rt_sigaction
sys_enter_rt_sigaction
sys_enter_rt_sigaction
sys_enter_rt_sigaction
sys_enter_rt_sigaction
sys_enter_rt_sigaction
sys_enter_rt_sigaction
sys_enter_rt_sigaction
sys_enter_rt_sigaction
sys_enter_rt_sigaction
sys_enter_rt_sigaction
sys_enter_rt_sigaction
sys_enter_rt_sigaction
sys_enter_rt_sigaction
sys_enter_rt_sigaction
sys_enter_rt_sigaction
sys_enter_rt_sigaction
sys_enter_rt_sigaction
sys_enter_rt_sigaction
sys_enter_rt_sigaction
sys_enter_rt_sigaction
sys_enter_rt_sigaction
sys_enter_rt_sigaction
sys_enter_rt_sigaction
sys_enter_rt_sigaction
sys_enter_rt_sigaction
sys_enter_rt_sigaction
sys_enter_rt_sigaction
sys_enter_rt_sigaction
sys_enter_rt_sigprocmask
sys_enter_clone
sys_enter_rt_sigprocmask
sys_enter_gettid
sys_enter_sigaltstack
sys_enter_sigaltstack
sys_enter_gettid
sys_enter_rt_sigprocmask
sys_enter_rt_sigprocmask
sys_enter_clone
sys_enter_rt_sigprocmask
sys_enter_gettid
sys_enter_sigaltstack
sys_enter_sigaltstack
sys_enter_gettid
sys_enter_rt_sigprocmask
sys_enter_rt_sigprocmask
sys_enter_clone
sys_enter_rt_sigprocmask
sys_enter_clone
sys_enter_rt_sigprocmask
sys_enter_futex
sys_enter_gettid
sys_enter_sigaltstack
sys_enter_sigaltstack
sys_enter_gettid
sys_enter_rt_sigprocmask
sys_enter_rt_sigprocmask
sys_enter_gettid
sys_enter_futex
sys_enter_futex
sys_enter_sigaltstack
sys_enter_futex
sys_enter_sigaltstack
sys_enter_gettid
sys_enter_rt_sigprocmask
sys_enter_futex
sys_enter_futex
sys_enter_mmap
sys_enter_futex
sys_enter_futex
sys_enter_futex
sys_enter_openat
sys_enter_read
sys_enter_read
sys_enter_close
sys_enter_socket
sys_enter_close
sys_enter_socket
sys_enter_setsockopt
sys_enter_bind
sys_enter_socket
sys_enter_setsockopt
sys_enter_bind
sys_enter_close
sys_enter_close
sys_enter_getpid
sys_enter_getppid
sys_enter_mmap
sys_enter_mmap
sys_enter_getppid
sys_enter_openat
sys_enter_pipe2
sys_enter_getpid
sys_enter_clone
sys_enter_setsid
sys_enter_close
sys_enter_read
sys_enter_chdir
sys_enter_execve
sys_enter_close
sys_enter_mmap
sys_enter_exit_group
sys_enter_mmap
sys_enter_mprotect
sys_enter_mmap
sys_enter_mmap
sys_enter_mprotect
sys_enter_mmap
sys_enter_mprotect
sys_enter_mmap
sys_enter_mprotect
sys_enter_mmap
sys_enter_mmap
sys_enter_close
sys_enter_munmap
sys_enter_sched_getaffinity
sys_enter_mmap
sys_enter_munmap
sys_enter_mmap
sys_enter_mmap
sys_enter_mmap
sys_enter_mmap
sys_enter_mmap
sys_enter_mmap
sys_enter_rt_sigprocmask
sys_enter_sigaltstack
sys_enter_sigaltstack
sys_enter_gettid
sys_enter_rt_sigprocmask
sys_enter_rt_sigaction
sys_enter_rt_sigaction
sys_enter_rt_sigaction
sys_enter_rt_sigaction
sys_enter_rt_sigaction
sys_enter_rt_sigaction
sys_enter_rt_sigaction
sys_enter_rt_sigaction
sys_enter_rt_sigaction
sys_enter_rt_sigaction
sys_enter_rt_sigaction
sys_enter_rt_sigaction
sys_enter_rt_sigaction
sys_enter_rt_sigaction
sys_enter_rt_sigaction
sys_enter_rt_sigaction
sys_enter_rt_sigaction
sys_enter_rt_sigaction
sys_enter_rt_sigaction
sys_enter_rt_sigaction
sys_enter_rt_sigaction
sys_enter_rt_sigaction
sys_enter_rt_sigaction
sys_enter_rt_sigaction
sys_enter_rt_sigaction
sys_enter_rt_sigaction
sys_enter_rt_sigaction
sys_enter_rt_sigaction
sys_enter_rt_sigaction
sys_enter_rt_sigaction
sys_enter_rt_sigaction
sys_enter_rt_sigaction
sys_enter_rt_sigaction
sys_enter_rt_sigaction
sys_enter_rt_sigaction
sys_enter_rt_sigaction
sys_enter_rt_sigaction
sys_enter_rt_sigaction
sys_enter_rt_sigaction
sys_enter_rt_sigaction
sys_enter_rt_sigaction
sys_enter_rt_sigaction
sys_enter_rt_sigaction
sys_enter_rt_sigaction
sys_enter_rt_sigaction
sys_enter_rt_sigaction
sys_enter_rt_sigaction
sys_enter_rt_sigaction
sys_enter_rt_sigaction
sys_enter_rt_sigaction
sys_enter_rt_sigaction
sys_enter_rt_sigaction
sys_enter_rt_sigaction
sys_enter_rt_sigaction
sys_enter_rt_sigaction
sys_enter_rt_sigaction
sys_enter_rt_sigaction
sys_enter_rt_sigaction
sys_enter_rt_sigaction
sys_enter_rt_sigaction
sys_enter_rt_sigaction
sys_enter_rt_sigaction
sys_enter_rt_sigaction
sys_enter_rt_sigaction
sys_enter_rt_sigaction
sys_enter_rt_sigaction
sys_enter_rt_sigaction
sys_enter_rt_sigaction
sys_enter_rt_sigaction
sys_enter_rt_sigaction
sys_enter_rt_sigaction
sys_enter_rt_sigaction
sys_enter_rt_sigaction
sys_enter_rt_sigaction
sys_enter_rt_sigaction
sys_enter_rt_sigaction
sys_enter_rt_sigaction
sys_enter_rt_sigaction
sys_enter_rt_sigaction
sys_enter_rt_sigaction
sys_enter_rt_sigaction
sys_enter_rt_sigaction
sys_enter_rt_sigaction
sys_enter_rt_sigaction
sys_enter_rt_sigaction
sys_enter_rt_sigaction
sys_enter_rt_sigaction
sys_enter_rt_sigaction
sys_enter_rt_sigaction
sys_enter_rt_sigaction
sys_enter_rt_sigaction
sys_enter_rt_sigaction
sys_enter_rt_sigaction
sys_enter_rt_sigaction
sys_enter_rt_sigaction
sys_enter_rt_sigaction
sys_enter_rt_sigaction
sys_enter_rt_sigaction
sys_enter_rt_sigaction
sys_enter_rt_sigaction
sys_enter_rt_sigaction
sys_enter_rt_sigaction
sys_enter_rt_sigaction
sys_enter_rt_sigaction
sys_enter_rt_sigaction
sys_enter_rt_sigaction
sys_enter_rt_sigaction
sys_enter_rt_sigaction
sys_enter_rt_sigaction
sys_enter_rt_sigaction
sys_enter_rt_sigaction
sys_enter_rt_sigaction
sys_enter_rt_sigaction
sys_enter_rt_sigaction
sys_enter_rt_sigprocmask
sys_enter_clone
sys_enter_rt_sigprocmask
sys_enter_rt_sigprocmask
sys_enter_clone
sys_enter_rt_sigprocmask
sys_enter_rt_sigprocmask
sys_enter_clone
sys_enter_rt_sigprocmask
sys_enter_futex
sys_enter_gettid
sys_enter_sigaltstack
sys_enter_sigaltstack
sys_enter_gettid
sys_enter_rt_sigprocmask
sys_enter_rt_sigprocmask
sys_enter_clone
sys_enter_rt_sigprocmask
sys_enter_gettid
sys_enter_gettid
sys_enter_sigaltstack
sys_enter_sigaltstack
sys_enter_sigaltstack
sys_enter_sigaltstack
sys_enter_gettid
sys_enter_rt_sigprocmask
sys_enter_gettid
sys_enter_rt_sigprocmask
sys_enter_futex
sys_enter_futex
sys_enter_gettid
sys_enter_sigaltstack
sys_enter_sigaltstack
sys_enter_gettid
sys_enter_rt_sigprocmask
sys_enter_futex
sys_enter_mmap
sys_enter_openat
sys_enter_read
sys_enter_read
sys_enter_close
sys_enter_socket
sys_enter_close
sys_enter_socket
sys_enter_setsockopt
sys_enter_bind
sys_enter_socket
sys_enter_setsockopt
sys_enter_bind
sys_enter_close
sys_enter_close
sys_enter_getpid
sys_enter_getppid
sys_enter_mmap
sys_enter_mmap
sys_enter_getppid
sys_enter_openat
sys_enter_pipe2
sys_enter_getpid
sys_enter_clone
sys_enter_close
sys_enter_read
sys_enter_setsid
sys_enter_chdir
sys_enter_execve
sys_enter_futex
sys_enter_futex
sys_enter_futex
sys_enter_mmap
sys_enter_mmap
sys_enter_mprotect
sys_enter_mmap
sys_enter_mmap
sys_enter_futex
sys_enter_futex
sys_enter_futex
sys_enter_futex
sys_enter_close
sys_enter_exit_group
sys_enter_mprotect
sys_enter_mmap
sys_enter_mprotect
sys_enter_mmap
sys_enter_mprotect
sys_enter_mmap
sys_enter_mmap
sys_enter_close
sys_enter_munmap
sys_enter_sched_getaffinity
sys_enter_mmap
sys_enter_munmap
sys_enter_mmap
sys_enter_mmap
sys_enter_mmap
sys_enter_mmap
sys_enter_mmap
sys_enter_mmap
sys_enter_rt_sigprocmask
sys_enter_sigaltstack
sys_enter_sigaltstack
sys_enter_gettid
sys_enter_rt_sigprocmask
sys_enter_rt_sigaction
sys_enter_rt_sigaction
sys_enter_rt_sigaction
sys_enter_rt_sigaction
sys_enter_rt_sigaction
sys_enter_rt_sigaction
sys_enter_rt_sigaction
sys_enter_rt_sigaction
sys_enter_rt_sigaction
sys_enter_rt_sigaction
sys_enter_rt_sigaction
sys_enter_rt_sigaction
sys_enter_rt_sigaction
sys_enter_rt_sigaction
sys_enter_rt_sigaction
sys_enter_rt_sigaction
sys_enter_rt_sigaction
sys_enter_rt_sigaction
sys_enter_rt_sigaction
sys_enter_rt_sigaction
sys_enter_rt_sigaction
sys_enter_rt_sigaction
sys_enter_rt_sigaction
sys_enter_rt_sigaction
sys_enter_rt_sigaction
sys_enter_rt_sigaction
sys_enter_rt_sigaction
sys_enter_rt_sigaction
sys_enter_rt_sigaction
sys_enter_rt_sigaction
sys_enter_rt_sigaction
sys_enter_rt_sigaction
sys_enter_rt_sigaction
sys_enter_rt_sigaction
sys_enter_rt_sigaction
sys_enter_rt_sigaction
sys_enter_rt_sigaction
sys_enter_rt_sigaction
sys_enter_rt_sigaction
sys_enter_rt_sigaction
sys_enter_rt_sigaction
sys_enter_rt_sigaction
sys_enter_rt_sigaction
sys_enter_rt_sigaction
sys_enter_rt_sigaction
sys_enter_rt_sigaction
sys_enter_rt_sigaction
sys_enter_rt_sigaction
sys_enter_rt_sigaction
sys_enter_rt_sigaction
sys_enter_rt_sigaction
sys_enter_rt_sigaction
sys_enter_rt_sigaction
sys_enter_rt_sigaction
sys_enter_rt_sigaction
sys_enter_rt_sigaction
sys_enter_rt_sigaction
sys_enter_rt_sigaction
sys_enter_rt_sigaction
sys_enter_rt_sigaction
sys_enter_rt_sigaction
sys_enter_rt_sigaction
sys_enter_rt_sigaction
sys_enter_rt_sigaction
sys_enter_rt_sigaction
sys_enter_rt_sigaction
sys_enter_rt_sigaction
sys_enter_rt_sigaction
sys_enter_rt_sigaction
sys_enter_rt_sigaction
sys_enter_rt_sigaction
sys_enter_rt_sigaction
sys_enter_rt_sigaction
sys_enter_rt_sigaction
sys_enter_rt_sigaction
sys_enter_rt_sigaction
sys_enter_rt_sigaction
sys_enter_rt_sigaction
sys_enter_rt_sigaction
sys_enter_rt_sigaction
sys_enter_rt_sigaction
sys_enter_rt_sigaction
sys_enter_rt_sigaction
sys_enter_rt_sigaction
sys_enter_rt_sigaction
sys_enter_rt_sigaction
sys_enter_rt_sigaction
sys_enter_rt_sigaction
sys_enter_rt_sigaction
sys_enter_rt_sigaction
sys_enter_rt_sigaction
sys_enter_rt_sigaction
sys_enter_rt_sigaction
sys_enter_rt_sigaction
sys_enter_rt_sigaction
sys_enter_rt_sigaction
sys_enter_rt_sigaction
sys_enter_rt_sigaction
sys_enter_rt_sigaction
sys_enter_rt_sigaction
sys_enter_rt_sigaction
sys_enter_rt_sigaction
sys_enter_rt_sigaction
sys_enter_rt_sigaction
sys_enter_rt_sigaction
sys_enter_rt_sigaction
sys_enter_rt_sigaction
sys_enter_rt_sigaction
sys_enter_rt_sigaction
sys_enter_rt_sigaction
sys_enter_rt_sigaction
sys_enter_rt_sigaction
sys_enter_rt_sigaction
sys_enter_rt_sigaction
sys_enter_rt_sigprocmask
sys_enter_clone
sys_enter_rt_sigprocmask
sys_enter_gettid
sys_enter_sigaltstack
sys_enter_sigaltstack
sys_enter_gettid
sys_enter_rt_sigprocmask
sys_enter_rt_sigprocmask
sys_enter_clone
sys_enter_rt_sigprocmask
sys_enter_gettid
sys_enter_sigaltstack
sys_enter_sigaltstack
sys_enter_gettid
sys_enter_rt_sigprocmask
sys_enter_clone
sys_enter_rt_sigprocmask
sys_enter_rt_sigprocmask
sys_enter_futex
sys_enter_gettid
sys_enter_sigaltstack
sys_enter_sigaltstack
sys_enter_gettid
sys_enter_rt_sigprocmask
sys_enter_futex
sys_enter_futex
sys_enter_rt_sigprocmask
sys_enter_clone
sys_enter_rt_sigprocmask
sys_enter_futex
sys_enter_gettid
sys_enter_sigaltstack
sys_enter_sigaltstack
sys_enter_gettid
sys_enter_rt_sigprocmask
sys_enter_mmap
sys_enter_futex
sys_enter_futex
sys_enter_futex
sys_enter_openat
sys_enter_read
sys_enter_read
sys_enter_close
sys_enter_socket
sys_enter_close
sys_enter_socket
sys_enter_setsockopt
sys_enter_bind
sys_enter_socket
sys_enter_setsockopt
sys_enter_bind
sys_enter_close
sys_enter_close
sys_enter_getpid
sys_enter_getppid
sys_enter_mmap
sys_enter_mmap
sys_enter_getppid
sys_enter_openat
sys_enter_pipe2
sys_enter_getpid
sys_enter_clone
sys_enter_setsid
sys_enter_chdir
sys_enter_execve
sys_enter_close
sys_enter_read
sys_enter_close
sys_enter_mmap
sys_enter_exit_group
sys_enter_mmap
sys_enter_mprotect
sys_enter_mmap
sys_enter_mmap
sys_enter_mprotect
sys_enter_mmap
sys_enter_mprotect
sys_enter_mmap
sys_enter_mprotect
sys_enter_mmap
sys_enter_mmap
sys_enter_close
sys_enter_munmap
sys_enter_sched_getaffinity
sys_enter_mmap
sys_enter_munmap
sys_enter_mmap
sys_enter_mmap
sys_enter_mmap
sys_enter_mmap
sys_enter_mmap
sys_enter_mmap
sys_enter_rt_sigprocmask
sys_enter_sigaltstack
sys_enter_sigaltstack
sys_enter_gettid
sys_enter_rt_sigprocmask
sys_enter_rt_sigaction
sys_enter_rt_sigaction
sys_enter_rt_sigaction
sys_enter_rt_sigaction
sys_enter_rt_sigaction
sys_enter_rt_sigaction
sys_enter_rt_sigaction
sys_enter_rt_sigaction
sys_enter_rt_sigaction
sys_enter_rt_sigaction
sys_enter_rt_sigaction
sys_enter_rt_sigaction
sys_enter_rt_sigaction
sys_enter_rt_sigaction
sys_enter_rt_sigaction
sys_enter_rt_sigaction
sys_enter_rt_sigaction
sys_enter_rt_sigaction
sys_enter_rt_sigaction
sys_enter_rt_sigaction
sys_enter_rt_sigaction
sys_enter_rt_sigaction
sys_enter_rt_sigaction
sys_enter_rt_sigaction
sys_enter_rt_sigaction
sys_enter_rt_sigaction
sys_enter_rt_sigaction
sys_enter_rt_sigaction
sys_enter_rt_sigaction
sys_enter_rt_sigaction
sys_enter_rt_sigaction
sys_enter_rt_sigaction
sys_enter_rt_sigaction
sys_enter_rt_sigaction
sys_enter_rt_sigaction
sys_enter_rt_sigaction
sys_enter_rt_sigaction
sys_enter_rt_sigaction
sys_enter_rt_sigaction
sys_enter_rt_sigaction
sys_enter_rt_sigaction
sys_enter_rt_sigaction
sys_enter_rt_sigaction
sys_enter_rt_sigaction
sys_enter_rt_sigaction
sys_enter_rt_sigaction
sys_enter_rt_sigaction
sys_enter_rt_sigaction
sys_enter_rt_sigaction
sys_enter_rt_sigaction
sys_enter_rt_sigaction
sys_enter_rt_sigaction
sys_enter_rt_sigaction
sys_enter_rt_sigaction
sys_enter_rt_sigaction
sys_enter_rt_sigaction
sys_enter_rt_sigaction
sys_enter_rt_sigaction
sys_enter_rt_sigaction
sys_enter_rt_sigaction
sys_enter_rt_sigaction
sys_enter_rt_sigaction
sys_enter_rt_sigaction
sys_enter_rt_sigaction
sys_enter_rt_sigaction
sys_enter_rt_sigaction
sys_enter_rt_sigaction
sys_enter_rt_sigaction
sys_enter_rt_sigaction
sys_enter_rt_sigaction
sys_enter_rt_sigaction
sys_enter_rt_sigaction
sys_enter_rt_sigaction
sys_enter_rt_sigaction
sys_enter_rt_sigaction
sys_enter_rt_sigaction
sys_enter_rt_sigaction
sys_enter_rt_sigaction
sys_enter_rt_sigaction
sys_enter_rt_sigaction
sys_enter_rt_sigaction
sys_enter_rt_sigaction
sys_enter_rt_sigaction
sys_enter_rt_sigaction
sys_enter_rt_sigaction
sys_enter_rt_sigaction
sys_enter_rt_sigaction
sys_enter_rt_sigaction
sys_enter_rt_sigaction
sys_enter_rt_sigaction
sys_enter_rt_sigaction
sys_enter_rt_sigaction
sys_enter_rt_sigaction
sys_enter_rt_sigaction
sys_enter_rt_sigaction
sys_enter_rt_sigaction
sys_enter_rt_sigaction
sys_enter_rt_sigaction
sys_enter_rt_sigaction
sys_enter_rt_sigaction
sys_enter_rt_sigaction
sys_enter_rt_sigaction
sys_enter_rt_sigaction
sys_enter_rt_sigaction
sys_enter_rt_sigaction
sys_enter_rt_sigaction
sys_enter_rt_sigaction
sys_enter_rt_sigaction
sys_enter_rt_sigaction
sys_enter_rt_sigaction
sys_enter_rt_sigaction
sys_enter_rt_sigaction
sys_enter_rt_sigaction
sys_enter_rt_sigaction
sys_enter_rt_sigprocmask
sys_enter_clone
sys_enter_rt_sigprocmask
sys_enter_gettid
sys_enter_sigaltstack
sys_enter_sigaltstack
sys_enter_gettid
sys_enter_rt_sigprocmask
sys_enter_rt_sigprocmask
sys_enter_clone
sys_enter_rt_sigprocmask
sys_enter_gettid
sys_enter_sigaltstack
sys_enter_sigaltstack
sys_enter_gettid
sys_enter_rt_sigprocmask
sys_enter_rt_sigprocmask
sys_enter_clone
sys_enter_rt_sigprocmask
sys_enter_clone
sys_enter_rt_sigprocmask
sys_enter_rt_sigprocmask
sys_enter_futex
sys_enter_gettid
sys_enter_sigaltstack
sys_enter_sigaltstack
sys_enter_gettid
sys_enter_rt_sigprocmask
sys_enter_futex
sys_enter_futex
sys_enter_gettid
sys_enter_sigaltstack
sys_enter_sigaltstack
sys_enter_gettid
sys_enter_rt_sigprocmask
sys_enter_futex
sys_enter_futex
sys_enter_futex
sys_enter_mmap
sys_enter_futex
sys_enter_futex
sys_enter_futex
sys_enter_openat
sys_enter_read
sys_enter_read
sys_enter_close
sys_enter_socket
sys_enter_close
sys_enter_socket
sys_enter_setsockopt
sys_enter_bind
sys_enter_socket
sys_enter_setsockopt
sys_enter_bind
sys_enter_close
sys_enter_close
sys_enter_getpid
sys_enter_getppid
sys_enter_mmap
sys_enter_mmap
sys_enter_getppid
sys_enter_openat
sys_enter_pipe2
sys_enter_getpid
sys_enter_clone
sys_enter_setsid
sys_enter_close
sys_enter_read
sys_enter_chdir
sys_enter_execve
sys_enter_close
sys_enter_exit_group
sys_enter_mmap
sys_enter_mmap
sys_enter_mprotect
sys_enter_mmap
sys_enter_mmap
sys_enter_mprotect
sys_enter_mmap
sys_enter_mprotect
sys_enter_mmap
sys_enter_mprotect
sys_enter_mmap
sys_enter_mmap
sys_enter_close
sys_enter_munmap
sys_enter_sched_getaffinity
sys_enter_mmap
sys_enter_munmap
sys_enter_mmap
sys_enter_mmap
sys_enter_mmap
sys_enter_mmap
sys_enter_mmap
sys_enter_mmap
sys_enter_rt_sigprocmask
sys_enter_sigaltstack
sys_enter_sigaltstack
sys_enter_gettid
sys_enter_rt_sigprocmask
sys_enter_rt_sigaction
sys_enter_rt_sigaction
sys_enter_rt_sigaction
sys_enter_rt_sigaction
sys_enter_rt_sigaction
sys_enter_rt_sigaction
sys_enter_rt_sigaction
sys_enter_rt_sigaction
sys_enter_rt_sigaction
sys_enter_rt_sigaction
sys_enter_rt_sigaction
sys_enter_rt_sigaction
sys_enter_rt_sigaction
sys_enter_rt_sigaction
sys_enter_rt_sigaction
sys_enter_rt_sigaction
sys_enter_rt_sigaction
sys_enter_rt_sigaction
sys_enter_rt_sigaction
sys_enter_rt_sigaction
sys_enter_rt_sigaction
sys_enter_rt_sigaction
sys_enter_rt_sigaction
sys_enter_rt_sigaction
sys_enter_rt_sigaction
sys_enter_rt_sigaction
sys_enter_rt_sigaction
sys_enter_rt_sigaction
sys_enter_rt_sigaction
sys_enter_rt_sigaction
sys_enter_rt_sigaction
sys_enter_rt_sigaction
sys_enter_rt_sigaction
sys_enter_rt_sigaction
sys_enter_rt_sigaction
sys_enter_rt_sigaction
sys_enter_rt_sigaction
sys_enter_rt_sigaction
sys_enter_rt_sigaction
sys_enter_rt_sigaction
sys_enter_rt_sigaction
sys_enter_rt_sigaction
sys_enter_rt_sigaction
sys_enter_rt_sigaction
sys_enter_rt_sigaction
sys_enter_rt_sigaction
sys_enter_rt_sigaction
sys_enter_rt_sigaction
sys_enter_rt_sigaction
sys_enter_rt_sigaction
sys_enter_rt_sigaction
sys_enter_rt_sigaction
sys_enter_rt_sigaction
sys_enter_rt_sigaction
sys_enter_rt_sigaction
sys_enter_rt_sigaction
sys_enter_rt_sigaction
sys_enter_rt_sigaction
sys_enter_rt_sigaction
sys_enter_rt_sigaction
sys_enter_rt_sigaction
sys_enter_rt_sigaction
sys_enter_rt_sigaction
sys_enter_rt_sigaction
sys_enter_rt_sigaction
sys_enter_rt_sigaction
sys_enter_rt_sigaction
sys_enter_rt_sigaction
sys_enter_rt_sigaction
sys_enter_rt_sigaction
sys_enter_rt_sigaction
sys_enter_rt_sigaction
sys_enter_rt_sigaction
sys_enter_rt_sigaction
sys_enter_rt_sigaction
sys_enter_rt_sigaction
sys_enter_rt_sigaction
sys_enter_rt_sigaction
sys_enter_rt_sigaction
sys_enter_rt_sigaction
sys_enter_rt_sigaction
sys_enter_rt_sigaction
sys_enter_rt_sigaction
sys_enter_rt_sigaction
sys_enter_rt_sigaction
sys_enter_rt_sigaction
sys_enter_rt_sigaction
sys_enter_rt_sigaction
sys_enter_rt_sigaction
sys_enter_rt_sigaction
sys_enter_rt_sigaction
sys_enter_rt_sigaction
sys_enter_rt_sigaction
sys_enter_rt_sigaction
sys_enter_rt_sigaction
sys_enter_rt_sigaction
sys_enter_rt_sigaction
sys_enter_rt_sigaction
sys_enter_rt_sigaction
sys_enter_rt_sigaction
sys_enter_rt_sigaction
sys_enter_rt_sigaction
sys_enter_rt_sigaction
sys_enter_rt_sigaction
sys_enter_rt_sigaction
sys_enter_rt_sigaction
sys_enter_rt_sigaction
sys_enter_rt_sigaction
sys_enter_rt_sigaction
sys_enter_rt_sigaction
sys_enter_rt_sigaction
sys_enter_rt_sigaction
sys_enter_rt_sigaction
sys_enter_rt_sigaction
sys_enter_rt_sigprocmask
sys_enter_clone
sys_enter_rt_sigprocmask
sys_enter_gettid
sys_enter_sigaltstack
sys_enter_sigaltstack
sys_enter_gettid
sys_enter_rt_sigprocmask
sys_enter_rt_sigprocmask
sys_enter_clone
sys_enter_rt_sigprocmask
sys_enter_gettid
sys_enter_sigaltstack
sys_enter_sigaltstack
sys_enter_gettid
sys_enter_rt_sigprocmask
sys_enter_rt_sigprocmask
sys_enter_clone
sys_enter_rt_sigprocmask
sys_enter_rt_sigprocmask
sys_enter_futex
sys_enter_gettid
sys_enter_sigaltstack
sys_enter_sigaltstack
sys_enter_gettid
sys_enter_clone
sys_enter_rt_sigprocmask
sys_enter_futex
sys_enter_futex
sys_enter_rt_sigprocmask
sys_enter_futex
sys_enter_gettid
sys_enter_sigaltstack
sys_enter_sigaltstack
sys_enter_gettid
sys_enter_rt_sigprocmask
sys_enter_futex
sys_enter_futex
sys_enter_mmap
sys_enter_futex
sys_enter_futex
sys_enter_futex
sys_enter_openat
sys_enter_read
sys_enter_read
sys_enter_close
sys_enter_socket
sys_enter_close
sys_enter_socket
sys_enter_setsockopt
sys_enter_bind
sys_enter_socket
sys_enter_setsockopt
sys_enter_bind
sys_enter_close
sys_enter_close
sys_enter_getpid
sys_enter_getppid
sys_enter_mmap
sys_enter_mmap
sys_enter_getppid
sys_enter_openat
sys_enter_pipe2
sys_enter_getpid
sys_enter_clone
sys_enter_setsid
sys_enter_close
sys_enter_read
sys_enter_chdir
sys_enter_execve
sys_enter_close
sys_enter_exit_group
sys_enter_mmap
sys_enter_mmap
sys_enter_mprotect
sys_enter_mmap
sys_enter_mmap
sys_enter_mprotect
sys_enter_mmap
sys_enter_mprotect
sys_enter_mmap
sys_enter_mprotect
sys_enter_mmap
sys_enter_mmap
sys_enter_close
sys_enter_munmap
sys_enter_sched_getaffinity
sys_enter_mmap
sys_enter_munmap
sys_enter_mmap
sys_enter_mmap
sys_enter_mmap
sys_enter_mmap
sys_enter_mmap
sys_enter_mmap
sys_enter_rt_sigprocmask
sys_enter_sigaltstack
sys_enter_sigaltstack
sys_enter_gettid
sys_enter_rt_sigprocmask
sys_enter_rt_sigaction
sys_enter_rt_sigaction
sys_enter_rt_sigaction
sys_enter_rt_sigaction
sys_enter_rt_sigaction
sys_enter_rt_sigaction
sys_enter_rt_sigaction
sys_enter_rt_sigaction
sys_enter_rt_sigaction
sys_enter_rt_sigaction
sys_enter_rt_sigaction
sys_enter_rt_sigaction
sys_enter_rt_sigaction
sys_enter_rt_sigaction
sys_enter_rt_sigaction
sys_enter_rt_sigaction
sys_enter_rt_sigaction
sys_enter_rt_sigaction
sys_enter_rt_sigaction
sys_enter_rt_sigaction
sys_enter_rt_sigaction
sys_enter_rt_sigaction
sys_enter_rt_sigaction
sys_enter_rt_sigaction
sys_enter_rt_sigaction
sys_enter_rt_sigaction
sys_enter_rt_sigaction
sys_enter_rt_sigaction
sys_enter_rt_sigaction
sys_enter_rt_sigaction
sys_enter_rt_sigaction
sys_enter_rt_sigaction
sys_enter_rt_sigaction
sys_enter_rt_sigaction
sys_enter_rt_sigaction
sys_enter_rt_sigaction
sys_enter_rt_sigaction
sys_enter_rt_sigaction
sys_enter_rt_sigaction
sys_enter_rt_sigaction
sys_enter_rt_sigaction
sys_enter_rt_sigaction
sys_enter_rt_sigaction
sys_enter_rt_sigaction
sys_enter_rt_sigaction
sys_enter_rt_sigaction
sys_enter_rt_sigaction
sys_enter_rt_sigaction
sys_enter_rt_sigaction
sys_enter_rt_sigaction
sys_enter_rt_sigaction
sys_enter_rt_sigaction
sys_enter_rt_sigaction
sys_enter_rt_sigaction
sys_enter_rt_sigaction
sys_enter_rt_sigaction
sys_enter_rt_sigaction
sys_enter_rt_sigaction
sys_enter_rt_sigaction
sys_enter_rt_sigaction
sys_enter_rt_sigaction
sys_enter_rt_sigaction
sys_enter_rt_sigaction
sys_enter_rt_sigaction
sys_enter_rt_sigaction
sys_enter_rt_sigaction
sys_enter_rt_sigaction
sys_enter_rt_sigaction
sys_enter_rt_sigaction
sys_enter_rt_sigaction
sys_enter_rt_sigaction
sys_enter_rt_sigaction
sys_enter_rt_sigaction
sys_enter_rt_sigaction
sys_enter_rt_sigaction
sys_enter_rt_sigaction
sys_enter_rt_sigaction
sys_enter_rt_sigaction
sys_enter_rt_sigaction
sys_enter_rt_sigaction
sys_enter_rt_sigaction
sys_enter_rt_sigaction
sys_enter_rt_sigaction
sys_enter_rt_sigaction
sys_enter_rt_sigaction
sys_enter_rt_sigaction
sys_enter_rt_sigaction
sys_enter_rt_sigaction
sys_enter_rt_sigaction
sys_enter_rt_sigaction
sys_enter_rt_sigaction
sys_enter_rt_sigaction
sys_enter_rt_sigaction
sys_enter_rt_sigaction
sys_enter_rt_sigaction
sys_enter_rt_sigaction
sys_enter_rt_sigaction
sys_enter_rt_sigaction
sys_enter_rt_sigaction
sys_enter_rt_sigaction
sys_enter_rt_sigaction
sys_enter_rt_sigaction
sys_enter_rt_sigaction
sys_enter_rt_sigaction
sys_enter_rt_sigaction
sys_enter_rt_sigaction
sys_enter_rt_sigaction
sys_enter_rt_sigaction
sys_enter_rt_sigaction
sys_enter_rt_sigaction
sys_enter_rt_sigaction
sys_enter_rt_sigaction
sys_enter_rt_sigaction
sys_enter_rt_sigaction
sys_enter_rt_sigprocmask
sys_enter_clone
sys_enter_rt_sigprocmask
sys_enter_gettid
sys_enter_sigaltstack
sys_enter_sigaltstack
sys_enter_gettid
sys_enter_rt_sigprocmask
sys_enter_rt_sigprocmask
sys_enter_clone
sys_enter_rt_sigprocmask
sys_enter_gettid
sys_enter_sigaltstack
sys_enter_sigaltstack
sys_enter_gettid
sys_enter_rt_sigprocmask
sys_enter_rt_sigprocmask
sys_enter_clone
sys_enter_rt_sigprocmask
sys_enter_futex
sys_enter_rt_sigprocmask
sys_enter_clone
sys_enter_gettid
sys_enter_futex
sys_enter_sigaltstack
sys_enter_sigaltstack
sys_enter_gettid
sys_enter_rt_sigprocmask
sys_enter_futex
sys_enter_rt_sigprocmask
sys_enter_gettid
sys_enter_sigaltstack
sys_enter_sigaltstack
sys_enter_gettid
sys_enter_rt_sigprocmask
sys_enter_futex
sys_enter_futex
sys_enter_futex
sys_enter_mmap
sys_enter_futex
sys_enter_futex
sys_enter_futex
sys_enter_openat
sys_enter_read
sys_enter_read
sys_enter_close
sys_enter_socket
sys_enter_close
sys_enter_socket
sys_enter_setsockopt
sys_enter_bind
sys_enter_socket
sys_enter_setsockopt
sys_enter_bind
sys_enter_close
sys_enter_close
sys_enter_getpid
sys_enter_getppid
sys_enter_mmap
sys_enter_mmap
sys_enter_getppid
sys_enter_openat
sys_enter_pipe2
sys_enter_getpid
sys_enter_clone
sys_enter_setsid
sys_enter_close
sys_enter_read
sys_enter_chdir
sys_enter_execve
sys_enter_close
sys_enter_exit_group
sys_enter_mmap
sys_enter_mmap
sys_enter_mprotect
sys_enter_mmap
sys_enter_mmap
sys_enter_mprotect
sys_enter_mmap
sys_enter_mprotect
sys_enter_mmap
sys_enter_mprotect
sys_enter_mmap
sys_enter_mmap
sys_enter_close
sys_enter_munmap
sys_enter_sched_getaffinity
sys_enter_mmap
sys_enter_munmap
sys_enter_mmap
sys_enter_mmap
sys_enter_mmap
sys_enter_mmap
sys_enter_mmap
sys_enter_mmap
sys_enter_rt_sigprocmask
sys_enter_sigaltstack
sys_enter_sigaltstack
sys_enter_gettid
sys_enter_rt_sigprocmask
sys_enter_rt_sigaction
sys_enter_rt_sigaction
sys_enter_rt_sigaction
sys_enter_rt_sigaction
sys_enter_rt_sigaction
sys_enter_rt_sigaction
sys_enter_rt_sigaction
sys_enter_rt_sigaction
sys_enter_rt_sigaction
sys_enter_rt_sigaction
sys_enter_rt_sigaction
sys_enter_rt_sigaction
sys_enter_rt_sigaction
sys_enter_rt_sigaction
sys_enter_rt_sigaction
sys_enter_rt_sigaction
sys_enter_rt_sigaction
sys_enter_rt_sigaction
sys_enter_rt_sigaction
sys_enter_rt_sigaction
sys_enter_rt_sigaction
sys_enter_rt_sigaction
sys_enter_rt_sigaction
sys_enter_rt_sigaction
sys_enter_rt_sigaction
sys_enter_rt_sigaction
sys_enter_rt_sigaction
sys_enter_rt_sigaction
sys_enter_rt_sigaction
sys_enter_rt_sigaction
sys_enter_rt_sigaction
sys_enter_rt_sigaction
sys_enter_rt_sigaction
sys_enter_rt_sigaction
sys_enter_rt_sigaction
sys_enter_rt_sigaction
sys_enter_rt_sigaction
sys_enter_rt_sigaction
sys_enter_rt_sigaction
sys_enter_rt_sigaction
sys_enter_rt_sigaction
sys_enter_rt_sigaction
sys_enter_rt_sigaction
sys_enter_rt_sigaction
sys_enter_rt_sigaction
sys_enter_rt_sigaction
sys_enter_rt_sigaction
sys_enter_rt_sigaction
sys_enter_rt_sigaction
sys_enter_rt_sigaction
sys_enter_rt_sigaction
sys_enter_rt_sigaction
sys_enter_rt_sigaction
sys_enter_rt_sigaction
sys_enter_rt_sigaction
sys_enter_rt_sigaction
sys_enter_rt_sigaction
sys_enter_rt_sigaction
sys_enter_rt_sigaction
sys_enter_rt_sigaction
sys_enter_rt_sigaction
sys_enter_rt_sigaction
sys_enter_rt_sigaction
sys_enter_rt_sigaction
sys_enter_rt_sigaction
sys_enter_rt_sigaction
sys_enter_rt_sigaction
sys_enter_rt_sigaction
sys_enter_rt_sigaction
sys_enter_rt_sigaction
sys_enter_rt_sigaction
sys_enter_rt_sigaction
sys_enter_rt_sigaction
sys_enter_rt_sigaction
sys_enter_rt_sigaction
sys_enter_rt_sigaction
sys_enter_rt_sigaction
sys_enter_rt_sigaction
sys_enter_rt_sigaction
sys_enter_rt_sigaction
sys_enter_rt_sigaction
sys_enter_rt_sigaction
sys_enter_rt_sigaction
sys_enter_rt_sigaction
sys_enter_rt_sigaction
sys_enter_rt_sigaction
sys_enter_rt_sigaction
sys_enter_rt_sigaction
sys_enter_rt_sigaction
sys_enter_rt_sigaction
sys_enter_rt_sigaction
sys_enter_rt_sigaction
sys_enter_rt_sigaction
sys_enter_rt_sigaction
sys_enter_rt_sigaction
sys_enter_rt_sigaction
sys_enter_rt_sigaction
sys_enter_rt_sigaction
sys_enter_rt_sigaction
sys_enter_rt_sigaction
sys_enter_rt_sigaction
sys_enter_rt_sigaction
sys_enter_rt_sigaction
sys_enter_rt_sigaction
sys_enter_rt_sigaction
sys_enter_rt_sigaction
sys_enter_rt_sigaction
sys_enter_rt_sigaction
sys_enter_rt_sigaction
sys_enter_rt_sigaction
sys_enter_rt_sigaction
sys_enter_rt_sigaction
sys_enter_rt_sigaction
sys_enter_rt_sigaction
sys_enter_rt_sigprocmask
sys_enter_clone
sys_enter_rt_sigprocmask
sys_enter_gettid
sys_enter_sigaltstack
sys_enter_sigaltstack
sys_enter_gettid
sys_enter_rt_sigprocmask
sys_enter_rt_sigprocmask
sys_enter_clone
sys_enter_rt_sigprocmask
sys_enter_gettid
sys_enter_sigaltstack
sys_enter_sigaltstack
sys_enter_gettid
sys_enter_rt_sigprocmask
sys_enter_clone
sys_enter_rt_sigprocmask
sys_enter_rt_sigprocmask
sys_enter_futex
sys_enter_gettid
sys_enter_sigaltstack
sys_enter_sigaltstack
sys_enter_gettid
sys_enter_rt_sigprocmask
sys_enter_futex
sys_enter_rt_sigprocmask
sys_enter_clone
sys_enter_futex
sys_enter_rt_sigprocmask
sys_enter_futex
sys_enter_gettid
sys_enter_sigaltstack
sys_enter_sigaltstack
sys_enter_gettid
sys_enter_rt_sigprocmask
sys_enter_futex
sys_enter_futex
sys_enter_mmap
sys_enter_futex
sys_enter_futex
sys_enter_futex
sys_enter_openat
sys_enter_futex
sys_enter_futex
sys_enter_read
sys_enter_read
sys_enter_close
sys_enter_socket
sys_enter_close
sys_enter_socket
sys_enter_setsockopt
sys_enter_bind
sys_enter_socket
sys_enter_setsockopt
sys_enter_bind
sys_enter_close
sys_enter_close
sys_enter_getpid
sys_enter_getppid
sys_enter_mmap
sys_enter_mmap
sys_enter_getppid
sys_enter_openat
sys_enter_pipe2
sys_enter_getpid
sys_enter_clone
sys_enter_setsid
sys_enter_close
sys_enter_read
sys_enter_chdir
sys_enter_execve
sys_enter_close
sys_enter_exit_group
sys_enter_mmap
sys_enter_mmap
sys_enter_mprotect
sys_enter_mmap
sys_enter_mmap
sys_enter_mprotect
sys_enter_mmap
sys_enter_mprotect
sys_enter_mmap
sys_enter_mprotect
sys_enter_mmap
sys_enter_mmap
sys_enter_close
sys_enter_munmap
sys_enter_sched_getaffinity
sys_enter_mmap
sys_enter_munmap
sys_enter_mmap
sys_enter_mmap
sys_enter_mmap
sys_enter_mmap
sys_enter_mmap
sys_enter_mmap
sys_enter_rt_sigprocmask
sys_enter_sigaltstack
sys_enter_sigaltstack
sys_enter_gettid
sys_enter_rt_sigprocmask
sys_enter_rt_sigaction
sys_enter_rt_sigaction
sys_enter_rt_sigaction
sys_enter_rt_sigaction
sys_enter_rt_sigaction
sys_enter_rt_sigaction
sys_enter_rt_sigaction
sys_enter_rt_sigaction
sys_enter_rt_sigaction
sys_enter_rt_sigaction
sys_enter_rt_sigaction
sys_enter_rt_sigaction
sys_enter_rt_sigaction
sys_enter_rt_sigaction
sys_enter_rt_sigaction
sys_enter_rt_sigaction
sys_enter_rt_sigaction
sys_enter_rt_sigaction
sys_enter_rt_sigaction
sys_enter_rt_sigaction
sys_enter_rt_sigaction
sys_enter_rt_sigaction
sys_enter_rt_sigaction
sys_enter_rt_sigaction
sys_enter_rt_sigaction
sys_enter_rt_sigaction
sys_enter_rt_sigaction
sys_enter_rt_sigaction
sys_enter_rt_sigaction
sys_enter_rt_sigaction
sys_enter_rt_sigaction
sys_enter_rt_sigaction
sys_enter_rt_sigaction
sys_enter_rt_sigaction
sys_enter_rt_sigaction
sys_enter_rt_sigaction
sys_enter_rt_sigaction
sys_enter_rt_sigaction
sys_enter_rt_sigaction
sys_enter_rt_sigaction
sys_enter_rt_sigaction
sys_enter_rt_sigaction
sys_enter_rt_sigaction
sys_enter_rt_sigaction
sys_enter_rt_sigaction
sys_enter_rt_sigaction
sys_enter_rt_sigaction
sys_enter_rt_sigaction
sys_enter_rt_sigaction
sys_enter_rt_sigaction
sys_enter_rt_sigaction
sys_enter_rt_sigaction
sys_enter_rt_sigaction
sys_enter_rt_sigaction
sys_enter_rt_sigaction
sys_enter_rt_sigaction
sys_enter_rt_sigaction
sys_enter_rt_sigaction
sys_enter_rt_sigaction
sys_enter_rt_sigaction
sys_enter_rt_sigaction
sys_enter_rt_sigaction
sys_enter_rt_sigaction
sys_enter_rt_sigaction
sys_enter_rt_sigaction
sys_enter_rt_sigaction
sys_enter_rt_sigaction
sys_enter_rt_sigaction
sys_enter_rt_sigaction
sys_enter_rt_sigaction
sys_enter_rt_sigaction
sys_enter_rt_sigaction
sys_enter_rt_sigaction
sys_enter_rt_sigaction
sys_enter_rt_sigaction
sys_enter_rt_sigaction
sys_enter_rt_sigaction
sys_enter_rt_sigaction
sys_enter_rt_sigaction
sys_enter_rt_sigaction
sys_enter_rt_sigaction
sys_enter_rt_sigaction
sys_enter_rt_sigaction
sys_enter_rt_sigaction
sys_enter_rt_sigaction
sys_enter_rt_sigaction
sys_enter_rt_sigaction
sys_enter_rt_sigaction
sys_enter_rt_sigaction
sys_enter_rt_sigaction
sys_enter_rt_sigaction
sys_enter_rt_sigaction
sys_enter_rt_sigaction
sys_enter_rt_sigaction
sys_enter_rt_sigaction
sys_enter_rt_sigaction
sys_enter_rt_sigaction
sys_enter_rt_sigaction
sys_enter_rt_sigaction
sys_enter_rt_sigaction
sys_enter_rt_sigaction
sys_enter_rt_sigaction
sys_enter_rt_sigaction
sys_enter_rt_sigaction
sys_enter_rt_sigaction
sys_enter_rt_sigaction
sys_enter_rt_sigaction
sys_enter_rt_sigaction
sys_enter_rt_sigaction
sys_enter_rt_sigaction
sys_enter_rt_sigaction
sys_enter_rt_sigaction
sys_enter_rt_sigaction
sys_enter_rt_sigaction
sys_enter_rt_sigprocmask
sys_enter_clone
sys_enter_rt_sigprocmask
sys_enter_gettid
sys_enter_sigaltstack
sys_enter_sigaltstack
sys_enter_gettid
sys_enter_rt_sigprocmask
sys_enter_rt_sigprocmask
sys_enter_clone
sys_enter_rt_sigprocmask
sys_enter_gettid
sys_enter_sigaltstack
sys_enter_sigaltstack
sys_enter_gettid
sys_enter_rt_sigprocmask
sys_enter_rt_sigprocmask
sys_enter_clone
sys_enter_rt_sigprocmask
sys_enter_futex
sys_enter_gettid
sys_enter_sigaltstack
sys_enter_rt_sigprocmask
sys_enter_sigaltstack
sys_enter_clone
sys_enter_gettid
sys_enter_rt_sigprocmask
sys_enter_futex
sys_enter_rt_sigprocmask
sys_enter_gettid
sys_enter_futex
sys_enter_futex
sys_enter_sigaltstack
sys_enter_sigaltstack
sys_enter_gettid
sys_enter_rt_sigprocmask
sys_enter_futex
sys_enter_futex
sys_enter_mmap
sys_enter_futex
sys_enter_futex
sys_enter_futex
sys_enter_openat
sys_enter_read
sys_enter_read
sys_enter_close
sys_enter_socket
sys_enter_close
sys_enter_socket
sys_enter_setsockopt
sys_enter_bind
sys_enter_socket
sys_enter_setsockopt
sys_enter_bind
sys_enter_close
sys_enter_close
sys_enter_getpid
sys_enter_getppid
sys_enter_mmap
sys_enter_mmap
sys_enter_getppid
sys_enter_openat
sys_enter_pipe2
sys_enter_getpid
sys_enter_clone
sys_enter_setsid
sys_enter_close
sys_enter_read
sys_enter_chdir
sys_enter_execve
sys_enter_close
sys_enter_exit_group
sys_enter_mmap
sys_enter_mmap
sys_enter_mprotect
sys_enter_mmap
sys_enter_mmap
sys_enter_mprotect
sys_enter_mmap
sys_enter_mprotect
sys_enter_mmap
sys_enter_mprotect
sys_enter_mmap
sys_enter_mmap
sys_enter_close
sys_enter_munmap
sys_enter_sched_getaffinity
sys_enter_mmap
sys_enter_munmap
sys_enter_mmap
sys_enter_mmap
sys_enter_mmap
sys_enter_mmap
sys_enter_mmap
sys_enter_mmap
sys_enter_rt_sigprocmask
sys_enter_sigaltstack
sys_enter_sigaltstack
sys_enter_gettid
sys_enter_rt_sigprocmask
sys_enter_rt_sigaction
sys_enter_rt_sigaction
sys_enter_rt_sigaction
sys_enter_rt_sigaction
sys_enter_rt_sigaction
sys_enter_rt_sigaction
sys_enter_rt_sigaction
sys_enter_rt_sigaction
sys_enter_rt_sigaction
sys_enter_rt_sigaction
sys_enter_rt_sigaction
sys_enter_rt_sigaction
sys_enter_rt_sigaction
sys_enter_rt_sigaction
sys_enter_rt_sigaction
sys_enter_rt_sigaction
sys_enter_rt_sigaction
sys_enter_rt_sigaction
sys_enter_rt_sigaction
sys_enter_rt_sigaction
sys_enter_rt_sigaction
sys_enter_rt_sigaction
sys_enter_rt_sigaction
sys_enter_rt_sigaction
sys_enter_rt_sigaction
sys_enter_rt_sigaction
sys_enter_rt_sigaction
sys_enter_rt_sigaction
sys_enter_rt_sigaction
sys_enter_rt_sigaction
sys_enter_rt_sigaction
sys_enter_rt_sigaction
sys_enter_rt_sigaction
sys_enter_rt_sigaction
sys_enter_rt_sigaction
sys_enter_rt_sigaction
sys_enter_rt_sigaction
sys_enter_rt_sigaction
sys_enter_rt_sigaction
sys_enter_rt_sigaction
sys_enter_rt_sigaction
sys_enter_rt_sigaction
sys_enter_rt_sigaction
sys_enter_rt_sigaction
sys_enter_rt_sigaction
sys_enter_rt_sigaction
sys_enter_rt_sigaction
sys_enter_rt_sigaction
sys_enter_rt_sigaction
sys_enter_rt_sigaction
sys_enter_rt_sigaction
sys_enter_rt_sigaction
sys_enter_rt_sigaction
sys_enter_rt_sigaction
sys_enter_rt_sigaction
sys_enter_rt_sigaction
sys_enter_rt_sigaction
sys_enter_rt_sigaction
sys_enter_rt_sigaction
sys_enter_rt_sigaction
sys_enter_rt_sigaction
sys_enter_rt_sigaction
sys_enter_rt_sigaction
sys_enter_rt_sigaction
sys_enter_rt_sigaction
sys_enter_rt_sigaction
sys_enter_rt_sigaction
sys_enter_rt_sigaction
sys_enter_rt_sigaction
sys_enter_rt_sigaction
sys_enter_rt_sigaction
sys_enter_rt_sigaction
sys_enter_rt_sigaction
sys_enter_rt_sigaction
sys_enter_rt_sigaction
sys_enter_rt_sigaction
sys_enter_rt_sigaction
sys_enter_rt_sigaction
sys_enter_rt_sigaction
sys_enter_rt_sigaction
sys_enter_rt_sigaction
sys_enter_rt_sigaction
sys_enter_rt_sigaction
sys_enter_rt_sigaction
sys_enter_rt_sigaction
sys_enter_rt_sigaction
sys_enter_rt_sigaction
sys_enter_rt_sigaction
sys_enter_rt_sigaction
sys_enter_rt_sigaction
sys_enter_rt_sigaction
sys_enter_rt_sigaction
sys_enter_rt_sigaction
sys_enter_rt_sigaction
sys_enter_rt_sigaction
sys_enter_rt_sigaction
sys_enter_rt_sigaction
sys_enter_rt_sigaction
sys_enter_rt_sigaction
sys_enter_rt_sigaction
sys_enter_rt_sigaction
sys_enter_rt_sigaction
sys_enter_rt_sigaction
sys_enter_rt_sigaction
sys_enter_rt_sigaction
sys_enter_rt_sigaction
sys_enter_rt_sigaction
sys_enter_rt_sigaction
sys_enter_rt_sigaction
sys_enter_rt_sigaction
sys_enter_rt_sigaction
sys_enter_rt_sigaction
sys_enter_rt_sigaction
sys_enter_rt_sigaction
sys_enter_rt_sigprocmask
sys_enter_clone
sys_enter_rt_sigprocmask
sys_enter_gettid
sys_enter_sigaltstack
sys_enter_sigaltstack
sys_enter_gettid
sys_enter_rt_sigprocmask
sys_enter_rt_sigprocmask
sys_enter_clone
sys_enter_rt_sigprocmask
sys_enter_gettid
sys_enter_sigaltstack
sys_enter_sigaltstack
sys_enter_gettid
sys_enter_rt_sigprocmask
sys_enter_rt_sigprocmask
sys_enter_clone
sys_enter_rt_sigprocmask
sys_enter_clone
sys_enter_rt_sigprocmask
sys_enter_futex
sys_enter_gettid
sys_enter_sigaltstack
sys_enter_sigaltstack
sys_enter_rt_sigprocmask
sys_enter_gettid
sys_enter_gettid
sys_enter_rt_sigprocmask
sys_enter_sigaltstack
sys_enter_sigaltstack
sys_enter_gettid
sys_enter_rt_sigprocmask
sys_enter_futex
sys_enter_futex
sys_enter_futex
sys_enter_futex
sys_enter_futex
sys_enter_mmap
sys_enter_futex
sys_enter_futex
sys_enter_futex
sys_enter_openat
sys_enter_read
sys_enter_read
sys_enter_close
sys_enter_socket
sys_enter_close
sys_enter_socket
sys_enter_setsockopt
sys_enter_bind
sys_enter_socket
sys_enter_setsockopt
sys_enter_bind
sys_enter_close
sys_enter_close
sys_enter_getpid
sys_enter_getppid
sys_enter_mmap
sys_enter_mmap
sys_enter_getppid
sys_enter_openat
sys_enter_pipe2
sys_enter_getpid
sys_enter_clone
sys_enter_setsid
sys_enter_close
sys_enter_read
sys_enter_chdir
sys_enter_execve
sys_enter_close
sys_enter_exit_group
sys_enter_mmap
sys_enter_mmap
sys_enter_mprotect
sys_enter_mmap
sys_enter_mmap
sys_enter_mprotect
sys_enter_mmap
sys_enter_mprotect
sys_enter_mmap
sys_enter_mprotect
sys_enter_mmap
sys_enter_mmap
sys_enter_close
sys_enter_munmap
sys_enter_sched_getaffinity
sys_enter_mmap
sys_enter_munmap
sys_enter_mmap
sys_enter_mmap
sys_enter_mmap
sys_enter_mmap
sys_enter_mmap
sys_enter_mmap
sys_enter_rt_sigprocmask
sys_enter_sigaltstack
sys_enter_sigaltstack
sys_enter_gettid
sys_enter_rt_sigprocmask
sys_enter_rt_sigaction
sys_enter_rt_sigaction
sys_enter_rt_sigaction
sys_enter_rt_sigaction
sys_enter_rt_sigaction
sys_enter_rt_sigaction
sys_enter_rt_sigaction
sys_enter_rt_sigaction
sys_enter_rt_sigaction
sys_enter_rt_sigaction
sys_enter_rt_sigaction
sys_enter_rt_sigaction
sys_enter_rt_sigaction
sys_enter_rt_sigaction
sys_enter_rt_sigaction
sys_enter_rt_sigaction
sys_enter_rt_sigaction
sys_enter_rt_sigaction
sys_enter_rt_sigaction
sys_enter_rt_sigaction
sys_enter_rt_sigaction
sys_enter_rt_sigaction
sys_enter_rt_sigaction
sys_enter_rt_sigaction
sys_enter_rt_sigaction
sys_enter_rt_sigaction
sys_enter_rt_sigaction
sys_enter_rt_sigaction
sys_enter_rt_sigaction
sys_enter_rt_sigaction
sys_enter_rt_sigaction
sys_enter_rt_sigaction
sys_enter_rt_sigaction
sys_enter_rt_sigaction
sys_enter_rt_sigaction
sys_enter_rt_sigaction
sys_enter_rt_sigaction
sys_enter_rt_sigaction
sys_enter_rt_sigaction
sys_enter_rt_sigaction
sys_enter_rt_sigaction
sys_enter_rt_sigaction
sys_enter_rt_sigaction
sys_enter_rt_sigaction
sys_enter_rt_sigaction
sys_enter_rt_sigaction
sys_enter_rt_sigaction
sys_enter_rt_sigaction
sys_enter_rt_sigaction
sys_enter_rt_sigaction
sys_enter_rt_sigaction
sys_enter_rt_sigaction
sys_enter_rt_sigaction
sys_enter_rt_sigaction
sys_enter_rt_sigaction
sys_enter_rt_sigaction
sys_enter_rt_sigaction
sys_enter_rt_sigaction
sys_enter_rt_sigaction
sys_enter_rt_sigaction
sys_enter_rt_sigaction
sys_enter_rt_sigaction
sys_enter_rt_sigaction
sys_enter_rt_sigaction
sys_enter_rt_sigaction
sys_enter_rt_sigaction
sys_enter_rt_sigaction
sys_enter_rt_sigaction
sys_enter_rt_sigaction
sys_enter_rt_sigaction
sys_enter_rt_sigaction
sys_enter_rt_sigaction
sys_enter_rt_sigaction
sys_enter_rt_sigaction
sys_enter_rt_sigaction
sys_enter_rt_sigaction
sys_enter_rt_sigaction
sys_enter_rt_sigaction
sys_enter_rt_sigaction
sys_enter_rt_sigaction
sys_enter_rt_sigaction
sys_enter_rt_sigaction
sys_enter_rt_sigaction
sys_enter_rt_sigaction
sys_enter_rt_sigaction
sys_enter_rt_sigaction
sys_enter_rt_sigaction
sys_enter_rt_sigaction
sys_enter_rt_sigaction
sys_enter_rt_sigaction
sys_enter_rt_sigaction
sys_enter_rt_sigaction
sys_enter_rt_sigaction
sys_enter_rt_sigaction
sys_enter_rt_sigaction
sys_enter_rt_sigaction
sys_enter_rt_sigaction
sys_enter_rt_sigaction
sys_enter_rt_sigaction
sys_enter_rt_sigaction
sys_enter_rt_sigaction
sys_enter_rt_sigaction
sys_enter_rt_sigaction
sys_enter_rt_sigaction
sys_enter_rt_sigaction
sys_enter_rt_sigaction
sys_enter_rt_sigaction
sys_enter_rt_sigaction
sys_enter_rt_sigaction
sys_enter_rt_sigaction
sys_enter_rt_sigaction
sys_enter_rt_sigaction
sys_enter_rt_sigaction
sys_enter_rt_sigaction
sys_enter_rt_sigprocmask
sys_enter_clone
sys_enter_rt_sigprocmask
sys_enter_gettid
sys_enter_sigaltstack
sys_enter_sigaltstack
sys_enter_gettid
sys_enter_rt_sigprocmask
sys_enter_rt_sigprocmask
sys_enter_clone
sys_enter_rt_sigprocmask
sys_enter_gettid
sys_enter_sigaltstack
sys_enter_sigaltstack
sys_enter_gettid
sys_enter_rt_sigprocmask
sys_enter_rt_sigprocmask
sys_enter_clone
sys_enter_rt_sigprocmask
sys_enter_clone
sys_enter_rt_sigprocmask
sys_enter_futex
sys_enter_gettid
sys_enter_rt_sigprocmask
sys_enter_sigaltstack
sys_enter_sigaltstack
sys_enter_gettid
sys_enter_rt_sigprocmask
sys_enter_futex
sys_enter_futex
sys_enter_gettid
sys_enter_sigaltstack
sys_enter_sigaltstack
sys_enter_gettid
sys_enter_rt_sigprocmask
sys_enter_futex
sys_enter_futex
sys_enter_futex
sys_enter_mmap
sys_enter_futex
sys_enter_futex
sys_enter_futex
sys_enter_openat
sys_enter_read
sys_enter_read
sys_enter_close
sys_enter_socket
sys_enter_close
sys_enter_socket
sys_enter_setsockopt
sys_enter_bind
sys_enter_socket
sys_enter_setsockopt
sys_enter_bind
sys_enter_close
sys_enter_close
sys_enter_getpid
sys_enter_getppid
sys_enter_mmap
sys_enter_mmap
sys_enter_getppid
sys_enter_openat
sys_enter_pipe2
sys_enter_getpid
sys_enter_clone
sys_enter_setsid
sys_enter_close
sys_enter_read
sys_enter_chdir
sys_enter_execve
sys_enter_close
sys_enter_exit_group
sys_enter_mmap
sys_enter_mmap
sys_enter_mprotect
sys_enter_mmap
sys_enter_mmap
sys_enter_mprotect
sys_enter_mmap
sys_enter_mprotect
sys_enter_mmap
sys_enter_mprotect
sys_enter_mmap
sys_enter_mmap
sys_enter_close
sys_enter_munmap
sys_enter_sched_getaffinity
sys_enter_mmap
sys_enter_munmap
sys_enter_mmap
sys_enter_mmap
sys_enter_mmap
sys_enter_mmap
sys_enter_mmap
sys_enter_mmap
sys_enter_rt_sigprocmask
sys_enter_sigaltstack
sys_enter_sigaltstack
sys_enter_gettid
sys_enter_rt_sigprocmask
sys_enter_rt_sigaction
sys_enter_rt_sigaction
sys_enter_rt_sigaction
sys_enter_rt_sigaction
sys_enter_rt_sigaction
sys_enter_rt_sigaction
sys_enter_rt_sigaction
sys_enter_rt_sigaction
sys_enter_rt_sigaction
sys_enter_rt_sigaction
sys_enter_rt_sigaction
sys_enter_rt_sigaction
sys_enter_rt_sigaction
sys_enter_rt_sigaction
sys_enter_rt_sigaction
sys_enter_rt_sigaction
sys_enter_rt_sigaction
sys_enter_rt_sigaction
sys_enter_rt_sigaction
sys_enter_rt_sigaction
sys_enter_rt_sigaction
sys_enter_rt_sigaction
sys_enter_rt_sigaction
sys_enter_rt_sigaction
sys_enter_rt_sigaction
sys_enter_rt_sigaction
sys_enter_rt_sigaction
sys_enter_rt_sigaction
sys_enter_rt_sigaction
sys_enter_rt_sigaction
sys_enter_rt_sigaction
sys_enter_rt_sigaction
sys_enter_rt_sigaction
sys_enter_rt_sigaction
sys_enter_rt_sigaction
sys_enter_rt_sigaction
sys_enter_rt_sigaction
sys_enter_rt_sigaction
sys_enter_rt_sigaction
sys_enter_rt_sigaction
sys_enter_rt_sigaction
sys_enter_rt_sigaction
sys_enter_rt_sigaction
sys_enter_rt_sigaction
sys_enter_rt_sigaction
sys_enter_rt_sigaction
sys_enter_rt_sigaction
sys_enter_rt_sigaction
sys_enter_rt_sigaction
sys_enter_rt_sigaction
sys_enter_rt_sigaction
sys_enter_rt_sigaction
sys_enter_rt_sigaction
sys_enter_rt_sigaction
sys_enter_rt_sigaction
sys_enter_rt_sigaction
sys_enter_rt_sigaction
sys_enter_rt_sigaction
sys_enter_rt_sigaction
sys_enter_rt_sigaction
sys_enter_rt_sigaction
sys_enter_rt_sigaction
sys_enter_rt_sigaction
sys_enter_rt_sigaction
sys_enter_rt_sigaction
sys_enter_rt_sigaction
sys_enter_rt_sigaction
sys_enter_rt_sigaction
sys_enter_rt_sigaction
sys_enter_rt_sigaction
sys_enter_rt_sigaction
sys_enter_rt_sigaction
sys_enter_rt_sigaction
sys_enter_rt_sigaction
sys_enter_rt_sigaction
sys_enter_rt_sigaction
sys_enter_rt_sigaction
sys_enter_rt_sigaction
sys_enter_rt_sigaction
sys_enter_rt_sigaction
sys_enter_rt_sigaction
sys_enter_rt_sigaction
sys_enter_rt_sigaction
sys_enter_rt_sigaction
sys_enter_rt_sigaction
sys_enter_rt_sigaction
sys_enter_rt_sigaction
sys_enter_rt_sigaction
sys_enter_rt_sigaction
sys_enter_rt_sigaction
sys_enter_rt_sigaction
sys_enter_rt_sigaction
sys_enter_rt_sigaction
sys_enter_rt_sigaction
sys_enter_rt_sigaction
sys_enter_rt_sigaction
sys_enter_rt_sigaction
sys_enter_rt_sigaction
sys_enter_rt_sigaction
sys_enter_rt_sigaction
sys_enter_rt_sigaction
sys_enter_rt_sigaction
sys_enter_rt_sigaction
sys_enter_rt_sigaction
sys_enter_rt_sigaction
sys_enter_rt_sigaction
sys_enter_rt_sigaction
sys_enter_rt_sigaction
sys_enter_rt_sigaction
sys_enter_rt_sigaction
sys_enter_rt_sigaction
sys_enter_rt_sigaction
sys_enter_rt_sigaction
sys_enter_rt_sigaction
sys_enter_rt_sigprocmask
sys_enter_clone
sys_enter_rt_sigprocmask
sys_enter_gettid
sys_enter_sigaltstack
sys_enter_sigaltstack
sys_enter_gettid
sys_enter_rt_sigprocmask
sys_enter_rt_sigprocmask
sys_enter_clone
sys_enter_rt_sigprocmask
sys_enter_gettid
sys_enter_sigaltstack
sys_enter_sigaltstack
sys_enter_gettid
sys_enter_rt_sigprocmask
sys_enter_rt_sigprocmask
sys_enter_clone
sys_enter_rt_sigprocmask
sys_enter_futex
sys_enter_rt_sigprocmask
sys_enter_clone
sys_enter_gettid
sys_enter_sigaltstack
sys_enter_sigaltstack
sys_enter_gettid
sys_enter_rt_sigprocmask
sys_enter_rt_sigprocmask
sys_enter_futex
sys_enter_gettid
sys_enter_futex
sys_enter_futex
sys_enter_sigaltstack
sys_enter_sigaltstack
sys_enter_gettid
sys_enter_rt_sigprocmask
sys_enter_futex
sys_enter_futex
sys_enter_mmap
sys_enter_futex
sys_enter_futex
sys_enter_futex
sys_enter_openat
sys_enter_read
sys_enter_read
sys_enter_close
sys_enter_socket
sys_enter_close
sys_enter_socket
sys_enter_setsockopt
sys_enter_bind
sys_enter_socket
sys_enter_setsockopt
sys_enter_bind
sys_enter_close
sys_enter_close
sys_enter_getpid
sys_enter_getppid
sys_enter_mmap
sys_enter_mmap
sys_enter_getppid
sys_enter_openat
sys_enter_pipe2
sys_enter_getpid
sys_enter_clone
sys_enter_setsid
sys_enter_close
sys_enter_read
sys_enter_chdir
sys_enter_execve
sys_enter_close
sys_enter_exit_group
sys_enter_mmap
sys_enter_mmap
sys_enter_mprotect
sys_enter_mmap
sys_enter_mmap
sys_enter_mprotect
sys_enter_mmap
sys_enter_mprotect
sys_enter_mmap
sys_enter_mprotect
sys_enter_mmap
sys_enter_mmap
sys_enter_close
sys_enter_munmap
sys_enter_sched_getaffinity
sys_enter_mmap
sys_enter_munmap
sys_enter_mmap
sys_enter_mmap
sys_enter_mmap
sys_enter_mmap
sys_enter_mmap
sys_enter_mmap
sys_enter_rt_sigprocmask
sys_enter_sigaltstack
sys_enter_sigaltstack
sys_enter_gettid
sys_enter_rt_sigprocmask
sys_enter_rt_sigaction
sys_enter_rt_sigaction
sys_enter_rt_sigaction
sys_enter_rt_sigaction
sys_enter_rt_sigaction
sys_enter_rt_sigaction
sys_enter_rt_sigaction
sys_enter_rt_sigaction
sys_enter_rt_sigaction
sys_enter_rt_sigaction
sys_enter_rt_sigaction
sys_enter_rt_sigaction
sys_enter_rt_sigaction
sys_enter_rt_sigaction
sys_enter_rt_sigaction
sys_enter_rt_sigaction
sys_enter_rt_sigaction
sys_enter_rt_sigaction
sys_enter_rt_sigaction
sys_enter_rt_sigaction
sys_enter_rt_sigaction
sys_enter_rt_sigaction
sys_enter_rt_sigaction
sys_enter_rt_sigaction
sys_enter_rt_sigaction
sys_enter_rt_sigaction
sys_enter_rt_sigaction
sys_enter_rt_sigaction
sys_enter_rt_sigaction
sys_enter_rt_sigaction
sys_enter_rt_sigaction
sys_enter_rt_sigaction
sys_enter_rt_sigaction
sys_enter_rt_sigaction
sys_enter_rt_sigaction
sys_enter_rt_sigaction
sys_enter_rt_sigaction
sys_enter_rt_sigaction
sys_enter_rt_sigaction
sys_enter_rt_sigaction
sys_enter_rt_sigaction
sys_enter_rt_sigaction
sys_enter_rt_sigaction
sys_enter_rt_sigaction
sys_enter_rt_sigaction
sys_enter_rt_sigaction
sys_enter_rt_sigaction
sys_enter_rt_sigaction
sys_enter_rt_sigaction
sys_enter_rt_sigaction
sys_enter_rt_sigaction
sys_enter_rt_sigaction
sys_enter_rt_sigaction
sys_enter_rt_sigaction
sys_enter_rt_sigaction
sys_enter_rt_sigaction
sys_enter_rt_sigaction
sys_enter_rt_sigaction
sys_enter_rt_sigaction
sys_enter_rt_sigaction
sys_enter_rt_sigaction
sys_enter_rt_sigaction
sys_enter_rt_sigaction
sys_enter_rt_sigaction
sys_enter_rt_sigaction
sys_enter_rt_sigaction
sys_enter_rt_sigaction
sys_enter_rt_sigaction
sys_enter_rt_sigaction
sys_enter_rt_sigaction
sys_enter_rt_sigaction
sys_enter_rt_sigaction
sys_enter_rt_sigaction
sys_enter_rt_sigaction
sys_enter_rt_sigaction
sys_enter_rt_sigaction
sys_enter_rt_sigaction
sys_enter_rt_sigaction
sys_enter_rt_sigaction
sys_enter_rt_sigaction
sys_enter_rt_sigaction
sys_enter_rt_sigaction
sys_enter_rt_sigaction
sys_enter_rt_sigaction
sys_enter_rt_sigaction
sys_enter_rt_sigaction
sys_enter_rt_sigaction
sys_enter_rt_sigaction
sys_enter_rt_sigaction
sys_enter_rt_sigaction
sys_enter_rt_sigaction
sys_enter_rt_sigaction
sys_enter_rt_sigaction
sys_enter_rt_sigaction
sys_enter_rt_sigaction
sys_enter_rt_sigaction
sys_enter_rt_sigaction
sys_enter_rt_sigaction
sys_enter_rt_sigaction
sys_enter_rt_sigaction
sys_enter_rt_sigaction
sys_enter_rt_sigaction
sys_enter_rt_sigaction
sys_enter_rt_sigaction
sys_enter_rt_sigaction
sys_enter_rt_sigaction
sys_enter_rt_sigaction
sys_enter_rt_sigaction
sys_enter_rt_sigaction
sys_enter_rt_sigaction
sys_enter_rt_sigaction
sys_enter_rt_sigaction
sys_enter_rt_sigaction
sys_enter_rt_sigaction
sys_enter_rt_sigprocmask
sys_enter_clone
sys_enter_rt_sigprocmask
sys_enter_gettid
sys_enter_sigaltstack
sys_enter_sigaltstack
sys_enter_gettid
sys_enter_rt_sigprocmask
sys_enter_rt_sigprocmask
sys_enter_clone
sys_enter_rt_sigprocmask
sys_enter_gettid
sys_enter_sigaltstack
sys_enter_sigaltstack
sys_enter_gettid
sys_enter_rt_sigprocmask
sys_enter_rt_sigprocmask
sys_enter_clone
sys_enter_rt_sigprocmask
sys_enter_clone
sys_enter_rt_sigprocmask
sys_enter_futex
sys_enter_gettid
sys_enter_sigaltstack
sys_enter_sigaltstack
sys_enter_gettid
sys_enter_rt_sigprocmask
sys_enter_rt_sigprocmask
sys_enter_gettid
sys_enter_futex
sys_enter_sigaltstack
sys_enter_sigaltstack
sys_enter_gettid
sys_enter_rt_sigprocmask
sys_enter_futex
sys_enter_futex
sys_enter_futex
sys_enter_futex
sys_enter_mmap
sys_enter_futex
sys_enter_futex
sys_enter_futex
sys_enter_openat
sys_enter_read
sys_enter_read
sys_enter_close
sys_enter_socket
sys_enter_close
sys_enter_socket
sys_enter_setsockopt
sys_enter_bind
sys_enter_socket
sys_enter_setsockopt
sys_enter_bind
sys_enter_close
sys_enter_close
sys_enter_getpid
sys_enter_getppid
sys_enter_mmap
sys_enter_mmap
sys_enter_getppid
sys_enter_openat
sys_enter_pipe2
sys_enter_getpid
sys_enter_clone
sys_enter_setsid
sys_enter_close
sys_enter_read
sys_enter_chdir
sys_enter_execve
sys_enter_close
sys_enter_exit_group
sys_enter_mmap
sys_enter_mmap
sys_enter_mprotect
sys_enter_mmap
sys_enter_mmap
sys_enter_mprotect
sys_enter_mmap
sys_enter_mprotect
sys_enter_mmap
sys_enter_mprotect
sys_enter_mmap
sys_enter_mmap
sys_enter_close
sys_enter_munmap
sys_enter_sched_getaffinity
sys_enter_mmap
sys_enter_munmap
sys_enter_mmap
sys_enter_mmap
sys_enter_mmap
sys_enter_mmap
sys_enter_mmap
sys_enter_mmap
sys_enter_rt_sigprocmask
sys_enter_sigaltstack
sys_enter_sigaltstack
sys_enter_gettid
sys_enter_rt_sigprocmask
sys_enter_rt_sigaction
sys_enter_rt_sigaction
sys_enter_rt_sigaction
sys_enter_rt_sigaction
sys_enter_rt_sigaction
sys_enter_rt_sigaction
sys_enter_rt_sigaction
sys_enter_rt_sigaction
sys_enter_rt_sigaction
sys_enter_rt_sigaction
sys_enter_rt_sigaction
sys_enter_rt_sigaction
sys_enter_rt_sigaction
sys_enter_rt_sigaction
sys_enter_rt_sigaction
sys_enter_rt_sigaction
sys_enter_rt_sigaction
sys_enter_rt_sigaction
sys_enter_rt_sigaction
sys_enter_rt_sigaction
sys_enter_rt_sigaction
sys_enter_rt_sigaction
sys_enter_rt_sigaction
sys_enter_rt_sigaction
sys_enter_rt_sigaction
sys_enter_rt_sigaction
sys_enter_rt_sigaction
sys_enter_rt_sigaction
sys_enter_rt_sigaction
sys_enter_rt_sigaction
sys_enter_rt_sigaction
sys_enter_rt_sigaction
sys_enter_rt_sigaction
sys_enter_rt_sigaction
sys_enter_rt_sigaction
sys_enter_rt_sigaction
sys_enter_rt_sigaction
sys_enter_rt_sigaction
sys_enter_rt_sigaction
sys_enter_rt_sigaction
sys_enter_rt_sigaction
sys_enter_rt_sigaction
sys_enter_rt_sigaction
sys_enter_rt_sigaction
sys_enter_rt_sigaction
sys_enter_rt_sigaction
sys_enter_rt_sigaction
sys_enter_rt_sigaction
sys_enter_rt_sigaction
sys_enter_rt_sigaction
sys_enter_rt_sigaction
sys_enter_rt_sigaction
sys_enter_rt_sigaction
sys_enter_rt_sigaction
sys_enter_rt_sigaction
sys_enter_rt_sigaction
sys_enter_rt_sigaction
sys_enter_rt_sigaction
sys_enter_rt_sigaction
sys_enter_rt_sigaction
sys_enter_rt_sigaction
sys_enter_rt_sigaction
sys_enter_rt_sigaction
sys_enter_rt_sigaction
sys_enter_rt_sigaction
sys_enter_rt_sigaction
sys_enter_rt_sigaction
sys_enter_rt_sigaction
sys_enter_rt_sigaction
sys_enter_rt_sigaction
sys_enter_rt_sigaction
sys_enter_rt_sigaction
sys_enter_rt_sigaction
sys_enter_rt_sigaction
sys_enter_rt_sigaction
sys_enter_rt_sigaction
sys_enter_rt_sigaction
sys_enter_rt_sigaction
sys_enter_rt_sigaction
sys_enter_rt_sigaction
sys_enter_rt_sigaction
sys_enter_rt_sigaction
sys_enter_rt_sigaction
sys_enter_rt_sigaction
sys_enter_rt_sigaction
sys_enter_rt_sigaction
sys_enter_rt_sigaction
sys_enter_rt_sigaction
sys_enter_rt_sigaction
sys_enter_rt_sigaction
sys_enter_rt_sigaction
sys_enter_rt_sigaction
sys_enter_rt_sigaction
sys_enter_rt_sigaction
sys_enter_rt_sigaction
sys_enter_rt_sigaction
sys_enter_rt_sigaction
sys_enter_rt_sigaction
sys_enter_rt_sigaction
sys_enter_rt_sigaction
sys_enter_rt_sigaction
sys_enter_rt_sigaction
sys_enter_rt_sigaction
sys_enter_rt_sigaction
sys_enter_rt_sigaction
sys_enter_rt_sigaction
sys_enter_rt_sigaction
sys_enter_rt_sigaction
sys_enter_rt_sigaction
sys_enter_rt_sigaction
sys_enter_rt_sigaction
sys_enter_rt_sigaction
sys_enter_rt_sigaction
sys_enter_rt_sigaction
sys_enter_rt_sigprocmask
sys_enter_clone
sys_enter_rt_sigprocmask
sys_enter_gettid
sys_enter_sigaltstack
sys_enter_sigaltstack
sys_enter_gettid
sys_enter_rt_sigprocmask
sys_enter_rt_sigprocmask
sys_enter_clone
sys_enter_rt_sigprocmask
sys_enter_gettid
sys_enter_sigaltstack
sys_enter_sigaltstack
sys_enter_rt_sigprocmask
sys_enter_clone
sys_enter_gettid
sys_enter_rt_sigprocmask
sys_enter_rt_sigprocmask
sys_enter_futex
sys_enter_gettid
sys_enter_sigaltstack
sys_enter_sigaltstack
sys_enter_gettid
sys_enter_rt_sigprocmask
sys_enter_clone
sys_enter_rt_sigprocmask
sys_enter_futex
sys_enter_futex
sys_enter_rt_sigprocmask
sys_enter_futex
sys_enter_gettid
sys_enter_sigaltstack
sys_enter_sigaltstack
sys_enter_gettid
sys_enter_rt_sigprocmask
sys_enter_futex
sys_enter_futex
sys_enter_mmap
sys_enter_futex
sys_enter_futex
sys_enter_futex
sys_enter_openat
sys_enter_read
sys_enter_read
sys_enter_close
sys_enter_socket
sys_enter_close
sys_enter_socket
sys_enter_setsockopt
sys_enter_bind
sys_enter_socket
sys_enter_setsockopt
sys_enter_bind
sys_enter_close
sys_enter_close
sys_enter_getpid
sys_enter_getppid
sys_enter_mmap
sys_enter_mmap
sys_enter_getppid
sys_enter_openat
sys_enter_pipe2
sys_enter_getpid
sys_enter_clone
sys_enter_setsid
sys_enter_close
sys_enter_read
sys_enter_chdir
sys_enter_execve
sys_enter_close
sys_enter_exit_group
sys_enter_mmap
sys_enter_mmap
sys_enter_mprotect
sys_enter_mmap
sys_enter_mmap
sys_enter_mprotect
sys_enter_mmap
sys_enter_mprotect
sys_enter_mmap
sys_enter_mprotect
sys_enter_mmap
sys_enter_mmap
sys_enter_close
sys_enter_munmap
sys_enter_sched_getaffinity
sys_enter_mmap
sys_enter_munmap
sys_enter_mmap
sys_enter_mmap
sys_enter_mmap
sys_enter_mmap
sys_enter_mmap
sys_enter_mmap
sys_enter_rt_sigprocmask
sys_enter_sigaltstack
sys_enter_sigaltstack
sys_enter_gettid
sys_enter_rt_sigprocmask
sys_enter_rt_sigaction
sys_enter_rt_sigaction
sys_enter_rt_sigaction
sys_enter_rt_sigaction
sys_enter_rt_sigaction
sys_enter_rt_sigaction
sys_enter_rt_sigaction
sys_enter_rt_sigaction
sys_enter_rt_sigaction
sys_enter_rt_sigaction
sys_enter_rt_sigaction
sys_enter_rt_sigaction
sys_enter_rt_sigaction
sys_enter_rt_sigaction
sys_enter_rt_sigaction
sys_enter_rt_sigaction
sys_enter_rt_sigaction
sys_enter_rt_sigaction
sys_enter_rt_sigaction
sys_enter_rt_sigaction
sys_enter_rt_sigaction
sys_enter_rt_sigaction
sys_enter_rt_sigaction
sys_enter_rt_sigaction
sys_enter_rt_sigaction
sys_enter_rt_sigaction
sys_enter_rt_sigaction
sys_enter_rt_sigaction
sys_enter_rt_sigaction
sys_enter_rt_sigaction
sys_enter_rt_sigaction
sys_enter_rt_sigaction
sys_enter_rt_sigaction
sys_enter_rt_sigaction
sys_enter_rt_sigaction
sys_enter_rt_sigaction
sys_enter_rt_sigaction
sys_enter_rt_sigaction
sys_enter_rt_sigaction
sys_enter_rt_sigaction
sys_enter_rt_sigaction
sys_enter_rt_sigaction
sys_enter_rt_sigaction
sys_enter_rt_sigaction
sys_enter_rt_sigaction
sys_enter_rt_sigaction
sys_enter_rt_sigaction
sys_enter_rt_sigaction
sys_enter_rt_sigaction
sys_enter_rt_sigaction
sys_enter_rt_sigaction
sys_enter_rt_sigaction
sys_enter_rt_sigaction
sys_enter_rt_sigaction
sys_enter_rt_sigaction
sys_enter_rt_sigaction
sys_enter_rt_sigaction
sys_enter_rt_sigaction
sys_enter_rt_sigaction
sys_enter_rt_sigaction
sys_enter_rt_sigaction
sys_enter_rt_sigaction
sys_enter_rt_sigaction
sys_enter_rt_sigaction
sys_enter_rt_sigaction
sys_enter_rt_sigaction
sys_enter_rt_sigaction
sys_enter_rt_sigaction
sys_enter_rt_sigaction
sys_enter_rt_sigaction
sys_enter_rt_sigaction
sys_enter_rt_sigaction
sys_enter_rt_sigaction
sys_enter_rt_sigaction
sys_enter_rt_sigaction
sys_enter_rt_sigaction
sys_enter_rt_sigaction
sys_enter_rt_sigaction
sys_enter_rt_sigaction
sys_enter_rt_sigaction
sys_enter_rt_sigaction
sys_enter_rt_sigaction
sys_enter_rt_sigaction
sys_enter_rt_sigaction
sys_enter_rt_sigaction
sys_enter_rt_sigaction
sys_enter_rt_sigaction
sys_enter_rt_sigaction
sys_enter_rt_sigaction
sys_enter_rt_sigaction
sys_enter_rt_sigaction
sys_enter_rt_sigaction
sys_enter_rt_sigaction
sys_enter_rt_sigaction
sys_enter_rt_sigaction
sys_enter_rt_sigaction
sys_enter_rt_sigaction
sys_enter_rt_sigaction
sys_enter_rt_sigaction
sys_enter_rt_sigaction
sys_enter_rt_sigaction
sys_enter_rt_sigaction
sys_enter_rt_sigaction
sys_enter_rt_sigaction
sys_enter_rt_sigaction
sys_enter_rt_sigaction
sys_enter_rt_sigaction
sys_enter_rt_sigaction
sys_enter_rt_sigaction
sys_enter_rt_sigaction
sys_enter_rt_sigaction
sys_enter_rt_sigaction
sys_enter_rt_sigaction
sys_enter_rt_sigaction
sys_enter_rt_sigprocmask
sys_enter_clone
sys_enter_rt_sigprocmask
sys_enter_gettid
sys_enter_sigaltstack
sys_enter_sigaltstack
sys_enter_gettid
sys_enter_rt_sigprocmask
sys_enter_rt_sigprocmask
sys_enter_clone
sys_enter_rt_sigprocmask
sys_enter_gettid
sys_enter_sigaltstack
sys_enter_sigaltstack
sys_enter_gettid
sys_enter_rt_sigprocmask
sys_enter_rt_sigprocmask
sys_enter_clone
sys_enter_rt_sigprocmask
sys_enter_futex
sys_enter_rt_sigprocmask
sys_enter_clone
sys_enter_gettid
sys_enter_sigaltstack
sys_enter_sigaltstack
sys_enter_gettid
sys_enter_rt_sigprocmask
sys_enter_rt_sigprocmask
sys_enter_gettid
sys_enter_futex
sys_enter_sigaltstack
sys_enter_sigaltstack
sys_enter_gettid
sys_enter_futex
sys_enter_rt_sigprocmask
sys_enter_futex
sys_enter_futex
sys_enter_futex
sys_enter_mmap
sys_enter_futex
sys_enter_futex
sys_enter_futex
sys_enter_openat
sys_enter_read
sys_enter_read
sys_enter_close
sys_enter_socket
sys_enter_close
sys_enter_socket
sys_enter_setsockopt
sys_enter_bind
sys_enter_socket
sys_enter_setsockopt
sys_enter_bind
sys_enter_close
sys_enter_close
sys_enter_getpid
sys_enter_getppid
sys_enter_mmap
sys_enter_mmap
sys_enter_getppid
sys_enter_openat
sys_enter_pipe2
sys_enter_getpid
sys_enter_clone
sys_enter_setsid
sys_enter_close
sys_enter_read
sys_enter_chdir
sys_enter_execve
sys_enter_close
sys_enter_exit_group
sys_enter_mmap
sys_enter_mmap
sys_enter_mprotect
sys_enter_mmap
sys_enter_mmap
sys_enter_mprotect
sys_enter_mmap
sys_enter_mprotect
sys_enter_mmap
sys_enter_mprotect
sys_enter_mmap
sys_enter_mmap
sys_enter_close
sys_enter_munmap
sys_enter_sched_getaffinity
sys_enter_mmap
sys_enter_munmap
sys_enter_mmap
sys_enter_mmap
sys_enter_mmap
sys_enter_mmap
sys_enter_mmap
sys_enter_mmap
sys_enter_rt_sigprocmask
sys_enter_sigaltstack
sys_enter_sigaltstack
sys_enter_gettid
sys_enter_rt_sigprocmask
sys_enter_rt_sigaction
sys_enter_rt_sigaction
sys_enter_rt_sigaction
sys_enter_rt_sigaction
sys_enter_rt_sigaction
sys_enter_rt_sigaction
sys_enter_rt_sigaction
sys_enter_rt_sigaction
sys_enter_rt_sigaction
sys_enter_rt_sigaction
sys_enter_rt_sigaction
sys_enter_rt_sigaction
sys_enter_rt_sigaction
sys_enter_rt_sigaction
sys_enter_rt_sigaction
sys_enter_rt_sigaction
sys_enter_rt_sigaction
sys_enter_rt_sigaction
sys_enter_rt_sigaction
sys_enter_rt_sigaction
sys_enter_rt_sigaction
sys_enter_rt_sigaction
sys_enter_rt_sigaction
sys_enter_rt_sigaction
sys_enter_rt_sigaction
sys_enter_rt_sigaction
sys_enter_rt_sigaction
sys_enter_rt_sigaction
sys_enter_rt_sigaction
sys_enter_rt_sigaction
sys_enter_rt_sigaction
sys_enter_rt_sigaction
sys_enter_rt_sigaction
sys_enter_rt_sigaction
sys_enter_rt_sigaction
sys_enter_rt_sigaction
sys_enter_rt_sigaction
sys_enter_rt_sigaction
sys_enter_rt_sigaction
sys_enter_rt_sigaction
sys_enter_rt_sigaction
sys_enter_rt_sigaction
sys_enter_rt_sigaction
sys_enter_rt_sigaction
sys_enter_rt_sigaction
sys_enter_rt_sigaction
sys_enter_rt_sigaction
sys_enter_rt_sigaction
sys_enter_rt_sigaction
sys_enter_rt_sigaction
sys_enter_rt_sigaction
sys_enter_rt_sigaction
sys_enter_rt_sigaction
sys_enter_rt_sigaction
sys_enter_rt_sigaction
sys_enter_rt_sigaction
sys_enter_rt_sigaction
sys_enter_rt_sigaction
sys_enter_rt_sigaction
sys_enter_rt_sigaction
sys_enter_rt_sigaction
sys_enter_rt_sigaction
sys_enter_rt_sigaction
sys_enter_rt_sigaction
sys_enter_rt_sigaction
sys_enter_rt_sigaction
sys_enter_rt_sigaction
sys_enter_rt_sigaction
sys_enter_rt_sigaction
sys_enter_rt_sigaction
sys_enter_rt_sigaction
sys_enter_rt_sigaction
sys_enter_rt_sigaction
sys_enter_rt_sigaction
sys_enter_rt_sigaction
sys_enter_rt_sigaction
sys_enter_rt_sigaction
sys_enter_rt_sigaction
sys_enter_rt_sigaction
sys_enter_rt_sigaction
sys_enter_rt_sigaction
sys_enter_rt_sigaction
sys_enter_rt_sigaction
sys_enter_rt_sigaction
sys_enter_rt_sigaction
sys_enter_rt_sigaction
sys_enter_rt_sigaction
sys_enter_rt_sigaction
sys_enter_rt_sigaction
sys_enter_rt_sigaction
sys_enter_rt_sigaction
sys_enter_rt_sigaction
sys_enter_rt_sigaction
sys_enter_rt_sigaction
sys_enter_rt_sigaction
sys_enter_rt_sigaction
sys_enter_rt_sigaction
sys_enter_rt_sigaction
sys_enter_rt_sigaction
sys_enter_rt_sigaction
sys_enter_rt_sigaction
sys_enter_rt_sigaction
sys_enter_rt_sigaction
sys_enter_rt_sigaction
sys_enter_rt_sigaction
sys_enter_rt_sigaction
sys_enter_rt_sigaction
sys_enter_rt_sigaction
sys_enter_rt_sigaction
sys_enter_rt_sigaction
sys_enter_rt_sigaction
sys_enter_rt_sigaction
sys_enter_rt_sigaction
sys_enter_rt_sigaction
sys_enter_rt_sigprocmask
sys_enter_clone
sys_enter_rt_sigprocmask
sys_enter_gettid
sys_enter_sigaltstack
sys_enter_sigaltstack
sys_enter_gettid
sys_enter_rt_sigprocmask
sys_enter_rt_sigprocmask
sys_enter_clone
sys_enter_rt_sigprocmask
sys_enter_gettid
sys_enter_sigaltstack
sys_enter_sigaltstack
sys_enter_rt_sigprocmask
sys_enter_clone
sys_enter_gettid
sys_enter_rt_sigprocmask
sys_enter_rt_sigprocmask
sys_enter_futex
sys_enter_rt_sigprocmask
sys_enter_clone
sys_enter_rt_sigprocmask
sys_enter_gettid
sys_enter_sigaltstack
sys_enter_sigaltstack
sys_enter_gettid
sys_enter_rt_sigprocmask
sys_enter_futex
sys_enter_futex
sys_enter_futex
sys_enter_gettid
sys_enter_sigaltstack
sys_enter_sigaltstack
sys_enter_gettid
sys_enter_rt_sigprocmask
sys_enter_futex
sys_enter_futex
sys_enter_mmap
sys_enter_futex
sys_enter_futex
sys_enter_futex
sys_enter_openat
sys_enter_read
sys_enter_read
sys_enter_close
sys_enter_socket
sys_enter_close
sys_enter_socket
sys_enter_setsockopt
sys_enter_bind
sys_enter_socket
sys_enter_setsockopt
sys_enter_bind
sys_enter_close
sys_enter_close
sys_enter_getpid
sys_enter_getppid
sys_enter_mmap
sys_enter_mmap
sys_enter_mmap
sys_enter_getppid
sys_enter_openat
sys_enter_pipe2
sys_enter_getpid
sys_enter_clone
sys_enter_setsid
sys_enter_close
sys_enter_read
sys_enter_chdir
sys_enter_execve
sys_enter_close
sys_enter_mmap
sys_enter_mmap
sys_enter_exit_group
sys_enter_mprotect
sys_enter_mmap
sys_enter_mmap
sys_enter_mprotect
sys_enter_mmap
sys_enter_mprotect
sys_enter_mmap
sys_enter_mprotect
sys_enter_mmap
sys_enter_mmap
sys_enter_close
sys_enter_munmap
sys_enter_sched_getaffinity
sys_enter_mmap
sys_enter_munmap
sys_enter_mmap
sys_enter_mmap
sys_enter_mmap
sys_enter_mmap
sys_enter_mmap
sys_enter_mmap
sys_enter_rt_sigprocmask
sys_enter_sigaltstack
sys_enter_sigaltstack
sys_enter_gettid
sys_enter_rt_sigprocmask
sys_enter_rt_sigaction
sys_enter_rt_sigaction
sys_enter_rt_sigaction
sys_enter_rt_sigaction
sys_enter_rt_sigaction
sys_enter_rt_sigaction
sys_enter_rt_sigaction
sys_enter_rt_sigaction
sys_enter_rt_sigaction
sys_enter_rt_sigaction
sys_enter_rt_sigaction
sys_enter_rt_sigaction
sys_enter_rt_sigaction
sys_enter_rt_sigaction
sys_enter_rt_sigaction
sys_enter_rt_sigaction
sys_enter_rt_sigaction
sys_enter_rt_sigaction
sys_enter_rt_sigaction
sys_enter_rt_sigaction
sys_enter_rt_sigaction
sys_enter_rt_sigaction
sys_enter_rt_sigaction
sys_enter_rt_sigaction
sys_enter_rt_sigaction
sys_enter_rt_sigaction
sys_enter_rt_sigaction
sys_enter_rt_sigaction
sys_enter_rt_sigaction
sys_enter_rt_sigaction
sys_enter_rt_sigaction
sys_enter_rt_sigaction
sys_enter_rt_sigaction
sys_enter_rt_sigaction
sys_enter_rt_sigaction
sys_enter_rt_sigaction
sys_enter_rt_sigaction
sys_enter_rt_sigaction
sys_enter_rt_sigaction
sys_enter_rt_sigaction
sys_enter_rt_sigaction
sys_enter_rt_sigaction
sys_enter_rt_sigaction
sys_enter_rt_sigaction
sys_enter_rt_sigaction
sys_enter_rt_sigaction
sys_enter_rt_sigaction
sys_enter_rt_sigaction
sys_enter_rt_sigaction
sys_enter_rt_sigaction
sys_enter_rt_sigaction
sys_enter_rt_sigaction
sys_enter_rt_sigaction
sys_enter_rt_sigaction
sys_enter_rt_sigaction
sys_enter_rt_sigaction
sys_enter_rt_sigaction
sys_enter_rt_sigaction
sys_enter_rt_sigaction
sys_enter_rt_sigaction
sys_enter_rt_sigaction
sys_enter_rt_sigaction
sys_enter_rt_sigaction
sys_enter_rt_sigaction
sys_enter_rt_sigaction
sys_enter_rt_sigaction
sys_enter_rt_sigaction
sys_enter_rt_sigaction
sys_enter_rt_sigaction
sys_enter_rt_sigaction
sys_enter_rt_sigaction
sys_enter_rt_sigaction
sys_enter_rt_sigaction
sys_enter_rt_sigaction
sys_enter_rt_sigaction
sys_enter_rt_sigaction
sys_enter_rt_sigaction
sys_enter_rt_sigaction
sys_enter_rt_sigaction
sys_enter_rt_sigaction
sys_enter_rt_sigaction
sys_enter_rt_sigaction
sys_enter_rt_sigaction
sys_enter_rt_sigaction
sys_enter_rt_sigaction
sys_enter_rt_sigaction
sys_enter_rt_sigaction
sys_enter_rt_sigaction
sys_enter_rt_sigaction
sys_enter_rt_sigaction
sys_enter_rt_sigaction
sys_enter_rt_sigaction
sys_enter_rt_sigaction
sys_enter_rt_sigaction
sys_enter_rt_sigaction
sys_enter_rt_sigaction
sys_enter_rt_sigaction
sys_enter_rt_sigaction
sys_enter_rt_sigaction
sys_enter_rt_sigaction
sys_enter_rt_sigaction
sys_enter_rt_sigaction
sys_enter_rt_sigaction
sys_enter_rt_sigaction
sys_enter_rt_sigaction
sys_enter_rt_sigaction
sys_enter_rt_sigaction
sys_enter_rt_sigaction
sys_enter_rt_sigaction
sys_enter_rt_sigaction
sys_enter_rt_sigaction
sys_enter_rt_sigaction
sys_enter_rt_sigaction
sys_enter_rt_sigaction
sys_enter_rt_sigprocmask
sys_enter_clone
sys_enter_rt_sigprocmask
sys_enter_gettid
sys_enter_sigaltstack
sys_enter_sigaltstack
sys_enter_gettid
sys_enter_rt_sigprocmask
sys_enter_rt_sigprocmask
sys_enter_clone
sys_enter_rt_sigprocmask
sys_enter_rt_sigprocmask
sys_enter_clone
sys_enter_gettid
sys_enter_sigaltstack
sys_enter_sigaltstack
sys_enter_gettid
sys_enter_rt_sigprocmask
sys_enter_rt_sigprocmask
sys_enter_futex
sys_enter_rt_sigprocmask
sys_enter_clone
sys_enter_gettid
sys_enter_sigaltstack
sys_enter_sigaltstack
sys_enter_gettid
sys_enter_rt_sigprocmask
sys_enter_futex
sys_enter_futex
sys_enter_rt_sigprocmask
sys_enter_gettid
sys_enter_sigaltstack
sys_enter_sigaltstack
sys_enter_gettid
sys_enter_rt_sigprocmask
sys_enter_futex
sys_enter_mmap
sys_enter_futex
sys_enter_futex
sys_enter_futex
sys_enter_openat
sys_enter_read
sys_enter_read
sys_enter_close
sys_enter_socket
sys_enter_close
sys_enter_socket
sys_enter_setsockopt
sys_enter_bind
sys_enter_socket
sys_enter_setsockopt
sys_enter_bind
sys_enter_close
sys_enter_close
sys_enter_getpid
sys_enter_getppid
sys_enter_mmap
sys_enter_mmap
sys_enter_getppid
sys_enter_openat
sys_enter_pipe2
sys_enter_getpid
sys_enter_clone
sys_enter_setsid
sys_enter_close
sys_enter_read
sys_enter_chdir
sys_enter_execve
sys_enter_close
sys_enter_exit_group
sys_enter_mmap
sys_enter_mmap
sys_enter_mprotect
sys_enter_mmap
sys_enter_mmap
sys_enter_mprotect
sys_enter_mmap
sys_enter_mprotect
sys_enter_mmap
sys_enter_mprotect
sys_enter_mmap
sys_enter_mmap
sys_enter_close
sys_enter_munmap
sys_enter_sched_getaffinity
sys_enter_mmap
sys_enter_munmap
sys_enter_mmap
sys_enter_mmap
sys_enter_mmap
sys_enter_mmap
sys_enter_mmap
sys_enter_mmap
sys_enter_rt_sigprocmask
sys_enter_sigaltstack
sys_enter_sigaltstack
sys_enter_gettid
sys_enter_rt_sigprocmask
sys_enter_rt_sigaction
sys_enter_rt_sigaction
sys_enter_rt_sigaction
sys_enter_rt_sigaction
sys_enter_rt_sigaction
sys_enter_rt_sigaction
sys_enter_rt_sigaction
sys_enter_rt_sigaction
sys_enter_rt_sigaction
sys_enter_rt_sigaction
sys_enter_rt_sigaction
sys_enter_rt_sigaction
sys_enter_rt_sigaction
sys_enter_rt_sigaction
sys_enter_rt_sigaction
sys_enter_rt_sigaction
sys_enter_rt_sigaction
sys_enter_rt_sigaction
sys_enter_rt_sigaction
sys_enter_rt_sigaction
sys_enter_rt_sigaction
sys_enter_rt_sigaction
sys_enter_rt_sigaction
sys_enter_rt_sigaction
sys_enter_rt_sigaction
sys_enter_rt_sigaction
sys_enter_rt_sigaction
sys_enter_rt_sigaction
sys_enter_rt_sigaction
sys_enter_rt_sigaction
sys_enter_rt_sigaction
sys_enter_rt_sigaction
sys_enter_rt_sigaction
sys_enter_rt_sigaction
sys_enter_rt_sigaction
sys_enter_rt_sigaction
sys_enter_rt_sigaction
sys_enter_rt_sigaction
sys_enter_rt_sigaction
sys_enter_rt_sigaction
sys_enter_rt_sigaction
sys_enter_rt_sigaction
sys_enter_rt_sigaction
sys_enter_rt_sigaction
sys_enter_rt_sigaction
sys_enter_rt_sigaction
sys_enter_rt_sigaction
sys_enter_rt_sigaction
sys_enter_rt_sigaction
sys_enter_rt_sigaction
sys_enter_rt_sigaction
sys_enter_rt_sigaction
sys_enter_rt_sigaction
sys_enter_rt_sigaction
sys_enter_rt_sigaction
sys_enter_rt_sigaction
sys_enter_rt_sigaction
sys_enter_rt_sigaction
sys_enter_rt_sigaction
sys_enter_rt_sigaction
sys_enter_rt_sigaction
sys_enter_rt_sigaction
sys_enter_rt_sigaction
sys_enter_rt_sigaction
sys_enter_rt_sigaction
sys_enter_rt_sigaction
sys_enter_rt_sigaction
sys_enter_rt_sigaction
sys_enter_rt_sigaction
sys_enter_rt_sigaction
sys_enter_rt_sigaction
sys_enter_rt_sigaction
sys_enter_rt_sigaction
sys_enter_rt_sigaction
sys_enter_rt_sigaction
sys_enter_rt_sigaction
sys_enter_rt_sigaction
sys_enter_rt_sigaction
sys_enter_rt_sigaction
sys_enter_rt_sigaction
sys_enter_rt_sigaction
sys_enter_rt_sigaction
sys_enter_rt_sigaction
sys_enter_rt_sigaction
sys_enter_rt_sigaction
sys_enter_rt_sigaction
sys_enter_rt_sigaction
sys_enter_rt_sigaction
sys_enter_rt_sigaction
sys_enter_rt_sigaction
sys_enter_rt_sigaction
sys_enter_rt_sigaction
sys_enter_rt_sigaction
sys_enter_rt_sigaction
sys_enter_rt_sigaction
sys_enter_rt_sigaction
sys_enter_rt_sigaction
sys_enter_rt_sigaction
sys_enter_rt_sigaction
sys_enter_rt_sigaction
sys_enter_rt_sigaction
sys_enter_rt_sigaction
sys_enter_rt_sigaction
sys_enter_rt_sigaction
sys_enter_rt_sigaction
sys_enter_rt_sigaction
sys_enter_rt_sigaction
sys_enter_rt_sigaction
sys_enter_rt_sigaction
sys_enter_rt_sigaction
sys_enter_rt_sigaction
sys_enter_rt_sigaction
sys_enter_rt_sigaction
sys_enter_rt_sigaction
sys_enter_rt_sigprocmask
sys_enter_clone
sys_enter_rt_sigprocmask
sys_enter_gettid
sys_enter_sigaltstack
sys_enter_sigaltstack
sys_enter_gettid
sys_enter_rt_sigprocmask
sys_enter_rt_sigprocmask
sys_enter_clone
sys_enter_rt_sigprocmask
sys_enter_gettid
sys_enter_sigaltstack
sys_enter_sigaltstack
sys_enter_gettid
sys_enter_rt_sigprocmask
sys_enter_rt_sigprocmask
sys_enter_clone
sys_enter_rt_sigprocmask
sys_enter_futex
sys_enter_rt_sigprocmask
sys_enter_clone
sys_enter_gettid
sys_enter_sigaltstack
sys_enter_sigaltstack
sys_enter_gettid
sys_enter_rt_sigprocmask
sys_enter_rt_sigprocmask
sys_enter_futex
sys_enter_gettid
sys_enter_sigaltstack
sys_enter_sigaltstack
sys_enter_gettid
sys_enter_rt_sigprocmask
sys_enter_futex
sys_enter_futex
sys_enter_futex
sys_enter_futex
sys_enter_mmap
sys_enter_futex
sys_enter_futex
sys_enter_futex
sys_enter_openat
sys_enter_read
sys_enter_read
sys_enter_close
sys_enter_socket
sys_enter_close
sys_enter_socket
sys_enter_setsockopt
sys_enter_bind
sys_enter_socket
sys_enter_setsockopt
sys_enter_bind
sys_enter_close
sys_enter_close
sys_enter_getpid
sys_enter_getppid
sys_enter_mmap
sys_enter_mmap
sys_enter_getppid
sys_enter_openat
sys_enter_pipe2
sys_enter_getpid
sys_enter_clone
sys_enter_setsid
sys_enter_close
sys_enter_read
sys_enter_chdir
sys_enter_execve
sys_enter_close
sys_enter_mmap
sys_enter_mmap
sys_enter_exit_group
sys_enter_mprotect
sys_enter_mmap
sys_enter_mmap
sys_enter_mprotect
sys_enter_mmap
sys_enter_mprotect
sys_enter_mmap
sys_enter_mprotect
sys_enter_mmap
sys_enter_mmap
sys_enter_close
sys_enter_munmap
sys_enter_sched_getaffinity
sys_enter_mmap
sys_enter_munmap
sys_enter_mmap
sys_enter_mmap
sys_enter_mmap
sys_enter_mmap
sys_enter_mmap
sys_enter_mmap
sys_enter_rt_sigprocmask
sys_enter_sigaltstack
sys_enter_sigaltstack
sys_enter_gettid
sys_enter_rt_sigprocmask
sys_enter_rt_sigaction
sys_enter_rt_sigaction
sys_enter_rt_sigaction
sys_enter_rt_sigaction
sys_enter_rt_sigaction
sys_enter_rt_sigaction
sys_enter_rt_sigaction
sys_enter_rt_sigaction
sys_enter_rt_sigaction
sys_enter_rt_sigaction
sys_enter_rt_sigaction
sys_enter_rt_sigaction
sys_enter_rt_sigaction
sys_enter_rt_sigaction
sys_enter_rt_sigaction
sys_enter_rt_sigaction
sys_enter_rt_sigaction
sys_enter_rt_sigaction
sys_enter_rt_sigaction
sys_enter_rt_sigaction
sys_enter_rt_sigaction
sys_enter_rt_sigaction
sys_enter_rt_sigaction
sys_enter_rt_sigaction
sys_enter_rt_sigaction
sys_enter_rt_sigaction
sys_enter_rt_sigaction
sys_enter_rt_sigaction
sys_enter_rt_sigaction
sys_enter_rt_sigaction
sys_enter_rt_sigaction
sys_enter_rt_sigaction
sys_enter_rt_sigaction
sys_enter_rt_sigaction
sys_enter_rt_sigaction
sys_enter_rt_sigaction
sys_enter_rt_sigaction
sys_enter_rt_sigaction
sys_enter_rt_sigaction
sys_enter_rt_sigaction
sys_enter_rt_sigaction
sys_enter_rt_sigaction
sys_enter_rt_sigaction
sys_enter_rt_sigaction
sys_enter_rt_sigaction
sys_enter_rt_sigaction
sys_enter_rt_sigaction
sys_enter_rt_sigaction
sys_enter_rt_sigaction
sys_enter_rt_sigaction
sys_enter_rt_sigaction
sys_enter_rt_sigaction
sys_enter_rt_sigaction
sys_enter_rt_sigaction
sys_enter_rt_sigaction
sys_enter_rt_sigaction
sys_enter_rt_sigaction
sys_enter_rt_sigaction
sys_enter_rt_sigaction
sys_enter_rt_sigaction
sys_enter_rt_sigaction
sys_enter_rt_sigaction
sys_enter_rt_sigaction
sys_enter_rt_sigaction
sys_enter_rt_sigaction
sys_enter_rt_sigaction
sys_enter_rt_sigaction
sys_enter_rt_sigaction
sys_enter_rt_sigaction
sys_enter_rt_sigaction
sys_enter_rt_sigaction
sys_enter_rt_sigaction
sys_enter_rt_sigaction
sys_enter_rt_sigaction
sys_enter_rt_sigaction
sys_enter_rt_sigaction
sys_enter_rt_sigaction
sys_enter_rt_sigaction
sys_enter_rt_sigaction
sys_enter_rt_sigaction
sys_enter_rt_sigaction
sys_enter_rt_sigaction
sys_enter_rt_sigaction
sys_enter_rt_sigaction
sys_enter_rt_sigaction
sys_enter_rt_sigaction
sys_enter_rt_sigaction
sys_enter_rt_sigaction
sys_enter_rt_sigaction
sys_enter_rt_sigaction
sys_enter_rt_sigaction
sys_enter_rt_sigaction
sys_enter_rt_sigaction
sys_enter_rt_sigaction
sys_enter_rt_sigaction
sys_enter_rt_sigaction
sys_enter_rt_sigaction
sys_enter_rt_sigaction
sys_enter_rt_sigaction
sys_enter_rt_sigaction
sys_enter_rt_sigaction
sys_enter_rt_sigaction
sys_enter_rt_sigaction
sys_enter_rt_sigaction
sys_enter_rt_sigaction
sys_enter_rt_sigaction
sys_enter_rt_sigaction
sys_enter_rt_sigaction
sys_enter_rt_sigaction
sys_enter_rt_sigaction
sys_enter_rt_sigaction
sys_enter_rt_sigaction
sys_enter_rt_sigaction
sys_enter_rt_sigaction
sys_enter_rt_sigprocmask
sys_enter_clone
sys_enter_rt_sigprocmask
sys_enter_gettid
sys_enter_sigaltstack
sys_enter_sigaltstack
sys_enter_gettid
sys_enter_rt_sigprocmask
sys_enter_rt_sigprocmask
sys_enter_clone
sys_enter_rt_sigprocmask
sys_enter_gettid
sys_enter_sigaltstack
sys_enter_sigaltstack
sys_enter_rt_sigprocmask
sys_enter_clone
sys_enter_gettid
sys_enter_rt_sigprocmask
sys_enter_rt_sigprocmask
sys_enter_futex
sys_enter_rt_sigprocmask
sys_enter_clone
sys_enter_gettid
sys_enter_sigaltstack
sys_enter_sigaltstack
sys_enter_gettid
sys_enter_rt_sigprocmask
sys_enter_futex
sys_enter_futex
sys_enter_rt_sigprocmask
sys_enter_futex
sys_enter_gettid
sys_enter_sigaltstack
sys_enter_sigaltstack
sys_enter_gettid
sys_enter_rt_sigprocmask
sys_enter_futex
sys_enter_futex
sys_enter_mmap
sys_enter_futex
sys_enter_futex
sys_enter_futex
sys_enter_openat
sys_enter_futex
sys_enter_futex
sys_enter_read
sys_enter_read
sys_enter_close
sys_enter_socket
sys_enter_close
sys_enter_socket
sys_enter_setsockopt
sys_enter_bind
sys_enter_socket
sys_enter_setsockopt
sys_enter_bind
sys_enter_close
sys_enter_close
sys_enter_mmap
sys_enter_getpid
sys_enter_getppid
sys_enter_mmap
sys_enter_mmap
sys_enter_mmap
sys_enter_getppid
sys_enter_openat
sys_enter_pipe2
sys_enter_getpid
sys_enter_clone
sys_enter_setsid
sys_enter_close
sys_enter_read
sys_enter_chdir
sys_enter_execve
sys_enter_close
sys_enter_exit_group
sys_enter_mmap
sys_enter_mmap
sys_enter_mprotect
sys_enter_mmap
sys_enter_mmap
sys_enter_mprotect
sys_enter_mmap
sys_enter_mprotect
sys_enter_mmap
sys_enter_mprotect
sys_enter_mmap
sys_enter_mmap
sys_enter_close
sys_enter_munmap
sys_enter_sched_getaffinity
sys_enter_mmap
sys_enter_munmap
sys_enter_mmap
sys_enter_mmap
sys_enter_mmap
sys_enter_mmap
sys_enter_mmap
sys_enter_mmap
sys_enter_rt_sigprocmask
sys_enter_sigaltstack
sys_enter_sigaltstack
sys_enter_gettid
sys_enter_rt_sigprocmask
sys_enter_rt_sigaction
sys_enter_rt_sigaction
sys_enter_rt_sigaction
sys_enter_rt_sigaction
sys_enter_rt_sigaction
sys_enter_rt_sigaction
sys_enter_rt_sigaction
sys_enter_rt_sigaction
sys_enter_rt_sigaction
sys_enter_rt_sigaction
sys_enter_rt_sigaction
sys_enter_rt_sigaction
sys_enter_rt_sigaction
sys_enter_rt_sigaction
sys_enter_rt_sigaction
sys_enter_rt_sigaction
sys_enter_rt_sigaction
sys_enter_rt_sigaction
sys_enter_rt_sigaction
sys_enter_rt_sigaction
sys_enter_rt_sigaction
sys_enter_rt_sigaction
sys_enter_rt_sigaction
sys_enter_rt_sigaction
sys_enter_rt_sigaction
sys_enter_rt_sigaction
sys_enter_rt_sigaction
sys_enter_rt_sigaction
sys_enter_rt_sigaction
sys_enter_rt_sigaction
sys_enter_rt_sigaction
sys_enter_rt_sigaction
sys_enter_rt_sigaction
sys_enter_rt_sigaction
sys_enter_rt_sigaction
sys_enter_rt_sigaction
sys_enter_rt_sigaction
sys_enter_rt_sigaction
sys_enter_rt_sigaction
sys_enter_rt_sigaction
sys_enter_rt_sigaction
sys_enter_rt_sigaction
sys_enter_rt_sigaction
sys_enter_rt_sigaction
sys_enter_rt_sigaction
sys_enter_rt_sigaction
sys_enter_rt_sigaction
sys_enter_rt_sigaction
sys_enter_rt_sigaction
sys_enter_rt_sigaction
sys_enter_rt_sigaction
sys_enter_rt_sigaction
sys_enter_rt_sigaction
sys_enter_rt_sigaction
sys_enter_rt_sigaction
sys_enter_rt_sigaction
sys_enter_rt_sigaction
sys_enter_rt_sigaction
sys_enter_rt_sigaction
sys_enter_rt_sigaction
sys_enter_rt_sigaction
sys_enter_rt_sigaction
sys_enter_rt_sigaction
sys_enter_rt_sigaction
sys_enter_rt_sigaction
sys_enter_rt_sigaction
sys_enter_rt_sigaction
sys_enter_rt_sigaction
sys_enter_rt_sigaction
sys_enter_rt_sigaction
sys_enter_rt_sigaction
sys_enter_rt_sigaction
sys_enter_rt_sigaction
sys_enter_rt_sigaction
sys_enter_rt_sigaction
sys_enter_rt_sigaction
sys_enter_rt_sigaction
sys_enter_rt_sigaction
sys_enter_rt_sigaction
sys_enter_rt_sigaction
sys_enter_rt_sigaction
sys_enter_rt_sigaction
sys_enter_rt_sigaction
sys_enter_rt_sigaction
sys_enter_rt_sigaction
sys_enter_rt_sigaction
sys_enter_rt_sigaction
sys_enter_rt_sigaction
sys_enter_rt_sigaction
sys_enter_rt_sigaction
sys_enter_rt_sigaction
sys_enter_rt_sigaction
sys_enter_rt_sigaction
sys_enter_rt_sigaction
sys_enter_rt_sigaction
sys_enter_rt_sigaction
sys_enter_rt_sigaction
sys_enter_rt_sigaction
sys_enter_rt_sigaction
sys_enter_rt_sigaction
sys_enter_rt_sigaction
sys_enter_rt_sigaction
sys_enter_rt_sigaction
sys_enter_rt_sigaction
sys_enter_rt_sigaction
sys_enter_rt_sigaction
sys_enter_rt_sigaction
sys_enter_rt_sigaction
sys_enter_rt_sigaction
sys_enter_rt_sigaction
sys_enter_rt_sigaction
sys_enter_rt_sigaction
sys_enter_rt_sigaction
sys_enter_rt_sigaction
sys_enter_rt_sigprocmask
sys_enter_clone
sys_enter_rt_sigprocmask
sys_enter_gettid
sys_enter_sigaltstack
sys_enter_sigaltstack
sys_enter_gettid
sys_enter_rt_sigprocmask
sys_enter_rt_sigprocmask
sys_enter_clone
sys_enter_rt_sigprocmask
sys_enter_gettid
sys_enter_sigaltstack
sys_enter_sigaltstack
sys_enter_gettid
sys_enter_rt_sigprocmask
sys_enter_rt_sigprocmask
sys_enter_clone
sys_enter_rt_sigprocmask
sys_enter_futex
sys_enter_rt_sigprocmask
sys_enter_clone
sys_enter_gettid
sys_enter_rt_sigprocmask
sys_enter_gettid
sys_enter_sigaltstack
sys_enter_sigaltstack
sys_enter_gettid
sys_enter_rt_sigprocmask
sys_enter_sigaltstack
sys_enter_sigaltstack
sys_enter_gettid
sys_enter_rt_sigprocmask
sys_enter_futex
sys_enter_futex
sys_enter_futex
sys_enter_futex
sys_enter_futex
sys_enter_mmap
sys_enter_futex
sys_enter_futex
sys_enter_futex
sys_enter_openat
sys_enter_read
sys_enter_read
sys_enter_close
sys_enter_socket
sys_enter_close
sys_enter_socket
sys_enter_setsockopt
sys_enter_bind
sys_enter_socket
sys_enter_setsockopt
sys_enter_bind
sys_enter_close
sys_enter_close
sys_enter_getpid
sys_enter_getppid
sys_enter_mmap
sys_enter_mmap
sys_enter_getppid
sys_enter_openat
sys_enter_pipe2
sys_enter_getpid
sys_enter_clone
sys_enter_setsid
sys_enter_close
sys_enter_read
sys_enter_chdir
sys_enter_execve
sys_enter_close
sys_enter_exit_group
sys_enter_mmap
sys_enter_mmap
sys_enter_mprotect
sys_enter_mmap
sys_enter_mmap
sys_enter_mprotect
sys_enter_mmap
sys_enter_mprotect
sys_enter_mmap
sys_enter_mprotect
sys_enter_mmap
sys_enter_mmap
sys_enter_close
sys_enter_munmap
sys_enter_sched_getaffinity
sys_enter_mmap
sys_enter_munmap
sys_enter_mmap
sys_enter_mmap
sys_enter_mmap
sys_enter_mmap
sys_enter_mmap
sys_enter_mmap
sys_enter_rt_sigprocmask
sys_enter_sigaltstack
sys_enter_sigaltstack
sys_enter_gettid
sys_enter_rt_sigprocmask
sys_enter_rt_sigaction
sys_enter_rt_sigaction
sys_enter_rt_sigaction
sys_enter_rt_sigaction
sys_enter_rt_sigaction
sys_enter_rt_sigaction
sys_enter_rt_sigaction
sys_enter_rt_sigaction
sys_enter_rt_sigaction
sys_enter_rt_sigaction
sys_enter_rt_sigaction
sys_enter_rt_sigaction
sys_enter_rt_sigaction
sys_enter_rt_sigaction
sys_enter_rt_sigaction
sys_enter_rt_sigaction
sys_enter_rt_sigaction
sys_enter_rt_sigaction
sys_enter_rt_sigaction
sys_enter_rt_sigaction
sys_enter_rt_sigaction
sys_enter_rt_sigaction
sys_enter_rt_sigaction
sys_enter_rt_sigaction
sys_enter_rt_sigaction
sys_enter_rt_sigaction
sys_enter_rt_sigaction
sys_enter_rt_sigaction
sys_enter_rt_sigaction
sys_enter_rt_sigaction
sys_enter_rt_sigaction
sys_enter_rt_sigaction
sys_enter_rt_sigaction
sys_enter_rt_sigaction
sys_enter_rt_sigaction
sys_enter_rt_sigaction
sys_enter_rt_sigaction
sys_enter_rt_sigaction
sys_enter_rt_sigaction
sys_enter_rt_sigaction
sys_enter_rt_sigaction
sys_enter_rt_sigaction
sys_enter_rt_sigaction
sys_enter_rt_sigaction
sys_enter_rt_sigaction
sys_enter_rt_sigaction
sys_enter_rt_sigaction
sys_enter_rt_sigaction
sys_enter_rt_sigaction
sys_enter_rt_sigaction
sys_enter_rt_sigaction
sys_enter_rt_sigaction
sys_enter_rt_sigaction
sys_enter_rt_sigaction
sys_enter_rt_sigaction
sys_enter_rt_sigaction
sys_enter_rt_sigaction
sys_enter_rt_sigaction
sys_enter_rt_sigaction
sys_enter_rt_sigaction
sys_enter_rt_sigaction
sys_enter_rt_sigaction
sys_enter_rt_sigaction
sys_enter_rt_sigaction
sys_enter_rt_sigaction
sys_enter_rt_sigaction
sys_enter_rt_sigaction
sys_enter_rt_sigaction
sys_enter_rt_sigaction
sys_enter_rt_sigaction
sys_enter_rt_sigaction
sys_enter_rt_sigaction
sys_enter_rt_sigaction
sys_enter_rt_sigaction
sys_enter_rt_sigaction
sys_enter_rt_sigaction
sys_enter_rt_sigaction
sys_enter_rt_sigaction
sys_enter_rt_sigaction
sys_enter_rt_sigaction
sys_enter_rt_sigaction
sys_enter_rt_sigaction
sys_enter_rt_sigaction
sys_enter_rt_sigaction
sys_enter_rt_sigaction
sys_enter_rt_sigaction
sys_enter_rt_sigaction
sys_enter_rt_sigaction
sys_enter_rt_sigaction
sys_enter_rt_sigaction
sys_enter_rt_sigaction
sys_enter_rt_sigaction
sys_enter_rt_sigaction
sys_enter_rt_sigaction
sys_enter_rt_sigaction
sys_enter_rt_sigaction
sys_enter_rt_sigaction
sys_enter_rt_sigaction
sys_enter_rt_sigaction
sys_enter_rt_sigaction
sys_enter_rt_sigaction
sys_enter_rt_sigaction
sys_enter_rt_sigaction
sys_enter_rt_sigaction
sys_enter_rt_sigaction
sys_enter_rt_sigaction
sys_enter_rt_sigaction
sys_enter_rt_sigaction
sys_enter_rt_sigaction
sys_enter_rt_sigaction
sys_enter_rt_sigaction
sys_enter_rt_sigaction
sys_enter_rt_sigaction
sys_enter_rt_sigaction
sys_enter_rt_sigprocmask
sys_enter_clone
sys_enter_rt_sigprocmask
sys_enter_gettid
sys_enter_sigaltstack
sys_enter_sigaltstack
sys_enter_gettid
sys_enter_rt_sigprocmask
sys_enter_rt_sigprocmask
sys_enter_clone
sys_enter_rt_sigprocmask
sys_enter_gettid
sys_enter_sigaltstack
sys_enter_sigaltstack
sys_enter_gettid
sys_enter_rt_sigprocmask
sys_enter_rt_sigprocmask
sys_enter_clone
sys_enter_rt_sigprocmask
sys_enter_futex
sys_enter_gettid
sys_enter_sigaltstack
sys_enter_rt_sigprocmask
sys_enter_clone
sys_enter_sigaltstack
sys_enter_gettid
sys_enter_rt_sigprocmask
sys_enter_futex
sys_enter_rt_sigprocmask
sys_enter_gettid
sys_enter_futex
sys_enter_futex
sys_enter_sigaltstack
sys_enter_sigaltstack
sys_enter_gettid
sys_enter_rt_sigprocmask
sys_enter_futex
sys_enter_futex
sys_enter_mmap
sys_enter_futex
sys_enter_futex
sys_enter_futex
sys_enter_openat
sys_enter_read
sys_enter_read
sys_enter_close
sys_enter_socket
sys_enter_close
sys_enter_socket
sys_enter_setsockopt
sys_enter_bind
sys_enter_socket
sys_enter_setsockopt
sys_enter_bind
sys_enter_close
sys_enter_close
sys_enter_getpid
sys_enter_getppid
sys_enter_mmap
sys_enter_mmap
sys_enter_getppid
sys_enter_openat
sys_enter_pipe2
sys_enter_getpid
sys_enter_clone
sys_enter_setsid
sys_enter_close
sys_enter_chdir
sys_enter_read
sys_enter_execve
sys_enter_close
sys_enter_mmap
sys_enter_mmap
sys_enter_exit_group
sys_enter_mprotect
sys_enter_mmap
sys_enter_mmap
sys_enter_mprotect
sys_enter_mmap
sys_enter_mprotect
sys_enter_mmap
sys_enter_mprotect
sys_enter_mmap
sys_enter_mmap
sys_enter_close
sys_enter_munmap
sys_enter_sched_getaffinity
sys_enter_mmap
sys_enter_munmap
sys_enter_mmap
sys_enter_mmap
sys_enter_mmap
sys_enter_mmap
sys_enter_mmap
sys_enter_mmap
sys_enter_rt_sigprocmask
sys_enter_sigaltstack
sys_enter_sigaltstack
sys_enter_gettid
sys_enter_rt_sigprocmask
sys_enter_rt_sigaction
sys_enter_rt_sigaction
sys_enter_rt_sigaction
sys_enter_rt_sigaction
sys_enter_rt_sigaction
sys_enter_rt_sigaction
sys_enter_rt_sigaction
sys_enter_rt_sigaction
sys_enter_rt_sigaction
sys_enter_rt_sigaction
sys_enter_rt_sigaction
sys_enter_rt_sigaction
sys_enter_rt_sigaction
sys_enter_rt_sigaction
sys_enter_rt_sigaction
sys_enter_rt_sigaction
sys_enter_rt_sigaction
sys_enter_rt_sigaction
sys_enter_rt_sigaction
sys_enter_rt_sigaction
sys_enter_rt_sigaction
sys_enter_rt_sigaction
sys_enter_rt_sigaction
sys_enter_rt_sigaction
sys_enter_rt_sigaction
sys_enter_rt_sigaction
sys_enter_rt_sigaction
sys_enter_rt_sigaction
sys_enter_rt_sigaction
sys_enter_rt_sigaction
sys_enter_rt_sigaction
sys_enter_rt_sigaction
sys_enter_rt_sigaction
sys_enter_rt_sigaction
sys_enter_rt_sigaction
sys_enter_rt_sigaction
sys_enter_rt_sigaction
sys_enter_rt_sigaction
sys_enter_rt_sigaction
sys_enter_rt_sigaction
sys_enter_rt_sigaction
sys_enter_rt_sigaction
sys_enter_rt_sigaction
sys_enter_rt_sigaction
sys_enter_rt_sigaction
sys_enter_rt_sigaction
sys_enter_rt_sigaction
sys_enter_rt_sigaction
sys_enter_rt_sigaction
sys_enter_rt_sigaction
sys_enter_rt_sigaction
sys_enter_rt_sigaction
sys_enter_rt_sigaction
sys_enter_rt_sigaction
sys_enter_rt_sigaction
sys_enter_rt_sigaction
sys_enter_rt_sigaction
sys_enter_rt_sigaction
sys_enter_rt_sigaction
sys_enter_rt_sigaction
sys_enter_rt_sigaction
sys_enter_rt_sigaction
sys_enter_rt_sigaction
sys_enter_rt_sigaction
sys_enter_rt_sigaction
sys_enter_rt_sigaction
sys_enter_rt_sigaction
sys_enter_rt_sigaction
sys_enter_rt_sigaction
sys_enter_rt_sigaction
sys_enter_rt_sigaction
sys_enter_rt_sigaction
sys_enter_rt_sigaction
sys_enter_rt_sigaction
sys_enter_rt_sigaction
sys_enter_rt_sigaction
sys_enter_rt_sigaction
sys_enter_rt_sigaction
sys_enter_rt_sigaction
sys_enter_rt_sigaction
sys_enter_rt_sigaction
sys_enter_rt_sigaction
sys_enter_rt_sigaction
sys_enter_rt_sigaction
sys_enter_rt_sigaction
sys_enter_rt_sigaction
sys_enter_rt_sigaction
sys_enter_rt_sigaction
sys_enter_rt_sigaction
sys_enter_rt_sigaction
sys_enter_rt_sigaction
sys_enter_rt_sigaction
sys_enter_rt_sigaction
sys_enter_rt_sigaction
sys_enter_rt_sigaction
sys_enter_rt_sigaction
sys_enter_rt_sigaction
sys_enter_rt_sigaction
sys_enter_rt_sigaction
sys_enter_rt_sigaction
sys_enter_rt_sigaction
sys_enter_rt_sigaction
sys_enter_rt_sigaction
sys_enter_rt_sigaction
sys_enter_rt_sigaction
sys_enter_rt_sigaction
sys_enter_rt_sigaction
sys_enter_rt_sigaction
sys_enter_rt_sigaction
sys_enter_rt_sigaction
sys_enter_rt_sigaction
sys_enter_rt_sigaction
sys_enter_rt_sigaction
sys_enter_rt_sigaction
sys_enter_rt_sigprocmask
sys_enter_clone
sys_enter_rt_sigprocmask
sys_enter_gettid
sys_enter_sigaltstack
sys_enter_sigaltstack
sys_enter_gettid
sys_enter_rt_sigprocmask
sys_enter_rt_sigprocmask
sys_enter_clone
sys_enter_rt_sigprocmask
sys_enter_gettid
sys_enter_sigaltstack
sys_enter_sigaltstack
sys_enter_rt_sigprocmask
sys_enter_clone
sys_enter_gettid
sys_enter_rt_sigprocmask
sys_enter_rt_sigprocmask
sys_enter_futex
sys_enter_gettid
sys_enter_sigaltstack
sys_enter_sigaltstack
sys_enter_rt_sigprocmask
sys_enter_gettid
sys_enter_clone
sys_enter_rt_sigprocmask
sys_enter_futex
sys_enter_futex
sys_enter_rt_sigprocmask
sys_enter_futex
sys_enter_gettid
sys_enter_sigaltstack
sys_enter_sigaltstack
sys_enter_gettid
sys_enter_rt_sigprocmask
sys_enter_futex
sys_enter_futex
sys_enter_mmap
sys_enter_futex
sys_enter_futex
sys_enter_futex
sys_enter_openat
sys_enter_read
sys_enter_read
sys_enter_close
sys_enter_socket
sys_enter_close
sys_enter_socket
sys_enter_setsockopt
sys_enter_bind
sys_enter_socket
sys_enter_setsockopt
sys_enter_bind
sys_enter_close
sys_enter_close
sys_enter_getpid
sys_enter_getppid
sys_enter_mmap
sys_enter_mmap
sys_enter_getppid
sys_enter_openat
sys_enter_pipe2
sys_enter_getpid
sys_enter_clone
sys_enter_setsid
sys_enter_close
sys_enter_read
sys_enter_chdir
sys_enter_execve
sys_enter_close
sys_enter_exit_group
sys_enter_mmap
sys_enter_mmap
sys_enter_mprotect
sys_enter_mmap
sys_enter_mmap
sys_enter_mprotect
sys_enter_mmap
sys_enter_mprotect
sys_enter_mmap
sys_enter_mprotect
sys_enter_mmap
sys_enter_mmap
sys_enter_close
sys_enter_munmap
sys_enter_sched_getaffinity
sys_enter_mmap
sys_enter_munmap
sys_enter_mmap
sys_enter_mmap
sys_enter_mmap
sys_enter_mmap
sys_enter_mmap
sys_enter_mmap
sys_enter_rt_sigprocmask
sys_enter_sigaltstack
sys_enter_sigaltstack
sys_enter_gettid
sys_enter_rt_sigprocmask
sys_enter_rt_sigaction
sys_enter_rt_sigaction
sys_enter_rt_sigaction
sys_enter_rt_sigaction
sys_enter_rt_sigaction
sys_enter_rt_sigaction
sys_enter_rt_sigaction
sys_enter_rt_sigaction
sys_enter_rt_sigaction
sys_enter_rt_sigaction
sys_enter_rt_sigaction
sys_enter_rt_sigaction
sys_enter_rt_sigaction
sys_enter_rt_sigaction
sys_enter_rt_sigaction
sys_enter_rt_sigaction
sys_enter_rt_sigaction
sys_enter_rt_sigaction
sys_enter_rt_sigaction
sys_enter_rt_sigaction
sys_enter_rt_sigaction
sys_enter_rt_sigaction
sys_enter_rt_sigaction
sys_enter_rt_sigaction
sys_enter_rt_sigaction
sys_enter_rt_sigaction
sys_enter_rt_sigaction
sys_enter_rt_sigaction
sys_enter_rt_sigaction
sys_enter_rt_sigaction
sys_enter_rt_sigaction
sys_enter_rt_sigaction
sys_enter_rt_sigaction
sys_enter_rt_sigaction
sys_enter_rt_sigaction
sys_enter_rt_sigaction
sys_enter_rt_sigaction
sys_enter_rt_sigaction
sys_enter_rt_sigaction
sys_enter_rt_sigaction
sys_enter_rt_sigaction
sys_enter_rt_sigaction
sys_enter_rt_sigaction
sys_enter_rt_sigaction
sys_enter_rt_sigaction
sys_enter_rt_sigaction
sys_enter_rt_sigaction
sys_enter_rt_sigaction
sys_enter_rt_sigaction
sys_enter_rt_sigaction
sys_enter_rt_sigaction
sys_enter_rt_sigaction
sys_enter_rt_sigaction
sys_enter_rt_sigaction
sys_enter_rt_sigaction
sys_enter_rt_sigaction
sys_enter_rt_sigaction
sys_enter_rt_sigaction
sys_enter_rt_sigaction
sys_enter_rt_sigaction
sys_enter_rt_sigaction
sys_enter_rt_sigaction
sys_enter_rt_sigaction
sys_enter_rt_sigaction
sys_enter_rt_sigaction
sys_enter_rt_sigaction
sys_enter_rt_sigaction
sys_enter_rt_sigaction
sys_enter_rt_sigaction
sys_enter_rt_sigaction
sys_enter_rt_sigaction
sys_enter_rt_sigaction
sys_enter_rt_sigaction
sys_enter_rt_sigaction
sys_enter_rt_sigaction
sys_enter_rt_sigaction
sys_enter_rt_sigaction
sys_enter_rt_sigaction
sys_enter_rt_sigaction
sys_enter_rt_sigaction
sys_enter_rt_sigaction
sys_enter_rt_sigaction
sys_enter_rt_sigaction
sys_enter_rt_sigaction
sys_enter_rt_sigaction
sys_enter_rt_sigaction
sys_enter_rt_sigaction
sys_enter_rt_sigaction
sys_enter_rt_sigaction
sys_enter_rt_sigaction
sys_enter_rt_sigaction
sys_enter_rt_sigaction
sys_enter_rt_sigaction
sys_enter_rt_sigaction
sys_enter_rt_sigaction
sys_enter_rt_sigaction
sys_enter_rt_sigaction
sys_enter_rt_sigaction
sys_enter_rt_sigaction
sys_enter_rt_sigaction
sys_enter_rt_sigaction
sys_enter_rt_sigaction
sys_enter_rt_sigaction
sys_enter_rt_sigaction
sys_enter_rt_sigaction
sys_enter_rt_sigaction
sys_enter_rt_sigaction
sys_enter_rt_sigaction
sys_enter_rt_sigaction
sys_enter_rt_sigaction
sys_enter_rt_sigaction
sys_enter_rt_sigaction
sys_enter_rt_sigaction
sys_enter_rt_sigaction
sys_enter_rt_sigprocmask
sys_enter_clone
sys_enter_rt_sigprocmask
sys_enter_gettid
sys_enter_sigaltstack
sys_enter_sigaltstack
sys_enter_gettid
sys_enter_rt_sigprocmask
sys_enter_rt_sigprocmask
sys_enter_clone
sys_enter_rt_sigprocmask
sys_enter_gettid
sys_enter_sigaltstack
sys_enter_sigaltstack
sys_enter_gettid
sys_enter_rt_sigprocmask
sys_enter_rt_sigprocmask
sys_enter_clone
sys_enter_rt_sigprocmask
sys_enter_futex
sys_enter_rt_sigprocmask
sys_enter_clone
sys_enter_gettid
sys_enter_sigaltstack
sys_enter_sigaltstack
sys_enter_gettid
sys_enter_rt_sigprocmask
sys_enter_rt_sigprocmask
sys_enter_futex
sys_enter_gettid
sys_enter_futex
sys_enter_futex
sys_enter_sigaltstack
sys_enter_sigaltstack
sys_enter_gettid
sys_enter_rt_sigprocmask
sys_enter_futex
sys_enter_futex
sys_enter_mmap
sys_enter_futex
sys_enter_futex
sys_enter_futex
sys_enter_futex
sys_enter_openat
sys_enter_futex
sys_enter_read
sys_enter_read
sys_enter_close
sys_enter_socket
sys_enter_close
sys_enter_socket
sys_enter_setsockopt
sys_enter_bind
sys_enter_socket
sys_enter_setsockopt
sys_enter_bind
sys_enter_close
sys_enter_close
sys_enter_getpid
sys_enter_getppid
sys_enter_mmap
sys_enter_mmap
sys_enter_getppid
sys_enter_openat
sys_enter_pipe2
sys_enter_getpid
sys_enter_clone
sys_enter_setsid
sys_enter_close
sys_enter_read
sys_enter_chdir
sys_enter_execve
sys_enter_close
sys_enter_exit_group
sys_enter_mmap
sys_enter_mmap
sys_enter_mprotect
sys_enter_mmap
sys_enter_mmap
sys_enter_mprotect
sys_enter_mmap
sys_enter_mprotect
sys_enter_mmap
sys_enter_mprotect
sys_enter_mmap
sys_enter_mmap
sys_enter_close
sys_enter_munmap
sys_enter_sched_getaffinity
sys_enter_mmap
sys_enter_munmap
sys_enter_mmap
sys_enter_mmap
sys_enter_mmap
sys_enter_mmap
sys_enter_mmap
sys_enter_mmap
sys_enter_rt_sigprocmask
sys_enter_sigaltstack
sys_enter_sigaltstack
sys_enter_gettid
sys_enter_rt_sigprocmask
sys_enter_rt_sigaction
sys_enter_rt_sigaction
sys_enter_rt_sigaction
sys_enter_rt_sigaction
sys_enter_rt_sigaction
sys_enter_rt_sigaction
sys_enter_rt_sigaction
sys_enter_rt_sigaction
sys_enter_rt_sigaction
sys_enter_rt_sigaction
sys_enter_rt_sigaction
sys_enter_rt_sigaction
sys_enter_rt_sigaction
sys_enter_rt_sigaction
sys_enter_rt_sigaction
sys_enter_rt_sigaction
sys_enter_rt_sigaction
sys_enter_rt_sigaction
sys_enter_rt_sigaction
sys_enter_rt_sigaction
sys_enter_rt_sigaction
sys_enter_rt_sigaction
sys_enter_rt_sigaction
sys_enter_rt_sigaction
sys_enter_rt_sigaction
sys_enter_rt_sigaction
sys_enter_rt_sigaction
sys_enter_rt_sigaction
sys_enter_rt_sigaction
sys_enter_rt_sigaction
sys_enter_rt_sigaction
sys_enter_rt_sigaction
sys_enter_rt_sigaction
sys_enter_rt_sigaction
sys_enter_rt_sigaction
sys_enter_rt_sigaction
sys_enter_rt_sigaction
sys_enter_rt_sigaction
sys_enter_rt_sigaction
sys_enter_rt_sigaction
sys_enter_rt_sigaction
sys_enter_rt_sigaction
sys_enter_rt_sigaction
sys_enter_rt_sigaction
sys_enter_rt_sigaction
sys_enter_rt_sigaction
sys_enter_rt_sigaction
sys_enter_rt_sigaction
sys_enter_rt_sigaction
sys_enter_rt_sigaction
sys_enter_rt_sigaction
sys_enter_rt_sigaction
sys_enter_rt_sigaction
sys_enter_rt_sigaction
sys_enter_rt_sigaction
sys_enter_rt_sigaction
sys_enter_rt_sigaction
sys_enter_rt_sigaction
sys_enter_rt_sigaction
sys_enter_rt_sigaction
sys_enter_rt_sigaction
sys_enter_rt_sigaction
sys_enter_rt_sigaction
sys_enter_rt_sigaction
sys_enter_rt_sigaction
sys_enter_rt_sigaction
sys_enter_rt_sigaction
sys_enter_rt_sigaction
sys_enter_rt_sigaction
sys_enter_rt_sigaction
sys_enter_rt_sigaction
sys_enter_rt_sigaction
sys_enter_rt_sigaction
sys_enter_rt_sigaction
sys_enter_rt_sigaction
sys_enter_rt_sigaction
sys_enter_rt_sigaction
sys_enter_rt_sigaction
sys_enter_rt_sigaction
sys_enter_rt_sigaction
sys_enter_rt_sigaction
sys_enter_rt_sigaction
sys_enter_rt_sigaction
sys_enter_rt_sigaction
sys_enter_rt_sigaction
sys_enter_rt_sigaction
sys_enter_rt_sigaction
sys_enter_rt_sigaction
sys_enter_rt_sigaction
sys_enter_rt_sigaction
sys_enter_rt_sigaction
sys_enter_rt_sigaction
sys_enter_rt_sigaction
sys_enter_rt_sigaction
sys_enter_rt_sigaction
sys_enter_rt_sigaction
sys_enter_rt_sigaction
sys_enter_rt_sigaction
sys_enter_rt_sigaction
sys_enter_rt_sigaction
sys_enter_rt_sigaction
sys_enter_rt_sigaction
sys_enter_rt_sigaction
sys_enter_rt_sigaction
sys_enter_rt_sigaction
sys_enter_rt_sigaction
sys_enter_rt_sigaction
sys_enter_rt_sigaction
sys_enter_rt_sigaction
sys_enter_rt_sigaction
sys_enter_rt_sigaction
sys_enter_rt_sigaction
sys_enter_rt_sigaction
sys_enter_rt_sigaction
sys_enter_rt_sigprocmask
sys_enter_clone
sys_enter_rt_sigprocmask
sys_enter_gettid
sys_enter_sigaltstack
sys_enter_sigaltstack
sys_enter_gettid
sys_enter_rt_sigprocmask
sys_enter_rt_sigprocmask
sys_enter_clone
sys_enter_rt_sigprocmask
sys_enter_gettid
sys_enter_sigaltstack
sys_enter_sigaltstack
sys_enter_gettid
sys_enter_rt_sigprocmask
sys_enter_rt_sigprocmask
sys_enter_clone
sys_enter_rt_sigprocmask
sys_enter_futex
sys_enter_gettid
sys_enter_sigaltstack
sys_enter_sigaltstack
sys_enter_gettid
sys_enter_rt_sigprocmask
sys_enter_futex
sys_enter_rt_sigprocmask
sys_enter_clone
sys_enter_rt_sigprocmask
sys_enter_futex
sys_enter_futex
sys_enter_gettid
sys_enter_sigaltstack
sys_enter_sigaltstack
sys_enter_gettid
sys_enter_rt_sigprocmask
sys_enter_futex
sys_enter_futex
sys_enter_mmap
sys_enter_futex
sys_enter_futex
sys_enter_futex
sys_enter_openat
sys_enter_read
sys_enter_read
sys_enter_close
sys_enter_socket
sys_enter_close
sys_enter_socket
sys_enter_setsockopt
sys_enter_bind
sys_enter_socket
sys_enter_setsockopt
sys_enter_bind
sys_enter_close
sys_enter_close
sys_enter_getpid
sys_enter_getppid
sys_enter_mmap
sys_enter_mmap
sys_enter_getppid
sys_enter_openat
sys_enter_pipe2
sys_enter_getpid
sys_enter_clone
sys_enter_setsid
sys_enter_close
sys_enter_read
sys_enter_chdir
sys_enter_execve
sys_enter_close
sys_enter_mmap
sys_enter_mmap
sys_enter_exit_group
sys_enter_mprotect
sys_enter_mmap
sys_enter_mmap
sys_enter_mprotect
sys_enter_mmap
sys_enter_mprotect
sys_enter_mmap
sys_enter_mprotect
sys_enter_mmap
sys_enter_mmap
sys_enter_close
sys_enter_munmap
sys_enter_sched_getaffinity
sys_enter_mmap
sys_enter_munmap
sys_enter_mmap
sys_enter_mmap
sys_enter_mmap
sys_enter_mmap
sys_enter_mmap
sys_enter_mmap
sys_enter_rt_sigprocmask
sys_enter_sigaltstack
sys_enter_sigaltstack
sys_enter_gettid
sys_enter_rt_sigprocmask
sys_enter_rt_sigaction
sys_enter_rt_sigaction
sys_enter_rt_sigaction
sys_enter_rt_sigaction
sys_enter_rt_sigaction
sys_enter_rt_sigaction
sys_enter_rt_sigaction
sys_enter_rt_sigaction
sys_enter_rt_sigaction
sys_enter_rt_sigaction
sys_enter_rt_sigaction
sys_enter_rt_sigaction
sys_enter_rt_sigaction
sys_enter_rt_sigaction
sys_enter_rt_sigaction
sys_enter_rt_sigaction
sys_enter_rt_sigaction
sys_enter_rt_sigaction
sys_enter_rt_sigaction
sys_enter_rt_sigaction
sys_enter_rt_sigaction
sys_enter_rt_sigaction
sys_enter_rt_sigaction
sys_enter_rt_sigaction
sys_enter_rt_sigaction
sys_enter_rt_sigaction
sys_enter_rt_sigaction
sys_enter_rt_sigaction
sys_enter_rt_sigaction
sys_enter_rt_sigaction
sys_enter_rt_sigaction
sys_enter_rt_sigaction
sys_enter_rt_sigaction
sys_enter_rt_sigaction
sys_enter_rt_sigaction
sys_enter_rt_sigaction
sys_enter_rt_sigaction
sys_enter_rt_sigaction
sys_enter_rt_sigaction
sys_enter_rt_sigaction
sys_enter_rt_sigaction
sys_enter_rt_sigaction
sys_enter_rt_sigaction
sys_enter_rt_sigaction
sys_enter_rt_sigaction
sys_enter_rt_sigaction
sys_enter_rt_sigaction
sys_enter_rt_sigaction
sys_enter_rt_sigaction
sys_enter_rt_sigaction
sys_enter_rt_sigaction
sys_enter_rt_sigaction
sys_enter_rt_sigaction
sys_enter_rt_sigaction
sys_enter_rt_sigaction
sys_enter_rt_sigaction
sys_enter_rt_sigaction
sys_enter_rt_sigaction
sys_enter_rt_sigaction
sys_enter_rt_sigaction
sys_enter_rt_sigaction
sys_enter_rt_sigaction
sys_enter_rt_sigaction
sys_enter_rt_sigaction
sys_enter_rt_sigaction
sys_enter_rt_sigaction
sys_enter_rt_sigaction
sys_enter_rt_sigaction
sys_enter_rt_sigaction
sys_enter_rt_sigaction
sys_enter_rt_sigaction
sys_enter_rt_sigaction
sys_enter_rt_sigaction
sys_enter_rt_sigaction
sys_enter_rt_sigaction
sys_enter_rt_sigaction
sys_enter_rt_sigaction
sys_enter_rt_sigaction
sys_enter_rt_sigaction
sys_enter_rt_sigaction
sys_enter_rt_sigaction
sys_enter_rt_sigaction
sys_enter_rt_sigaction
sys_enter_rt_sigaction
sys_enter_rt_sigaction
sys_enter_rt_sigaction
sys_enter_rt_sigaction
sys_enter_rt_sigaction
sys_enter_rt_sigaction
sys_enter_rt_sigaction
sys_enter_rt_sigaction
sys_enter_rt_sigaction
sys_enter_rt_sigaction
sys_enter_rt_sigaction
sys_enter_rt_sigaction
sys_enter_rt_sigaction
sys_enter_rt_sigaction
sys_enter_rt_sigaction
sys_enter_rt_sigaction
sys_enter_rt_sigaction
sys_enter_rt_sigaction
sys_enter_rt_sigaction
sys_enter_rt_sigaction
sys_enter_rt_sigaction
sys_enter_rt_sigaction
sys_enter_rt_sigaction
sys_enter_rt_sigaction
sys_enter_rt_sigaction
sys_enter_rt_sigaction
sys_enter_rt_sigaction
sys_enter_rt_sigaction
sys_enter_rt_sigaction
sys_enter_rt_sigaction
sys_enter_rt_sigaction
sys_enter_rt_sigprocmask
sys_enter_clone
sys_enter_rt_sigprocmask
sys_enter_gettid
sys_enter_sigaltstack
sys_enter_sigaltstack
sys_enter_gettid
sys_enter_rt_sigprocmask
sys_enter_rt_sigprocmask
sys_enter_clone
sys_enter_rt_sigprocmask
sys_enter_gettid
sys_enter_sigaltstack
sys_enter_sigaltstack
sys_enter_gettid
sys_enter_rt_sigprocmask
sys_enter_clone
sys_enter_rt_sigprocmask
sys_enter_rt_sigprocmask
sys_enter_sched_yield
sys_enter_gettid
sys_enter_futex
sys_enter_sigaltstack
sys_enter_sigaltstack
sys_enter_gettid
sys_enter_futex
sys_enter_rt_sigprocmask
sys_enter_futex
sys_enter_rt_sigprocmask
sys_enter_clone
sys_enter_futex
sys_enter_rt_sigprocmask
sys_enter_futex
sys_enter_gettid
sys_enter_sigaltstack
sys_enter_sigaltstack
sys_enter_gettid
sys_enter_rt_sigprocmask
sys_enter_futex
sys_enter_futex
sys_enter_mmap
sys_enter_futex
sys_enter_futex
sys_enter_futex
sys_enter_openat
sys_enter_read
sys_enter_read
sys_enter_close
sys_enter_socket
sys_enter_close
sys_enter_socket
sys_enter_setsockopt
sys_enter_bind
sys_enter_socket
sys_enter_setsockopt
sys_enter_bind
sys_enter_close
sys_enter_close
sys_enter_getpid
sys_enter_getppid
sys_enter_mmap
sys_enter_mmap
sys_enter_getppid
sys_enter_openat
sys_enter_pipe2
sys_enter_getpid
sys_enter_clone
sys_enter_setsid
sys_enter_close
sys_enter_read
sys_enter_chdir
sys_enter_execve
sys_enter_close
sys_enter_mmap
sys_enter_exit_group
sys_enter_mmap
sys_enter_mprotect
sys_enter_mmap
sys_enter_mmap
sys_enter_mprotect
sys_enter_mmap
sys_enter_mprotect
sys_enter_mmap
sys_enter_mprotect
sys_enter_mmap
sys_enter_mmap
sys_enter_close
sys_enter_munmap
sys_enter_sched_getaffinity
sys_enter_mmap
sys_enter_munmap
sys_enter_mmap
sys_enter_mmap
sys_enter_mmap
sys_enter_mmap
sys_enter_mmap
sys_enter_mmap
sys_enter_rt_sigprocmask
sys_enter_sigaltstack
sys_enter_sigaltstack
sys_enter_gettid
sys_enter_rt_sigprocmask
sys_enter_rt_sigaction
sys_enter_rt_sigaction
sys_enter_rt_sigaction
sys_enter_rt_sigaction
sys_enter_rt_sigaction
sys_enter_rt_sigaction
sys_enter_rt_sigaction
sys_enter_rt_sigaction
sys_enter_rt_sigaction
sys_enter_rt_sigaction
sys_enter_rt_sigaction
sys_enter_rt_sigaction
sys_enter_rt_sigaction
sys_enter_rt_sigaction
sys_enter_rt_sigaction
sys_enter_rt_sigaction
sys_enter_rt_sigaction
sys_enter_rt_sigaction
sys_enter_rt_sigaction
sys_enter_rt_sigaction
sys_enter_rt_sigaction
sys_enter_rt_sigaction
sys_enter_rt_sigaction
sys_enter_rt_sigaction
sys_enter_rt_sigaction
sys_enter_rt_sigaction
sys_enter_rt_sigaction
sys_enter_rt_sigaction
sys_enter_rt_sigaction
sys_enter_rt_sigaction
sys_enter_rt_sigaction
sys_enter_rt_sigaction
sys_enter_rt_sigaction
sys_enter_rt_sigaction
sys_enter_rt_sigaction
sys_enter_rt_sigaction
sys_enter_rt_sigaction
sys_enter_rt_sigaction
sys_enter_rt_sigaction
sys_enter_rt_sigaction
sys_enter_rt_sigaction
sys_enter_rt_sigaction
sys_enter_rt_sigaction
sys_enter_rt_sigaction
sys_enter_rt_sigaction
sys_enter_rt_sigaction
sys_enter_rt_sigaction
sys_enter_rt_sigaction
sys_enter_rt_sigaction
sys_enter_rt_sigaction
sys_enter_rt_sigaction
sys_enter_rt_sigaction
sys_enter_rt_sigaction
sys_enter_rt_sigaction
sys_enter_rt_sigaction
sys_enter_rt_sigaction
sys_enter_rt_sigaction
sys_enter_rt_sigaction
sys_enter_rt_sigaction
sys_enter_rt_sigaction
sys_enter_rt_sigaction
sys_enter_rt_sigaction
sys_enter_rt_sigaction
sys_enter_rt_sigaction
sys_enter_rt_sigaction
sys_enter_rt_sigaction
sys_enter_rt_sigaction
sys_enter_rt_sigaction
sys_enter_rt_sigaction
sys_enter_rt_sigaction
sys_enter_rt_sigaction
sys_enter_rt_sigaction
sys_enter_rt_sigaction
sys_enter_rt_sigaction
sys_enter_rt_sigaction
sys_enter_rt_sigaction
sys_enter_rt_sigaction
sys_enter_rt_sigaction
sys_enter_rt_sigaction
sys_enter_rt_sigaction
sys_enter_rt_sigaction
sys_enter_rt_sigaction
sys_enter_rt_sigaction
sys_enter_rt_sigaction
sys_enter_rt_sigaction
sys_enter_rt_sigaction
sys_enter_rt_sigaction
sys_enter_rt_sigaction
sys_enter_rt_sigaction
sys_enter_rt_sigaction
sys_enter_rt_sigaction
sys_enter_rt_sigaction
sys_enter_rt_sigaction
sys_enter_rt_sigaction
sys_enter_rt_sigaction
sys_enter_rt_sigaction
sys_enter_rt_sigaction
sys_enter_rt_sigaction
sys_enter_rt_sigaction
sys_enter_rt_sigaction
sys_enter_rt_sigaction
sys_enter_rt_sigaction
sys_enter_rt_sigaction
sys_enter_rt_sigaction
sys_enter_rt_sigaction
sys_enter_rt_sigaction
sys_enter_rt_sigaction
sys_enter_rt_sigaction
sys_enter_rt_sigaction
sys_enter_rt_sigaction
sys_enter_rt_sigaction
sys_enter_rt_sigaction
sys_enter_rt_sigaction
sys_enter_rt_sigaction
sys_enter_rt_sigprocmask
sys_enter_clone
sys_enter_rt_sigprocmask
sys_enter_gettid
sys_enter_sigaltstack
sys_enter_sigaltstack
sys_enter_gettid
sys_enter_rt_sigprocmask
sys_enter_rt_sigprocmask
sys_enter_clone
sys_enter_rt_sigprocmask
sys_enter_gettid
sys_enter_sigaltstack
sys_enter_sigaltstack
sys_enter_rt_sigprocmask
sys_enter_clone
sys_enter_gettid
sys_enter_rt_sigprocmask
sys_enter_rt_sigprocmask
sys_enter_futex
sys_enter_rt_sigprocmask
sys_enter_clone
sys_enter_rt_sigprocmask
sys_enter_gettid
sys_enter_sigaltstack
sys_enter_sigaltstack
sys_enter_gettid
sys_enter_rt_sigprocmask
sys_enter_futex
sys_enter_futex
sys_enter_futex
sys_enter_gettid
sys_enter_sigaltstack
sys_enter_sigaltstack
sys_enter_gettid
sys_enter_rt_sigprocmask
sys_enter_futex
sys_enter_futex
sys_enter_mmap
sys_enter_futex
sys_enter_futex
sys_enter_futex
sys_enter_openat
sys_enter_read
sys_enter_read
sys_enter_close
sys_enter_socket
sys_enter_close
sys_enter_socket
sys_enter_setsockopt
sys_enter_bind
sys_enter_socket
sys_enter_setsockopt
sys_enter_bind
sys_enter_close
sys_enter_close
sys_enter_getpid
sys_enter_getppid
sys_enter_mmap
sys_enter_mmap
sys_enter_getppid
sys_enter_openat
sys_enter_pipe2
sys_enter_getpid
sys_enter_clone
sys_enter_setsid
sys_enter_close
sys_enter_read
sys_enter_chdir
sys_enter_execve
sys_enter_close
sys_enter_exit_group
sys_enter_mmap
sys_enter_mmap
sys_enter_mprotect
sys_enter_mmap
sys_enter_mmap
sys_enter_mprotect
sys_enter_mmap
sys_enter_mprotect
sys_enter_mmap
sys_enter_mprotect
sys_enter_mmap
sys_enter_mmap
sys_enter_close
sys_enter_munmap
sys_enter_sched_getaffinity
sys_enter_mmap
sys_enter_munmap
sys_enter_mmap
sys_enter_mmap
sys_enter_mmap
sys_enter_mmap
sys_enter_mmap
sys_enter_mmap
sys_enter_rt_sigprocmask
sys_enter_sigaltstack
sys_enter_sigaltstack
sys_enter_gettid
sys_enter_rt_sigprocmask
sys_enter_rt_sigaction
sys_enter_rt_sigaction
sys_enter_rt_sigaction
sys_enter_rt_sigaction
sys_enter_rt_sigaction
sys_enter_rt_sigaction
sys_enter_rt_sigaction
sys_enter_rt_sigaction
sys_enter_rt_sigaction
sys_enter_rt_sigaction
sys_enter_rt_sigaction
sys_enter_rt_sigaction
sys_enter_rt_sigaction
sys_enter_rt_sigaction
sys_enter_rt_sigaction
sys_enter_rt_sigaction
sys_enter_rt_sigaction
sys_enter_rt_sigaction
sys_enter_rt_sigaction
sys_enter_rt_sigaction
sys_enter_rt_sigaction
sys_enter_rt_sigaction
sys_enter_rt_sigaction
sys_enter_rt_sigaction
sys_enter_rt_sigaction
sys_enter_rt_sigaction
sys_enter_rt_sigaction
sys_enter_rt_sigaction
sys_enter_rt_sigaction
sys_enter_rt_sigaction
sys_enter_rt_sigaction
sys_enter_rt_sigaction
sys_enter_rt_sigaction
sys_enter_rt_sigaction
sys_enter_rt_sigaction
sys_enter_rt_sigaction
sys_enter_rt_sigaction
sys_enter_rt_sigaction
sys_enter_rt_sigaction
sys_enter_rt_sigaction
sys_enter_rt_sigaction
sys_enter_rt_sigaction
sys_enter_rt_sigaction
sys_enter_rt_sigaction
sys_enter_rt_sigaction
sys_enter_rt_sigaction
sys_enter_rt_sigaction
sys_enter_rt_sigaction
sys_enter_rt_sigaction
sys_enter_rt_sigaction
sys_enter_rt_sigaction
sys_enter_rt_sigaction
sys_enter_rt_sigaction
sys_enter_rt_sigaction
sys_enter_rt_sigaction
sys_enter_rt_sigaction
sys_enter_rt_sigaction
sys_enter_rt_sigaction
sys_enter_rt_sigaction
sys_enter_rt_sigaction
sys_enter_rt_sigaction
sys_enter_rt_sigaction
sys_enter_rt_sigaction
sys_enter_rt_sigaction
sys_enter_rt_sigaction
sys_enter_rt_sigaction
sys_enter_rt_sigaction
sys_enter_rt_sigaction
sys_enter_rt_sigaction
sys_enter_rt_sigaction
sys_enter_rt_sigaction
sys_enter_rt_sigaction
sys_enter_rt_sigaction
sys_enter_rt_sigaction
sys_enter_rt_sigaction
sys_enter_rt_sigaction
sys_enter_rt_sigaction
sys_enter_rt_sigaction
sys_enter_rt_sigaction
sys_enter_rt_sigaction
sys_enter_rt_sigaction
sys_enter_rt_sigaction
sys_enter_rt_sigaction
sys_enter_rt_sigaction
sys_enter_rt_sigaction
sys_enter_rt_sigaction
sys_enter_rt_sigaction
sys_enter_rt_sigaction
sys_enter_rt_sigaction
sys_enter_rt_sigaction
sys_enter_rt_sigaction
sys_enter_rt_sigaction
sys_enter_rt_sigaction
sys_enter_rt_sigaction
sys_enter_rt_sigaction
sys_enter_rt_sigaction
sys_enter_rt_sigaction
sys_enter_rt_sigaction
sys_enter_rt_sigaction
sys_enter_rt_sigaction
sys_enter_rt_sigaction
sys_enter_rt_sigaction
sys_enter_rt_sigaction
sys_enter_rt_sigaction
sys_enter_rt_sigaction
sys_enter_rt_sigaction
sys_enter_rt_sigaction
sys_enter_rt_sigaction
sys_enter_rt_sigaction
sys_enter_rt_sigaction
sys_enter_rt_sigaction
sys_enter_rt_sigaction
sys_enter_rt_sigaction
sys_enter_rt_sigaction
sys_enter_rt_sigprocmask
sys_enter_clone
sys_enter_rt_sigprocmask
sys_enter_gettid
sys_enter_sigaltstack
sys_enter_sigaltstack
sys_enter_gettid
sys_enter_rt_sigprocmask
sys_enter_rt_sigprocmask
sys_enter_clone
sys_enter_rt_sigprocmask
sys_enter_gettid
sys_enter_sigaltstack
sys_enter_sigaltstack
sys_enter_gettid
sys_enter_rt_sigprocmask
sys_enter_rt_sigprocmask
sys_enter_clone
sys_enter_rt_sigprocmask
sys_enter_futex
sys_enter_rt_sigprocmask
sys_enter_clone
sys_enter_rt_sigprocmask
sys_enter_gettid
sys_enter_sigaltstack
sys_enter_sigaltstack
sys_enter_gettid
sys_enter_rt_sigprocmask
sys_enter_futex
sys_enter_futex
sys_enter_futex
sys_enter_gettid
sys_enter_sigaltstack
sys_enter_sigaltstack
sys_enter_gettid
sys_enter_rt_sigprocmask
sys_enter_futex
sys_enter_futex
sys_enter_mmap
sys_enter_futex
sys_enter_futex
sys_enter_futex
sys_enter_openat
sys_enter_read
sys_enter_read
sys_enter_close
sys_enter_socket
sys_enter_close
sys_enter_socket
sys_enter_setsockopt
sys_enter_bind
sys_enter_socket
sys_enter_setsockopt
sys_enter_bind
sys_enter_close
sys_enter_close
sys_enter_getpid
sys_enter_getppid
sys_enter_mmap
sys_enter_mmap
sys_enter_getppid
sys_enter_openat
sys_enter_pipe2
sys_enter_getpid
sys_enter_clone
sys_enter_setsid
sys_enter_close
sys_enter_read
sys_enter_chdir
sys_enter_execve
sys_enter_close
sys_enter_mmap
sys_enter_mmap
sys_enter_exit_group
sys_enter_mprotect
sys_enter_mmap
sys_enter_mmap
sys_enter_mprotect
sys_enter_mmap
sys_enter_mprotect
sys_enter_mmap
sys_enter_mprotect
sys_enter_mmap
sys_enter_mmap
sys_enter_close
sys_enter_munmap
sys_enter_sched_getaffinity
sys_enter_mmap
sys_enter_munmap
sys_enter_mmap
sys_enter_mmap
sys_enter_mmap
sys_enter_mmap
sys_enter_mmap
sys_enter_mmap
sys_enter_rt_sigprocmask
sys_enter_sigaltstack
sys_enter_sigaltstack
sys_enter_gettid
sys_enter_rt_sigprocmask
sys_enter_rt_sigaction
sys_enter_rt_sigaction
sys_enter_rt_sigaction
sys_enter_rt_sigaction
sys_enter_rt_sigaction
sys_enter_rt_sigaction
sys_enter_rt_sigaction
sys_enter_rt_sigaction
sys_enter_rt_sigaction
sys_enter_rt_sigaction
sys_enter_rt_sigaction
sys_enter_rt_sigaction
sys_enter_rt_sigaction
sys_enter_rt_sigaction
sys_enter_rt_sigaction
sys_enter_rt_sigaction
sys_enter_rt_sigaction
sys_enter_rt_sigaction
sys_enter_rt_sigaction
sys_enter_rt_sigaction
sys_enter_rt_sigaction
sys_enter_rt_sigaction
sys_enter_rt_sigaction
sys_enter_rt_sigaction
sys_enter_rt_sigaction
sys_enter_rt_sigaction
sys_enter_rt_sigaction
sys_enter_rt_sigaction
sys_enter_rt_sigaction
sys_enter_rt_sigaction
sys_enter_rt_sigaction
sys_enter_rt_sigaction
sys_enter_rt_sigaction
sys_enter_rt_sigaction
sys_enter_rt_sigaction
sys_enter_rt_sigaction
sys_enter_rt_sigaction
sys_enter_rt_sigaction
sys_enter_rt_sigaction
sys_enter_rt_sigaction
sys_enter_rt_sigaction
sys_enter_rt_sigaction
sys_enter_rt_sigaction
sys_enter_rt_sigaction
sys_enter_rt_sigaction
sys_enter_rt_sigaction
sys_enter_rt_sigaction
sys_enter_rt_sigaction
sys_enter_rt_sigaction
sys_enter_rt_sigaction
sys_enter_rt_sigaction
sys_enter_rt_sigaction
sys_enter_rt_sigaction
sys_enter_rt_sigaction
sys_enter_rt_sigaction
sys_enter_rt_sigaction
sys_enter_rt_sigaction
sys_enter_rt_sigaction
sys_enter_rt_sigaction
sys_enter_rt_sigaction
sys_enter_rt_sigaction
sys_enter_rt_sigaction
sys_enter_rt_sigaction
sys_enter_rt_sigaction
sys_enter_rt_sigaction
sys_enter_rt_sigaction
sys_enter_rt_sigaction
sys_enter_rt_sigaction
sys_enter_rt_sigaction
sys_enter_rt_sigaction
sys_enter_rt_sigaction
sys_enter_rt_sigaction
sys_enter_rt_sigaction
sys_enter_rt_sigaction
sys_enter_rt_sigaction
sys_enter_rt_sigaction
sys_enter_rt_sigaction
sys_enter_rt_sigaction
sys_enter_rt_sigaction
sys_enter_rt_sigaction
sys_enter_rt_sigaction
sys_enter_rt_sigaction
sys_enter_rt_sigaction
sys_enter_rt_sigaction
sys_enter_rt_sigaction
sys_enter_rt_sigaction
sys_enter_rt_sigaction
sys_enter_rt_sigaction
sys_enter_rt_sigaction
sys_enter_rt_sigaction
sys_enter_rt_sigaction
sys_enter_rt_sigaction
sys_enter_rt_sigaction
sys_enter_rt_sigaction
sys_enter_rt_sigaction
sys_enter_rt_sigaction
sys_enter_rt_sigaction
sys_enter_rt_sigaction
sys_enter_rt_sigaction
sys_enter_rt_sigaction
sys_enter_rt_sigaction
sys_enter_rt_sigaction
sys_enter_rt_sigaction
sys_enter_rt_sigaction
sys_enter_rt_sigaction
sys_enter_rt_sigaction
sys_enter_rt_sigaction
sys_enter_rt_sigaction
sys_enter_rt_sigaction
sys_enter_rt_sigaction
sys_enter_rt_sigaction
sys_enter_rt_sigaction
sys_enter_rt_sigaction
sys_enter_rt_sigaction
sys_enter_rt_sigprocmask
sys_enter_clone
sys_enter_rt_sigprocmask
sys_enter_gettid
sys_enter_sigaltstack
sys_enter_sigaltstack
sys_enter_gettid
sys_enter_rt_sigprocmask
sys_enter_rt_sigprocmask
sys_enter_clone
sys_enter_rt_sigprocmask
sys_enter_gettid
sys_enter_sigaltstack
sys_enter_sigaltstack
sys_enter_gettid
sys_enter_rt_sigprocmask
sys_enter_sched_yield
sys_enter_futex
sys_enter_rt_sigprocmask
sys_enter_clone
sys_enter_rt_sigprocmask
sys_enter_clone
sys_enter_rt_sigprocmask
sys_enter_sched_yield
sys_enter_futex
sys_enter_futex
sys_enter_gettid
sys_enter_sigaltstack
sys_enter_sigaltstack
sys_enter_gettid
sys_enter_rt_sigprocmask
sys_enter_futex
sys_enter_futex
sys_enter_gettid
sys_enter_sigaltstack
sys_enter_sigaltstack
sys_enter_gettid
sys_enter_rt_sigprocmask
sys_enter_futex
sys_enter_futex
sys_enter_futex
sys_enter_rt_sigprocmask
sys_enter_futex
sys_enter_futex
sys_enter_futex
sys_enter_mmap
sys_enter_openat
sys_enter_read
sys_enter_read
sys_enter_close
sys_enter_socket
sys_enter_close
sys_enter_socket
sys_enter_setsockopt
sys_enter_bind
sys_enter_socket
sys_enter_setsockopt
sys_enter_bind
sys_enter_close
sys_enter_close
sys_enter_getpid
sys_enter_getppid
sys_enter_mmap
sys_enter_mmap
sys_enter_getppid
sys_enter_openat
sys_enter_pipe2
sys_enter_getpid
sys_enter_clone
sys_enter_setsid
sys_enter_close
sys_enter_read
sys_enter_chdir
sys_enter_execve
sys_enter_close
sys_enter_mmap
sys_enter_mmap
sys_enter_exit_group
sys_enter_mprotect
sys_enter_mmap
sys_enter_mmap
sys_enter_mprotect
sys_enter_mmap
sys_enter_mprotect
sys_enter_mmap
sys_enter_mprotect
sys_enter_mmap
sys_enter_mmap
sys_enter_close
sys_enter_munmap
sys_enter_sched_getaffinity
sys_enter_mmap
sys_enter_munmap
sys_enter_mmap
sys_enter_mmap
sys_enter_mmap
sys_enter_mmap
sys_enter_mmap
sys_enter_mmap
sys_enter_rt_sigprocmask
sys_enter_sigaltstack
sys_enter_sigaltstack
sys_enter_gettid
sys_enter_rt_sigprocmask
sys_enter_rt_sigaction
sys_enter_rt_sigaction
sys_enter_rt_sigaction
sys_enter_rt_sigaction
sys_enter_rt_sigaction
sys_enter_rt_sigaction
sys_enter_rt_sigaction
sys_enter_rt_sigaction
sys_enter_rt_sigaction
sys_enter_rt_sigaction
sys_enter_rt_sigaction
sys_enter_rt_sigaction
sys_enter_rt_sigaction
sys_enter_rt_sigaction
sys_enter_rt_sigaction
sys_enter_rt_sigaction
sys_enter_rt_sigaction
sys_enter_rt_sigaction
sys_enter_rt_sigaction
sys_enter_rt_sigaction
sys_enter_rt_sigaction
sys_enter_rt_sigaction
sys_enter_rt_sigaction
sys_enter_rt_sigaction
sys_enter_rt_sigaction
sys_enter_rt_sigaction
sys_enter_rt_sigaction
sys_enter_rt_sigaction
sys_enter_rt_sigaction
sys_enter_rt_sigaction
sys_enter_rt_sigaction
sys_enter_rt_sigaction
sys_enter_rt_sigaction
sys_enter_rt_sigaction
sys_enter_rt_sigaction
sys_enter_rt_sigaction
sys_enter_rt_sigaction
sys_enter_rt_sigaction
sys_enter_rt_sigaction
sys_enter_rt_sigaction
sys_enter_rt_sigaction
sys_enter_rt_sigaction
sys_enter_rt_sigaction
sys_enter_rt_sigaction
sys_enter_rt_sigaction
sys_enter_rt_sigaction
sys_enter_rt_sigaction
sys_enter_rt_sigaction
sys_enter_rt_sigaction
sys_enter_rt_sigaction
sys_enter_rt_sigaction
sys_enter_rt_sigaction
sys_enter_rt_sigaction
sys_enter_rt_sigaction
sys_enter_rt_sigaction
sys_enter_rt_sigaction
sys_enter_rt_sigaction
sys_enter_rt_sigaction
sys_enter_rt_sigaction
sys_enter_rt_sigaction
sys_enter_rt_sigaction
sys_enter_rt_sigaction
sys_enter_rt_sigaction
sys_enter_rt_sigaction
sys_enter_rt_sigaction
sys_enter_rt_sigaction
sys_enter_rt_sigaction
sys_enter_rt_sigaction
sys_enter_rt_sigaction
sys_enter_rt_sigaction
sys_enter_rt_sigaction
sys_enter_rt_sigaction
sys_enter_rt_sigaction
sys_enter_rt_sigaction
sys_enter_rt_sigaction
sys_enter_rt_sigaction
sys_enter_rt_sigaction
sys_enter_rt_sigaction
sys_enter_rt_sigaction
sys_enter_rt_sigaction
sys_enter_rt_sigaction
sys_enter_rt_sigaction
sys_enter_rt_sigaction
sys_enter_rt_sigaction
sys_enter_rt_sigaction
sys_enter_rt_sigaction
sys_enter_rt_sigaction
sys_enter_rt_sigaction
sys_enter_rt_sigaction
sys_enter_rt_sigaction
sys_enter_rt_sigaction
sys_enter_rt_sigaction
sys_enter_rt_sigaction
sys_enter_rt_sigaction
sys_enter_rt_sigaction
sys_enter_rt_sigaction
sys_enter_rt_sigaction
sys_enter_rt_sigaction
sys_enter_rt_sigaction
sys_enter_rt_sigaction
sys_enter_rt_sigaction
sys_enter_rt_sigaction
sys_enter_rt_sigaction
sys_enter_rt_sigaction
sys_enter_rt_sigaction
sys_enter_rt_sigaction
sys_enter_rt_sigaction
sys_enter_rt_sigaction
sys_enter_rt_sigaction
sys_enter_rt_sigaction
sys_enter_rt_sigaction
sys_enter_rt_sigaction
sys_enter_rt_sigaction
sys_enter_rt_sigaction
sys_enter_rt_sigprocmask
sys_enter_clone
sys_enter_rt_sigprocmask
sys_enter_gettid
sys_enter_sigaltstack
sys_enter_sigaltstack
sys_enter_gettid
sys_enter_rt_sigprocmask
sys_enter_rt_sigprocmask
sys_enter_clone
sys_enter_rt_sigprocmask
sys_enter_gettid
sys_enter_sigaltstack
sys_enter_sigaltstack
sys_enter_gettid
sys_enter_rt_sigprocmask
sys_enter_rt_sigprocmask
sys_enter_clone
sys_enter_rt_sigprocmask
sys_enter_futex
sys_enter_rt_sigprocmask
sys_enter_clone
sys_enter_gettid
sys_enter_sigaltstack
sys_enter_sigaltstack
sys_enter_gettid
sys_enter_rt_sigprocmask
sys_enter_rt_sigprocmask
sys_enter_futex
sys_enter_gettid
sys_enter_sigaltstack
sys_enter_sigaltstack
sys_enter_gettid
sys_enter_rt_sigprocmask
sys_enter_futex
sys_enter_futex
sys_enter_futex
sys_enter_futex
sys_enter_mmap
sys_enter_futex
sys_enter_futex
sys_enter_futex
sys_enter_openat
sys_enter_read
sys_enter_read
sys_enter_close
sys_enter_socket
sys_enter_close
sys_enter_socket
sys_enter_setsockopt
sys_enter_bind
sys_enter_socket
sys_enter_setsockopt
sys_enter_bind
sys_enter_close
sys_enter_close
sys_enter_getpid
sys_enter_getppid
sys_enter_mmap
sys_enter_mmap
sys_enter_getppid
sys_enter_openat
sys_enter_pipe2
sys_enter_getpid
sys_enter_clone
sys_enter_setsid
sys_enter_close
sys_enter_read
sys_enter_chdir
sys_enter_execve
sys_enter_close
sys_enter_exit_group
sys_enter_mmap
sys_enter_mmap
sys_enter_mprotect
sys_enter_mmap
sys_enter_mmap
sys_enter_mprotect
sys_enter_mmap
sys_enter_mprotect
sys_enter_mmap
sys_enter_mprotect
sys_enter_mmap
sys_enter_mmap
sys_enter_close
sys_enter_munmap
sys_enter_sched_getaffinity
sys_enter_mmap
sys_enter_munmap
sys_enter_mmap
sys_enter_mmap
sys_enter_mmap
sys_enter_mmap
sys_enter_mmap
sys_enter_mmap
sys_enter_rt_sigprocmask
sys_enter_sigaltstack
sys_enter_sigaltstack
sys_enter_gettid
sys_enter_rt_sigprocmask
sys_enter_rt_sigaction
sys_enter_rt_sigaction
sys_enter_rt_sigaction
sys_enter_rt_sigaction
sys_enter_rt_sigaction
sys_enter_rt_sigaction
sys_enter_rt_sigaction
sys_enter_rt_sigaction
sys_enter_rt_sigaction
sys_enter_rt_sigaction
sys_enter_rt_sigaction
sys_enter_rt_sigaction
sys_enter_rt_sigaction
sys_enter_rt_sigaction
sys_enter_rt_sigaction
sys_enter_rt_sigaction
sys_enter_rt_sigaction
sys_enter_rt_sigaction
sys_enter_rt_sigaction
sys_enter_rt_sigaction
sys_enter_rt_sigaction
sys_enter_rt_sigaction
sys_enter_rt_sigaction
sys_enter_rt_sigaction
sys_enter_rt_sigaction
sys_enter_rt_sigaction
sys_enter_rt_sigaction
sys_enter_rt_sigaction
sys_enter_rt_sigaction
sys_enter_rt_sigaction
sys_enter_rt_sigaction
sys_enter_rt_sigaction
sys_enter_rt_sigaction
sys_enter_rt_sigaction
sys_enter_rt_sigaction
sys_enter_rt_sigaction
sys_enter_rt_sigaction
sys_enter_rt_sigaction
sys_enter_rt_sigaction
sys_enter_rt_sigaction
sys_enter_rt_sigaction
sys_enter_rt_sigaction
sys_enter_rt_sigaction
sys_enter_rt_sigaction
sys_enter_rt_sigaction
sys_enter_rt_sigaction
sys_enter_rt_sigaction
sys_enter_rt_sigaction
sys_enter_rt_sigaction
sys_enter_rt_sigaction
sys_enter_rt_sigaction
sys_enter_rt_sigaction
sys_enter_rt_sigaction
sys_enter_rt_sigaction
sys_enter_rt_sigaction
sys_enter_rt_sigaction
sys_enter_rt_sigaction
sys_enter_rt_sigaction
sys_enter_rt_sigaction
sys_enter_rt_sigaction
sys_enter_rt_sigaction
sys_enter_rt_sigaction
sys_enter_rt_sigaction
sys_enter_rt_sigaction
sys_enter_rt_sigaction
sys_enter_rt_sigaction
sys_enter_rt_sigaction
sys_enter_rt_sigaction
sys_enter_rt_sigaction
sys_enter_rt_sigaction
sys_enter_rt_sigaction
sys_enter_rt_sigaction
sys_enter_rt_sigaction
sys_enter_rt_sigaction
sys_enter_rt_sigaction
sys_enter_rt_sigaction
sys_enter_rt_sigaction
sys_enter_rt_sigaction
sys_enter_rt_sigaction
sys_enter_rt_sigaction
sys_enter_rt_sigaction
sys_enter_rt_sigaction
sys_enter_rt_sigaction
sys_enter_rt_sigaction
sys_enter_rt_sigaction
sys_enter_rt_sigaction
sys_enter_rt_sigaction
sys_enter_rt_sigaction
sys_enter_rt_sigaction
sys_enter_rt_sigaction
sys_enter_rt_sigaction
sys_enter_rt_sigaction
sys_enter_rt_sigaction
sys_enter_rt_sigaction
sys_enter_rt_sigaction
sys_enter_rt_sigaction
sys_enter_rt_sigaction
sys_enter_rt_sigaction
sys_enter_rt_sigaction
sys_enter_rt_sigaction
sys_enter_rt_sigaction
sys_enter_rt_sigaction
sys_enter_rt_sigaction
sys_enter_rt_sigaction
sys_enter_rt_sigaction
sys_enter_rt_sigaction
sys_enter_rt_sigaction
sys_enter_rt_sigaction
sys_enter_rt_sigaction
sys_enter_rt_sigaction
sys_enter_rt_sigaction
sys_enter_rt_sigaction
sys_enter_rt_sigaction
sys_enter_rt_sigaction
sys_enter_rt_sigprocmask
sys_enter_clone
sys_enter_rt_sigprocmask
sys_enter_gettid
sys_enter_sigaltstack
sys_enter_sigaltstack
sys_enter_gettid
sys_enter_rt_sigprocmask
sys_enter_rt_sigprocmask
sys_enter_clone
sys_enter_rt_sigprocmask
sys_enter_gettid
sys_enter_sigaltstack
sys_enter_sigaltstack
sys_enter_gettid
sys_enter_rt_sigprocmask
sys_enter_rt_sigprocmask
sys_enter_clone
sys_enter_rt_sigprocmask
sys_enter_futex
sys_enter_gettid
sys_enter_sigaltstack
sys_enter_sigaltstack
sys_enter_gettid
sys_enter_rt_sigprocmask
sys_enter_futex
sys_enter_futex
sys_enter_rt_sigprocmask
sys_enter_clone
sys_enter_rt_sigprocmask
sys_enter_futex
sys_enter_gettid
sys_enter_sigaltstack
sys_enter_sigaltstack
sys_enter_gettid
sys_enter_rt_sigprocmask
sys_enter_futex
sys_enter_futex
sys_enter_mmap
sys_enter_futex
sys_enter_futex
sys_enter_futex
sys_enter_openat
sys_enter_read
sys_enter_read
sys_enter_close
sys_enter_socket
sys_enter_close
sys_enter_socket
sys_enter_setsockopt
sys_enter_bind
sys_enter_socket
sys_enter_setsockopt
sys_enter_bind
sys_enter_close
sys_enter_close
sys_enter_getpid
sys_enter_getppid
sys_enter_mmap
sys_enter_mmap
sys_enter_getppid
sys_enter_openat
sys_enter_pipe2
sys_enter_getpid
sys_enter_clone
sys_enter_setsid
sys_enter_close
sys_enter_read
sys_enter_chdir
sys_enter_execve
sys_enter_close
sys_enter_exit_group
sys_enter_mmap
sys_enter_mmap
sys_enter_mprotect
sys_enter_mmap
sys_enter_mmap
sys_enter_mprotect
sys_enter_mmap
sys_enter_mprotect
sys_enter_mmap
sys_enter_mprotect
sys_enter_mmap
sys_enter_mmap
sys_enter_close
sys_enter_munmap
sys_enter_sched_getaffinity
sys_enter_mmap
sys_enter_munmap
sys_enter_mmap
sys_enter_mmap
sys_enter_mmap
sys_enter_mmap
sys_enter_mmap
sys_enter_mmap
sys_enter_rt_sigprocmask
sys_enter_sigaltstack
sys_enter_sigaltstack
sys_enter_gettid
sys_enter_rt_sigprocmask
sys_enter_rt_sigaction
sys_enter_rt_sigaction
sys_enter_rt_sigaction
sys_enter_rt_sigaction
sys_enter_rt_sigaction
sys_enter_rt_sigaction
sys_enter_rt_sigaction
sys_enter_rt_sigaction
sys_enter_rt_sigaction
sys_enter_rt_sigaction
sys_enter_rt_sigaction
sys_enter_rt_sigaction
sys_enter_rt_sigaction
sys_enter_rt_sigaction
sys_enter_rt_sigaction
sys_enter_rt_sigaction
sys_enter_rt_sigaction
sys_enter_rt_sigaction
sys_enter_rt_sigaction
sys_enter_rt_sigaction
sys_enter_rt_sigaction
sys_enter_rt_sigaction
sys_enter_rt_sigaction
sys_enter_rt_sigaction
sys_enter_rt_sigaction
sys_enter_rt_sigaction
sys_enter_rt_sigaction
sys_enter_rt_sigaction
sys_enter_rt_sigaction
sys_enter_rt_sigaction
sys_enter_rt_sigaction
sys_enter_rt_sigaction
sys_enter_rt_sigaction
sys_enter_rt_sigaction
sys_enter_rt_sigaction
sys_enter_rt_sigaction
sys_enter_rt_sigaction
sys_enter_rt_sigaction
sys_enter_rt_sigaction
sys_enter_rt_sigaction
sys_enter_rt_sigaction
sys_enter_rt_sigaction
sys_enter_rt_sigaction
sys_enter_rt_sigaction
sys_enter_rt_sigaction
sys_enter_rt_sigaction
sys_enter_rt_sigaction
sys_enter_rt_sigaction
sys_enter_rt_sigaction
sys_enter_rt_sigaction
sys_enter_rt_sigaction
sys_enter_rt_sigaction
sys_enter_rt_sigaction
sys_enter_rt_sigaction
sys_enter_rt_sigaction
sys_enter_rt_sigaction
sys_enter_rt_sigaction
sys_enter_rt_sigaction
sys_enter_rt_sigaction
sys_enter_rt_sigaction
sys_enter_rt_sigaction
sys_enter_rt_sigaction
sys_enter_rt_sigaction
sys_enter_rt_sigaction
sys_enter_rt_sigaction
sys_enter_rt_sigaction
sys_enter_rt_sigaction
sys_enter_rt_sigaction
sys_enter_rt_sigaction
sys_enter_rt_sigaction
sys_enter_rt_sigaction
sys_enter_rt_sigaction
sys_enter_rt_sigaction
sys_enter_rt_sigaction
sys_enter_rt_sigaction
sys_enter_rt_sigaction
sys_enter_rt_sigaction
sys_enter_rt_sigaction
sys_enter_rt_sigaction
sys_enter_rt_sigaction
sys_enter_rt_sigaction
sys_enter_rt_sigaction
sys_enter_rt_sigaction
sys_enter_rt_sigaction
sys_enter_rt_sigaction
sys_enter_rt_sigaction
sys_enter_rt_sigaction
sys_enter_rt_sigaction
sys_enter_rt_sigaction
sys_enter_rt_sigaction
sys_enter_rt_sigaction
sys_enter_rt_sigaction
sys_enter_rt_sigaction
sys_enter_rt_sigaction
sys_enter_rt_sigaction
sys_enter_rt_sigaction
sys_enter_rt_sigaction
sys_enter_rt_sigaction
sys_enter_rt_sigaction
sys_enter_rt_sigaction
sys_enter_rt_sigaction
sys_enter_rt_sigaction
sys_enter_rt_sigaction
sys_enter_rt_sigaction
sys_enter_rt_sigaction
sys_enter_rt_sigaction
sys_enter_rt_sigaction
sys_enter_rt_sigaction
sys_enter_rt_sigaction
sys_enter_rt_sigaction
sys_enter_rt_sigaction
sys_enter_rt_sigaction
sys_enter_rt_sigaction
sys_enter_rt_sigaction
sys_enter_rt_sigprocmask
sys_enter_clone
sys_enter_rt_sigprocmask
sys_enter_gettid
sys_enter_sigaltstack
sys_enter_sigaltstack
sys_enter_gettid
sys_enter_rt_sigprocmask
sys_enter_rt_sigprocmask
sys_enter_clone
sys_enter_rt_sigprocmask
sys_enter_gettid
sys_enter_sigaltstack
sys_enter_sigaltstack
sys_enter_gettid
sys_enter_rt_sigprocmask
sys_enter_rt_sigprocmask
sys_enter_clone
sys_enter_rt_sigprocmask
sys_enter_futex
sys_enter_rt_sigprocmask
sys_enter_clone
sys_enter_gettid
sys_enter_sigaltstack
sys_enter_sigaltstack
sys_enter_gettid
sys_enter_rt_sigprocmask
sys_enter_futex
sys_enter_rt_sigprocmask
sys_enter_futex
sys_enter_gettid
sys_enter_sigaltstack
sys_enter_sigaltstack
sys_enter_gettid
sys_enter_rt_sigprocmask
sys_enter_futex
sys_enter_futex
sys_enter_futex
sys_enter_mmap
sys_enter_futex
sys_enter_futex
sys_enter_futex
sys_enter_openat
sys_enter_read
sys_enter_read
sys_enter_close
sys_enter_socket
sys_enter_close
sys_enter_socket
sys_enter_setsockopt
sys_enter_bind
sys_enter_socket
sys_enter_setsockopt
sys_enter_bind
sys_enter_close
sys_enter_close
sys_enter_getpid
sys_enter_getppid
sys_enter_mmap
sys_enter_mmap
sys_enter_getppid
sys_enter_openat
sys_enter_pipe2
sys_enter_getpid
sys_enter_clone
sys_enter_setsid
sys_enter_chdir
sys_enter_execve
sys_enter_close
sys_enter_read
sys_enter_close
sys_enter_exit_group
sys_enter_mmap
sys_enter_mmap
sys_enter_mprotect
sys_enter_mmap
sys_enter_mmap
sys_enter_mprotect
sys_enter_mmap
sys_enter_mprotect
sys_enter_mmap
sys_enter_mprotect
sys_enter_mmap
sys_enter_mmap
sys_enter_close
sys_enter_munmap
sys_enter_sched_getaffinity
sys_enter_mmap
sys_enter_munmap
sys_enter_mmap
sys_enter_mmap
sys_enter_mmap
sys_enter_mmap
sys_enter_mmap
sys_enter_mmap
sys_enter_rt_sigprocmask
sys_enter_sigaltstack
sys_enter_sigaltstack
sys_enter_gettid
sys_enter_rt_sigprocmask
sys_enter_rt_sigaction
sys_enter_rt_sigaction
sys_enter_rt_sigaction
sys_enter_rt_sigaction
sys_enter_rt_sigaction
sys_enter_rt_sigaction
sys_enter_rt_sigaction
sys_enter_rt_sigaction
sys_enter_rt_sigaction
sys_enter_rt_sigaction
sys_enter_rt_sigaction
sys_enter_rt_sigaction
sys_enter_rt_sigaction
sys_enter_rt_sigaction
sys_enter_rt_sigaction
sys_enter_rt_sigaction
sys_enter_rt_sigaction
sys_enter_rt_sigaction
sys_enter_rt_sigaction
sys_enter_rt_sigaction
sys_enter_rt_sigaction
sys_enter_rt_sigaction
sys_enter_rt_sigaction
sys_enter_rt_sigaction
sys_enter_rt_sigaction
sys_enter_rt_sigaction
sys_enter_rt_sigaction
sys_enter_rt_sigaction
sys_enter_rt_sigaction
sys_enter_rt_sigaction
sys_enter_rt_sigaction
sys_enter_rt_sigaction
sys_enter_rt_sigaction
sys_enter_rt_sigaction
sys_enter_rt_sigaction
sys_enter_rt_sigaction
sys_enter_rt_sigaction
sys_enter_rt_sigaction
sys_enter_rt_sigaction
sys_enter_rt_sigaction
sys_enter_rt_sigaction
sys_enter_rt_sigaction
sys_enter_rt_sigaction
sys_enter_rt_sigaction
sys_enter_rt_sigaction
sys_enter_rt_sigaction
sys_enter_rt_sigaction
sys_enter_rt_sigaction
sys_enter_rt_sigaction
sys_enter_rt_sigaction
sys_enter_rt_sigaction
sys_enter_rt_sigaction
sys_enter_rt_sigaction
sys_enter_rt_sigaction
sys_enter_rt_sigaction
sys_enter_rt_sigaction
sys_enter_rt_sigaction
sys_enter_rt_sigaction
sys_enter_rt_sigaction
sys_enter_rt_sigaction
sys_enter_rt_sigaction
sys_enter_rt_sigaction
sys_enter_rt_sigaction
sys_enter_rt_sigaction
sys_enter_rt_sigaction
sys_enter_rt_sigaction
sys_enter_rt_sigaction
sys_enter_rt_sigaction
sys_enter_rt_sigaction
sys_enter_rt_sigaction
sys_enter_rt_sigaction
sys_enter_rt_sigaction
sys_enter_rt_sigaction
sys_enter_rt_sigaction
sys_enter_rt_sigaction
sys_enter_rt_sigaction
sys_enter_rt_sigaction
sys_enter_rt_sigaction
sys_enter_rt_sigaction
sys_enter_rt_sigaction
sys_enter_rt_sigaction
sys_enter_rt_sigaction
sys_enter_rt_sigaction
sys_enter_rt_sigaction
sys_enter_rt_sigaction
sys_enter_rt_sigaction
sys_enter_rt_sigaction
sys_enter_rt_sigaction
sys_enter_rt_sigaction
sys_enter_rt_sigaction
sys_enter_rt_sigaction
sys_enter_rt_sigaction
sys_enter_rt_sigaction
sys_enter_rt_sigaction
sys_enter_rt_sigaction
sys_enter_rt_sigaction
sys_enter_rt_sigaction
sys_enter_rt_sigaction
sys_enter_rt_sigaction
sys_enter_rt_sigaction
sys_enter_rt_sigaction
sys_enter_rt_sigaction
sys_enter_rt_sigaction
sys_enter_rt_sigaction
sys_enter_rt_sigaction
sys_enter_rt_sigaction
sys_enter_rt_sigaction
sys_enter_rt_sigaction
sys_enter_rt_sigaction
sys_enter_rt_sigaction
sys_enter_rt_sigaction
sys_enter_rt_sigaction
sys_enter_rt_sigaction
sys_enter_rt_sigaction
sys_enter_rt_sigprocmask
sys_enter_clone
sys_enter_rt_sigprocmask
sys_enter_gettid
sys_enter_sigaltstack
sys_enter_sigaltstack
sys_enter_gettid
sys_enter_rt_sigprocmask
sys_enter_rt_sigprocmask
sys_enter_clone
sys_enter_rt_sigprocmask
sys_enter_gettid
sys_enter_sigaltstack
sys_enter_sigaltstack
sys_enter_gettid
sys_enter_rt_sigprocmask
sys_enter_rt_sigprocmask
sys_enter_clone
sys_enter_rt_sigprocmask
sys_enter_clone
sys_enter_rt_sigprocmask
sys_enter_futex
sys_enter_gettid
sys_enter_sigaltstack
sys_enter_sigaltstack
sys_enter_gettid
sys_enter_rt_sigprocmask
sys_enter_rt_sigprocmask
sys_enter_futex
sys_enter_gettid
sys_enter_futex
sys_enter_futex
sys_enter_mmap
sys_enter_sigaltstack
sys_enter_sigaltstack
sys_enter_gettid
sys_enter_rt_sigprocmask
sys_enter_futex
sys_enter_futex
sys_enter_futex
sys_enter_openat
sys_enter_read
sys_enter_read
sys_enter_close
sys_enter_socket
sys_enter_close
sys_enter_socket
sys_enter_setsockopt
sys_enter_bind
sys_enter_socket
sys_enter_setsockopt
sys_enter_bind
sys_enter_close
sys_enter_close
sys_enter_getpid
sys_enter_getppid
sys_enter_mmap
sys_enter_mmap
sys_enter_getppid
sys_enter_openat
sys_enter_pipe2
sys_enter_getpid
sys_enter_clone
sys_enter_setsid
sys_enter_close
sys_enter_read
sys_enter_chdir
sys_enter_execve
sys_enter_close
sys_enter_exit_group
sys_enter_mmap
sys_enter_mmap
sys_enter_mprotect
sys_enter_mmap
sys_enter_mmap
sys_enter_mprotect
sys_enter_mmap
sys_enter_mprotect
sys_enter_mmap
sys_enter_mprotect
sys_enter_mmap
sys_enter_mmap
sys_enter_close
sys_enter_munmap
sys_enter_sched_getaffinity
sys_enter_mmap
sys_enter_munmap
sys_enter_mmap
sys_enter_mmap
sys_enter_mmap
sys_enter_mmap
sys_enter_mmap
sys_enter_mmap
sys_enter_rt_sigprocmask
sys_enter_sigaltstack
sys_enter_sigaltstack
sys_enter_gettid
sys_enter_rt_sigprocmask
sys_enter_rt_sigaction
sys_enter_rt_sigaction
sys_enter_rt_sigaction
sys_enter_rt_sigaction
sys_enter_rt_sigaction
sys_enter_rt_sigaction
sys_enter_rt_sigaction
sys_enter_rt_sigaction
sys_enter_rt_sigaction
sys_enter_rt_sigaction
sys_enter_rt_sigaction
sys_enter_rt_sigaction
sys_enter_rt_sigaction
sys_enter_rt_sigaction
sys_enter_rt_sigaction
sys_enter_rt_sigaction
sys_enter_rt_sigaction
sys_enter_rt_sigaction
sys_enter_rt_sigaction
sys_enter_rt_sigaction
sys_enter_rt_sigaction
sys_enter_rt_sigaction
sys_enter_rt_sigaction
sys_enter_rt_sigaction
sys_enter_rt_sigaction
sys_enter_rt_sigaction
sys_enter_rt_sigaction
sys_enter_rt_sigaction
sys_enter_rt_sigaction
sys_enter_rt_sigaction
sys_enter_rt_sigaction
sys_enter_rt_sigaction
sys_enter_rt_sigaction
sys_enter_rt_sigaction
sys_enter_rt_sigaction
sys_enter_rt_sigaction
sys_enter_rt_sigaction
sys_enter_rt_sigaction
sys_enter_rt_sigaction
sys_enter_rt_sigaction
sys_enter_rt_sigaction
sys_enter_rt_sigaction
sys_enter_rt_sigaction
sys_enter_rt_sigaction
sys_enter_rt_sigaction
sys_enter_rt_sigaction
sys_enter_rt_sigaction
sys_enter_rt_sigaction
sys_enter_rt_sigaction
sys_enter_rt_sigaction
sys_enter_rt_sigaction
sys_enter_rt_sigaction
sys_enter_rt_sigaction
sys_enter_rt_sigaction
sys_enter_rt_sigaction
sys_enter_rt_sigaction
sys_enter_rt_sigaction
sys_enter_rt_sigaction
sys_enter_rt_sigaction
sys_enter_rt_sigaction
sys_enter_rt_sigaction
sys_enter_rt_sigaction
sys_enter_rt_sigaction
sys_enter_rt_sigaction
sys_enter_rt_sigaction
sys_enter_rt_sigaction
sys_enter_rt_sigaction
sys_enter_rt_sigaction
sys_enter_rt_sigaction
sys_enter_rt_sigaction
sys_enter_rt_sigaction
sys_enter_rt_sigaction
sys_enter_rt_sigaction
sys_enter_rt_sigaction
sys_enter_rt_sigaction
sys_enter_rt_sigaction
sys_enter_rt_sigaction
sys_enter_rt_sigaction
sys_enter_rt_sigaction
sys_enter_rt_sigaction
sys_enter_rt_sigaction
sys_enter_rt_sigaction
sys_enter_rt_sigaction
sys_enter_rt_sigaction
sys_enter_rt_sigaction
sys_enter_rt_sigaction
sys_enter_rt_sigaction
sys_enter_rt_sigaction
sys_enter_rt_sigaction
sys_enter_rt_sigaction
sys_enter_rt_sigaction
sys_enter_rt_sigaction
sys_enter_rt_sigaction
sys_enter_rt_sigaction
sys_enter_rt_sigaction
sys_enter_rt_sigaction
sys_enter_rt_sigaction
sys_enter_rt_sigaction
sys_enter_rt_sigaction
sys_enter_rt_sigaction
sys_enter_rt_sigaction
sys_enter_rt_sigaction
sys_enter_rt_sigaction
sys_enter_rt_sigaction
sys_enter_rt_sigaction
sys_enter_rt_sigaction
sys_enter_rt_sigaction
sys_enter_rt_sigaction
sys_enter_rt_sigaction
sys_enter_rt_sigaction
sys_enter_rt_sigaction
sys_enter_rt_sigaction
sys_enter_rt_sigaction
sys_enter_rt_sigaction
sys_enter_rt_sigprocmask
sys_enter_clone
sys_enter_rt_sigprocmask
sys_enter_gettid
sys_enter_sigaltstack
sys_enter_sigaltstack
sys_enter_gettid
sys_enter_rt_sigprocmask
sys_enter_rt_sigprocmask
sys_enter_clone
sys_enter_rt_sigprocmask
sys_enter_gettid
sys_enter_sigaltstack
sys_enter_sigaltstack
sys_enter_gettid
sys_enter_rt_sigprocmask
sys_enter_rt_sigprocmask
sys_enter_clone
sys_enter_rt_sigprocmask
sys_enter_clone
sys_enter_rt_sigprocmask
sys_enter_futex
sys_enter_rt_sigprocmask
sys_enter_gettid
sys_enter_sigaltstack
sys_enter_sigaltstack
sys_enter_gettid
sys_enter_rt_sigprocmask
sys_enter_gettid
sys_enter_sigaltstack
sys_enter_sigaltstack
sys_enter_gettid
sys_enter_futex
sys_enter_rt_sigprocmask
sys_enter_futex
sys_enter_futex
sys_enter_futex
sys_enter_futex
sys_enter_mmap
sys_enter_futex
sys_enter_futex
sys_enter_futex
sys_enter_openat
sys_enter_read
sys_enter_read
sys_enter_close
sys_enter_socket
sys_enter_close
sys_enter_socket
sys_enter_setsockopt
sys_enter_bind
sys_enter_socket
sys_enter_setsockopt
sys_enter_bind
sys_enter_close
sys_enter_close
sys_enter_getpid
sys_enter_getppid
sys_enter_mmap
sys_enter_mmap
sys_enter_getppid
sys_enter_openat
sys_enter_pipe2
sys_enter_getpid
sys_enter_clone
sys_enter_setsid
sys_enter_close
sys_enter_read
sys_enter_chdir
sys_enter_execve
sys_enter_close
sys_enter_exit_group
sys_enter_mmap
sys_enter_mmap
sys_enter_mprotect
sys_enter_mmap
sys_enter_mmap
sys_enter_mprotect
sys_enter_mmap
sys_enter_mprotect
sys_enter_mmap
sys_enter_mprotect
sys_enter_mmap
sys_enter_mmap
sys_enter_close
sys_enter_munmap
sys_enter_sched_getaffinity
sys_enter_mmap
sys_enter_munmap
sys_enter_mmap
sys_enter_mmap
sys_enter_mmap
sys_enter_mmap
sys_enter_mmap
sys_enter_mmap
sys_enter_rt_sigprocmask
sys_enter_sigaltstack
sys_enter_sigaltstack
sys_enter_gettid
sys_enter_rt_sigprocmask
sys_enter_rt_sigaction
sys_enter_rt_sigaction
sys_enter_rt_sigaction
sys_enter_rt_sigaction
sys_enter_rt_sigaction
sys_enter_rt_sigaction
sys_enter_rt_sigaction
sys_enter_rt_sigaction
sys_enter_rt_sigaction
sys_enter_rt_sigaction
sys_enter_rt_sigaction
sys_enter_rt_sigaction
sys_enter_rt_sigaction
sys_enter_rt_sigaction
sys_enter_rt_sigaction
sys_enter_rt_sigaction
sys_enter_rt_sigaction
sys_enter_rt_sigaction
sys_enter_rt_sigaction
sys_enter_rt_sigaction
sys_enter_rt_sigaction
sys_enter_rt_sigaction
sys_enter_rt_sigaction
sys_enter_rt_sigaction
sys_enter_rt_sigaction
sys_enter_rt_sigaction
sys_enter_rt_sigaction
sys_enter_rt_sigaction
sys_enter_rt_sigaction
sys_enter_rt_sigaction
sys_enter_rt_sigaction
sys_enter_rt_sigaction
sys_enter_rt_sigaction
sys_enter_rt_sigaction
sys_enter_rt_sigaction
sys_enter_rt_sigaction
sys_enter_rt_sigaction
sys_enter_rt_sigaction
sys_enter_rt_sigaction
sys_enter_rt_sigaction
sys_enter_rt_sigaction
sys_enter_rt_sigaction
sys_enter_rt_sigaction
sys_enter_rt_sigaction
sys_enter_rt_sigaction
sys_enter_rt_sigaction
sys_enter_rt_sigaction
sys_enter_rt_sigaction
sys_enter_rt_sigaction
sys_enter_rt_sigaction
sys_enter_rt_sigaction
sys_enter_rt_sigaction
sys_enter_rt_sigaction
sys_enter_rt_sigaction
sys_enter_rt_sigaction
sys_enter_rt_sigaction
sys_enter_rt_sigaction
sys_enter_rt_sigaction
sys_enter_rt_sigaction
sys_enter_rt_sigaction
sys_enter_rt_sigaction
sys_enter_rt_sigaction
sys_enter_rt_sigaction
sys_enter_rt_sigaction
sys_enter_rt_sigaction
sys_enter_rt_sigaction
sys_enter_rt_sigaction
sys_enter_rt_sigaction
sys_enter_rt_sigaction
sys_enter_rt_sigaction
sys_enter_rt_sigaction
sys_enter_rt_sigaction
sys_enter_rt_sigaction
sys_enter_rt_sigaction
sys_enter_rt_sigaction
sys_enter_rt_sigaction
sys_enter_rt_sigaction
sys_enter_rt_sigaction
sys_enter_rt_sigaction
sys_enter_rt_sigaction
sys_enter_rt_sigaction
sys_enter_rt_sigaction
sys_enter_rt_sigaction
sys_enter_rt_sigaction
sys_enter_rt_sigaction
sys_enter_rt_sigaction
sys_enter_rt_sigaction
sys_enter_rt_sigaction
sys_enter_rt_sigaction
sys_enter_rt_sigaction
sys_enter_rt_sigaction
sys_enter_rt_sigaction
sys_enter_rt_sigaction
sys_enter_rt_sigaction
sys_enter_rt_sigaction
sys_enter_rt_sigaction
sys_enter_rt_sigaction
sys_enter_rt_sigaction
sys_enter_rt_sigaction
sys_enter_rt_sigaction
sys_enter_rt_sigaction
sys_enter_rt_sigaction
sys_enter_rt_sigaction
sys_enter_rt_sigaction
sys_enter_rt_sigaction
sys_enter_rt_sigaction
sys_enter_rt_sigaction
sys_enter_rt_sigaction
sys_enter_rt_sigaction
sys_enter_rt_sigaction
sys_enter_rt_sigaction
sys_enter_rt_sigaction
sys_enter_rt_sigaction
sys_enter_rt_sigaction
sys_enter_rt_sigprocmask
sys_enter_clone
sys_enter_rt_sigprocmask
sys_enter_gettid
sys_enter_sigaltstack
sys_enter_sigaltstack
sys_enter_gettid
sys_enter_rt_sigprocmask
sys_enter_rt_sigprocmask
sys_enter_clone
sys_enter_rt_sigprocmask
sys_enter_gettid
sys_enter_sigaltstack
sys_enter_sigaltstack
sys_enter_gettid
sys_enter_rt_sigprocmask
sys_enter_rt_sigprocmask
sys_enter_clone
sys_enter_rt_sigprocmask
sys_enter_clone
sys_enter_rt_sigprocmask
sys_enter_futex
sys_enter_rt_sigprocmask
sys_enter_gettid
sys_enter_gettid
sys_enter_sigaltstack
sys_enter_sigaltstack
sys_enter_sigaltstack
sys_enter_gettid
sys_enter_sigaltstack
sys_enter_rt_sigprocmask
sys_enter_gettid
sys_enter_rt_sigprocmask
sys_enter_futex
sys_enter_futex
sys_enter_futex
sys_enter_futex
sys_enter_futex
sys_enter_mmap
sys_enter_futex
sys_enter_futex
sys_enter_futex
sys_enter_openat
sys_enter_read
sys_enter_read
sys_enter_close
sys_enter_socket
sys_enter_close
sys_enter_socket
sys_enter_setsockopt
sys_enter_bind
sys_enter_socket
sys_enter_setsockopt
sys_enter_bind
sys_enter_close
sys_enter_close
sys_enter_getpid
sys_enter_getppid
sys_enter_mmap
sys_enter_mmap
sys_enter_getppid
sys_enter_openat
sys_enter_pipe2
sys_enter_getpid
sys_enter_clone
sys_enter_setsid
sys_enter_close
sys_enter_read
sys_enter_chdir
sys_enter_execve
sys_enter_close
sys_enter_exit_group
sys_enter_mmap
sys_enter_mmap
sys_enter_mprotect
sys_enter_mmap
sys_enter_mmap
sys_enter_mprotect
sys_enter_mmap
sys_enter_mprotect
sys_enter_mmap
sys_enter_mprotect
sys_enter_mmap
sys_enter_mmap
sys_enter_close
sys_enter_munmap
sys_enter_sched_getaffinity
sys_enter_mmap
sys_enter_munmap
sys_enter_mmap
sys_enter_mmap
sys_enter_mmap
sys_enter_mmap
sys_enter_mmap
sys_enter_mmap
sys_enter_rt_sigprocmask
sys_enter_sigaltstack
sys_enter_sigaltstack
sys_enter_gettid
sys_enter_rt_sigprocmask
sys_enter_rt_sigaction
sys_enter_rt_sigaction
sys_enter_rt_sigaction
sys_enter_rt_sigaction
sys_enter_rt_sigaction
sys_enter_rt_sigaction
sys_enter_rt_sigaction
sys_enter_rt_sigaction
sys_enter_rt_sigaction
sys_enter_rt_sigaction
sys_enter_rt_sigaction
sys_enter_rt_sigaction
sys_enter_rt_sigaction
sys_enter_rt_sigaction
sys_enter_rt_sigaction
sys_enter_rt_sigaction
sys_enter_rt_sigaction
sys_enter_rt_sigaction
sys_enter_rt_sigaction
sys_enter_rt_sigaction
sys_enter_rt_sigaction
sys_enter_rt_sigaction
sys_enter_rt_sigaction
sys_enter_rt_sigaction
sys_enter_rt_sigaction
sys_enter_rt_sigaction
sys_enter_rt_sigaction
sys_enter_rt_sigaction
sys_enter_rt_sigaction
sys_enter_rt_sigaction
sys_enter_rt_sigaction
sys_enter_rt_sigaction
sys_enter_rt_sigaction
sys_enter_rt_sigaction
sys_enter_rt_sigaction
sys_enter_rt_sigaction
sys_enter_rt_sigaction
sys_enter_rt_sigaction
sys_enter_rt_sigaction
sys_enter_rt_sigaction
sys_enter_rt_sigaction
sys_enter_rt_sigaction
sys_enter_rt_sigaction
sys_enter_rt_sigaction
sys_enter_rt_sigaction
sys_enter_rt_sigaction
sys_enter_rt_sigaction
sys_enter_rt_sigaction
sys_enter_rt_sigaction
sys_enter_rt_sigaction
sys_enter_rt_sigaction
sys_enter_rt_sigaction
sys_enter_rt_sigaction
sys_enter_rt_sigaction
sys_enter_rt_sigaction
sys_enter_rt_sigaction
sys_enter_rt_sigaction
sys_enter_rt_sigaction
sys_enter_rt_sigaction
sys_enter_rt_sigaction
sys_enter_rt_sigaction
sys_enter_rt_sigaction
sys_enter_rt_sigaction
sys_enter_rt_sigaction
sys_enter_rt_sigaction
sys_enter_rt_sigaction
sys_enter_rt_sigaction
sys_enter_rt_sigaction
sys_enter_rt_sigaction
sys_enter_rt_sigaction
sys_enter_rt_sigaction
sys_enter_rt_sigaction
sys_enter_rt_sigaction
sys_enter_rt_sigaction
sys_enter_rt_sigaction
sys_enter_rt_sigaction
sys_enter_rt_sigaction
sys_enter_rt_sigaction
sys_enter_rt_sigaction
sys_enter_rt_sigaction
sys_enter_rt_sigaction
sys_enter_rt_sigaction
sys_enter_rt_sigaction
sys_enter_rt_sigaction
sys_enter_rt_sigaction
sys_enter_rt_sigaction
sys_enter_rt_sigaction
sys_enter_rt_sigaction
sys_enter_rt_sigaction
sys_enter_rt_sigaction
sys_enter_rt_sigaction
sys_enter_rt_sigaction
sys_enter_rt_sigaction
sys_enter_rt_sigaction
sys_enter_rt_sigaction
sys_enter_rt_sigaction
sys_enter_rt_sigaction
sys_enter_rt_sigaction
sys_enter_rt_sigaction
sys_enter_rt_sigaction
sys_enter_rt_sigaction
sys_enter_rt_sigaction
sys_enter_rt_sigaction
sys_enter_rt_sigaction
sys_enter_rt_sigaction
sys_enter_rt_sigaction
sys_enter_rt_sigaction
sys_enter_rt_sigaction
sys_enter_rt_sigaction
sys_enter_rt_sigaction
sys_enter_rt_sigaction
sys_enter_rt_sigaction
sys_enter_rt_sigaction
sys_enter_rt_sigaction
sys_enter_rt_sigprocmask
sys_enter_clone
sys_enter_rt_sigprocmask
sys_enter_gettid
sys_enter_sigaltstack
sys_enter_sigaltstack
sys_enter_gettid
sys_enter_rt_sigprocmask
sys_enter_rt_sigprocmask
sys_enter_clone
sys_enter_rt_sigprocmask
sys_enter_gettid
sys_enter_sigaltstack
sys_enter_sigaltstack
sys_enter_gettid
sys_enter_rt_sigprocmask
sys_enter_rt_sigprocmask
sys_enter_clone
sys_enter_rt_sigprocmask
sys_enter_clone
sys_enter_rt_sigprocmask
sys_enter_futex
sys_enter_gettid
sys_enter_sigaltstack
sys_enter_sigaltstack
sys_enter_gettid
sys_enter_rt_sigprocmask
sys_enter_rt_sigprocmask
sys_enter_futex
sys_enter_futex
sys_enter_gettid
sys_enter_sigaltstack
sys_enter_futex
sys_enter_sigaltstack
sys_enter_gettid
sys_enter_rt_sigprocmask
sys_enter_futex
sys_enter_futex
sys_enter_mmap
sys_enter_futex
sys_enter_futex
sys_enter_futex
sys_enter_openat
sys_enter_read
sys_enter_read
sys_enter_close
sys_enter_socket
sys_enter_close
sys_enter_socket
sys_enter_setsockopt
sys_enter_bind
sys_enter_socket
sys_enter_setsockopt
sys_enter_bind
sys_enter_close
sys_enter_close
sys_enter_getpid
sys_enter_getppid
sys_enter_mmap
sys_enter_mmap
sys_enter_getppid
sys_enter_openat
sys_enter_pipe2
sys_enter_getpid
sys_enter_clone
sys_enter_setsid
sys_enter_close
sys_enter_read
sys_enter_chdir
sys_enter_execve
sys_enter_close
sys_enter_exit_group
sys_enter_mmap
sys_enter_mmap
sys_enter_mprotect
sys_enter_mmap
sys_enter_mmap
sys_enter_mprotect
sys_enter_mmap
sys_enter_mprotect
sys_enter_mmap
sys_enter_mprotect
sys_enter_mmap
sys_enter_mmap
sys_enter_close
sys_enter_munmap
sys_enter_sched_getaffinity
sys_enter_mmap
sys_enter_munmap
sys_enter_mmap
sys_enter_mmap
sys_enter_mmap
sys_enter_mmap
sys_enter_mmap
sys_enter_mmap
sys_enter_rt_sigprocmask
sys_enter_sigaltstack
sys_enter_sigaltstack
sys_enter_gettid
sys_enter_rt_sigprocmask
sys_enter_rt_sigaction
sys_enter_rt_sigaction
sys_enter_rt_sigaction
sys_enter_rt_sigaction
sys_enter_rt_sigaction
sys_enter_rt_sigaction
sys_enter_rt_sigaction
sys_enter_rt_sigaction
sys_enter_rt_sigaction
sys_enter_rt_sigaction
sys_enter_rt_sigaction
sys_enter_rt_sigaction
sys_enter_rt_sigaction
sys_enter_rt_sigaction
sys_enter_rt_sigaction
sys_enter_rt_sigaction
sys_enter_rt_sigaction
sys_enter_rt_sigaction
sys_enter_rt_sigaction
sys_enter_rt_sigaction
sys_enter_rt_sigaction
sys_enter_rt_sigaction
sys_enter_rt_sigaction
sys_enter_rt_sigaction
sys_enter_rt_sigaction
sys_enter_rt_sigaction
sys_enter_rt_sigaction
sys_enter_rt_sigaction
sys_enter_rt_sigaction
sys_enter_rt_sigaction
sys_enter_rt_sigaction
sys_enter_rt_sigaction
sys_enter_rt_sigaction
sys_enter_rt_sigaction
sys_enter_rt_sigaction
sys_enter_rt_sigaction
sys_enter_rt_sigaction
sys_enter_rt_sigaction
sys_enter_rt_sigaction
sys_enter_rt_sigaction
sys_enter_rt_sigaction
sys_enter_rt_sigaction
sys_enter_rt_sigaction
sys_enter_rt_sigaction
sys_enter_rt_sigaction
sys_enter_rt_sigaction
sys_enter_rt_sigaction
sys_enter_rt_sigaction
sys_enter_rt_sigaction
sys_enter_rt_sigaction
sys_enter_rt_sigaction
sys_enter_rt_sigaction
sys_enter_rt_sigaction
sys_enter_rt_sigaction
sys_enter_rt_sigaction
sys_enter_rt_sigaction
sys_enter_rt_sigaction
sys_enter_rt_sigaction
sys_enter_rt_sigaction
sys_enter_rt_sigaction
sys_enter_rt_sigaction
sys_enter_rt_sigaction
sys_enter_rt_sigaction
sys_enter_rt_sigaction
sys_enter_rt_sigaction
sys_enter_rt_sigaction
sys_enter_rt_sigaction
sys_enter_rt_sigaction
sys_enter_rt_sigaction
sys_enter_rt_sigaction
sys_enter_rt_sigaction
sys_enter_rt_sigaction
sys_enter_rt_sigaction
sys_enter_rt_sigaction
sys_enter_rt_sigaction
sys_enter_rt_sigaction
sys_enter_rt_sigaction
sys_enter_rt_sigaction
sys_enter_rt_sigaction
sys_enter_rt_sigaction
sys_enter_rt_sigaction
sys_enter_rt_sigaction
sys_enter_rt_sigaction
sys_enter_rt_sigaction
sys_enter_rt_sigaction
sys_enter_rt_sigaction
sys_enter_rt_sigaction
sys_enter_rt_sigaction
sys_enter_rt_sigaction
sys_enter_rt_sigaction
sys_enter_rt_sigaction
sys_enter_rt_sigaction
sys_enter_rt_sigaction
sys_enter_rt_sigaction
sys_enter_rt_sigaction
sys_enter_rt_sigaction
sys_enter_rt_sigaction
sys_enter_rt_sigaction
sys_enter_rt_sigaction
sys_enter_rt_sigaction
sys_enter_rt_sigaction
sys_enter_rt_sigaction
sys_enter_rt_sigaction
sys_enter_rt_sigaction
sys_enter_rt_sigaction
sys_enter_rt_sigaction
sys_enter_rt_sigaction
sys_enter_rt_sigaction
sys_enter_rt_sigaction
sys_enter_rt_sigaction
sys_enter_rt_sigaction
sys_enter_rt_sigaction
sys_enter_rt_sigaction
sys_enter_rt_sigaction
sys_enter_rt_sigprocmask
sys_enter_clone
sys_enter_rt_sigprocmask
sys_enter_gettid
sys_enter_sigaltstack
sys_enter_sigaltstack
sys_enter_gettid
sys_enter_rt_sigprocmask
sys_enter_rt_sigprocmask
sys_enter_clone
sys_enter_rt_sigprocmask
sys_enter_gettid
sys_enter_sigaltstack
sys_enter_sigaltstack
sys_enter_gettid
sys_enter_rt_sigprocmask
sys_enter_rt_sigprocmask
sys_enter_clone
sys_enter_rt_sigprocmask
sys_enter_clone
sys_enter_rt_sigprocmask
sys_enter_rt_sigprocmask
sys_enter_futex
sys_enter_gettid
sys_enter_sigaltstack
sys_enter_sigaltstack
sys_enter_gettid
sys_enter_rt_sigprocmask
sys_enter_futex
sys_enter_gettid
sys_enter_sigaltstack
sys_enter_sigaltstack
sys_enter_gettid
sys_enter_futex
sys_enter_rt_sigprocmask
sys_enter_futex
sys_enter_futex
sys_enter_futex
sys_enter_mmap
sys_enter_futex
sys_enter_futex
sys_enter_futex
sys_enter_openat
sys_enter_read
sys_enter_read
sys_enter_close
sys_enter_socket
sys_enter_close
sys_enter_socket
sys_enter_setsockopt
sys_enter_bind
sys_enter_socket
sys_enter_setsockopt
sys_enter_bind
sys_enter_close
sys_enter_close
sys_enter_getpid
sys_enter_getppid
sys_enter_mmap
sys_enter_mmap
sys_enter_getppid
sys_enter_openat
sys_enter_pipe2
sys_enter_getpid
sys_enter_clone
sys_enter_close
sys_enter_read
sys_enter_setsid
sys_enter_chdir
sys_enter_execve
sys_enter_close
sys_enter_exit_group
sys_enter_mmap
sys_enter_mmap
sys_enter_mprotect
sys_enter_mmap
sys_enter_mmap
sys_enter_mprotect
sys_enter_mmap
sys_enter_mprotect
sys_enter_mmap
sys_enter_mprotect
sys_enter_mmap
sys_enter_mmap
sys_enter_close
sys_enter_munmap
sys_enter_sched_getaffinity
sys_enter_mmap
sys_enter_munmap
sys_enter_mmap
sys_enter_mmap
sys_enter_mmap
sys_enter_mmap
sys_enter_mmap
sys_enter_mmap
sys_enter_rt_sigprocmask
sys_enter_sigaltstack
sys_enter_sigaltstack
sys_enter_gettid
sys_enter_rt_sigprocmask
sys_enter_rt_sigaction
sys_enter_rt_sigaction
sys_enter_rt_sigaction
sys_enter_rt_sigaction
sys_enter_rt_sigaction
sys_enter_rt_sigaction
sys_enter_rt_sigaction
sys_enter_rt_sigaction
sys_enter_rt_sigaction
sys_enter_rt_sigaction
sys_enter_rt_sigaction
sys_enter_rt_sigaction
sys_enter_rt_sigaction
sys_enter_rt_sigaction
sys_enter_rt_sigaction
sys_enter_rt_sigaction
sys_enter_rt_sigaction
sys_enter_rt_sigaction
sys_enter_rt_sigaction
sys_enter_rt_sigaction
sys_enter_rt_sigaction
sys_enter_rt_sigaction
sys_enter_rt_sigaction
sys_enter_rt_sigaction
sys_enter_rt_sigaction
sys_enter_rt_sigaction
sys_enter_rt_sigaction
sys_enter_rt_sigaction
sys_enter_rt_sigaction
sys_enter_rt_sigaction
sys_enter_rt_sigaction
sys_enter_rt_sigaction
sys_enter_rt_sigaction
sys_enter_rt_sigaction
sys_enter_rt_sigaction
sys_enter_rt_sigaction
sys_enter_rt_sigaction
sys_enter_rt_sigaction
sys_enter_rt_sigaction
sys_enter_rt_sigaction
sys_enter_rt_sigaction
sys_enter_rt_sigaction
sys_enter_rt_sigaction
sys_enter_rt_sigaction
sys_enter_rt_sigaction
sys_enter_rt_sigaction
sys_enter_rt_sigaction
sys_enter_rt_sigaction
sys_enter_rt_sigaction
sys_enter_rt_sigaction
sys_enter_rt_sigaction
sys_enter_rt_sigaction
sys_enter_rt_sigaction
sys_enter_rt_sigaction
sys_enter_rt_sigaction
sys_enter_rt_sigaction
sys_enter_rt_sigaction
sys_enter_rt_sigaction
sys_enter_rt_sigaction
sys_enter_rt_sigaction
sys_enter_rt_sigaction
sys_enter_rt_sigaction
sys_enter_rt_sigaction
sys_enter_rt_sigaction
sys_enter_rt_sigaction
sys_enter_rt_sigaction
sys_enter_rt_sigaction
sys_enter_rt_sigaction
sys_enter_rt_sigaction
sys_enter_rt_sigaction
sys_enter_rt_sigaction
sys_enter_rt_sigaction
sys_enter_rt_sigaction
sys_enter_rt_sigaction
sys_enter_rt_sigaction
sys_enter_rt_sigaction
sys_enter_rt_sigaction
sys_enter_rt_sigaction
sys_enter_rt_sigaction
sys_enter_rt_sigaction
sys_enter_rt_sigaction
sys_enter_rt_sigaction
sys_enter_rt_sigaction
sys_enter_rt_sigaction
sys_enter_rt_sigaction
sys_enter_rt_sigaction
sys_enter_rt_sigaction
sys_enter_rt_sigaction
sys_enter_rt_sigaction
sys_enter_rt_sigaction
sys_enter_rt_sigaction
sys_enter_rt_sigaction
sys_enter_rt_sigaction
sys_enter_rt_sigaction
sys_enter_rt_sigaction
sys_enter_rt_sigaction
sys_enter_rt_sigaction
sys_enter_rt_sigaction
sys_enter_rt_sigaction
sys_enter_rt_sigaction
sys_enter_rt_sigaction
sys_enter_rt_sigaction
sys_enter_rt_sigaction
sys_enter_rt_sigaction
sys_enter_rt_sigaction
sys_enter_rt_sigaction
sys_enter_rt_sigaction
sys_enter_rt_sigaction
sys_enter_rt_sigaction
sys_enter_rt_sigaction
sys_enter_rt_sigaction
sys_enter_rt_sigaction
sys_enter_rt_sigaction
sys_enter_rt_sigaction
sys_enter_rt_sigprocmask
sys_enter_clone
sys_enter_rt_sigprocmask
sys_enter_gettid
sys_enter_sigaltstack
sys_enter_sigaltstack
sys_enter_gettid
sys_enter_rt_sigprocmask
sys_enter_rt_sigprocmask
sys_enter_clone
sys_enter_rt_sigprocmask
sys_enter_gettid
sys_enter_sigaltstack
sys_enter_sigaltstack
sys_enter_gettid
sys_enter_rt_sigprocmask
sys_enter_rt_sigprocmask
sys_enter_clone
sys_enter_rt_sigprocmask
sys_enter_futex
sys_enter_rt_sigprocmask
sys_enter_clone
sys_enter_gettid
sys_enter_sigaltstack
sys_enter_sigaltstack
sys_enter_gettid
sys_enter_rt_sigprocmask
sys_enter_rt_sigprocmask
sys_enter_futex
sys_enter_gettid
sys_enter_futex
sys_enter_futex
sys_enter_futex
sys_enter_sigaltstack
sys_enter_sigaltstack
sys_enter_gettid
sys_enter_rt_sigprocmask
sys_enter_futex
sys_enter_futex
sys_enter_futex
sys_enter_futex
sys_enter_mmap
sys_enter_openat
sys_enter_read
sys_enter_read
sys_enter_close
sys_enter_socket
sys_enter_close
sys_enter_socket
sys_enter_setsockopt
sys_enter_bind
sys_enter_socket
sys_enter_setsockopt
sys_enter_bind
sys_enter_close
sys_enter_close
sys_enter_getpid
sys_enter_getppid
sys_enter_mmap
sys_enter_mmap
sys_enter_getppid
sys_enter_openat
sys_enter_pipe2
sys_enter_getpid
sys_enter_clone
sys_enter_setsid
sys_enter_close
sys_enter_read
sys_enter_chdir
sys_enter_execve
sys_enter_close
sys_enter_mmap
sys_enter_exit_group
sys_enter_mmap
sys_enter_mprotect
sys_enter_mmap
sys_enter_mmap
sys_enter_mprotect
sys_enter_mmap
sys_enter_mprotect
sys_enter_mmap
sys_enter_mprotect
sys_enter_mmap
sys_enter_mmap
sys_enter_close
sys_enter_munmap
sys_enter_sched_getaffinity
sys_enter_mmap
sys_enter_munmap
sys_enter_mmap
sys_enter_mmap
sys_enter_mmap
sys_enter_mmap
sys_enter_mmap
sys_enter_mmap
sys_enter_rt_sigprocmask
sys_enter_sigaltstack
sys_enter_sigaltstack
sys_enter_gettid
sys_enter_rt_sigprocmask
sys_enter_rt_sigaction
sys_enter_rt_sigaction
sys_enter_rt_sigaction
sys_enter_rt_sigaction
sys_enter_rt_sigaction
sys_enter_rt_sigaction
sys_enter_rt_sigaction
sys_enter_rt_sigaction
sys_enter_rt_sigaction
sys_enter_rt_sigaction
sys_enter_rt_sigaction
sys_enter_rt_sigaction
sys_enter_rt_sigaction
sys_enter_rt_sigaction
sys_enter_rt_sigaction
sys_enter_rt_sigaction
sys_enter_rt_sigaction
sys_enter_rt_sigaction
sys_enter_rt_sigaction
sys_enter_rt_sigaction
sys_enter_rt_sigaction
sys_enter_rt_sigaction
sys_enter_rt_sigaction
sys_enter_rt_sigaction
sys_enter_rt_sigaction
sys_enter_rt_sigaction
sys_enter_rt_sigaction
sys_enter_rt_sigaction
sys_enter_rt_sigaction
sys_enter_rt_sigaction
sys_enter_rt_sigaction
sys_enter_rt_sigaction
sys_enter_rt_sigaction
sys_enter_rt_sigaction
sys_enter_rt_sigaction
sys_enter_rt_sigaction
sys_enter_rt_sigaction
sys_enter_rt_sigaction
sys_enter_rt_sigaction
sys_enter_rt_sigaction
sys_enter_rt_sigaction
sys_enter_rt_sigaction
sys_enter_rt_sigaction
sys_enter_rt_sigaction
sys_enter_rt_sigaction
sys_enter_rt_sigaction
sys_enter_rt_sigaction
sys_enter_rt_sigaction
sys_enter_rt_sigaction
sys_enter_rt_sigaction
sys_enter_rt_sigaction
sys_enter_rt_sigaction
sys_enter_rt_sigaction
sys_enter_rt_sigaction
sys_enter_rt_sigaction
sys_enter_rt_sigaction
sys_enter_rt_sigaction
sys_enter_rt_sigaction
sys_enter_rt_sigaction
sys_enter_rt_sigaction
sys_enter_rt_sigaction
sys_enter_rt_sigaction
sys_enter_rt_sigaction
sys_enter_rt_sigaction
sys_enter_rt_sigaction
sys_enter_rt_sigaction
sys_enter_rt_sigaction
sys_enter_rt_sigaction
sys_enter_rt_sigaction
sys_enter_rt_sigaction
sys_enter_rt_sigaction
sys_enter_rt_sigaction
sys_enter_rt_sigaction
sys_enter_rt_sigaction
sys_enter_rt_sigaction
sys_enter_rt_sigaction
sys_enter_rt_sigaction
sys_enter_rt_sigaction
sys_enter_rt_sigaction
sys_enter_rt_sigaction
sys_enter_rt_sigaction
sys_enter_rt_sigaction
sys_enter_rt_sigaction
sys_enter_rt_sigaction
sys_enter_rt_sigaction
sys_enter_rt_sigaction
sys_enter_rt_sigaction
sys_enter_rt_sigaction
sys_enter_rt_sigaction
sys_enter_rt_sigaction
sys_enter_rt_sigaction
sys_enter_rt_sigaction
sys_enter_rt_sigaction
sys_enter_rt_sigaction
sys_enter_rt_sigaction
sys_enter_rt_sigaction
sys_enter_rt_sigaction
sys_enter_rt_sigaction
sys_enter_rt_sigaction
sys_enter_rt_sigaction
sys_enter_rt_sigaction
sys_enter_rt_sigaction
sys_enter_rt_sigaction
sys_enter_rt_sigaction
sys_enter_rt_sigaction
sys_enter_rt_sigaction
sys_enter_rt_sigaction
sys_enter_rt_sigaction
sys_enter_rt_sigaction
sys_enter_rt_sigaction
sys_enter_rt_sigaction
sys_enter_rt_sigaction
sys_enter_rt_sigaction
sys_enter_rt_sigaction
sys_enter_rt_sigprocmask
sys_enter_clone
sys_enter_rt_sigprocmask
sys_enter_gettid
sys_enter_sigaltstack
sys_enter_sigaltstack
sys_enter_gettid
sys_enter_rt_sigprocmask
sys_enter_rt_sigprocmask
sys_enter_clone
sys_enter_rt_sigprocmask
sys_enter_gettid
sys_enter_sigaltstack
sys_enter_sigaltstack
sys_enter_gettid
sys_enter_rt_sigprocmask
sys_enter_rt_sigprocmask
sys_enter_clone
sys_enter_rt_sigprocmask
sys_enter_futex
sys_enter_gettid
sys_enter_sigaltstack
sys_enter_sigaltstack
sys_enter_gettid
sys_enter_rt_sigprocmask
sys_enter_futex
sys_enter_rt_sigprocmask
sys_enter_clone
sys_enter_rt_sigprocmask
sys_enter_gettid
sys_enter_futex
sys_enter_futex
sys_enter_sigaltstack
sys_enter_sigaltstack
sys_enter_gettid
sys_enter_rt_sigprocmask
sys_enter_futex
sys_enter_futex
sys_enter_mmap
sys_enter_futex
sys_enter_futex
sys_enter_futex
sys_enter_openat
sys_enter_read
sys_enter_read
sys_enter_close
sys_enter_socket
sys_enter_close
sys_enter_socket
sys_enter_setsockopt
sys_enter_bind
sys_enter_socket
sys_enter_setsockopt
sys_enter_bind
sys_enter_close
sys_enter_close
sys_enter_getpid
sys_enter_getppid
sys_enter_mmap
sys_enter_mmap
sys_enter_getppid
sys_enter_openat
sys_enter_pipe2
sys_enter_getpid
sys_enter_clone
sys_enter_setsid
sys_enter_close
sys_enter_read
sys_enter_chdir
sys_enter_execve
sys_enter_close
sys_enter_mmap
sys_enter_exit_group
sys_enter_mmap
sys_enter_mprotect
sys_enter_mmap
sys_enter_mmap
sys_enter_mprotect
sys_enter_mmap
sys_enter_mprotect
sys_enter_mmap
sys_enter_mprotect
sys_enter_mmap
sys_enter_mmap
sys_enter_close
sys_enter_munmap
sys_enter_sched_getaffinity
sys_enter_mmap
sys_enter_munmap
sys_enter_mmap
sys_enter_mmap
sys_enter_mmap
sys_enter_mmap
sys_enter_mmap
sys_enter_mmap
sys_enter_rt_sigprocmask
sys_enter_sigaltstack
sys_enter_sigaltstack
sys_enter_gettid
sys_enter_rt_sigprocmask
sys_enter_rt_sigaction
sys_enter_rt_sigaction
sys_enter_rt_sigaction
sys_enter_rt_sigaction
sys_enter_rt_sigaction
sys_enter_rt_sigaction
sys_enter_rt_sigaction
sys_enter_rt_sigaction
sys_enter_rt_sigaction
sys_enter_rt_sigaction
sys_enter_rt_sigaction
sys_enter_rt_sigaction
sys_enter_rt_sigaction
sys_enter_rt_sigaction
sys_enter_rt_sigaction
sys_enter_rt_sigaction
sys_enter_rt_sigaction
sys_enter_rt_sigaction
sys_enter_rt_sigaction
sys_enter_rt_sigaction
sys_enter_rt_sigaction
sys_enter_rt_sigaction
sys_enter_rt_sigaction
sys_enter_rt_sigaction
sys_enter_rt_sigaction
sys_enter_rt_sigaction
sys_enter_rt_sigaction
sys_enter_rt_sigaction
sys_enter_rt_sigaction
sys_enter_rt_sigaction
sys_enter_rt_sigaction
sys_enter_rt_sigaction
sys_enter_rt_sigaction
sys_enter_rt_sigaction
sys_enter_rt_sigaction
sys_enter_rt_sigaction
sys_enter_rt_sigaction
sys_enter_rt_sigaction
sys_enter_rt_sigaction
sys_enter_rt_sigaction
sys_enter_rt_sigaction
sys_enter_rt_sigaction
sys_enter_rt_sigaction
sys_enter_rt_sigaction
sys_enter_rt_sigaction
sys_enter_rt_sigaction
sys_enter_rt_sigaction
sys_enter_rt_sigaction
sys_enter_rt_sigaction
sys_enter_rt_sigaction
sys_enter_rt_sigaction
sys_enter_rt_sigaction
sys_enter_rt_sigaction
sys_enter_rt_sigaction
sys_enter_rt_sigaction
sys_enter_rt_sigaction
sys_enter_rt_sigaction
sys_enter_rt_sigaction
sys_enter_rt_sigaction
sys_enter_rt_sigaction
sys_enter_rt_sigaction
sys_enter_rt_sigaction
sys_enter_rt_sigaction
sys_enter_rt_sigaction
sys_enter_rt_sigaction
sys_enter_rt_sigaction
sys_enter_rt_sigaction
sys_enter_rt_sigaction
sys_enter_rt_sigaction
sys_enter_rt_sigaction
sys_enter_rt_sigaction
sys_enter_rt_sigaction
sys_enter_rt_sigaction
sys_enter_rt_sigaction
sys_enter_rt_sigaction
sys_enter_rt_sigaction
sys_enter_rt_sigaction
sys_enter_rt_sigaction
sys_enter_rt_sigaction
sys_enter_rt_sigaction
sys_enter_rt_sigaction
sys_enter_rt_sigaction
sys_enter_rt_sigaction
sys_enter_rt_sigaction
sys_enter_rt_sigaction
sys_enter_rt_sigaction
sys_enter_rt_sigaction
sys_enter_rt_sigaction
sys_enter_rt_sigaction
sys_enter_rt_sigaction
sys_enter_rt_sigaction
sys_enter_rt_sigaction
sys_enter_rt_sigaction
sys_enter_rt_sigaction
sys_enter_rt_sigaction
sys_enter_rt_sigaction
sys_enter_rt_sigaction
sys_enter_rt_sigaction
sys_enter_rt_sigaction
sys_enter_rt_sigaction
sys_enter_rt_sigaction
sys_enter_rt_sigaction
sys_enter_rt_sigaction
sys_enter_rt_sigaction
sys_enter_rt_sigaction
sys_enter_rt_sigaction
sys_enter_rt_sigaction
sys_enter_rt_sigaction
sys_enter_rt_sigaction
sys_enter_rt_sigaction
sys_enter_rt_sigaction
sys_enter_rt_sigaction
sys_enter_rt_sigaction
sys_enter_rt_sigaction
sys_enter_rt_sigprocmask
sys_enter_clone
sys_enter_rt_sigprocmask
sys_enter_gettid
sys_enter_sigaltstack
sys_enter_sigaltstack
sys_enter_gettid
sys_enter_rt_sigprocmask
sys_enter_rt_sigprocmask
sys_enter_clone
sys_enter_rt_sigprocmask
sys_enter_gettid
sys_enter_sigaltstack
sys_enter_sigaltstack
sys_enter_rt_sigprocmask
sys_enter_clone
sys_enter_gettid
sys_enter_rt_sigprocmask
sys_enter_rt_sigprocmask
sys_enter_futex
sys_enter_gettid
sys_enter_sigaltstack
sys_enter_sigaltstack
sys_enter_gettid
sys_enter_rt_sigprocmask
sys_enter_sched_yield
sys_enter_futex
sys_enter_futex
sys_enter_futex
sys_enter_futex
sys_enter_futex
sys_enter_rt_sigprocmask
sys_enter_clone
sys_enter_rt_sigprocmask
sys_enter_futex
sys_enter_gettid
sys_enter_sigaltstack
sys_enter_sigaltstack
sys_enter_gettid
sys_enter_rt_sigprocmask
sys_enter_futex
sys_enter_futex
sys_enter_mmap
sys_enter_futex
sys_enter_futex
sys_enter_futex
sys_enter_openat
sys_enter_read
sys_enter_read
sys_enter_close
sys_enter_socket
sys_enter_close
sys_enter_socket
sys_enter_setsockopt
sys_enter_bind
sys_enter_socket
sys_enter_setsockopt
sys_enter_bind
sys_enter_close
sys_enter_close
sys_enter_getpid
sys_enter_getppid
sys_enter_mmap
sys_enter_mmap
sys_enter_getppid
sys_enter_openat
sys_enter_pipe2
sys_enter_getpid
sys_enter_clone
sys_enter_setsid
sys_enter_close
sys_enter_read
sys_enter_chdir
sys_enter_execve
sys_enter_close
sys_enter_exit_group
sys_enter_mmap
sys_enter_mmap
sys_enter_mprotect
sys_enter_mmap
sys_enter_mmap
sys_enter_mprotect
sys_enter_mmap
sys_enter_mprotect
sys_enter_mmap
sys_enter_mprotect
sys_enter_mmap
sys_enter_mmap
sys_enter_close
sys_enter_munmap
sys_enter_sched_getaffinity
sys_enter_mmap
sys_enter_munmap
sys_enter_mmap
sys_enter_mmap
sys_enter_mmap
sys_enter_mmap
sys_enter_mmap
sys_enter_mmap
sys_enter_rt_sigprocmask
sys_enter_sigaltstack
sys_enter_sigaltstack
sys_enter_gettid
sys_enter_rt_sigprocmask
sys_enter_rt_sigaction
sys_enter_rt_sigaction
sys_enter_rt_sigaction
sys_enter_rt_sigaction
sys_enter_rt_sigaction
sys_enter_rt_sigaction
sys_enter_rt_sigaction
sys_enter_rt_sigaction
sys_enter_rt_sigaction
sys_enter_rt_sigaction
sys_enter_rt_sigaction
sys_enter_rt_sigaction
sys_enter_rt_sigaction
sys_enter_rt_sigaction
sys_enter_rt_sigaction
sys_enter_rt_sigaction
sys_enter_rt_sigaction
sys_enter_rt_sigaction
sys_enter_rt_sigaction
sys_enter_rt_sigaction
sys_enter_rt_sigaction
sys_enter_rt_sigaction
sys_enter_rt_sigaction
sys_enter_rt_sigaction
sys_enter_rt_sigaction
sys_enter_rt_sigaction
sys_enter_rt_sigaction
sys_enter_rt_sigaction
sys_enter_rt_sigaction
sys_enter_rt_sigaction
sys_enter_rt_sigaction
sys_enter_rt_sigaction
sys_enter_rt_sigaction
sys_enter_rt_sigaction
sys_enter_rt_sigaction
sys_enter_rt_sigaction
sys_enter_rt_sigaction
sys_enter_rt_sigaction
sys_enter_rt_sigaction
sys_enter_rt_sigaction
sys_enter_rt_sigaction
sys_enter_rt_sigaction
sys_enter_rt_sigaction
sys_enter_rt_sigaction
sys_enter_rt_sigaction
sys_enter_rt_sigaction
sys_enter_rt_sigaction
sys_enter_rt_sigaction
sys_enter_rt_sigaction
sys_enter_rt_sigaction
sys_enter_rt_sigaction
sys_enter_rt_sigaction
sys_enter_rt_sigaction
sys_enter_rt_sigaction
sys_enter_rt_sigaction
sys_enter_rt_sigaction
sys_enter_rt_sigaction
sys_enter_rt_sigaction
sys_enter_rt_sigaction
sys_enter_rt_sigaction
sys_enter_rt_sigaction
sys_enter_rt_sigaction
sys_enter_rt_sigaction
sys_enter_rt_sigaction
sys_enter_rt_sigaction
sys_enter_rt_sigaction
sys_enter_rt_sigaction
sys_enter_rt_sigaction
sys_enter_rt_sigaction
sys_enter_rt_sigaction
sys_enter_rt_sigaction
sys_enter_rt_sigaction
sys_enter_rt_sigaction
sys_enter_rt_sigaction
sys_enter_rt_sigaction
sys_enter_rt_sigaction
sys_enter_rt_sigaction
sys_enter_rt_sigaction
sys_enter_rt_sigaction
sys_enter_rt_sigaction
sys_enter_rt_sigaction
sys_enter_rt_sigaction
sys_enter_rt_sigaction
sys_enter_rt_sigaction
sys_enter_rt_sigaction
sys_enter_rt_sigaction
sys_enter_rt_sigaction
sys_enter_rt_sigaction
sys_enter_rt_sigaction
sys_enter_rt_sigaction
sys_enter_rt_sigaction
sys_enter_rt_sigaction
sys_enter_rt_sigaction
sys_enter_rt_sigaction
sys_enter_rt_sigaction
sys_enter_rt_sigaction
sys_enter_rt_sigaction
sys_enter_rt_sigaction
sys_enter_rt_sigaction
sys_enter_rt_sigaction
sys_enter_rt_sigaction
sys_enter_rt_sigaction
sys_enter_rt_sigaction
sys_enter_rt_sigaction
sys_enter_rt_sigaction
sys_enter_rt_sigaction
sys_enter_rt_sigaction
sys_enter_rt_sigaction
sys_enter_rt_sigaction
sys_enter_rt_sigaction
sys_enter_rt_sigaction
sys_enter_rt_sigaction
sys_enter_rt_sigaction
sys_enter_rt_sigaction
sys_enter_rt_sigprocmask
sys_enter_clone
sys_enter_rt_sigprocmask
sys_enter_rt_sigprocmask
sys_enter_clone
sys_enter_gettid
sys_enter_sigaltstack
sys_enter_sigaltstack
sys_enter_gettid
sys_enter_rt_sigprocmask
sys_enter_rt_sigprocmask
sys_enter_rt_sigprocmask
sys_enter_clone
sys_enter_rt_sigprocmask
sys_enter_futex
sys_enter_gettid
sys_enter_sigaltstack
sys_enter_sigaltstack
sys_enter_gettid
sys_enter_rt_sigprocmask
sys_enter_futex
sys_enter_gettid
sys_enter_sigaltstack
sys_enter_sigaltstack
sys_enter_gettid
sys_enter_rt_sigprocmask
sys_enter_rt_sigprocmask
sys_enter_clone
sys_enter_rt_sigprocmask
sys_enter_gettid
sys_enter_sigaltstack
sys_enter_sigaltstack
sys_enter_gettid
sys_enter_rt_sigprocmask
sys_enter_futex
sys_enter_futex
sys_enter_futex
sys_enter_mmap
sys_enter_futex
sys_enter_futex
sys_enter_futex
sys_enter_futex
sys_enter_openat
sys_enter_read
sys_enter_read
sys_enter_close
sys_enter_socket
sys_enter_close
sys_enter_socket
sys_enter_setsockopt
sys_enter_bind
sys_enter_socket
sys_enter_setsockopt
sys_enter_bind
sys_enter_close
sys_enter_close
sys_enter_getpid
sys_enter_getppid
sys_enter_mmap
sys_enter_mmap
sys_enter_getppid
sys_enter_openat
sys_enter_pipe2
sys_enter_getpid
sys_enter_clone
sys_enter_setsid
sys_enter_close
sys_enter_read
sys_enter_chdir
sys_enter_execve
sys_enter_close
sys_enter_exit_group
sys_enter_mmap
sys_enter_mmap
sys_enter_mprotect
sys_enter_mmap
sys_enter_mmap
sys_enter_mprotect
sys_enter_mmap
sys_enter_mprotect
sys_enter_mmap
sys_enter_mprotect
sys_enter_mmap
sys_enter_mmap
sys_enter_close
sys_enter_munmap
sys_enter_sched_getaffinity
sys_enter_mmap
sys_enter_munmap
sys_enter_mmap
sys_enter_mmap
sys_enter_mmap
sys_enter_mmap
sys_enter_mmap
sys_enter_mmap
sys_enter_rt_sigprocmask
sys_enter_sigaltstack
sys_enter_sigaltstack
sys_enter_gettid
sys_enter_rt_sigprocmask
sys_enter_rt_sigaction
sys_enter_rt_sigaction
sys_enter_rt_sigaction
sys_enter_rt_sigaction
sys_enter_rt_sigaction
sys_enter_rt_sigaction
sys_enter_rt_sigaction
sys_enter_rt_sigaction
sys_enter_rt_sigaction
sys_enter_rt_sigaction
sys_enter_rt_sigaction
sys_enter_rt_sigaction
sys_enter_rt_sigaction
sys_enter_rt_sigaction
sys_enter_rt_sigaction
sys_enter_rt_sigaction
sys_enter_rt_sigaction
sys_enter_rt_sigaction
sys_enter_rt_sigaction
sys_enter_rt_sigaction
sys_enter_rt_sigaction
sys_enter_rt_sigaction
sys_enter_rt_sigaction
sys_enter_rt_sigaction
sys_enter_rt_sigaction
sys_enter_rt_sigaction
sys_enter_rt_sigaction
sys_enter_rt_sigaction
sys_enter_rt_sigaction
sys_enter_rt_sigaction
sys_enter_rt_sigaction
sys_enter_rt_sigaction
sys_enter_rt_sigaction
sys_enter_rt_sigaction
sys_enter_rt_sigaction
sys_enter_rt_sigaction
sys_enter_rt_sigaction
sys_enter_rt_sigaction
sys_enter_rt_sigaction
sys_enter_rt_sigaction
sys_enter_rt_sigaction
sys_enter_rt_sigaction
sys_enter_rt_sigaction
sys_enter_rt_sigaction
sys_enter_rt_sigaction
sys_enter_rt_sigaction
sys_enter_rt_sigaction
sys_enter_rt_sigaction
sys_enter_rt_sigaction
sys_enter_rt_sigaction
sys_enter_rt_sigaction
sys_enter_rt_sigaction
sys_enter_rt_sigaction
sys_enter_rt_sigaction
sys_enter_rt_sigaction
sys_enter_rt_sigaction
sys_enter_rt_sigaction
sys_enter_rt_sigaction
sys_enter_rt_sigaction
sys_enter_rt_sigaction
sys_enter_rt_sigaction
sys_enter_rt_sigaction
sys_enter_rt_sigaction
sys_enter_rt_sigaction
sys_enter_rt_sigaction
sys_enter_rt_sigaction
sys_enter_rt_sigaction
sys_enter_rt_sigaction
sys_enter_rt_sigaction
sys_enter_rt_sigaction
sys_enter_rt_sigaction
sys_enter_rt_sigaction
sys_enter_rt_sigaction
sys_enter_rt_sigaction
sys_enter_rt_sigaction
sys_enter_rt_sigaction
sys_enter_rt_sigaction
sys_enter_rt_sigaction
sys_enter_rt_sigaction
sys_enter_rt_sigaction
sys_enter_rt_sigaction
sys_enter_rt_sigaction
sys_enter_rt_sigaction
sys_enter_rt_sigaction
sys_enter_rt_sigaction
sys_enter_rt_sigaction
sys_enter_rt_sigaction
sys_enter_rt_sigaction
sys_enter_rt_sigaction
sys_enter_rt_sigaction
sys_enter_rt_sigaction
sys_enter_rt_sigaction
sys_enter_rt_sigaction
sys_enter_rt_sigaction
sys_enter_rt_sigaction
sys_enter_rt_sigaction
sys_enter_rt_sigaction
sys_enter_rt_sigaction
sys_enter_rt_sigaction
sys_enter_rt_sigaction
sys_enter_rt_sigaction
sys_enter_rt_sigaction
sys_enter_rt_sigaction
sys_enter_rt_sigaction
sys_enter_rt_sigaction
sys_enter_rt_sigaction
sys_enter_rt_sigaction
sys_enter_rt_sigaction
sys_enter_rt_sigaction
sys_enter_rt_sigaction
sys_enter_rt_sigaction
sys_enter_rt_sigaction
sys_enter_rt_sigaction
sys_enter_rt_sigaction
sys_enter_rt_sigprocmask
sys_enter_clone
sys_enter_rt_sigprocmask
sys_enter_gettid
sys_enter_sigaltstack
sys_enter_sigaltstack
sys_enter_gettid
sys_enter_rt_sigprocmask
sys_enter_rt_sigprocmask
sys_enter_clone
sys_enter_rt_sigprocmask
sys_enter_gettid
sys_enter_sigaltstack
sys_enter_sigaltstack
sys_enter_gettid
sys_enter_rt_sigprocmask
sys_enter_rt_sigprocmask
sys_enter_clone
sys_enter_rt_sigprocmask
sys_enter_futex
sys_enter_gettid
sys_enter_sigaltstack
sys_enter_sigaltstack
sys_enter_gettid
sys_enter_rt_sigprocmask
sys_enter_futex
sys_enter_futex
sys_enter_rt_sigprocmask
sys_enter_clone
sys_enter_rt_sigprocmask
sys_enter_futex
sys_enter_gettid
sys_enter_sigaltstack
sys_enter_sigaltstack
sys_enter_gettid
sys_enter_rt_sigprocmask
sys_enter_futex
sys_enter_futex
sys_enter_mmap
sys_enter_futex
sys_enter_futex
sys_enter_futex
sys_enter_openat
sys_enter_read
sys_enter_read
sys_enter_close
sys_enter_socket
sys_enter_close
sys_enter_socket
sys_enter_setsockopt
sys_enter_bind
sys_enter_socket
sys_enter_setsockopt
sys_enter_bind
sys_enter_close
sys_enter_close
sys_enter_getpid
sys_enter_getppid
sys_enter_mmap
sys_enter_mmap
sys_enter_getppid
sys_enter_openat
sys_enter_pipe2
sys_enter_getpid
sys_enter_clone
sys_enter_setsid
sys_enter_close
sys_enter_read
sys_enter_chdir
sys_enter_execve
sys_enter_close
sys_enter_exit_group
sys_enter_mmap
sys_enter_mmap
sys_enter_mprotect
sys_enter_mmap
sys_enter_mmap
sys_enter_mprotect
sys_enter_mmap
sys_enter_mprotect
sys_enter_mmap
sys_enter_mprotect
sys_enter_mmap
sys_enter_mmap
sys_enter_close
sys_enter_munmap
sys_enter_sched_getaffinity
sys_enter_mmap
sys_enter_munmap
sys_enter_mmap
sys_enter_mmap
sys_enter_mmap
sys_enter_mmap
sys_enter_mmap
sys_enter_mmap
sys_enter_rt_sigprocmask
sys_enter_sigaltstack
sys_enter_sigaltstack
sys_enter_gettid
sys_enter_rt_sigprocmask
sys_enter_rt_sigaction
sys_enter_rt_sigaction
sys_enter_rt_sigaction
sys_enter_rt_sigaction
sys_enter_rt_sigaction
sys_enter_rt_sigaction
sys_enter_rt_sigaction
sys_enter_rt_sigaction
sys_enter_rt_sigaction
sys_enter_rt_sigaction
sys_enter_rt_sigaction
sys_enter_rt_sigaction
sys_enter_rt_sigaction
sys_enter_rt_sigaction
sys_enter_rt_sigaction
sys_enter_rt_sigaction
sys_enter_rt_sigaction
sys_enter_rt_sigaction
sys_enter_rt_sigaction
sys_enter_rt_sigaction
sys_enter_rt_sigaction
sys_enter_rt_sigaction
sys_enter_rt_sigaction
sys_enter_rt_sigaction
sys_enter_rt_sigaction
sys_enter_rt_sigaction
sys_enter_rt_sigaction
sys_enter_rt_sigaction
sys_enter_rt_sigaction
sys_enter_rt_sigaction
sys_enter_rt_sigaction
sys_enter_rt_sigaction
sys_enter_rt_sigaction
sys_enter_rt_sigaction
sys_enter_rt_sigaction
sys_enter_rt_sigaction
sys_enter_rt_sigaction
sys_enter_rt_sigaction
sys_enter_rt_sigaction
sys_enter_rt_sigaction
sys_enter_rt_sigaction
sys_enter_rt_sigaction
sys_enter_rt_sigaction
sys_enter_rt_sigaction
sys_enter_rt_sigaction
sys_enter_rt_sigaction
sys_enter_rt_sigaction
sys_enter_rt_sigaction
sys_enter_rt_sigaction
sys_enter_rt_sigaction
sys_enter_rt_sigaction
sys_enter_rt_sigaction
sys_enter_rt_sigaction
sys_enter_rt_sigaction
sys_enter_rt_sigaction
sys_enter_rt_sigaction
sys_enter_rt_sigaction
sys_enter_rt_sigaction
sys_enter_rt_sigaction
sys_enter_rt_sigaction
sys_enter_rt_sigaction
sys_enter_rt_sigaction
sys_enter_rt_sigaction
sys_enter_rt_sigaction
sys_enter_rt_sigaction
sys_enter_rt_sigaction
sys_enter_rt_sigaction
sys_enter_rt_sigaction
sys_enter_rt_sigaction
sys_enter_rt_sigaction
sys_enter_rt_sigaction
sys_enter_rt_sigaction
sys_enter_rt_sigaction
sys_enter_rt_sigaction
sys_enter_rt_sigaction
sys_enter_rt_sigaction
sys_enter_rt_sigaction
sys_enter_rt_sigaction
sys_enter_rt_sigaction
sys_enter_rt_sigaction
sys_enter_rt_sigaction
sys_enter_rt_sigaction
sys_enter_rt_sigaction
sys_enter_rt_sigaction
sys_enter_rt_sigaction
sys_enter_rt_sigaction
sys_enter_rt_sigaction
sys_enter_rt_sigaction
sys_enter_rt_sigaction
sys_enter_rt_sigaction
sys_enter_rt_sigaction
sys_enter_rt_sigaction
sys_enter_rt_sigaction
sys_enter_rt_sigaction
sys_enter_rt_sigaction
sys_enter_rt_sigaction
sys_enter_rt_sigaction
sys_enter_rt_sigaction
sys_enter_rt_sigaction
sys_enter_rt_sigaction
sys_enter_rt_sigaction
sys_enter_rt_sigaction
sys_enter_rt_sigaction
sys_enter_rt_sigaction
sys_enter_rt_sigaction
sys_enter_rt_sigaction
sys_enter_rt_sigaction
sys_enter_rt_sigaction
sys_enter_rt_sigaction
sys_enter_rt_sigaction
sys_enter_rt_sigaction
sys_enter_rt_sigaction
sys_enter_rt_sigaction
sys_enter_rt_sigaction
sys_enter_rt_sigprocmask
sys_enter_clone
sys_enter_rt_sigprocmask
sys_enter_gettid
sys_enter_sigaltstack
sys_enter_sigaltstack
sys_enter_gettid
sys_enter_rt_sigprocmask
sys_enter_rt_sigprocmask
sys_enter_clone
sys_enter_rt_sigprocmask
sys_enter_gettid
sys_enter_sigaltstack
sys_enter_sigaltstack
sys_enter_gettid
sys_enter_rt_sigprocmask
sys_enter_clone
sys_enter_rt_sigprocmask
sys_enter_rt_sigprocmask
sys_enter_rt_sigprocmask
sys_enter_clone
sys_enter_gettid
sys_enter_futex
sys_enter_sigaltstack
sys_enter_sigaltstack
sys_enter_gettid
sys_enter_rt_sigprocmask
sys_enter_futex
sys_enter_futex
sys_enter_rt_sigprocmask
sys_enter_futex
sys_enter_gettid
sys_enter_sigaltstack
sys_enter_sigaltstack
sys_enter_gettid
sys_enter_rt_sigprocmask
sys_enter_futex
sys_enter_futex
sys_enter_mmap
sys_enter_futex
sys_enter_futex
sys_enter_futex
sys_enter_openat
sys_enter_read
sys_enter_read
sys_enter_close
sys_enter_socket
sys_enter_close
sys_enter_socket
sys_enter_setsockopt
sys_enter_bind
sys_enter_socket
sys_enter_setsockopt
sys_enter_bind
sys_enter_close
sys_enter_close
sys_enter_getpid
sys_enter_getppid
sys_enter_mmap
sys_enter_mmap
sys_enter_getppid
sys_enter_openat
sys_enter_pipe2
sys_enter_getpid
sys_enter_clone
sys_enter_setsid
sys_enter_close
sys_enter_read
sys_enter_chdir
sys_enter_execve
sys_enter_close
sys_enter_exit_group
sys_enter_mmap
sys_enter_mmap
sys_enter_mprotect
sys_enter_mmap
sys_enter_mmap
sys_enter_mprotect
sys_enter_mmap
sys_enter_mprotect
sys_enter_mmap
sys_enter_mprotect
sys_enter_mmap
sys_enter_mmap
sys_enter_close
sys_enter_munmap
sys_enter_sched_getaffinity
sys_enter_mmap
sys_enter_munmap
sys_enter_mmap
sys_enter_mmap
sys_enter_mmap
sys_enter_mmap
sys_enter_mmap
sys_enter_mmap
sys_enter_rt_sigprocmask
sys_enter_sigaltstack
sys_enter_sigaltstack
sys_enter_gettid
sys_enter_rt_sigprocmask
sys_enter_rt_sigaction
sys_enter_rt_sigaction
sys_enter_rt_sigaction
sys_enter_rt_sigaction
sys_enter_rt_sigaction
sys_enter_rt_sigaction
sys_enter_rt_sigaction
sys_enter_rt_sigaction
sys_enter_rt_sigaction
sys_enter_rt_sigaction
sys_enter_rt_sigaction
sys_enter_rt_sigaction
sys_enter_rt_sigaction
sys_enter_rt_sigaction
sys_enter_rt_sigaction
sys_enter_rt_sigaction
sys_enter_rt_sigaction
sys_enter_rt_sigaction
sys_enter_rt_sigaction
sys_enter_rt_sigaction
sys_enter_rt_sigaction
sys_enter_rt_sigaction
sys_enter_rt_sigaction
sys_enter_rt_sigaction
sys_enter_rt_sigaction
sys_enter_rt_sigaction
sys_enter_rt_sigaction
sys_enter_rt_sigaction
sys_enter_rt_sigaction
sys_enter_rt_sigaction
sys_enter_rt_sigaction
sys_enter_rt_sigaction
sys_enter_rt_sigaction
sys_enter_rt_sigaction
sys_enter_rt_sigaction
sys_enter_rt_sigaction
sys_enter_rt_sigaction
sys_enter_rt_sigaction
sys_enter_rt_sigaction
sys_enter_rt_sigaction
sys_enter_rt_sigaction
sys_enter_rt_sigaction
sys_enter_rt_sigaction
sys_enter_rt_sigaction
sys_enter_rt_sigaction
sys_enter_rt_sigaction
sys_enter_rt_sigaction
sys_enter_rt_sigaction
sys_enter_rt_sigaction
sys_enter_rt_sigaction
sys_enter_rt_sigaction
sys_enter_rt_sigaction
sys_enter_rt_sigaction
sys_enter_rt_sigaction
sys_enter_rt_sigaction
sys_enter_rt_sigaction
sys_enter_rt_sigaction
sys_enter_rt_sigaction
sys_enter_rt_sigaction
sys_enter_rt_sigaction
sys_enter_rt_sigaction
sys_enter_rt_sigaction
sys_enter_rt_sigaction
sys_enter_rt_sigaction
sys_enter_rt_sigaction
sys_enter_rt_sigaction
sys_enter_rt_sigaction
sys_enter_rt_sigaction
sys_enter_rt_sigaction
sys_enter_rt_sigaction
sys_enter_rt_sigaction
sys_enter_rt_sigaction
sys_enter_rt_sigaction
sys_enter_rt_sigaction
sys_enter_rt_sigaction
sys_enter_rt_sigaction
sys_enter_rt_sigaction
sys_enter_rt_sigaction
sys_enter_rt_sigaction
sys_enter_rt_sigaction
sys_enter_rt_sigaction
sys_enter_rt_sigaction
sys_enter_rt_sigaction
sys_enter_rt_sigaction
sys_enter_rt_sigaction
sys_enter_rt_sigaction
sys_enter_rt_sigaction
sys_enter_rt_sigaction
sys_enter_rt_sigaction
sys_enter_rt_sigaction
sys_enter_rt_sigaction
sys_enter_rt_sigaction
sys_enter_rt_sigaction
sys_enter_rt_sigaction
sys_enter_rt_sigaction
sys_enter_rt_sigaction
sys_enter_rt_sigaction
sys_enter_rt_sigaction
sys_enter_rt_sigaction
sys_enter_rt_sigaction
sys_enter_rt_sigaction
sys_enter_rt_sigaction
sys_enter_rt_sigaction
sys_enter_rt_sigaction
sys_enter_rt_sigaction
sys_enter_rt_sigaction
sys_enter_rt_sigaction
sys_enter_rt_sigaction
sys_enter_rt_sigaction
sys_enter_rt_sigaction
sys_enter_rt_sigaction
sys_enter_rt_sigaction
sys_enter_rt_sigaction
sys_enter_rt_sigaction
sys_enter_rt_sigprocmask
sys_enter_clone
sys_enter_rt_sigprocmask
sys_enter_gettid
sys_enter_sigaltstack
sys_enter_sigaltstack
sys_enter_gettid
sys_enter_rt_sigprocmask
sys_enter_rt_sigprocmask
sys_enter_clone
sys_enter_rt_sigprocmask
sys_enter_rt_sigprocmask
sys_enter_clone
sys_enter_rt_sigprocmask
sys_enter_futex
sys_enter_gettid
sys_enter_sigaltstack
sys_enter_sigaltstack
sys_enter_gettid
sys_enter_rt_sigprocmask
sys_enter_rt_sigprocmask
sys_enter_clone
sys_enter_rt_sigprocmask
sys_enter_gettid
sys_enter_sigaltstack
sys_enter_sigaltstack
sys_enter_gettid
sys_enter_rt_sigprocmask
sys_enter_futex
sys_enter_futex
sys_enter_futex
sys_enter_gettid
sys_enter_sigaltstack
sys_enter_sigaltstack
sys_enter_gettid
sys_enter_rt_sigprocmask
sys_enter_futex
sys_enter_futex
sys_enter_mmap
sys_enter_futex
sys_enter_futex
sys_enter_futex
sys_enter_openat
sys_enter_read
sys_enter_read
sys_enter_close
sys_enter_socket
sys_enter_close
sys_enter_socket
sys_enter_setsockopt
sys_enter_bind
sys_enter_socket
sys_enter_setsockopt
sys_enter_bind
sys_enter_close
sys_enter_close
sys_enter_getpid
sys_enter_getppid
sys_enter_mmap
sys_enter_mmap
sys_enter_getppid
sys_enter_openat
sys_enter_pipe2
sys_enter_getpid
sys_enter_clone
sys_enter_setsid
sys_enter_close
sys_enter_read
sys_enter_chdir
sys_enter_execve
sys_enter_close
sys_enter_exit_group
sys_enter_mmap
sys_enter_mmap
sys_enter_mprotect
sys_enter_mmap
sys_enter_mmap
sys_enter_mprotect
sys_enter_mmap
sys_enter_mprotect
sys_enter_mmap
sys_enter_mprotect
sys_enter_mmap
sys_enter_mmap
sys_enter_close
sys_enter_munmap
sys_enter_sched_getaffinity
sys_enter_mmap
sys_enter_munmap
sys_enter_mmap
sys_enter_mmap
sys_enter_mmap
sys_enter_mmap
sys_enter_mmap
sys_enter_mmap
sys_enter_rt_sigprocmask
sys_enter_sigaltstack
sys_enter_sigaltstack
sys_enter_gettid
sys_enter_rt_sigprocmask
sys_enter_rt_sigaction
sys_enter_rt_sigaction
sys_enter_rt_sigaction
sys_enter_rt_sigaction
sys_enter_rt_sigaction
sys_enter_rt_sigaction
sys_enter_rt_sigaction
sys_enter_rt_sigaction
sys_enter_rt_sigaction
sys_enter_rt_sigaction
sys_enter_rt_sigaction
sys_enter_rt_sigaction
sys_enter_rt_sigaction
sys_enter_rt_sigaction
sys_enter_rt_sigaction
sys_enter_rt_sigaction
sys_enter_rt_sigaction
sys_enter_rt_sigaction
sys_enter_rt_sigaction
sys_enter_rt_sigaction
sys_enter_rt_sigaction
sys_enter_rt_sigaction
sys_enter_rt_sigaction
sys_enter_rt_sigaction
sys_enter_rt_sigaction
sys_enter_rt_sigaction
sys_enter_rt_sigaction
sys_enter_rt_sigaction
sys_enter_rt_sigaction
sys_enter_rt_sigaction
sys_enter_rt_sigaction
sys_enter_rt_sigaction
sys_enter_rt_sigaction
sys_enter_rt_sigaction
sys_enter_rt_sigaction
sys_enter_rt_sigaction
sys_enter_rt_sigaction
sys_enter_rt_sigaction
sys_enter_rt_sigaction
sys_enter_rt_sigaction
sys_enter_rt_sigaction
sys_enter_rt_sigaction
sys_enter_rt_sigaction
sys_enter_rt_sigaction
sys_enter_rt_sigaction
sys_enter_rt_sigaction
sys_enter_rt_sigaction
sys_enter_rt_sigaction
sys_enter_rt_sigaction
sys_enter_rt_sigaction
sys_enter_rt_sigaction
sys_enter_rt_sigaction
sys_enter_rt_sigaction
sys_enter_rt_sigaction
sys_enter_rt_sigaction
sys_enter_rt_sigaction
sys_enter_rt_sigaction
sys_enter_rt_sigaction
sys_enter_rt_sigaction
sys_enter_rt_sigaction
sys_enter_rt_sigaction
sys_enter_rt_sigaction
sys_enter_rt_sigaction
sys_enter_rt_sigaction
sys_enter_rt_sigaction
sys_enter_rt_sigaction
sys_enter_rt_sigaction
sys_enter_rt_sigaction
sys_enter_rt_sigaction
sys_enter_rt_sigaction
sys_enter_rt_sigaction
sys_enter_rt_sigaction
sys_enter_rt_sigaction
sys_enter_rt_sigaction
sys_enter_rt_sigaction
sys_enter_rt_sigaction
sys_enter_rt_sigaction
sys_enter_rt_sigaction
sys_enter_rt_sigaction
sys_enter_rt_sigaction
sys_enter_rt_sigaction
sys_enter_rt_sigaction
sys_enter_rt_sigaction
sys_enter_rt_sigaction
sys_enter_rt_sigaction
sys_enter_rt_sigaction
sys_enter_rt_sigaction
sys_enter_rt_sigaction
sys_enter_rt_sigaction
sys_enter_rt_sigaction
sys_enter_rt_sigaction
sys_enter_rt_sigaction
sys_enter_rt_sigaction
sys_enter_rt_sigaction
sys_enter_rt_sigaction
sys_enter_rt_sigaction
sys_enter_rt_sigaction
sys_enter_rt_sigaction
sys_enter_rt_sigaction
sys_enter_rt_sigaction
sys_enter_rt_sigaction
sys_enter_rt_sigaction
sys_enter_rt_sigaction
sys_enter_rt_sigaction
sys_enter_rt_sigaction
sys_enter_rt_sigaction
sys_enter_rt_sigaction
sys_enter_rt_sigaction
sys_enter_rt_sigaction
sys_enter_rt_sigaction
sys_enter_rt_sigaction
sys_enter_rt_sigaction
sys_enter_rt_sigaction
sys_enter_rt_sigaction
sys_enter_rt_sigprocmask
sys_enter_clone
sys_enter_rt_sigprocmask
sys_enter_gettid
sys_enter_sigaltstack
sys_enter_sigaltstack
sys_enter_gettid
sys_enter_rt_sigprocmask
sys_enter_rt_sigprocmask
sys_enter_clone
sys_enter_rt_sigprocmask
sys_enter_gettid
sys_enter_rt_sigprocmask
sys_enter_clone
sys_enter_sigaltstack
sys_enter_sigaltstack
sys_enter_gettid
sys_enter_rt_sigprocmask
sys_enter_rt_sigprocmask
sys_enter_sched_yield
sys_enter_gettid
sys_enter_sigaltstack
sys_enter_futex
sys_enter_futex
sys_enter_sigaltstack
sys_enter_futex
sys_enter_gettid
sys_enter_rt_sigprocmask
sys_enter_futex
sys_enter_rt_sigprocmask
sys_enter_clone
sys_enter_futex
sys_enter_futex
sys_enter_rt_sigprocmask
sys_enter_gettid
sys_enter_futex
sys_enter_sigaltstack
sys_enter_sigaltstack
sys_enter_gettid
sys_enter_rt_sigprocmask
sys_enter_futex
sys_enter_futex
sys_enter_mmap
sys_enter_futex
sys_enter_futex
sys_enter_futex
sys_enter_openat
sys_enter_read
sys_enter_read
sys_enter_close
sys_enter_socket
sys_enter_close
sys_enter_socket
sys_enter_setsockopt
sys_enter_bind
sys_enter_socket
sys_enter_setsockopt
sys_enter_bind
sys_enter_close
sys_enter_close
sys_enter_getpid
sys_enter_getppid
sys_enter_mmap
sys_enter_mmap
sys_enter_getppid
sys_enter_openat
sys_enter_pipe2
sys_enter_getpid
sys_enter_clone
sys_enter_setsid
sys_enter_close
sys_enter_read
sys_enter_chdir
sys_enter_execve
sys_enter_close
sys_enter_exit_group
sys_enter_mmap
sys_enter_mmap
sys_enter_mprotect
sys_enter_mmap
sys_enter_mmap
sys_enter_mprotect
sys_enter_mmap
sys_enter_mprotect
sys_enter_mmap
sys_enter_mprotect
sys_enter_mmap
sys_enter_mmap
sys_enter_close
sys_enter_munmap
sys_enter_sched_getaffinity
sys_enter_mmap
sys_enter_munmap
sys_enter_mmap
sys_enter_mmap
sys_enter_mmap
sys_enter_mmap
sys_enter_mmap
sys_enter_mmap
sys_enter_rt_sigprocmask
sys_enter_sigaltstack
sys_enter_sigaltstack
sys_enter_gettid
sys_enter_rt_sigprocmask
sys_enter_rt_sigaction
sys_enter_rt_sigaction
sys_enter_rt_sigaction
sys_enter_rt_sigaction
sys_enter_rt_sigaction
sys_enter_rt_sigaction
sys_enter_rt_sigaction
sys_enter_rt_sigaction
sys_enter_rt_sigaction
sys_enter_rt_sigaction
sys_enter_rt_sigaction
sys_enter_rt_sigaction
sys_enter_rt_sigaction
sys_enter_rt_sigaction
sys_enter_rt_sigaction
sys_enter_rt_sigaction
sys_enter_rt_sigaction
sys_enter_rt_sigaction
sys_enter_rt_sigaction
sys_enter_rt_sigaction
sys_enter_rt_sigaction
sys_enter_rt_sigaction
sys_enter_rt_sigaction
sys_enter_rt_sigaction
sys_enter_rt_sigaction
sys_enter_rt_sigaction
sys_enter_rt_sigaction
sys_enter_rt_sigaction
sys_enter_rt_sigaction
sys_enter_rt_sigaction
sys_enter_rt_sigaction
sys_enter_rt_sigaction
sys_enter_rt_sigaction
sys_enter_rt_sigaction
sys_enter_rt_sigaction
sys_enter_rt_sigaction
sys_enter_rt_sigaction
sys_enter_rt_sigaction
sys_enter_rt_sigaction
sys_enter_rt_sigaction
sys_enter_rt_sigaction
sys_enter_rt_sigaction
sys_enter_rt_sigaction
sys_enter_rt_sigaction
sys_enter_rt_sigaction
sys_enter_rt_sigaction
sys_enter_rt_sigaction
sys_enter_rt_sigaction
sys_enter_rt_sigaction
sys_enter_rt_sigaction
sys_enter_rt_sigaction
sys_enter_rt_sigaction
sys_enter_rt_sigaction
sys_enter_rt_sigaction
sys_enter_rt_sigaction
sys_enter_rt_sigaction
sys_enter_rt_sigaction
sys_enter_rt_sigaction
sys_enter_rt_sigaction
sys_enter_rt_sigaction
sys_enter_rt_sigaction
sys_enter_rt_sigaction
sys_enter_rt_sigaction
sys_enter_rt_sigaction
sys_enter_rt_sigaction
sys_enter_rt_sigaction
sys_enter_rt_sigaction
sys_enter_rt_sigaction
sys_enter_rt_sigaction
sys_enter_rt_sigaction
sys_enter_rt_sigaction
sys_enter_rt_sigaction
sys_enter_rt_sigaction
sys_enter_rt_sigaction
sys_enter_rt_sigaction
sys_enter_rt_sigaction
sys_enter_rt_sigaction
sys_enter_rt_sigaction
sys_enter_rt_sigaction
sys_enter_rt_sigaction
sys_enter_rt_sigaction
sys_enter_rt_sigaction
sys_enter_rt_sigaction
sys_enter_rt_sigaction
sys_enter_rt_sigaction
sys_enter_rt_sigaction
sys_enter_rt_sigaction
sys_enter_rt_sigaction
sys_enter_rt_sigaction
sys_enter_rt_sigaction
sys_enter_rt_sigaction
sys_enter_rt_sigaction
sys_enter_rt_sigaction
sys_enter_rt_sigaction
sys_enter_rt_sigaction
sys_enter_rt_sigaction
sys_enter_rt_sigaction
sys_enter_rt_sigaction
sys_enter_rt_sigaction
sys_enter_rt_sigaction
sys_enter_rt_sigaction
sys_enter_rt_sigaction
sys_enter_rt_sigaction
sys_enter_rt_sigaction
sys_enter_rt_sigaction
sys_enter_rt_sigaction
sys_enter_rt_sigaction
sys_enter_rt_sigaction
sys_enter_rt_sigaction
sys_enter_rt_sigaction
sys_enter_rt_sigaction
sys_enter_rt_sigaction
sys_enter_rt_sigaction
sys_enter_rt_sigaction
sys_enter_rt_sigprocmask
sys_enter_clone
sys_enter_rt_sigprocmask
sys_enter_gettid
sys_enter_sigaltstack
sys_enter_sigaltstack
sys_enter_gettid
sys_enter_rt_sigprocmask
sys_enter_rt_sigprocmask
sys_enter_clone
sys_enter_rt_sigprocmask
sys_enter_gettid
sys_enter_sigaltstack
sys_enter_sigaltstack
sys_enter_gettid
sys_enter_rt_sigprocmask
sys_enter_sched_yield
sys_enter_sched_yield
sys_enter_futex
sys_enter_futex
sys_enter_futex
sys_enter_rt_sigprocmask
sys_enter_clone
sys_enter_futex
sys_enter_rt_sigprocmask
sys_enter_clone
sys_enter_rt_sigprocmask
sys_enter_futex
sys_enter_gettid
sys_enter_rt_sigprocmask
sys_enter_gettid
sys_enter_sigaltstack
sys_enter_sigaltstack
sys_enter_gettid
sys_enter_sigaltstack
sys_enter_sigaltstack
sys_enter_rt_sigprocmask
sys_enter_gettid
sys_enter_rt_sigprocmask
sys_enter_futex
sys_enter_futex
sys_enter_futex
sys_enter_futex
sys_enter_futex
sys_enter_mmap
sys_enter_futex
sys_enter_futex
sys_enter_futex
sys_enter_openat
sys_enter_read
sys_enter_read
sys_enter_close
sys_enter_socket
sys_enter_close
sys_enter_socket
sys_enter_setsockopt
sys_enter_bind
sys_enter_socket
sys_enter_setsockopt
sys_enter_bind
sys_enter_close
sys_enter_close
sys_enter_getpid
sys_enter_getppid
sys_enter_mmap
sys_enter_mmap
sys_enter_getppid
sys_enter_openat
sys_enter_pipe2
sys_enter_getpid
sys_enter_clone
sys_enter_setsid
sys_enter_close
sys_enter_read
sys_enter_chdir
sys_enter_execve
sys_enter_close
sys_enter_exit_group
sys_enter_mmap
sys_enter_mmap
sys_enter_mprotect
sys_enter_mmap
sys_enter_mmap
sys_enter_mprotect
sys_enter_mmap
sys_enter_mprotect
sys_enter_mmap
sys_enter_mprotect
sys_enter_mmap
sys_enter_mmap
sys_enter_close
sys_enter_munmap
sys_enter_sched_getaffinity
sys_enter_mmap
sys_enter_munmap
sys_enter_mmap
sys_enter_mmap
sys_enter_mmap
sys_enter_mmap
sys_enter_mmap
sys_enter_mmap
sys_enter_rt_sigprocmask
sys_enter_sigaltstack
sys_enter_sigaltstack
sys_enter_gettid
sys_enter_rt_sigprocmask
sys_enter_rt_sigaction
sys_enter_rt_sigaction
sys_enter_rt_sigaction
sys_enter_rt_sigaction
sys_enter_rt_sigaction
sys_enter_rt_sigaction
sys_enter_rt_sigaction
sys_enter_rt_sigaction
sys_enter_rt_sigaction
sys_enter_rt_sigaction
sys_enter_rt_sigaction
sys_enter_rt_sigaction
sys_enter_rt_sigaction
sys_enter_rt_sigaction
sys_enter_rt_sigaction
sys_enter_rt_sigaction
sys_enter_rt_sigaction
sys_enter_rt_sigaction
sys_enter_rt_sigaction
sys_enter_rt_sigaction
sys_enter_rt_sigaction
sys_enter_rt_sigaction
sys_enter_rt_sigaction
sys_enter_rt_sigaction
sys_enter_rt_sigaction
sys_enter_rt_sigaction
sys_enter_rt_sigaction
sys_enter_rt_sigaction
sys_enter_rt_sigaction
sys_enter_rt_sigaction
sys_enter_rt_sigaction
sys_enter_rt_sigaction
sys_enter_rt_sigaction
sys_enter_rt_sigaction
sys_enter_rt_sigaction
sys_enter_rt_sigaction
sys_enter_rt_sigaction
sys_enter_rt_sigaction
sys_enter_rt_sigaction
sys_enter_rt_sigaction
sys_enter_rt_sigaction
sys_enter_rt_sigaction
sys_enter_rt_sigaction
sys_enter_rt_sigaction
sys_enter_rt_sigaction
sys_enter_rt_sigaction
sys_enter_rt_sigaction
sys_enter_rt_sigaction
sys_enter_rt_sigaction
sys_enter_rt_sigaction
sys_enter_rt_sigaction
sys_enter_rt_sigaction
sys_enter_rt_sigaction
sys_enter_rt_sigaction
sys_enter_rt_sigaction
sys_enter_rt_sigaction
sys_enter_rt_sigaction
sys_enter_rt_sigaction
sys_enter_rt_sigaction
sys_enter_rt_sigaction
sys_enter_rt_sigaction
sys_enter_rt_sigaction
sys_enter_rt_sigaction
sys_enter_rt_sigaction
sys_enter_rt_sigaction
sys_enter_rt_sigaction
sys_enter_rt_sigaction
sys_enter_rt_sigaction
sys_enter_rt_sigaction
sys_enter_rt_sigaction
sys_enter_rt_sigaction
sys_enter_rt_sigaction
sys_enter_rt_sigaction
sys_enter_rt_sigaction
sys_enter_rt_sigaction
sys_enter_rt_sigaction
sys_enter_rt_sigaction
sys_enter_rt_sigaction
sys_enter_rt_sigaction
sys_enter_rt_sigaction
sys_enter_rt_sigaction
sys_enter_rt_sigaction
sys_enter_rt_sigaction
sys_enter_rt_sigaction
sys_enter_rt_sigaction
sys_enter_rt_sigaction
sys_enter_rt_sigaction
sys_enter_rt_sigaction
sys_enter_rt_sigaction
sys_enter_rt_sigaction
sys_enter_rt_sigaction
sys_enter_rt_sigaction
sys_enter_rt_sigaction
sys_enter_rt_sigaction
sys_enter_rt_sigaction
sys_enter_rt_sigaction
sys_enter_rt_sigaction
sys_enter_rt_sigaction
sys_enter_rt_sigaction
sys_enter_rt_sigaction
sys_enter_rt_sigaction
sys_enter_rt_sigaction
sys_enter_rt_sigaction
sys_enter_rt_sigaction
sys_enter_rt_sigaction
sys_enter_rt_sigaction
sys_enter_rt_sigaction
sys_enter_rt_sigaction
sys_enter_rt_sigaction
sys_enter_rt_sigaction
sys_enter_rt_sigaction
sys_enter_rt_sigaction
sys_enter_rt_sigaction
sys_enter_rt_sigaction
sys_enter_rt_sigprocmask
sys_enter_clone
sys_enter_rt_sigprocmask
sys_enter_gettid
sys_enter_sigaltstack
sys_enter_sigaltstack
sys_enter_gettid
sys_enter_rt_sigprocmask
sys_enter_rt_sigprocmask
sys_enter_clone
sys_enter_rt_sigprocmask
sys_enter_gettid
sys_enter_sigaltstack
sys_enter_sigaltstack
sys_enter_gettid
sys_enter_rt_sigprocmask
sys_enter_rt_sigprocmask
sys_enter_clone
sys_enter_rt_sigprocmask
sys_enter_clone
sys_enter_rt_sigprocmask
sys_enter_futex
sys_enter_rt_sigprocmask
sys_enter_gettid
sys_enter_sigaltstack
sys_enter_gettid
sys_enter_sigaltstack
sys_enter_sigaltstack
sys_enter_gettid
sys_enter_rt_sigprocmask
sys_enter_sigaltstack
sys_enter_gettid
sys_enter_rt_sigprocmask
sys_enter_futex
sys_enter_futex
sys_enter_futex
sys_enter_futex
sys_enter_futex
sys_enter_mmap
sys_enter_futex
sys_enter_futex
sys_enter_futex
sys_enter_openat
sys_enter_read
sys_enter_read
sys_enter_close
sys_enter_socket
sys_enter_close
sys_enter_socket
sys_enter_setsockopt
sys_enter_bind
sys_enter_socket
sys_enter_setsockopt
sys_enter_bind
sys_enter_close
sys_enter_close
sys_enter_getpid
sys_enter_getppid
sys_enter_mmap
sys_enter_mmap
sys_enter_getppid
sys_enter_openat
sys_enter_pipe2
sys_enter_getpid
sys_enter_clone
sys_enter_setsid
sys_enter_close
sys_enter_read
sys_enter_chdir
sys_enter_execve
sys_enter_close
sys_enter_exit_group
sys_enter_mmap
sys_enter_mmap
sys_enter_mprotect
sys_enter_mmap
sys_enter_mmap
sys_enter_mprotect
sys_enter_mmap
sys_enter_mprotect
sys_enter_mmap
sys_enter_mprotect
sys_enter_mmap
sys_enter_mmap
sys_enter_close
sys_enter_munmap
sys_enter_sched_getaffinity
sys_enter_mmap
sys_enter_munmap
sys_enter_mmap
sys_enter_mmap
sys_enter_mmap
sys_enter_mmap
sys_enter_mmap
sys_enter_mmap
sys_enter_rt_sigprocmask
sys_enter_sigaltstack
sys_enter_sigaltstack
sys_enter_gettid
sys_enter_rt_sigprocmask
sys_enter_rt_sigaction
sys_enter_rt_sigaction
sys_enter_rt_sigaction
sys_enter_rt_sigaction
sys_enter_rt_sigaction
sys_enter_rt_sigaction
sys_enter_rt_sigaction
sys_enter_rt_sigaction
sys_enter_rt_sigaction
sys_enter_rt_sigaction
sys_enter_rt_sigaction
sys_enter_rt_sigaction
sys_enter_rt_sigaction
sys_enter_rt_sigaction
sys_enter_rt_sigaction
sys_enter_rt_sigaction
sys_enter_rt_sigaction
sys_enter_rt_sigaction
sys_enter_rt_sigaction
sys_enter_rt_sigaction
sys_enter_rt_sigaction
sys_enter_rt_sigaction
sys_enter_rt_sigaction
sys_enter_rt_sigaction
sys_enter_rt_sigaction
sys_enter_rt_sigaction
sys_enter_rt_sigaction
sys_enter_rt_sigaction
sys_enter_rt_sigaction
sys_enter_rt_sigaction
sys_enter_rt_sigaction
sys_enter_rt_sigaction
sys_enter_rt_sigaction
sys_enter_rt_sigaction
sys_enter_rt_sigaction
sys_enter_rt_sigaction
sys_enter_rt_sigaction
sys_enter_rt_sigaction
sys_enter_rt_sigaction
sys_enter_rt_sigaction
sys_enter_rt_sigaction
sys_enter_rt_sigaction
sys_enter_rt_sigaction
sys_enter_rt_sigaction
sys_enter_rt_sigaction
sys_enter_rt_sigaction
sys_enter_rt_sigaction
sys_enter_rt_sigaction
sys_enter_rt_sigaction
sys_enter_rt_sigaction
sys_enter_rt_sigaction
sys_enter_rt_sigaction
sys_enter_rt_sigaction
sys_enter_rt_sigaction
sys_enter_rt_sigaction
sys_enter_rt_sigaction
sys_enter_rt_sigaction
sys_enter_rt_sigaction
sys_enter_rt_sigaction
sys_enter_rt_sigaction
sys_enter_rt_sigaction
sys_enter_rt_sigaction
sys_enter_rt_sigaction
sys_enter_rt_sigaction
sys_enter_rt_sigaction
sys_enter_rt_sigaction
sys_enter_rt_sigaction
sys_enter_rt_sigaction
sys_enter_rt_sigaction
sys_enter_rt_sigaction
sys_enter_rt_sigaction
sys_enter_rt_sigaction
sys_enter_rt_sigaction
sys_enter_rt_sigaction
sys_enter_rt_sigaction
sys_enter_rt_sigaction
sys_enter_rt_sigaction
sys_enter_rt_sigaction
sys_enter_rt_sigaction
sys_enter_rt_sigaction
sys_enter_rt_sigaction
sys_enter_rt_sigaction
sys_enter_rt_sigaction
sys_enter_rt_sigaction
sys_enter_rt_sigaction
sys_enter_rt_sigaction
sys_enter_rt_sigaction
sys_enter_rt_sigaction
sys_enter_rt_sigaction
sys_enter_rt_sigaction
sys_enter_rt_sigaction
sys_enter_rt_sigaction
sys_enter_rt_sigaction
sys_enter_rt_sigaction
sys_enter_rt_sigaction
sys_enter_rt_sigaction
sys_enter_rt_sigaction
sys_enter_rt_sigaction
sys_enter_rt_sigaction
sys_enter_rt_sigaction
sys_enter_rt_sigaction
sys_enter_rt_sigaction
sys_enter_rt_sigaction
sys_enter_rt_sigaction
sys_enter_rt_sigaction
sys_enter_rt_sigaction
sys_enter_rt_sigaction
sys_enter_rt_sigaction
sys_enter_rt_sigaction
sys_enter_rt_sigaction
sys_enter_rt_sigaction
sys_enter_rt_sigaction
sys_enter_rt_sigaction
sys_enter_rt_sigaction
sys_enter_rt_sigprocmask
sys_enter_clone
sys_enter_rt_sigprocmask
sys_enter_gettid
sys_enter_sigaltstack
sys_enter_sigaltstack
sys_enter_gettid
sys_enter_rt_sigprocmask
sys_enter_rt_sigprocmask
sys_enter_clone
sys_enter_rt_sigprocmask
sys_enter_gettid
sys_enter_sigaltstack
sys_enter_sigaltstack
sys_enter_gettid
sys_enter_rt_sigprocmask
sys_enter_rt_sigprocmask
sys_enter_clone
sys_enter_rt_sigprocmask
sys_enter_clone
sys_enter_rt_sigprocmask
sys_enter_futex
sys_enter_rt_sigprocmask
sys_enter_futex
sys_enter_gettid
sys_enter_sigaltstack
sys_enter_sigaltstack
sys_enter_gettid
sys_enter_rt_sigprocmask
sys_enter_futex
sys_enter_gettid
sys_enter_sigaltstack
sys_enter_futex
sys_enter_sigaltstack
sys_enter_gettid
sys_enter_rt_sigprocmask
sys_enter_futex
sys_enter_futex
sys_enter_mmap
sys_enter_futex
sys_enter_futex
sys_enter_futex
sys_enter_openat
sys_enter_read
sys_enter_read
sys_enter_close
sys_enter_socket
sys_enter_close
sys_enter_socket
sys_enter_setsockopt
sys_enter_bind
sys_enter_socket
sys_enter_setsockopt
sys_enter_bind
sys_enter_close
sys_enter_close
sys_enter_getpid
sys_enter_getppid
sys_enter_mmap
sys_enter_mmap
sys_enter_getppid
sys_enter_openat
sys_enter_pipe2
sys_enter_getpid
sys_enter_clone
sys_enter_setsid
sys_enter_close
sys_enter_read
sys_enter_chdir
sys_enter_execve
sys_enter_close
sys_enter_exit_group
sys_enter_mmap
sys_enter_mmap
sys_enter_mprotect
sys_enter_mmap
sys_enter_mmap
sys_enter_mprotect
sys_enter_mmap
sys_enter_mprotect
sys_enter_mmap
sys_enter_mprotect
sys_enter_mmap
sys_enter_mmap
sys_enter_close
sys_enter_munmap
sys_enter_sched_getaffinity
sys_enter_mmap
sys_enter_munmap
sys_enter_mmap
sys_enter_mmap
sys_enter_mmap
sys_enter_mmap
sys_enter_mmap
sys_enter_mmap
sys_enter_rt_sigprocmask
sys_enter_sigaltstack
sys_enter_sigaltstack
sys_enter_gettid
sys_enter_rt_sigprocmask
sys_enter_rt_sigaction
sys_enter_rt_sigaction
sys_enter_rt_sigaction
sys_enter_rt_sigaction
sys_enter_rt_sigaction
sys_enter_rt_sigaction
sys_enter_rt_sigaction
sys_enter_rt_sigaction
sys_enter_rt_sigaction
sys_enter_rt_sigaction
sys_enter_rt_sigaction
sys_enter_rt_sigaction
sys_enter_rt_sigaction
sys_enter_rt_sigaction
sys_enter_rt_sigaction
sys_enter_rt_sigaction
sys_enter_rt_sigaction
sys_enter_rt_sigaction
sys_enter_rt_sigaction
sys_enter_rt_sigaction
sys_enter_rt_sigaction
sys_enter_rt_sigaction
sys_enter_rt_sigaction
sys_enter_rt_sigaction
sys_enter_rt_sigaction
sys_enter_rt_sigaction
sys_enter_rt_sigaction
sys_enter_rt_sigaction
sys_enter_rt_sigaction
sys_enter_rt_sigaction
sys_enter_rt_sigaction
sys_enter_rt_sigaction
sys_enter_rt_sigaction
sys_enter_rt_sigaction
sys_enter_rt_sigaction
sys_enter_rt_sigaction
sys_enter_rt_sigaction
sys_enter_rt_sigaction
sys_enter_rt_sigaction
sys_enter_rt_sigaction
sys_enter_rt_sigaction
sys_enter_rt_sigaction
sys_enter_rt_sigaction
sys_enter_rt_sigaction
sys_enter_rt_sigaction
sys_enter_rt_sigaction
sys_enter_rt_sigaction
sys_enter_rt_sigaction
sys_enter_rt_sigaction
sys_enter_rt_sigaction
sys_enter_rt_sigaction
sys_enter_rt_sigaction
sys_enter_rt_sigaction
sys_enter_rt_sigaction
sys_enter_rt_sigaction
sys_enter_rt_sigaction
sys_enter_rt_sigaction
sys_enter_rt_sigaction
sys_enter_rt_sigaction
sys_enter_rt_sigaction
sys_enter_rt_sigaction
sys_enter_rt_sigaction
sys_enter_rt_sigaction
sys_enter_rt_sigaction
sys_enter_rt_sigaction
sys_enter_rt_sigaction
sys_enter_rt_sigaction
sys_enter_rt_sigaction
sys_enter_rt_sigaction
sys_enter_rt_sigaction
sys_enter_rt_sigaction
sys_enter_rt_sigaction
sys_enter_rt_sigaction
sys_enter_rt_sigaction
sys_enter_rt_sigaction
sys_enter_rt_sigaction
sys_enter_rt_sigaction
sys_enter_rt_sigaction
sys_enter_rt_sigaction
sys_enter_rt_sigaction
sys_enter_rt_sigaction
sys_enter_rt_sigaction
sys_enter_rt_sigaction
sys_enter_rt_sigaction
sys_enter_rt_sigaction
sys_enter_rt_sigaction
sys_enter_rt_sigaction
sys_enter_rt_sigaction
sys_enter_rt_sigaction
sys_enter_rt_sigaction
sys_enter_rt_sigaction
sys_enter_rt_sigaction
sys_enter_rt_sigaction
sys_enter_rt_sigaction
sys_enter_rt_sigaction
sys_enter_rt_sigaction
sys_enter_rt_sigaction
sys_enter_rt_sigaction
sys_enter_rt_sigaction
sys_enter_rt_sigaction
sys_enter_rt_sigaction
sys_enter_rt_sigaction
sys_enter_rt_sigaction
sys_enter_rt_sigaction
sys_enter_rt_sigaction
sys_enter_rt_sigaction
sys_enter_rt_sigaction
sys_enter_rt_sigaction
sys_enter_rt_sigaction
sys_enter_rt_sigaction
sys_enter_rt_sigaction
sys_enter_rt_sigaction
sys_enter_rt_sigaction
sys_enter_rt_sigaction
sys_enter_rt_sigprocmask
sys_enter_clone
sys_enter_rt_sigprocmask
sys_enter_gettid
sys_enter_sigaltstack
sys_enter_sigaltstack
sys_enter_gettid
sys_enter_rt_sigprocmask
sys_enter_rt_sigprocmask
sys_enter_clone
sys_enter_rt_sigprocmask
sys_enter_gettid
sys_enter_sigaltstack
sys_enter_sigaltstack
sys_enter_rt_sigprocmask
sys_enter_clone
sys_enter_gettid
sys_enter_rt_sigprocmask
sys_enter_rt_sigprocmask
sys_enter_sched_yield
sys_enter_gettid
sys_enter_futex
sys_enter_sigaltstack
sys_enter_futex
sys_enter_sigaltstack
sys_enter_gettid
sys_enter_rt_sigprocmask
sys_enter_futex
sys_enter_rt_sigprocmask
sys_enter_futex
sys_enter_clone
sys_enter_rt_sigprocmask
sys_enter_futex
sys_enter_gettid
sys_enter_sigaltstack
sys_enter_sigaltstack
sys_enter_gettid
sys_enter_rt_sigprocmask
sys_enter_futex
sys_enter_futex
sys_enter_mmap
sys_enter_futex
sys_enter_futex
sys_enter_futex
sys_enter_openat
sys_enter_read
sys_enter_read
sys_enter_close
sys_enter_socket
sys_enter_close
sys_enter_socket
sys_enter_setsockopt
sys_enter_bind
sys_enter_socket
sys_enter_setsockopt
sys_enter_bind
sys_enter_close
sys_enter_close
sys_enter_getpid
sys_enter_getppid
sys_enter_mmap
sys_enter_mmap
sys_enter_getppid
sys_enter_openat
sys_enter_pipe2
sys_enter_getpid
sys_enter_clone
sys_enter_setsid
sys_enter_chdir
sys_enter_close
sys_enter_read
sys_enter_execve
sys_enter_close
sys_enter_exit_group
sys_enter_mmap
sys_enter_mmap
sys_enter_mprotect
sys_enter_mmap
sys_enter_mmap
sys_enter_mprotect
sys_enter_mmap
sys_enter_mprotect
sys_enter_mmap
sys_enter_mprotect
sys_enter_mmap
sys_enter_mmap
sys_enter_close
sys_enter_munmap
sys_enter_sched_getaffinity
sys_enter_mmap
sys_enter_munmap
sys_enter_mmap
sys_enter_mmap
sys_enter_mmap
sys_enter_mmap
sys_enter_mmap
sys_enter_mmap
sys_enter_rt_sigprocmask
sys_enter_sigaltstack
sys_enter_sigaltstack
sys_enter_gettid
sys_enter_rt_sigprocmask
sys_enter_rt_sigaction
sys_enter_rt_sigaction
sys_enter_rt_sigaction
sys_enter_rt_sigaction
sys_enter_rt_sigaction
sys_enter_rt_sigaction
sys_enter_rt_sigaction
sys_enter_rt_sigaction
sys_enter_rt_sigaction
sys_enter_rt_sigaction
sys_enter_rt_sigaction
sys_enter_rt_sigaction
sys_enter_rt_sigaction
sys_enter_rt_sigaction
sys_enter_rt_sigaction
sys_enter_rt_sigaction
sys_enter_rt_sigaction
sys_enter_rt_sigaction
sys_enter_rt_sigaction
sys_enter_rt_sigaction
sys_enter_rt_sigaction
sys_enter_rt_sigaction
sys_enter_rt_sigaction
sys_enter_rt_sigaction
sys_enter_rt_sigaction
sys_enter_rt_sigaction
sys_enter_rt_sigaction
sys_enter_rt_sigaction
sys_enter_rt_sigaction
sys_enter_rt_sigaction
sys_enter_rt_sigaction
sys_enter_rt_sigaction
sys_enter_rt_sigaction
sys_enter_rt_sigaction
sys_enter_rt_sigaction
sys_enter_rt_sigaction
sys_enter_rt_sigaction
sys_enter_rt_sigaction
sys_enter_rt_sigaction
sys_enter_rt_sigaction
sys_enter_rt_sigaction
sys_enter_rt_sigaction
sys_enter_rt_sigaction
sys_enter_rt_sigaction
sys_enter_rt_sigaction
sys_enter_rt_sigaction
sys_enter_rt_sigaction
sys_enter_rt_sigaction
sys_enter_rt_sigaction
sys_enter_rt_sigaction
sys_enter_rt_sigaction
sys_enter_rt_sigaction
sys_enter_rt_sigaction
sys_enter_rt_sigaction
sys_enter_rt_sigaction
sys_enter_rt_sigaction
sys_enter_rt_sigaction
sys_enter_rt_sigaction
sys_enter_rt_sigaction
sys_enter_rt_sigaction
sys_enter_rt_sigaction
sys_enter_rt_sigaction
sys_enter_rt_sigaction
sys_enter_rt_sigaction
sys_enter_rt_sigaction
sys_enter_rt_sigaction
sys_enter_rt_sigaction
sys_enter_rt_sigaction
sys_enter_rt_sigaction
sys_enter_rt_sigaction
sys_enter_rt_sigaction
sys_enter_rt_sigaction
sys_enter_rt_sigaction
sys_enter_rt_sigaction
sys_enter_rt_sigaction
sys_enter_rt_sigaction
sys_enter_rt_sigaction
sys_enter_rt_sigaction
sys_enter_rt_sigaction
sys_enter_rt_sigaction
sys_enter_rt_sigaction
sys_enter_rt_sigaction
sys_enter_rt_sigaction
sys_enter_rt_sigaction
sys_enter_rt_sigaction
sys_enter_rt_sigaction
sys_enter_rt_sigaction
sys_enter_rt_sigaction
sys_enter_rt_sigaction
sys_enter_rt_sigaction
sys_enter_rt_sigaction
sys_enter_rt_sigaction
sys_enter_rt_sigaction
sys_enter_rt_sigaction
sys_enter_rt_sigaction
sys_enter_rt_sigaction
sys_enter_rt_sigaction
sys_enter_rt_sigaction
sys_enter_rt_sigaction
sys_enter_rt_sigaction
sys_enter_rt_sigaction
sys_enter_rt_sigaction
sys_enter_rt_sigaction
sys_enter_rt_sigaction
sys_enter_rt_sigaction
sys_enter_rt_sigaction
sys_enter_rt_sigaction
sys_enter_rt_sigaction
sys_enter_rt_sigaction
sys_enter_rt_sigaction
sys_enter_rt_sigaction
sys_enter_rt_sigaction
sys_enter_rt_sigaction
sys_enter_rt_sigaction
sys_enter_rt_sigprocmask
sys_enter_clone
sys_enter_rt_sigprocmask
sys_enter_gettid
sys_enter_sigaltstack
sys_enter_sigaltstack
sys_enter_gettid
sys_enter_rt_sigprocmask
sys_enter_rt_sigprocmask
sys_enter_clone
sys_enter_rt_sigprocmask
sys_enter_gettid
sys_enter_sigaltstack
sys_enter_sigaltstack
sys_enter_rt_sigprocmask
sys_enter_clone
sys_enter_gettid
sys_enter_rt_sigprocmask
sys_enter_rt_sigprocmask
sys_enter_sched_yield
sys_enter_futex
sys_enter_futex
sys_enter_gettid
sys_enter_sigaltstack
sys_enter_sigaltstack
sys_enter_gettid
sys_enter_rt_sigprocmask
sys_enter_rt_sigprocmask
sys_enter_clone
sys_enter_futex
sys_enter_futex
sys_enter_rt_sigprocmask
sys_enter_futex
sys_enter_gettid
sys_enter_sigaltstack
sys_enter_sigaltstack
sys_enter_gettid
sys_enter_rt_sigprocmask
sys_enter_futex
sys_enter_futex
sys_enter_mmap
sys_enter_futex
sys_enter_futex
sys_enter_futex
sys_enter_openat
sys_enter_read
sys_enter_read
sys_enter_close
sys_enter_socket
sys_enter_close
sys_enter_socket
sys_enter_setsockopt
sys_enter_bind
sys_enter_socket
sys_enter_setsockopt
sys_enter_bind
sys_enter_close
sys_enter_close
sys_enter_getpid
sys_enter_getppid
sys_enter_mmap
sys_enter_mmap
sys_enter_getppid
sys_enter_openat
sys_enter_pipe2
sys_enter_getpid
sys_enter_clone
sys_enter_setsid
sys_enter_close
sys_enter_read
sys_enter_chdir
sys_enter_execve
sys_enter_close
sys_enter_exit_group
sys_enter_mmap
sys_enter_mmap
sys_enter_mprotect
sys_enter_mmap
sys_enter_mmap
sys_enter_mprotect
sys_enter_mmap
sys_enter_mprotect
sys_enter_mmap
sys_enter_mprotect
sys_enter_mmap
sys_enter_mmap
sys_enter_close
sys_enter_munmap
sys_enter_sched_getaffinity
sys_enter_mmap
sys_enter_munmap
sys_enter_mmap
sys_enter_mmap
sys_enter_mmap
sys_enter_mmap
sys_enter_mmap
sys_enter_mmap
sys_enter_rt_sigprocmask
sys_enter_sigaltstack
sys_enter_sigaltstack
sys_enter_gettid
sys_enter_rt_sigprocmask
sys_enter_rt_sigaction
sys_enter_rt_sigaction
sys_enter_rt_sigaction
sys_enter_rt_sigaction
sys_enter_rt_sigaction
sys_enter_rt_sigaction
sys_enter_rt_sigaction
sys_enter_rt_sigaction
sys_enter_rt_sigaction
sys_enter_rt_sigaction
sys_enter_rt_sigaction
sys_enter_rt_sigaction
sys_enter_rt_sigaction
sys_enter_rt_sigaction
sys_enter_rt_sigaction
sys_enter_rt_sigaction
sys_enter_rt_sigaction
sys_enter_rt_sigaction
sys_enter_rt_sigaction
sys_enter_rt_sigaction
sys_enter_rt_sigaction
sys_enter_rt_sigaction
sys_enter_rt_sigaction
sys_enter_rt_sigaction
sys_enter_rt_sigaction
sys_enter_rt_sigaction
sys_enter_rt_sigaction
sys_enter_rt_sigaction
sys_enter_rt_sigaction
sys_enter_rt_sigaction
sys_enter_rt_sigaction
sys_enter_rt_sigaction
sys_enter_rt_sigaction
sys_enter_rt_sigaction
sys_enter_rt_sigaction
sys_enter_rt_sigaction
sys_enter_rt_sigaction
sys_enter_rt_sigaction
sys_enter_rt_sigaction
sys_enter_rt_sigaction
sys_enter_rt_sigaction
sys_enter_rt_sigaction
sys_enter_rt_sigaction
sys_enter_rt_sigaction
sys_enter_rt_sigaction
sys_enter_rt_sigaction
sys_enter_rt_sigaction
sys_enter_rt_sigaction
sys_enter_rt_sigaction
sys_enter_rt_sigaction
sys_enter_rt_sigaction
sys_enter_rt_sigaction
sys_enter_rt_sigaction
sys_enter_rt_sigaction
sys_enter_rt_sigaction
sys_enter_rt_sigaction
sys_enter_rt_sigaction
sys_enter_rt_sigaction
sys_enter_rt_sigaction
sys_enter_rt_sigaction
sys_enter_rt_sigaction
sys_enter_rt_sigaction
sys_enter_rt_sigaction
sys_enter_rt_sigaction
sys_enter_rt_sigaction
sys_enter_rt_sigaction
sys_enter_rt_sigaction
sys_enter_rt_sigaction
sys_enter_rt_sigaction
sys_enter_rt_sigaction
sys_enter_rt_sigaction
sys_enter_rt_sigaction
sys_enter_rt_sigaction
sys_enter_rt_sigaction
sys_enter_rt_sigaction
sys_enter_rt_sigaction
sys_enter_rt_sigaction
sys_enter_rt_sigaction
sys_enter_rt_sigaction
sys_enter_rt_sigaction
sys_enter_rt_sigaction
sys_enter_rt_sigaction
sys_enter_rt_sigaction
sys_enter_rt_sigaction
sys_enter_rt_sigaction
sys_enter_rt_sigaction
sys_enter_rt_sigaction
sys_enter_rt_sigaction
sys_enter_rt_sigaction
sys_enter_rt_sigaction
sys_enter_rt_sigaction
sys_enter_rt_sigaction
sys_enter_rt_sigaction
sys_enter_rt_sigaction
sys_enter_rt_sigaction
sys_enter_rt_sigaction
sys_enter_rt_sigaction
sys_enter_rt_sigaction
sys_enter_rt_sigaction
sys_enter_rt_sigaction
sys_enter_rt_sigaction
sys_enter_rt_sigaction
sys_enter_rt_sigaction
sys_enter_rt_sigaction
sys_enter_rt_sigaction
sys_enter_rt_sigaction
sys_enter_rt_sigaction
sys_enter_rt_sigaction
sys_enter_rt_sigaction
sys_enter_rt_sigaction
sys_enter_rt_sigaction
sys_enter_rt_sigaction
sys_enter_rt_sigaction
sys_enter_rt_sigaction
sys_enter_rt_sigprocmask
sys_enter_clone
sys_enter_rt_sigprocmask
sys_enter_gettid
sys_enter_sigaltstack
sys_enter_sigaltstack
sys_enter_gettid
sys_enter_rt_sigprocmask
sys_enter_rt_sigprocmask
sys_enter_clone
sys_enter_rt_sigprocmask
sys_enter_gettid
sys_enter_sigaltstack
sys_enter_sigaltstack
sys_enter_gettid
sys_enter_rt_sigprocmask
sys_enter_rt_sigprocmask
sys_enter_clone
sys_enter_rt_sigprocmask
sys_enter_futex
sys_enter_gettid
sys_enter_sigaltstack
sys_enter_sigaltstack
sys_enter_gettid
sys_enter_rt_sigprocmask
sys_enter_futex
sys_enter_futex
sys_enter_rt_sigprocmask
sys_enter_clone
sys_enter_rt_sigprocmask
sys_enter_futex
sys_enter_gettid
sys_enter_sigaltstack
sys_enter_sigaltstack
sys_enter_gettid
sys_enter_rt_sigprocmask
sys_enter_futex
sys_enter_futex
sys_enter_mmap
sys_enter_futex
sys_enter_futex
sys_enter_futex
sys_enter_openat
sys_enter_read
sys_enter_read
sys_enter_close
sys_enter_socket
sys_enter_close
sys_enter_socket
sys_enter_setsockopt
sys_enter_bind
sys_enter_socket
sys_enter_setsockopt
sys_enter_bind
sys_enter_close
sys_enter_close
sys_enter_getpid
sys_enter_getppid
sys_enter_mmap
sys_enter_mmap
sys_enter_getppid
sys_enter_openat
sys_enter_pipe2
sys_enter_getpid
sys_enter_clone
sys_enter_setsid
sys_enter_close
sys_enter_read
sys_enter_chdir
sys_enter_execve
sys_enter_close
sys_enter_mmap
sys_enter_exit_group
sys_enter_mmap
sys_enter_mprotect
sys_enter_mmap
sys_enter_mmap
sys_enter_mprotect
sys_enter_mmap
sys_enter_mprotect
sys_enter_mmap
sys_enter_mprotect
sys_enter_mmap
sys_enter_mmap
sys_enter_close
sys_enter_munmap
sys_enter_sched_getaffinity
sys_enter_mmap
sys_enter_munmap
sys_enter_mmap
sys_enter_mmap
sys_enter_mmap
sys_enter_mmap
sys_enter_mmap
sys_enter_mmap
sys_enter_rt_sigprocmask
sys_enter_sigaltstack
sys_enter_sigaltstack
sys_enter_gettid
sys_enter_rt_sigprocmask
sys_enter_rt_sigaction
sys_enter_rt_sigaction
sys_enter_rt_sigaction
sys_enter_rt_sigaction
sys_enter_rt_sigaction
sys_enter_rt_sigaction
sys_enter_rt_sigaction
sys_enter_rt_sigaction
sys_enter_rt_sigaction
sys_enter_rt_sigaction
sys_enter_rt_sigaction
sys_enter_rt_sigaction
sys_enter_rt_sigaction
sys_enter_rt_sigaction
sys_enter_rt_sigaction
sys_enter_rt_sigaction
sys_enter_rt_sigaction
sys_enter_rt_sigaction
sys_enter_rt_sigaction
sys_enter_rt_sigaction
sys_enter_rt_sigaction
sys_enter_rt_sigaction
sys_enter_rt_sigaction
sys_enter_rt_sigaction
sys_enter_rt_sigaction
sys_enter_rt_sigaction
sys_enter_rt_sigaction
sys_enter_rt_sigaction
sys_enter_rt_sigaction
sys_enter_rt_sigaction
sys_enter_rt_sigaction
sys_enter_rt_sigaction
sys_enter_rt_sigaction
sys_enter_rt_sigaction
sys_enter_rt_sigaction
sys_enter_rt_sigaction
sys_enter_rt_sigaction
sys_enter_rt_sigaction
sys_enter_rt_sigaction
sys_enter_rt_sigaction
sys_enter_rt_sigaction
sys_enter_rt_sigaction
sys_enter_rt_sigaction
sys_enter_rt_sigaction
sys_enter_rt_sigaction
sys_enter_rt_sigaction
sys_enter_rt_sigaction
sys_enter_rt_sigaction
sys_enter_rt_sigaction
sys_enter_rt_sigaction
sys_enter_rt_sigaction
sys_enter_rt_sigaction
sys_enter_rt_sigaction
sys_enter_rt_sigaction
sys_enter_rt_sigaction
sys_enter_rt_sigaction
sys_enter_rt_sigaction
sys_enter_rt_sigaction
sys_enter_rt_sigaction
sys_enter_rt_sigaction
sys_enter_rt_sigaction
sys_enter_rt_sigaction
sys_enter_rt_sigaction
sys_enter_rt_sigaction
sys_enter_rt_sigaction
sys_enter_rt_sigaction
sys_enter_rt_sigaction
sys_enter_rt_sigaction
sys_enter_rt_sigaction
sys_enter_rt_sigaction
sys_enter_rt_sigaction
sys_enter_rt_sigaction
sys_enter_rt_sigaction
sys_enter_rt_sigaction
sys_enter_rt_sigaction
sys_enter_rt_sigaction
sys_enter_rt_sigaction
sys_enter_rt_sigaction
sys_enter_rt_sigaction
sys_enter_rt_sigaction
sys_enter_rt_sigaction
sys_enter_rt_sigaction
sys_enter_rt_sigaction
sys_enter_rt_sigaction
sys_enter_rt_sigaction
sys_enter_rt_sigaction
sys_enter_rt_sigaction
sys_enter_rt_sigaction
sys_enter_rt_sigaction
sys_enter_rt_sigaction
sys_enter_rt_sigaction
sys_enter_rt_sigaction
sys_enter_rt_sigaction
sys_enter_rt_sigaction
sys_enter_rt_sigaction
sys_enter_rt_sigaction
sys_enter_rt_sigaction
sys_enter_rt_sigaction
sys_enter_rt_sigaction
sys_enter_rt_sigaction
sys_enter_rt_sigaction
sys_enter_rt_sigaction
sys_enter_rt_sigaction
sys_enter_rt_sigaction
sys_enter_rt_sigaction
sys_enter_rt_sigaction
sys_enter_rt_sigaction
sys_enter_rt_sigaction
sys_enter_rt_sigaction
sys_enter_rt_sigaction
sys_enter_rt_sigaction
sys_enter_rt_sigaction
sys_enter_rt_sigaction
sys_enter_rt_sigaction
sys_enter_rt_sigprocmask
sys_enter_clone
sys_enter_rt_sigprocmask
sys_enter_gettid
sys_enter_sigaltstack
sys_enter_sigaltstack
sys_enter_gettid
sys_enter_rt_sigprocmask
sys_enter_rt_sigprocmask
sys_enter_clone
sys_enter_rt_sigprocmask
sys_enter_gettid
sys_enter_sigaltstack
sys_enter_sigaltstack
sys_enter_gettid
sys_enter_rt_sigprocmask
sys_enter_rt_sigprocmask
sys_enter_clone
sys_enter_rt_sigprocmask
sys_enter_futex
sys_enter_rt_sigprocmask
sys_enter_clone
sys_enter_gettid
sys_enter_sigaltstack
sys_enter_sigaltstack
sys_enter_gettid
sys_enter_rt_sigprocmask
sys_enter_futex
sys_enter_rt_sigprocmask
sys_enter_futex
sys_enter_gettid
sys_enter_sigaltstack
sys_enter_sigaltstack
sys_enter_gettid
sys_enter_rt_sigprocmask
sys_enter_futex
sys_enter_futex
sys_enter_futex
sys_enter_mmap
sys_enter_futex
sys_enter_futex
sys_enter_futex
sys_enter_openat
sys_enter_futex
sys_enter_futex
sys_enter_futex
sys_enter_futex
sys_enter_futex
sys_enter_read
sys_enter_read
sys_enter_close
sys_enter_socket
sys_enter_close
sys_enter_socket
sys_enter_setsockopt
sys_enter_bind
sys_enter_socket
sys_enter_setsockopt
sys_enter_bind
sys_enter_close
sys_enter_close
sys_enter_getpid
sys_enter_getppid
sys_enter_mmap
sys_enter_mmap
sys_enter_getppid
sys_enter_openat
sys_enter_pipe2
sys_enter_getpid
sys_enter_clone
sys_enter_setsid
sys_enter_chdir
sys_enter_close
sys_enter_read
sys_enter_execve
sys_enter_close
sys_enter_exit_group
sys_enter_mmap
sys_enter_mmap
sys_enter_mprotect
sys_enter_mmap
sys_enter_mmap
sys_enter_mprotect
sys_enter_mmap
sys_enter_mprotect
sys_enter_mmap
sys_enter_mprotect
sys_enter_mmap
sys_enter_mmap
sys_enter_close
sys_enter_munmap
sys_enter_sched_getaffinity
sys_enter_mmap
sys_enter_munmap
sys_enter_mmap
sys_enter_mmap
sys_enter_mmap
sys_enter_mmap
sys_enter_mmap
sys_enter_mmap
sys_enter_rt_sigprocmask
sys_enter_sigaltstack
sys_enter_sigaltstack
sys_enter_gettid
sys_enter_rt_sigprocmask
sys_enter_rt_sigaction
sys_enter_rt_sigaction
sys_enter_rt_sigaction
sys_enter_rt_sigaction
sys_enter_rt_sigaction
sys_enter_rt_sigaction
sys_enter_rt_sigaction
sys_enter_rt_sigaction
sys_enter_rt_sigaction
sys_enter_rt_sigaction
sys_enter_rt_sigaction
sys_enter_rt_sigaction
sys_enter_rt_sigaction
sys_enter_rt_sigaction
sys_enter_rt_sigaction
sys_enter_rt_sigaction
sys_enter_rt_sigaction
sys_enter_rt_sigaction
sys_enter_rt_sigaction
sys_enter_rt_sigaction
sys_enter_rt_sigaction
sys_enter_rt_sigaction
sys_enter_rt_sigaction
sys_enter_rt_sigaction
sys_enter_rt_sigaction
sys_enter_rt_sigaction
sys_enter_rt_sigaction
sys_enter_rt_sigaction
sys_enter_rt_sigaction
sys_enter_rt_sigaction
sys_enter_rt_sigaction
sys_enter_rt_sigaction
sys_enter_rt_sigaction
sys_enter_rt_sigaction
sys_enter_rt_sigaction
sys_enter_rt_sigaction
sys_enter_rt_sigaction
sys_enter_rt_sigaction
sys_enter_rt_sigaction
sys_enter_rt_sigaction
sys_enter_rt_sigaction
sys_enter_rt_sigaction
sys_enter_rt_sigaction
sys_enter_rt_sigaction
sys_enter_rt_sigaction
sys_enter_rt_sigaction
sys_enter_rt_sigaction
sys_enter_rt_sigaction
sys_enter_rt_sigaction
sys_enter_rt_sigaction
sys_enter_rt_sigaction
sys_enter_rt_sigaction
sys_enter_rt_sigaction
sys_enter_rt_sigaction
sys_enter_rt_sigaction
sys_enter_rt_sigaction
sys_enter_rt_sigaction
sys_enter_rt_sigaction
sys_enter_rt_sigaction
sys_enter_rt_sigaction
sys_enter_rt_sigaction
sys_enter_rt_sigaction
sys_enter_rt_sigaction
sys_enter_rt_sigaction
sys_enter_rt_sigaction
sys_enter_rt_sigaction
sys_enter_rt_sigaction
sys_enter_rt_sigaction
sys_enter_rt_sigaction
sys_enter_rt_sigaction
sys_enter_rt_sigaction
sys_enter_rt_sigaction
sys_enter_rt_sigaction
sys_enter_rt_sigaction
sys_enter_rt_sigaction
sys_enter_rt_sigaction
sys_enter_rt_sigaction
sys_enter_rt_sigaction
sys_enter_rt_sigaction
sys_enter_rt_sigaction
sys_enter_rt_sigaction
sys_enter_rt_sigaction
sys_enter_rt_sigaction
sys_enter_rt_sigaction
sys_enter_rt_sigaction
sys_enter_rt_sigaction
sys_enter_rt_sigaction
sys_enter_rt_sigaction
sys_enter_rt_sigaction
sys_enter_rt_sigaction
sys_enter_rt_sigaction
sys_enter_rt_sigaction
sys_enter_rt_sigaction
sys_enter_rt_sigaction
sys_enter_rt_sigaction
sys_enter_rt_sigaction
sys_enter_rt_sigaction
sys_enter_rt_sigaction
sys_enter_rt_sigaction
sys_enter_rt_sigaction
sys_enter_rt_sigaction
sys_enter_rt_sigaction
sys_enter_rt_sigaction
sys_enter_rt_sigaction
sys_enter_rt_sigaction
sys_enter_rt_sigaction
sys_enter_rt_sigaction
sys_enter_rt_sigaction
sys_enter_rt_sigaction
sys_enter_rt_sigaction
sys_enter_rt_sigaction
sys_enter_rt_sigaction
sys_enter_rt_sigaction
sys_enter_rt_sigaction
sys_enter_rt_sigprocmask
sys_enter_clone
sys_enter_rt_sigprocmask
sys_enter_gettid
sys_enter_sigaltstack
sys_enter_sigaltstack
sys_enter_gettid
sys_enter_rt_sigprocmask
sys_enter_rt_sigprocmask
sys_enter_clone
sys_enter_rt_sigprocmask
sys_enter_gettid
sys_enter_sigaltstack
sys_enter_sigaltstack
sys_enter_gettid
sys_enter_rt_sigprocmask
sys_enter_rt_sigprocmask
sys_enter_clone
sys_enter_rt_sigprocmask
sys_enter_futex
sys_enter_rt_sigprocmask
sys_enter_clone
sys_enter_gettid
sys_enter_sigaltstack
sys_enter_sigaltstack
sys_enter_gettid
sys_enter_rt_sigprocmask
sys_enter_futex
sys_enter_rt_sigprocmask
sys_enter_futex
sys_enter_gettid
sys_enter_sigaltstack
sys_enter_sigaltstack
sys_enter_gettid
sys_enter_rt_sigprocmask
sys_enter_futex
sys_enter_futex
sys_enter_mmap
sys_enter_futex
sys_enter_futex
sys_enter_futex
sys_enter_openat
sys_enter_read
sys_enter_read
sys_enter_close
sys_enter_futex
sys_enter_socket
sys_enter_close
sys_enter_socket
sys_enter_setsockopt
sys_enter_bind
sys_enter_socket
sys_enter_setsockopt
sys_enter_bind
sys_enter_close
sys_enter_close
sys_enter_getpid
sys_enter_getppid
sys_enter_mmap
sys_enter_mmap
sys_enter_getppid
sys_enter_openat
sys_enter_pipe2
sys_enter_getpid
sys_enter_clone
sys_enter_setsid
sys_enter_close
sys_enter_read
sys_enter_chdir
sys_enter_execve
sys_enter_close
sys_enter_exit_group
sys_enter_mmap
sys_enter_mmap
sys_enter_mprotect
sys_enter_mmap
sys_enter_mmap
sys_enter_mprotect
sys_enter_mmap
sys_enter_mprotect
sys_enter_mmap
sys_enter_mprotect
sys_enter_mmap
sys_enter_mmap
sys_enter_close
sys_enter_munmap
sys_enter_sched_getaffinity
sys_enter_mmap
sys_enter_munmap
sys_enter_mmap
sys_enter_mmap
sys_enter_mmap
sys_enter_mmap
sys_enter_mmap
sys_enter_mmap
sys_enter_rt_sigprocmask
sys_enter_sigaltstack
sys_enter_sigaltstack
sys_enter_gettid
sys_enter_rt_sigprocmask
sys_enter_rt_sigaction
sys_enter_rt_sigaction
sys_enter_rt_sigaction
sys_enter_rt_sigaction
sys_enter_rt_sigaction
sys_enter_rt_sigaction
sys_enter_rt_sigaction
sys_enter_rt_sigaction
sys_enter_rt_sigaction
sys_enter_rt_sigaction
sys_enter_rt_sigaction
sys_enter_rt_sigaction
sys_enter_rt_sigaction
sys_enter_rt_sigaction
sys_enter_rt_sigaction
sys_enter_rt_sigaction
sys_enter_rt_sigaction
sys_enter_rt_sigaction
sys_enter_rt_sigaction
sys_enter_rt_sigaction
sys_enter_rt_sigaction
sys_enter_rt_sigaction
sys_enter_rt_sigaction
sys_enter_rt_sigaction
sys_enter_rt_sigaction
sys_enter_rt_sigaction
sys_enter_rt_sigaction
sys_enter_rt_sigaction
sys_enter_rt_sigaction
sys_enter_rt_sigaction
sys_enter_rt_sigaction
sys_enter_rt_sigaction
sys_enter_rt_sigaction
sys_enter_rt_sigaction
sys_enter_rt_sigaction
sys_enter_rt_sigaction
sys_enter_rt_sigaction
sys_enter_rt_sigaction
sys_enter_rt_sigaction
sys_enter_rt_sigaction
sys_enter_rt_sigaction
sys_enter_rt_sigaction
sys_enter_rt_sigaction
sys_enter_rt_sigaction
sys_enter_rt_sigaction
sys_enter_rt_sigaction
sys_enter_rt_sigaction
sys_enter_rt_sigaction
sys_enter_rt_sigaction
sys_enter_rt_sigaction
sys_enter_rt_sigaction
sys_enter_rt_sigaction
sys_enter_rt_sigaction
sys_enter_rt_sigaction
sys_enter_rt_sigaction
sys_enter_rt_sigaction
sys_enter_rt_sigaction
sys_enter_rt_sigaction
sys_enter_rt_sigaction
sys_enter_rt_sigaction
sys_enter_rt_sigaction
sys_enter_rt_sigaction
sys_enter_rt_sigaction
sys_enter_rt_sigaction
sys_enter_rt_sigaction
sys_enter_rt_sigaction
sys_enter_rt_sigaction
sys_enter_rt_sigaction
sys_enter_rt_sigaction
sys_enter_rt_sigaction
sys_enter_rt_sigaction
sys_enter_rt_sigaction
sys_enter_rt_sigaction
sys_enter_rt_sigaction
sys_enter_rt_sigaction
sys_enter_rt_sigaction
sys_enter_rt_sigaction
sys_enter_rt_sigaction
sys_enter_rt_sigaction
sys_enter_rt_sigaction
sys_enter_rt_sigaction
sys_enter_rt_sigaction
sys_enter_rt_sigaction
sys_enter_rt_sigaction
sys_enter_rt_sigaction
sys_enter_rt_sigaction
sys_enter_rt_sigaction
sys_enter_rt_sigaction
sys_enter_rt_sigaction
sys_enter_rt_sigaction
sys_enter_rt_sigaction
sys_enter_rt_sigaction
sys_enter_rt_sigaction
sys_enter_rt_sigaction
sys_enter_rt_sigaction
sys_enter_rt_sigaction
sys_enter_rt_sigaction
sys_enter_rt_sigaction
sys_enter_rt_sigaction
sys_enter_rt_sigaction
sys_enter_rt_sigaction
sys_enter_rt_sigaction
sys_enter_rt_sigaction
sys_enter_rt_sigaction
sys_enter_rt_sigaction
sys_enter_rt_sigaction
sys_enter_rt_sigaction
sys_enter_rt_sigaction
sys_enter_rt_sigaction
sys_enter_rt_sigaction
sys_enter_rt_sigaction
sys_enter_rt_sigaction
sys_enter_rt_sigaction
sys_enter_rt_sigaction
sys_enter_rt_sigprocmask
sys_enter_clone
sys_enter_rt_sigprocmask
sys_enter_gettid
sys_enter_sigaltstack
sys_enter_sigaltstack
sys_enter_gettid
sys_enter_rt_sigprocmask
sys_enter_rt_sigprocmask
sys_enter_clone
sys_enter_rt_sigprocmask
sys_enter_gettid
sys_enter_sigaltstack
sys_enter_sigaltstack
sys_enter_gettid
sys_enter_rt_sigprocmask
sys_enter_rt_sigprocmask
sys_enter_clone
sys_enter_rt_sigprocmask
sys_enter_clone
sys_enter_rt_sigprocmask
sys_enter_futex
sys_enter_rt_sigprocmask
sys_enter_gettid
sys_enter_sigaltstack
sys_enter_sigaltstack
sys_enter_gettid
sys_enter_gettid
sys_enter_rt_sigprocmask
sys_enter_sigaltstack
sys_enter_sigaltstack
sys_enter_gettid
sys_enter_rt_sigprocmask
sys_enter_futex
sys_enter_futex
sys_enter_futex
sys_enter_futex
sys_enter_futex
sys_enter_mmap
sys_enter_futex
sys_enter_futex
sys_enter_futex
sys_enter_openat
sys_enter_read
sys_enter_read
sys_enter_close
sys_enter_socket
sys_enter_close
sys_enter_socket
sys_enter_setsockopt
sys_enter_bind
sys_enter_socket
sys_enter_setsockopt
sys_enter_bind
sys_enter_close
sys_enter_close
sys_enter_getpid
sys_enter_getppid
sys_enter_mmap
sys_enter_mmap
sys_enter_getppid
sys_enter_openat
sys_enter_pipe2
sys_enter_getpid
sys_enter_clone
sys_enter_setsid
sys_enter_close
sys_enter_read
sys_enter_chdir
sys_enter_execve
sys_enter_close
sys_enter_exit_group
sys_enter_mmap
sys_enter_mmap
sys_enter_mprotect
sys_enter_mmap
sys_enter_mmap
sys_enter_mprotect
sys_enter_mmap
sys_enter_mprotect
sys_enter_mmap
sys_enter_mprotect
sys_enter_mmap
sys_enter_mmap
sys_enter_close
sys_enter_munmap
sys_enter_sched_getaffinity
sys_enter_mmap
sys_enter_munmap
sys_enter_mmap
sys_enter_mmap
sys_enter_mmap
sys_enter_mmap
sys_enter_mmap
sys_enter_mmap
sys_enter_rt_sigprocmask
sys_enter_sigaltstack
sys_enter_sigaltstack
sys_enter_gettid
sys_enter_rt_sigprocmask
sys_enter_rt_sigaction
sys_enter_rt_sigaction
sys_enter_rt_sigaction
sys_enter_rt_sigaction
sys_enter_rt_sigaction
sys_enter_rt_sigaction
sys_enter_rt_sigaction
sys_enter_rt_sigaction
sys_enter_rt_sigaction
sys_enter_rt_sigaction
sys_enter_rt_sigaction
sys_enter_rt_sigaction
sys_enter_rt_sigaction
sys_enter_rt_sigaction
sys_enter_rt_sigaction
sys_enter_rt_sigaction
sys_enter_rt_sigaction
sys_enter_rt_sigaction
sys_enter_rt_sigaction
sys_enter_rt_sigaction
sys_enter_rt_sigaction
sys_enter_rt_sigaction
sys_enter_rt_sigaction
sys_enter_rt_sigaction
sys_enter_rt_sigaction
sys_enter_rt_sigaction
sys_enter_rt_sigaction
sys_enter_rt_sigaction
sys_enter_rt_sigaction
sys_enter_rt_sigaction
sys_enter_rt_sigaction
sys_enter_rt_sigaction
sys_enter_rt_sigaction
sys_enter_rt_sigaction
sys_enter_rt_sigaction
sys_enter_rt_sigaction
sys_enter_rt_sigaction
sys_enter_rt_sigaction
sys_enter_rt_sigaction
sys_enter_rt_sigaction
sys_enter_rt_sigaction
sys_enter_rt_sigaction
sys_enter_rt_sigaction
sys_enter_rt_sigaction
sys_enter_rt_sigaction
sys_enter_rt_sigaction
sys_enter_rt_sigaction
sys_enter_rt_sigaction
sys_enter_rt_sigaction
sys_enter_rt_sigaction
sys_enter_rt_sigaction
sys_enter_rt_sigaction
sys_enter_rt_sigaction
sys_enter_rt_sigaction
sys_enter_rt_sigaction
sys_enter_rt_sigaction
sys_enter_rt_sigaction
sys_enter_rt_sigaction
sys_enter_rt_sigaction
sys_enter_rt_sigaction
sys_enter_rt_sigaction
sys_enter_rt_sigaction
sys_enter_rt_sigaction
sys_enter_rt_sigaction
sys_enter_rt_sigaction
sys_enter_rt_sigaction
sys_enter_rt_sigaction
sys_enter_rt_sigaction
sys_enter_rt_sigaction
sys_enter_rt_sigaction
sys_enter_rt_sigaction
sys_enter_rt_sigaction
sys_enter_rt_sigaction
sys_enter_rt_sigaction
sys_enter_rt_sigaction
sys_enter_rt_sigaction
sys_enter_rt_sigaction
sys_enter_rt_sigaction
sys_enter_rt_sigaction
sys_enter_rt_sigaction
sys_enter_rt_sigaction
sys_enter_rt_sigaction
sys_enter_rt_sigaction
sys_enter_rt_sigaction
sys_enter_rt_sigaction
sys_enter_rt_sigaction
sys_enter_rt_sigaction
sys_enter_rt_sigaction
sys_enter_rt_sigaction
sys_enter_rt_sigaction
sys_enter_rt_sigaction
sys_enter_rt_sigaction
sys_enter_rt_sigaction
sys_enter_rt_sigaction
sys_enter_rt_sigaction
sys_enter_rt_sigaction
sys_enter_rt_sigaction
sys_enter_rt_sigaction
sys_enter_rt_sigaction
sys_enter_rt_sigaction
sys_enter_rt_sigaction
sys_enter_rt_sigaction
sys_enter_rt_sigaction
sys_enter_rt_sigaction
sys_enter_rt_sigaction
sys_enter_rt_sigaction
sys_enter_rt_sigaction
sys_enter_rt_sigaction
sys_enter_rt_sigaction
sys_enter_rt_sigaction
sys_enter_rt_sigaction
sys_enter_rt_sigaction
sys_enter_rt_sigaction
sys_enter_rt_sigaction
sys_enter_rt_sigprocmask
sys_enter_clone
sys_enter_rt_sigprocmask
sys_enter_gettid
sys_enter_sigaltstack
sys_enter_sigaltstack
sys_enter_gettid
sys_enter_rt_sigprocmask
sys_enter_rt_sigprocmask
sys_enter_clone
sys_enter_rt_sigprocmask
sys_enter_rt_sigprocmask
sys_enter_clone
sys_enter_rt_sigprocmask
sys_enter_futex
sys_enter_gettid
sys_enter_sigaltstack
sys_enter_sigaltstack
sys_enter_gettid
sys_enter_rt_sigprocmask
sys_enter_rt_sigprocmask
sys_enter_clone
sys_enter_gettid
sys_enter_sigaltstack
sys_enter_sigaltstack
sys_enter_gettid
sys_enter_rt_sigprocmask
sys_enter_futex
sys_enter_futex
sys_enter_rt_sigprocmask
sys_enter_futex
sys_enter_gettid
sys_enter_sigaltstack
sys_enter_sigaltstack
sys_enter_gettid
sys_enter_rt_sigprocmask
sys_enter_futex
sys_enter_futex
sys_enter_mmap
sys_enter_futex
sys_enter_futex
sys_enter_futex
sys_enter_openat
sys_enter_futex
sys_enter_futex
sys_enter_read
sys_enter_read
sys_enter_close
sys_enter_socket
sys_enter_close
sys_enter_socket
sys_enter_setsockopt
sys_enter_bind
sys_enter_socket
sys_enter_setsockopt
sys_enter_bind
sys_enter_close
sys_enter_close
sys_enter_mmap
sys_enter_getpid
sys_enter_getppid
sys_enter_mmap
sys_enter_mmap
sys_enter_getppid
sys_enter_openat
sys_enter_pipe2
sys_enter_getpid
sys_enter_clone
sys_enter_close
sys_enter_read
sys_enter_setsid
sys_enter_chdir
sys_enter_execve
sys_enter_close
sys_enter_mmap
sys_enter_mmap
sys_enter_exit_group
sys_enter_mprotect
sys_enter_mmap
sys_enter_mmap
sys_enter_mprotect
sys_enter_mmap
sys_enter_mprotect
sys_enter_mmap
sys_enter_mprotect
sys_enter_mmap
sys_enter_mmap
sys_enter_close
sys_enter_munmap
sys_enter_sched_getaffinity
sys_enter_mmap
sys_enter_munmap
sys_enter_mmap
sys_enter_mmap
sys_enter_mmap
sys_enter_mmap
sys_enter_mmap
sys_enter_mmap
sys_enter_rt_sigprocmask
sys_enter_sigaltstack
sys_enter_sigaltstack
sys_enter_gettid
sys_enter_rt_sigprocmask
sys_enter_rt_sigaction
sys_enter_rt_sigaction
sys_enter_rt_sigaction
sys_enter_rt_sigaction
sys_enter_rt_sigaction
sys_enter_rt_sigaction
sys_enter_rt_sigaction
sys_enter_rt_sigaction
sys_enter_rt_sigaction
sys_enter_rt_sigaction
sys_enter_rt_sigaction
sys_enter_rt_sigaction
sys_enter_rt_sigaction
sys_enter_rt_sigaction
sys_enter_rt_sigaction
sys_enter_rt_sigaction
sys_enter_rt_sigaction
sys_enter_rt_sigaction
sys_enter_rt_sigaction
sys_enter_rt_sigaction
sys_enter_rt_sigaction
sys_enter_rt_sigaction
sys_enter_rt_sigaction
sys_enter_rt_sigaction
sys_enter_rt_sigaction
sys_enter_rt_sigaction
sys_enter_rt_sigaction
sys_enter_rt_sigaction
sys_enter_rt_sigaction
sys_enter_rt_sigaction
sys_enter_rt_sigaction
sys_enter_rt_sigaction
sys_enter_rt_sigaction
sys_enter_rt_sigaction
sys_enter_rt_sigaction
sys_enter_rt_sigaction
sys_enter_rt_sigaction
sys_enter_rt_sigaction
sys_enter_rt_sigaction
sys_enter_rt_sigaction
sys_enter_rt_sigaction
sys_enter_rt_sigaction
sys_enter_rt_sigaction
sys_enter_rt_sigaction
sys_enter_rt_sigaction
sys_enter_rt_sigaction
sys_enter_rt_sigaction
sys_enter_rt_sigaction
sys_enter_rt_sigaction
sys_enter_rt_sigaction
sys_enter_rt_sigaction
sys_enter_rt_sigaction
sys_enter_rt_sigaction
sys_enter_rt_sigaction
sys_enter_rt_sigaction
sys_enter_rt_sigaction
sys_enter_rt_sigaction
sys_enter_rt_sigaction
sys_enter_rt_sigaction
sys_enter_rt_sigaction
sys_enter_rt_sigaction
sys_enter_rt_sigaction
sys_enter_rt_sigaction
sys_enter_rt_sigaction
sys_enter_rt_sigaction
sys_enter_rt_sigaction
sys_enter_rt_sigaction
sys_enter_rt_sigaction
sys_enter_rt_sigaction
sys_enter_rt_sigaction
sys_enter_rt_sigaction
sys_enter_rt_sigaction
sys_enter_rt_sigaction
sys_enter_rt_sigaction
sys_enter_rt_sigaction
sys_enter_rt_sigaction
sys_enter_rt_sigaction
sys_enter_rt_sigaction
sys_enter_rt_sigaction
sys_enter_rt_sigaction
sys_enter_rt_sigaction
sys_enter_rt_sigaction
sys_enter_rt_sigaction
sys_enter_rt_sigaction
sys_enter_rt_sigaction
sys_enter_rt_sigaction
sys_enter_rt_sigaction
sys_enter_rt_sigaction
sys_enter_rt_sigaction
sys_enter_rt_sigaction
sys_enter_rt_sigaction
sys_enter_rt_sigaction
sys_enter_rt_sigaction
sys_enter_rt_sigaction
sys_enter_rt_sigaction
sys_enter_rt_sigaction
sys_enter_rt_sigaction
sys_enter_rt_sigaction
sys_enter_rt_sigaction
sys_enter_rt_sigaction
sys_enter_rt_sigaction
sys_enter_rt_sigaction
sys_enter_rt_sigaction
sys_enter_rt_sigaction
sys_enter_rt_sigaction
sys_enter_rt_sigaction
sys_enter_rt_sigaction
sys_enter_rt_sigaction
sys_enter_rt_sigaction
sys_enter_rt_sigaction
sys_enter_rt_sigaction
sys_enter_rt_sigaction
sys_enter_rt_sigaction
sys_enter_rt_sigaction
sys_enter_rt_sigprocmask
sys_enter_clone
sys_enter_rt_sigprocmask
sys_enter_gettid
sys_enter_sigaltstack
sys_enter_sigaltstack
sys_enter_gettid
sys_enter_rt_sigprocmask
sys_enter_rt_sigprocmask
sys_enter_clone
sys_enter_rt_sigprocmask
sys_enter_gettid
sys_enter_rt_sigprocmask
sys_enter_clone
sys_enter_sigaltstack
sys_enter_sigaltstack
sys_enter_gettid
sys_enter_rt_sigprocmask
sys_enter_rt_sigprocmask
sys_enter_futex
sys_enter_gettid
sys_enter_sigaltstack
sys_enter_sigaltstack
sys_enter_gettid
sys_enter_rt_sigprocmask
sys_enter_rt_sigprocmask
sys_enter_clone
sys_enter_futex
sys_enter_futex
sys_enter_rt_sigprocmask
sys_enter_futex
sys_enter_gettid
sys_enter_sigaltstack
sys_enter_sigaltstack
sys_enter_gettid
sys_enter_rt_sigprocmask
sys_enter_futex
sys_enter_futex
sys_enter_mmap
sys_enter_futex
sys_enter_futex
sys_enter_futex
sys_enter_openat
sys_enter_futex
sys_enter_futex
sys_enter_read
sys_enter_read
sys_enter_close
sys_enter_socket
sys_enter_close
sys_enter_socket
sys_enter_setsockopt
sys_enter_bind
sys_enter_socket
sys_enter_setsockopt
sys_enter_bind
sys_enter_close
sys_enter_close
sys_enter_mmap
sys_enter_getpid
sys_enter_getppid
sys_enter_mmap
sys_enter_mmap
sys_enter_getppid
sys_enter_openat
sys_enter_pipe2
sys_enter_getpid
sys_enter_clone
sys_enter_setsid
sys_enter_close
sys_enter_read
sys_enter_chdir
sys_enter_execve
sys_enter_close
sys_enter_mmap
sys_enter_exit_group
sys_enter_mmap
sys_enter_mprotect
sys_enter_mmap
sys_enter_mmap
sys_enter_mprotect
sys_enter_mmap
sys_enter_mprotect
sys_enter_mmap
sys_enter_mprotect
sys_enter_mmap
sys_enter_mmap
sys_enter_close
sys_enter_munmap
sys_enter_sched_getaffinity
sys_enter_mmap
sys_enter_munmap
sys_enter_mmap
sys_enter_mmap
sys_enter_mmap
sys_enter_mmap
sys_enter_mmap
sys_enter_mmap
sys_enter_rt_sigprocmask
sys_enter_sigaltstack
sys_enter_sigaltstack
sys_enter_gettid
sys_enter_rt_sigprocmask
sys_enter_rt_sigaction
sys_enter_rt_sigaction
sys_enter_rt_sigaction
sys_enter_rt_sigaction
sys_enter_rt_sigaction
sys_enter_rt_sigaction
sys_enter_rt_sigaction
sys_enter_rt_sigaction
sys_enter_rt_sigaction
sys_enter_rt_sigaction
sys_enter_rt_sigaction
sys_enter_rt_sigaction
sys_enter_rt_sigaction
sys_enter_rt_sigaction
sys_enter_rt_sigaction
sys_enter_rt_sigaction
sys_enter_rt_sigaction
sys_enter_rt_sigaction
sys_enter_rt_sigaction
sys_enter_rt_sigaction
sys_enter_rt_sigaction
sys_enter_rt_sigaction
sys_enter_rt_sigaction
sys_enter_rt_sigaction
sys_enter_rt_sigaction
sys_enter_rt_sigaction
sys_enter_rt_sigaction
sys_enter_rt_sigaction
sys_enter_rt_sigaction
sys_enter_rt_sigaction
sys_enter_rt_sigaction
sys_enter_rt_sigaction
sys_enter_rt_sigaction
sys_enter_rt_sigaction
sys_enter_rt_sigaction
sys_enter_rt_sigaction
sys_enter_rt_sigaction
sys_enter_rt_sigaction
sys_enter_rt_sigaction
sys_enter_rt_sigaction
sys_enter_rt_sigaction
sys_enter_rt_sigaction
sys_enter_rt_sigaction
sys_enter_rt_sigaction
sys_enter_rt_sigaction
sys_enter_rt_sigaction
sys_enter_rt_sigaction
sys_enter_rt_sigaction
sys_enter_rt_sigaction
sys_enter_rt_sigaction
sys_enter_rt_sigaction
sys_enter_rt_sigaction
sys_enter_rt_sigaction
sys_enter_rt_sigaction
sys_enter_rt_sigaction
sys_enter_rt_sigaction
sys_enter_rt_sigaction
sys_enter_rt_sigaction
sys_enter_rt_sigaction
sys_enter_rt_sigaction
sys_enter_rt_sigaction
sys_enter_rt_sigaction
sys_enter_rt_sigaction
sys_enter_rt_sigaction
sys_enter_rt_sigaction
sys_enter_rt_sigaction
sys_enter_rt_sigaction
sys_enter_rt_sigaction
sys_enter_rt_sigaction
sys_enter_rt_sigaction
sys_enter_rt_sigaction
sys_enter_rt_sigaction
sys_enter_rt_sigaction
sys_enter_rt_sigaction
sys_enter_rt_sigaction
sys_enter_rt_sigaction
sys_enter_rt_sigaction
sys_enter_rt_sigaction
sys_enter_rt_sigaction
sys_enter_rt_sigaction
sys_enter_rt_sigaction
sys_enter_rt_sigaction
sys_enter_rt_sigaction
sys_enter_rt_sigaction
sys_enter_rt_sigaction
sys_enter_rt_sigaction
sys_enter_rt_sigaction
sys_enter_rt_sigaction
sys_enter_rt_sigaction
sys_enter_rt_sigaction
sys_enter_rt_sigaction
sys_enter_rt_sigaction
sys_enter_rt_sigaction
sys_enter_rt_sigaction
sys_enter_rt_sigaction
sys_enter_rt_sigaction
sys_enter_rt_sigaction
sys_enter_rt_sigaction
sys_enter_rt_sigaction
sys_enter_rt_sigaction
sys_enter_rt_sigaction
sys_enter_rt_sigaction
sys_enter_rt_sigaction
sys_enter_rt_sigaction
sys_enter_rt_sigaction
sys_enter_rt_sigaction
sys_enter_rt_sigaction
sys_enter_rt_sigaction
sys_enter_rt_sigaction
sys_enter_rt_sigaction
sys_enter_rt_sigaction
sys_enter_rt_sigaction
sys_enter_rt_sigaction
sys_enter_rt_sigaction
sys_enter_rt_sigprocmask
sys_enter_clone
sys_enter_rt_sigprocmask
sys_enter_gettid
sys_enter_sigaltstack
sys_enter_sigaltstack
sys_enter_gettid
sys_enter_rt_sigprocmask
sys_enter_rt_sigprocmask
sys_enter_clone
sys_enter_rt_sigprocmask
sys_enter_gettid
sys_enter_sigaltstack
sys_enter_sigaltstack
sys_enter_gettid
sys_enter_rt_sigprocmask
sys_enter_clone
sys_enter_rt_sigprocmask
sys_enter_rt_sigprocmask
sys_enter_sched_yield
sys_enter_futex
sys_enter_futex
sys_enter_futex
sys_enter_futex
sys_enter_gettid
sys_enter_sigaltstack
sys_enter_sigaltstack
sys_enter_rt_sigprocmask
sys_enter_clone
sys_enter_gettid
sys_enter_rt_sigprocmask
sys_enter_futex
sys_enter_futex
sys_enter_rt_sigprocmask
sys_enter_futex
sys_enter_gettid
sys_enter_sigaltstack
sys_enter_sigaltstack
sys_enter_gettid
sys_enter_rt_sigprocmask
sys_enter_futex
sys_enter_futex
sys_enter_mmap
sys_enter_futex
sys_enter_futex
sys_enter_futex
sys_enter_openat
sys_enter_read
sys_enter_read
sys_enter_close
sys_enter_socket
sys_enter_close
sys_enter_socket
sys_enter_setsockopt
sys_enter_bind
sys_enter_socket
sys_enter_setsockopt
sys_enter_bind
sys_enter_close
sys_enter_close
sys_enter_getpid
sys_enter_getppid
sys_enter_mmap
sys_enter_mmap
sys_enter_getppid
sys_enter_openat
sys_enter_pipe2
sys_enter_getpid
sys_enter_clone
sys_enter_setsid
sys_enter_close
sys_enter_read
sys_enter_chdir
sys_enter_execve
sys_enter_close
sys_enter_exit_group
sys_enter_mmap
sys_enter_mmap
sys_enter_mprotect
sys_enter_mmap
sys_enter_mmap
sys_enter_mprotect
sys_enter_mmap
sys_enter_mprotect
sys_enter_mmap
sys_enter_mprotect
sys_enter_mmap
sys_enter_mmap
sys_enter_close
sys_enter_munmap
sys_enter_sched_getaffinity
sys_enter_mmap
sys_enter_munmap
sys_enter_mmap
sys_enter_mmap
sys_enter_mmap
sys_enter_mmap
sys_enter_mmap
sys_enter_mmap
sys_enter_rt_sigprocmask
sys_enter_sigaltstack
sys_enter_sigaltstack
sys_enter_gettid
sys_enter_rt_sigprocmask
sys_enter_rt_sigaction
sys_enter_rt_sigaction
sys_enter_rt_sigaction
sys_enter_rt_sigaction
sys_enter_rt_sigaction
sys_enter_rt_sigaction
sys_enter_rt_sigaction
sys_enter_rt_sigaction
sys_enter_rt_sigaction
sys_enter_rt_sigaction
sys_enter_rt_sigaction
sys_enter_rt_sigaction
sys_enter_rt_sigaction
sys_enter_rt_sigaction
sys_enter_rt_sigaction
sys_enter_rt_sigaction
sys_enter_rt_sigaction
sys_enter_rt_sigaction
sys_enter_rt_sigaction
sys_enter_rt_sigaction
sys_enter_rt_sigaction
sys_enter_rt_sigaction
sys_enter_rt_sigaction
sys_enter_rt_sigaction
sys_enter_rt_sigaction
sys_enter_rt_sigaction
sys_enter_rt_sigaction
sys_enter_rt_sigaction
sys_enter_rt_sigaction
sys_enter_rt_sigaction
sys_enter_rt_sigaction
sys_enter_rt_sigaction
sys_enter_rt_sigaction
sys_enter_rt_sigaction
sys_enter_rt_sigaction
sys_enter_rt_sigaction
sys_enter_rt_sigaction
sys_enter_rt_sigaction
sys_enter_rt_sigaction
sys_enter_rt_sigaction
sys_enter_rt_sigaction
sys_enter_rt_sigaction
sys_enter_rt_sigaction
sys_enter_rt_sigaction
sys_enter_rt_sigaction
sys_enter_rt_sigaction
sys_enter_rt_sigaction
sys_enter_rt_sigaction
sys_enter_rt_sigaction
sys_enter_rt_sigaction
sys_enter_rt_sigaction
sys_enter_rt_sigaction
sys_enter_rt_sigaction
sys_enter_rt_sigaction
sys_enter_rt_sigaction
sys_enter_rt_sigaction
sys_enter_rt_sigaction
sys_enter_rt_sigaction
sys_enter_rt_sigaction
sys_enter_rt_sigaction
sys_enter_rt_sigaction
sys_enter_rt_sigaction
sys_enter_rt_sigaction
sys_enter_rt_sigaction
sys_enter_rt_sigaction
sys_enter_rt_sigaction
sys_enter_rt_sigaction
sys_enter_rt_sigaction
sys_enter_rt_sigaction
sys_enter_rt_sigaction
sys_enter_rt_sigaction
sys_enter_rt_sigaction
sys_enter_rt_sigaction
sys_enter_rt_sigaction
sys_enter_rt_sigaction
sys_enter_rt_sigaction
sys_enter_rt_sigaction
sys_enter_rt_sigaction
sys_enter_rt_sigaction
sys_enter_rt_sigaction
sys_enter_rt_sigaction
sys_enter_rt_sigaction
sys_enter_rt_sigaction
sys_enter_rt_sigaction
sys_enter_rt_sigaction
sys_enter_rt_sigaction
sys_enter_rt_sigaction
sys_enter_rt_sigaction
sys_enter_rt_sigaction
sys_enter_rt_sigaction
sys_enter_rt_sigaction
sys_enter_rt_sigaction
sys_enter_rt_sigaction
sys_enter_rt_sigaction
sys_enter_rt_sigaction
sys_enter_rt_sigaction
sys_enter_rt_sigaction
sys_enter_rt_sigaction
sys_enter_rt_sigaction
sys_enter_rt_sigaction
sys_enter_rt_sigaction
sys_enter_rt_sigaction
sys_enter_rt_sigaction
sys_enter_rt_sigaction
sys_enter_rt_sigaction
sys_enter_rt_sigaction
sys_enter_rt_sigaction
sys_enter_rt_sigaction
sys_enter_rt_sigaction
sys_enter_rt_sigaction
sys_enter_rt_sigaction
sys_enter_rt_sigaction
sys_enter_rt_sigaction
sys_enter_rt_sigaction
sys_enter_rt_sigprocmask
sys_enter_clone
sys_enter_rt_sigprocmask
sys_enter_gettid
sys_enter_sigaltstack
sys_enter_sigaltstack
sys_enter_gettid
sys_enter_rt_sigprocmask
sys_enter_rt_sigprocmask
sys_enter_clone
sys_enter_rt_sigprocmask
sys_enter_gettid
sys_enter_sigaltstack
sys_enter_sigaltstack
sys_enter_gettid
sys_enter_rt_sigprocmask
sys_enter_rt_sigprocmask
sys_enter_clone
sys_enter_rt_sigprocmask
sys_enter_futex
sys_enter_rt_sigprocmask
sys_enter_clone
sys_enter_gettid
sys_enter_sigaltstack
sys_enter_sigaltstack
sys_enter_gettid
sys_enter_rt_sigprocmask
sys_enter_futex
sys_enter_rt_sigprocmask
sys_enter_gettid
sys_enter_futex
sys_enter_sigaltstack
sys_enter_futex
sys_enter_sigaltstack
sys_enter_gettid
sys_enter_rt_sigprocmask
sys_enter_futex
sys_enter_futex
sys_enter_mmap
sys_enter_futex
sys_enter_futex
sys_enter_futex
sys_enter_openat
sys_enter_read
sys_enter_read
sys_enter_close
sys_enter_socket
sys_enter_close
sys_enter_socket
sys_enter_setsockopt
sys_enter_bind
sys_enter_socket
sys_enter_setsockopt
sys_enter_bind
sys_enter_close
sys_enter_close
sys_enter_getpid
sys_enter_getppid
sys_enter_mmap
sys_enter_mmap
sys_enter_getppid
sys_enter_openat
sys_enter_pipe2
sys_enter_getpid
sys_enter_clone
sys_enter_setsid
sys_enter_close
sys_enter_read
sys_enter_chdir
sys_enter_execve
sys_enter_close
sys_enter_exit_group
sys_enter_mmap
sys_enter_mmap
sys_enter_mprotect
sys_enter_mmap
sys_enter_mmap
sys_enter_mprotect
sys_enter_mmap
sys_enter_mprotect
sys_enter_mmap
sys_enter_mprotect
sys_enter_mmap
sys_enter_mmap
sys_enter_close
sys_enter_munmap
sys_enter_sched_getaffinity
sys_enter_mmap
sys_enter_munmap
sys_enter_mmap
sys_enter_mmap
sys_enter_mmap
sys_enter_mmap
sys_enter_mmap
sys_enter_mmap
sys_enter_rt_sigprocmask
sys_enter_sigaltstack
sys_enter_sigaltstack
sys_enter_gettid
sys_enter_rt_sigprocmask
sys_enter_rt_sigaction
sys_enter_rt_sigaction
sys_enter_rt_sigaction
sys_enter_rt_sigaction
sys_enter_rt_sigaction
sys_enter_rt_sigaction
sys_enter_rt_sigaction
sys_enter_rt_sigaction
sys_enter_rt_sigaction
sys_enter_rt_sigaction
sys_enter_rt_sigaction
sys_enter_rt_sigaction
sys_enter_rt_sigaction
sys_enter_rt_sigaction
sys_enter_rt_sigaction
sys_enter_rt_sigaction
sys_enter_rt_sigaction
sys_enter_rt_sigaction
sys_enter_rt_sigaction
sys_enter_rt_sigaction
sys_enter_rt_sigaction
sys_enter_rt_sigaction
sys_enter_rt_sigaction
sys_enter_rt_sigaction
sys_enter_rt_sigaction
sys_enter_rt_sigaction
sys_enter_rt_sigaction
sys_enter_rt_sigaction
sys_enter_rt_sigaction
sys_enter_rt_sigaction
sys_enter_rt_sigaction
sys_enter_rt_sigaction
sys_enter_rt_sigaction
sys_enter_rt_sigaction
sys_enter_rt_sigaction
sys_enter_rt_sigaction
sys_enter_rt_sigaction
sys_enter_rt_sigaction
sys_enter_rt_sigaction
sys_enter_rt_sigaction
sys_enter_rt_sigaction
sys_enter_rt_sigaction
sys_enter_rt_sigaction
sys_enter_rt_sigaction
sys_enter_rt_sigaction
sys_enter_rt_sigaction
sys_enter_rt_sigaction
sys_enter_rt_sigaction
sys_enter_rt_sigaction
sys_enter_rt_sigaction
sys_enter_rt_sigaction
sys_enter_rt_sigaction
sys_enter_rt_sigaction
sys_enter_rt_sigaction
sys_enter_rt_sigaction
sys_enter_rt_sigaction
sys_enter_rt_sigaction
sys_enter_rt_sigaction
sys_enter_rt_sigaction
sys_enter_rt_sigaction
sys_enter_rt_sigaction
sys_enter_rt_sigaction
sys_enter_rt_sigaction
sys_enter_rt_sigaction
sys_enter_rt_sigaction
sys_enter_rt_sigaction
sys_enter_rt_sigaction
sys_enter_rt_sigaction
sys_enter_rt_sigaction
sys_enter_rt_sigaction
sys_enter_rt_sigaction
sys_enter_rt_sigaction
sys_enter_rt_sigaction
sys_enter_rt_sigaction
sys_enter_rt_sigaction
sys_enter_rt_sigaction
sys_enter_rt_sigaction
sys_enter_rt_sigaction
sys_enter_rt_sigaction
sys_enter_rt_sigaction
sys_enter_rt_sigaction
sys_enter_rt_sigaction
sys_enter_rt_sigaction
sys_enter_rt_sigaction
sys_enter_rt_sigaction
sys_enter_rt_sigaction
sys_enter_rt_sigaction
sys_enter_rt_sigaction
sys_enter_rt_sigaction
sys_enter_rt_sigaction
sys_enter_rt_sigaction
sys_enter_rt_sigaction
sys_enter_rt_sigaction
sys_enter_rt_sigaction
sys_enter_rt_sigaction
sys_enter_rt_sigaction
sys_enter_rt_sigaction
sys_enter_rt_sigaction
sys_enter_rt_sigaction
sys_enter_rt_sigaction
sys_enter_rt_sigaction
sys_enter_rt_sigaction
sys_enter_rt_sigaction
sys_enter_rt_sigaction
sys_enter_rt_sigaction
sys_enter_rt_sigaction
sys_enter_rt_sigaction
sys_enter_rt_sigaction
sys_enter_rt_sigaction
sys_enter_rt_sigaction
sys_enter_rt_sigaction
sys_enter_rt_sigaction
sys_enter_rt_sigaction
sys_enter_rt_sigaction
sys_enter_rt_sigprocmask
sys_enter_clone
sys_enter_rt_sigprocmask
sys_enter_gettid
sys_enter_sigaltstack
sys_enter_sigaltstack
sys_enter_gettid
sys_enter_rt_sigprocmask
sys_enter_rt_sigprocmask
sys_enter_clone
sys_enter_rt_sigprocmask
sys_enter_gettid
sys_enter_sigaltstack
sys_enter_sigaltstack
sys_enter_gettid
sys_enter_rt_sigprocmask
sys_enter_rt_sigprocmask
sys_enter_clone
sys_enter_rt_sigprocmask
sys_enter_clone
sys_enter_rt_sigprocmask
sys_enter_futex
sys_enter_gettid
sys_enter_sigaltstack
sys_enter_sigaltstack
sys_enter_gettid
sys_enter_rt_sigprocmask
sys_enter_rt_sigprocmask
sys_enter_futex
sys_enter_gettid
sys_enter_futex
sys_enter_sigaltstack
sys_enter_futex
sys_enter_sigaltstack
sys_enter_gettid
sys_enter_rt_sigprocmask
sys_enter_futex
sys_enter_futex
sys_enter_mmap
sys_enter_futex
sys_enter_futex
sys_enter_futex
sys_enter_openat
sys_enter_read
sys_enter_read
sys_enter_close
sys_enter_socket
sys_enter_close
sys_enter_socket
sys_enter_setsockopt
sys_enter_bind
sys_enter_socket
sys_enter_setsockopt
sys_enter_bind
sys_enter_close
sys_enter_close
sys_enter_getpid
sys_enter_getppid
sys_enter_mmap
sys_enter_mmap
sys_enter_getppid
sys_enter_openat
sys_enter_pipe2
sys_enter_getpid
sys_enter_clone
sys_enter_setsid
sys_enter_close
sys_enter_read
sys_enter_chdir
sys_enter_execve
sys_enter_close
sys_enter_exit_group
sys_enter_mmap
sys_enter_mmap
sys_enter_mprotect
sys_enter_mmap
sys_enter_mmap
sys_enter_mprotect
sys_enter_mmap
sys_enter_mprotect
sys_enter_mmap
sys_enter_mprotect
sys_enter_mmap
sys_enter_mmap
sys_enter_close
sys_enter_munmap
sys_enter_sched_getaffinity
sys_enter_mmap
sys_enter_munmap
sys_enter_mmap
sys_enter_mmap
sys_enter_mmap
sys_enter_mmap
sys_enter_mmap
sys_enter_mmap
sys_enter_rt_sigprocmask
sys_enter_sigaltstack
sys_enter_sigaltstack
sys_enter_gettid
sys_enter_rt_sigprocmask
sys_enter_rt_sigaction
sys_enter_rt_sigaction
sys_enter_rt_sigaction
sys_enter_rt_sigaction
sys_enter_rt_sigaction
sys_enter_rt_sigaction
sys_enter_rt_sigaction
sys_enter_rt_sigaction
sys_enter_rt_sigaction
sys_enter_rt_sigaction
sys_enter_rt_sigaction
sys_enter_rt_sigaction
sys_enter_rt_sigaction
sys_enter_rt_sigaction
sys_enter_rt_sigaction
sys_enter_rt_sigaction
sys_enter_rt_sigaction
sys_enter_rt_sigaction
sys_enter_rt_sigaction
sys_enter_rt_sigaction
sys_enter_rt_sigaction
sys_enter_rt_sigaction
sys_enter_rt_sigaction
sys_enter_rt_sigaction
sys_enter_rt_sigaction
sys_enter_rt_sigaction
sys_enter_rt_sigaction
sys_enter_rt_sigaction
sys_enter_rt_sigaction
sys_enter_rt_sigaction
sys_enter_rt_sigaction
sys_enter_rt_sigaction
sys_enter_rt_sigaction
sys_enter_rt_sigaction
sys_enter_rt_sigaction
sys_enter_rt_sigaction
sys_enter_rt_sigaction
sys_enter_rt_sigaction
sys_enter_rt_sigaction
sys_enter_rt_sigaction
sys_enter_rt_sigaction
sys_enter_rt_sigaction
sys_enter_rt_sigaction
sys_enter_rt_sigaction
sys_enter_rt_sigaction
sys_enter_rt_sigaction
sys_enter_rt_sigaction
sys_enter_rt_sigaction
sys_enter_rt_sigaction
sys_enter_rt_sigaction
sys_enter_rt_sigaction
sys_enter_rt_sigaction
sys_enter_rt_sigaction
sys_enter_rt_sigaction
sys_enter_rt_sigaction
sys_enter_rt_sigaction
sys_enter_rt_sigaction
sys_enter_rt_sigaction
sys_enter_rt_sigaction
sys_enter_rt_sigaction
sys_enter_rt_sigaction
sys_enter_rt_sigaction
sys_enter_rt_sigaction
sys_enter_rt_sigaction
sys_enter_rt_sigaction
sys_enter_rt_sigaction
sys_enter_rt_sigaction
sys_enter_rt_sigaction
sys_enter_rt_sigaction
sys_enter_rt_sigaction
sys_enter_rt_sigaction
sys_enter_rt_sigaction
sys_enter_rt_sigaction
sys_enter_rt_sigaction
sys_enter_rt_sigaction
sys_enter_rt_sigaction
sys_enter_rt_sigaction
sys_enter_rt_sigaction
sys_enter_rt_sigaction
sys_enter_rt_sigaction
sys_enter_rt_sigaction
sys_enter_rt_sigaction
sys_enter_rt_sigaction
sys_enter_rt_sigaction
sys_enter_rt_sigaction
sys_enter_rt_sigaction
sys_enter_rt_sigaction
sys_enter_rt_sigaction
sys_enter_rt_sigaction
sys_enter_rt_sigaction
sys_enter_rt_sigaction
sys_enter_rt_sigaction
sys_enter_rt_sigaction
sys_enter_rt_sigaction
sys_enter_rt_sigaction
sys_enter_rt_sigaction
sys_enter_rt_sigaction
sys_enter_rt_sigaction
sys_enter_rt_sigaction
sys_enter_rt_sigaction
sys_enter_rt_sigaction
sys_enter_rt_sigaction
sys_enter_rt_sigaction
sys_enter_rt_sigaction
sys_enter_rt_sigaction
sys_enter_rt_sigaction
sys_enter_rt_sigaction
sys_enter_rt_sigaction
sys_enter_rt_sigaction
sys_enter_rt_sigaction
sys_enter_rt_sigaction
sys_enter_rt_sigaction
sys_enter_rt_sigaction
sys_enter_rt_sigaction
sys_enter_rt_sigprocmask
sys_enter_clone
sys_enter_rt_sigprocmask
sys_enter_gettid
sys_enter_sigaltstack
sys_enter_sigaltstack
sys_enter_gettid
sys_enter_rt_sigprocmask
sys_enter_rt_sigprocmask
sys_enter_clone
sys_enter_rt_sigprocmask
sys_enter_gettid
sys_enter_sigaltstack
sys_enter_sigaltstack
sys_enter_gettid
sys_enter_rt_sigprocmask
sys_enter_rt_sigprocmask
sys_enter_clone
sys_enter_rt_sigprocmask
sys_enter_clone
sys_enter_rt_sigprocmask
sys_enter_futex
sys_enter_gettid
sys_enter_rt_sigprocmask
sys_enter_sigaltstack
sys_enter_sigaltstack
sys_enter_gettid
sys_enter_gettid
sys_enter_rt_sigprocmask
sys_enter_sigaltstack
sys_enter_sigaltstack
sys_enter_futex
sys_enter_gettid
sys_enter_rt_sigprocmask
sys_enter_futex
sys_enter_futex
sys_enter_futex
sys_enter_futex
sys_enter_mmap
sys_enter_futex
sys_enter_futex
sys_enter_futex
sys_enter_openat
sys_enter_read
sys_enter_read
sys_enter_close
sys_enter_socket
sys_enter_close
sys_enter_socket
sys_enter_setsockopt
sys_enter_bind
sys_enter_socket
sys_enter_setsockopt
sys_enter_bind
sys_enter_close
sys_enter_close
sys_enter_getpid
sys_enter_getppid
sys_enter_mmap
sys_enter_mmap
sys_enter_getppid
sys_enter_openat
sys_enter_pipe2
sys_enter_getpid
sys_enter_clone
sys_enter_setsid
sys_enter_close
sys_enter_read
sys_enter_chdir
sys_enter_execve
sys_enter_close
sys_enter_exit_group
sys_enter_mmap
sys_enter_mmap
sys_enter_mprotect
sys_enter_mmap
sys_enter_mmap
sys_enter_mprotect
sys_enter_mmap
sys_enter_mprotect
sys_enter_mmap
sys_enter_mprotect
sys_enter_mmap
sys_enter_mmap
sys_enter_close
sys_enter_munmap
sys_enter_sched_getaffinity
sys_enter_mmap
sys_enter_munmap
sys_enter_mmap
sys_enter_mmap
sys_enter_mmap
sys_enter_mmap
sys_enter_mmap
sys_enter_mmap
sys_enter_rt_sigprocmask
sys_enter_sigaltstack
sys_enter_sigaltstack
sys_enter_gettid
sys_enter_rt_sigprocmask
sys_enter_rt_sigaction
sys_enter_rt_sigaction
sys_enter_rt_sigaction
sys_enter_rt_sigaction
sys_enter_rt_sigaction
sys_enter_rt_sigaction
sys_enter_rt_sigaction
sys_enter_rt_sigaction
sys_enter_rt_sigaction
sys_enter_rt_sigaction
sys_enter_rt_sigaction
sys_enter_rt_sigaction
sys_enter_rt_sigaction
sys_enter_rt_sigaction
sys_enter_rt_sigaction
sys_enter_rt_sigaction
sys_enter_rt_sigaction
sys_enter_rt_sigaction
sys_enter_rt_sigaction
sys_enter_rt_sigaction
sys_enter_rt_sigaction
sys_enter_rt_sigaction
sys_enter_rt_sigaction
sys_enter_rt_sigaction
sys_enter_rt_sigaction
sys_enter_rt_sigaction
sys_enter_rt_sigaction
sys_enter_rt_sigaction
sys_enter_rt_sigaction
sys_enter_rt_sigaction
sys_enter_rt_sigaction
sys_enter_rt_sigaction
sys_enter_rt_sigaction
sys_enter_rt_sigaction
sys_enter_rt_sigaction
sys_enter_rt_sigaction
sys_enter_rt_sigaction
sys_enter_rt_sigaction
sys_enter_rt_sigaction
sys_enter_rt_sigaction
sys_enter_rt_sigaction
sys_enter_rt_sigaction
sys_enter_rt_sigaction
sys_enter_rt_sigaction
sys_enter_rt_sigaction
sys_enter_rt_sigaction
sys_enter_rt_sigaction
sys_enter_rt_sigaction
sys_enter_rt_sigaction
sys_enter_rt_sigaction
sys_enter_rt_sigaction
sys_enter_rt_sigaction
sys_enter_rt_sigaction
sys_enter_rt_sigaction
sys_enter_rt_sigaction
sys_enter_rt_sigaction
sys_enter_rt_sigaction
sys_enter_rt_sigaction
sys_enter_rt_sigaction
sys_enter_rt_sigaction
sys_enter_rt_sigaction
sys_enter_rt_sigaction
sys_enter_rt_sigaction
sys_enter_rt_sigaction
sys_enter_rt_sigaction
sys_enter_rt_sigaction
sys_enter_rt_sigaction
sys_enter_rt_sigaction
sys_enter_rt_sigaction
sys_enter_rt_sigaction
sys_enter_rt_sigaction
sys_enter_rt_sigaction
sys_enter_rt_sigaction
sys_enter_rt_sigaction
sys_enter_rt_sigaction
sys_enter_rt_sigaction
sys_enter_rt_sigaction
sys_enter_rt_sigaction
sys_enter_rt_sigaction
sys_enter_rt_sigaction
sys_enter_rt_sigaction
sys_enter_rt_sigaction
sys_enter_rt_sigaction
sys_enter_rt_sigaction
sys_enter_rt_sigaction
sys_enter_rt_sigaction
sys_enter_rt_sigaction
sys_enter_rt_sigaction
sys_enter_rt_sigaction
sys_enter_rt_sigaction
sys_enter_rt_sigaction
sys_enter_rt_sigaction
sys_enter_rt_sigaction
sys_enter_rt_sigaction
sys_enter_rt_sigaction
sys_enter_rt_sigaction
sys_enter_rt_sigaction
sys_enter_rt_sigaction
sys_enter_rt_sigaction
sys_enter_rt_sigaction
sys_enter_rt_sigaction
sys_enter_rt_sigaction
sys_enter_rt_sigaction
sys_enter_rt_sigaction
sys_enter_rt_sigaction
sys_enter_rt_sigaction
sys_enter_rt_sigaction
sys_enter_rt_sigaction
sys_enter_rt_sigaction
sys_enter_rt_sigaction
sys_enter_rt_sigaction
sys_enter_rt_sigaction
sys_enter_rt_sigaction
sys_enter_rt_sigaction
sys_enter_rt_sigprocmask
sys_enter_clone
sys_enter_rt_sigprocmask
sys_enter_gettid
sys_enter_sigaltstack
sys_enter_sigaltstack
sys_enter_gettid
sys_enter_rt_sigprocmask
sys_enter_rt_sigprocmask
sys_enter_clone
sys_enter_rt_sigprocmask
sys_enter_gettid
sys_enter_sigaltstack
sys_enter_sigaltstack
sys_enter_gettid
sys_enter_rt_sigprocmask
sys_enter_rt_sigprocmask
sys_enter_clone
sys_enter_rt_sigprocmask
sys_enter_futex
sys_enter_gettid
sys_enter_sigaltstack
sys_enter_sigaltstack
sys_enter_gettid
sys_enter_rt_sigprocmask
sys_enter_rt_sigprocmask
sys_enter_clone
sys_enter_rt_sigprocmask
sys_enter_futex
sys_enter_futex
sys_enter_gettid
sys_enter_sigaltstack
sys_enter_sigaltstack
sys_enter_futex
sys_enter_gettid
sys_enter_rt_sigprocmask
sys_enter_futex
sys_enter_futex
sys_enter_mmap
sys_enter_futex
sys_enter_futex
sys_enter_futex
sys_enter_openat
sys_enter_read
sys_enter_read
sys_enter_close
sys_enter_socket
sys_enter_close
sys_enter_socket
sys_enter_setsockopt
sys_enter_bind
sys_enter_socket
sys_enter_setsockopt
sys_enter_bind
sys_enter_close
sys_enter_close
sys_enter_getpid
sys_enter_getppid
sys_enter_mmap
sys_enter_mmap
sys_enter_getppid
sys_enter_openat
sys_enter_pipe2
sys_enter_getpid
sys_enter_clone
sys_enter_setsid
sys_enter_close
sys_enter_read
sys_enter_chdir
sys_enter_execve
sys_enter_close
sys_enter_exit_group
sys_enter_mmap
sys_enter_mmap
sys_enter_mprotect
sys_enter_mmap
sys_enter_mmap
sys_enter_mprotect
sys_enter_mmap
sys_enter_mprotect
sys_enter_mmap
sys_enter_mprotect
sys_enter_mmap
sys_enter_mmap
sys_enter_close
sys_enter_munmap
sys_enter_sched_getaffinity
sys_enter_mmap
sys_enter_munmap
sys_enter_mmap
sys_enter_mmap
sys_enter_mmap
sys_enter_mmap
sys_enter_mmap
sys_enter_mmap
sys_enter_rt_sigprocmask
sys_enter_sigaltstack
sys_enter_sigaltstack
sys_enter_gettid
sys_enter_rt_sigprocmask
sys_enter_rt_sigaction
sys_enter_rt_sigaction
sys_enter_rt_sigaction
sys_enter_rt_sigaction
sys_enter_rt_sigaction
sys_enter_rt_sigaction
sys_enter_rt_sigaction
sys_enter_rt_sigaction
sys_enter_rt_sigaction
sys_enter_rt_sigaction
sys_enter_rt_sigaction
sys_enter_rt_sigaction
sys_enter_rt_sigaction
sys_enter_rt_sigaction
sys_enter_rt_sigaction
sys_enter_rt_sigaction
sys_enter_rt_sigaction
sys_enter_rt_sigaction
sys_enter_rt_sigaction
sys_enter_rt_sigaction
sys_enter_rt_sigaction
sys_enter_rt_sigaction
sys_enter_rt_sigaction
sys_enter_rt_sigaction
sys_enter_rt_sigaction
sys_enter_rt_sigaction
sys_enter_rt_sigaction
sys_enter_rt_sigaction
sys_enter_rt_sigaction
sys_enter_rt_sigaction
sys_enter_rt_sigaction
sys_enter_rt_sigaction
sys_enter_rt_sigaction
sys_enter_rt_sigaction
sys_enter_rt_sigaction
sys_enter_rt_sigaction
sys_enter_rt_sigaction
sys_enter_rt_sigaction
sys_enter_rt_sigaction
sys_enter_rt_sigaction
sys_enter_rt_sigaction
sys_enter_rt_sigaction
sys_enter_rt_sigaction
sys_enter_rt_sigaction
sys_enter_rt_sigaction
sys_enter_rt_sigaction
sys_enter_rt_sigaction
sys_enter_rt_sigaction
sys_enter_rt_sigaction
sys_enter_rt_sigaction
sys_enter_rt_sigaction
sys_enter_rt_sigaction
sys_enter_rt_sigaction
sys_enter_rt_sigaction
sys_enter_rt_sigaction
sys_enter_rt_sigaction
sys_enter_rt_sigaction
sys_enter_rt_sigaction
sys_enter_rt_sigaction
sys_enter_rt_sigaction
sys_enter_rt_sigaction
sys_enter_rt_sigaction
sys_enter_rt_sigaction
sys_enter_rt_sigaction
sys_enter_rt_sigaction
sys_enter_rt_sigaction
sys_enter_rt_sigaction
sys_enter_rt_sigaction
sys_enter_rt_sigaction
sys_enter_rt_sigaction
sys_enter_rt_sigaction
sys_enter_rt_sigaction
sys_enter_rt_sigaction
sys_enter_rt_sigaction
sys_enter_rt_sigaction
sys_enter_rt_sigaction
sys_enter_rt_sigaction
sys_enter_rt_sigaction
sys_enter_rt_sigaction
sys_enter_rt_sigaction
sys_enter_rt_sigaction
sys_enter_rt_sigaction
sys_enter_rt_sigaction
sys_enter_rt_sigaction
sys_enter_rt_sigaction
sys_enter_rt_sigaction
sys_enter_rt_sigaction
sys_enter_rt_sigaction
sys_enter_rt_sigaction
sys_enter_rt_sigaction
sys_enter_rt_sigaction
sys_enter_rt_sigaction
sys_enter_rt_sigaction
sys_enter_rt_sigaction
sys_enter_rt_sigaction
sys_enter_rt_sigaction
sys_enter_rt_sigaction
sys_enter_rt_sigaction
sys_enter_rt_sigaction
sys_enter_rt_sigaction
sys_enter_rt_sigaction
sys_enter_rt_sigaction
sys_enter_rt_sigaction
sys_enter_rt_sigaction
sys_enter_rt_sigaction
sys_enter_rt_sigaction
sys_enter_rt_sigaction
sys_enter_rt_sigaction
sys_enter_rt_sigaction
sys_enter_rt_sigaction
sys_enter_rt_sigaction
sys_enter_rt_sigaction
sys_enter_rt_sigaction
sys_enter_rt_sigaction
sys_enter_rt_sigprocmask
sys_enter_clone
sys_enter_rt_sigprocmask
sys_enter_gettid
sys_enter_sigaltstack
sys_enter_sigaltstack
sys_enter_gettid
sys_enter_rt_sigprocmask
sys_enter_rt_sigprocmask
sys_enter_clone
sys_enter_rt_sigprocmask
sys_enter_gettid
sys_enter_sigaltstack
sys_enter_sigaltstack
sys_enter_gettid
sys_enter_rt_sigprocmask
sys_enter_rt_sigprocmask
sys_enter_clone
sys_enter_rt_sigprocmask
sys_enter_futex
sys_enter_gettid
sys_enter_sigaltstack
sys_enter_sigaltstack
sys_enter_gettid
sys_enter_rt_sigprocmask
sys_enter_rt_sigprocmask
sys_enter_clone
sys_enter_rt_sigprocmask
sys_enter_gettid
sys_enter_futex
sys_enter_sigaltstack
sys_enter_sigaltstack
sys_enter_gettid
sys_enter_rt_sigprocmask
sys_enter_futex
sys_enter_futex
sys_enter_futex
sys_enter_mmap
sys_enter_futex
sys_enter_futex
sys_enter_futex
sys_enter_futex
sys_enter_openat
sys_enter_read
sys_enter_read
sys_enter_close
sys_enter_socket
sys_enter_close
sys_enter_socket
sys_enter_setsockopt
sys_enter_bind
sys_enter_socket
sys_enter_setsockopt
sys_enter_bind
sys_enter_close
sys_enter_close
sys_enter_getpid
sys_enter_getppid
sys_enter_mmap
sys_enter_mmap
sys_enter_getppid
sys_enter_openat
sys_enter_pipe2
sys_enter_getpid
sys_enter_clone
sys_enter_setsid
sys_enter_close
sys_enter_read
sys_enter_chdir
sys_enter_execve
sys_enter_close
sys_enter_exit_group
sys_enter_mmap
sys_enter_mmap
sys_enter_mprotect
sys_enter_mmap
sys_enter_mmap
sys_enter_mprotect
sys_enter_mmap
sys_enter_mprotect
sys_enter_mmap
sys_enter_mprotect
sys_enter_mmap
sys_enter_mmap
sys_enter_close
sys_enter_munmap
sys_enter_sched_getaffinity
sys_enter_mmap
sys_enter_munmap
sys_enter_mmap
sys_enter_mmap
sys_enter_mmap
sys_enter_mmap
sys_enter_mmap
sys_enter_mmap
sys_enter_rt_sigprocmask
sys_enter_sigaltstack
sys_enter_sigaltstack
sys_enter_gettid
sys_enter_rt_sigprocmask
sys_enter_rt_sigaction
sys_enter_rt_sigaction
sys_enter_rt_sigaction
sys_enter_rt_sigaction
sys_enter_rt_sigaction
sys_enter_rt_sigaction
sys_enter_rt_sigaction
sys_enter_rt_sigaction
sys_enter_rt_sigaction
sys_enter_rt_sigaction
sys_enter_rt_sigaction
sys_enter_rt_sigaction
sys_enter_rt_sigaction
sys_enter_rt_sigaction
sys_enter_rt_sigaction
sys_enter_rt_sigaction
sys_enter_rt_sigaction
sys_enter_rt_sigaction
sys_enter_rt_sigaction
sys_enter_rt_sigaction
sys_enter_rt_sigaction
sys_enter_rt_sigaction
sys_enter_rt_sigaction
sys_enter_rt_sigaction
sys_enter_rt_sigaction
sys_enter_rt_sigaction
sys_enter_rt_sigaction
sys_enter_rt_sigaction
sys_enter_rt_sigaction
sys_enter_rt_sigaction
sys_enter_rt_sigaction
sys_enter_rt_sigaction
sys_enter_rt_sigaction
sys_enter_rt_sigaction
sys_enter_rt_sigaction
sys_enter_rt_sigaction
sys_enter_rt_sigaction
sys_enter_rt_sigaction
sys_enter_rt_sigaction
sys_enter_rt_sigaction
sys_enter_rt_sigaction
sys_enter_rt_sigaction
sys_enter_rt_sigaction
sys_enter_rt_sigaction
sys_enter_rt_sigaction
sys_enter_rt_sigaction
sys_enter_rt_sigaction
sys_enter_rt_sigaction
sys_enter_rt_sigaction
sys_enter_rt_sigaction
sys_enter_rt_sigaction
sys_enter_rt_sigaction
sys_enter_rt_sigaction
sys_enter_rt_sigaction
sys_enter_rt_sigaction
sys_enter_rt_sigaction
sys_enter_rt_sigaction
sys_enter_rt_sigaction
sys_enter_rt_sigaction
sys_enter_rt_sigaction
sys_enter_rt_sigaction
sys_enter_rt_sigaction
sys_enter_rt_sigaction
sys_enter_rt_sigaction
sys_enter_rt_sigaction
sys_enter_rt_sigaction
sys_enter_rt_sigaction
sys_enter_rt_sigaction
sys_enter_rt_sigaction
sys_enter_rt_sigaction
sys_enter_rt_sigaction
sys_enter_rt_sigaction
sys_enter_rt_sigaction
sys_enter_rt_sigaction
sys_enter_rt_sigaction
sys_enter_rt_sigaction
sys_enter_rt_sigaction
sys_enter_rt_sigaction
sys_enter_rt_sigaction
sys_enter_rt_sigaction
sys_enter_rt_sigaction
sys_enter_rt_sigaction
sys_enter_rt_sigaction
sys_enter_rt_sigaction
sys_enter_rt_sigaction
sys_enter_rt_sigaction
sys_enter_rt_sigaction
sys_enter_rt_sigaction
sys_enter_rt_sigaction
sys_enter_rt_sigaction
sys_enter_rt_sigaction
sys_enter_rt_sigaction
sys_enter_rt_sigaction
sys_enter_rt_sigaction
sys_enter_rt_sigaction
sys_enter_rt_sigaction
sys_enter_rt_sigaction
sys_enter_rt_sigaction
sys_enter_rt_sigaction
sys_enter_rt_sigaction
sys_enter_rt_sigaction
sys_enter_rt_sigaction
sys_enter_rt_sigaction
sys_enter_rt_sigaction
sys_enter_rt_sigaction
sys_enter_rt_sigaction
sys_enter_rt_sigaction
sys_enter_rt_sigaction
sys_enter_rt_sigaction
sys_enter_rt_sigaction
sys_enter_rt_sigaction
sys_enter_rt_sigaction
sys_enter_rt_sigaction
sys_enter_rt_sigaction
sys_enter_rt_sigprocmask
sys_enter_clone
sys_enter_rt_sigprocmask
sys_enter_gettid
sys_enter_sigaltstack
sys_enter_sigaltstack
sys_enter_gettid
sys_enter_rt_sigprocmask
sys_enter_rt_sigprocmask
sys_enter_clone
sys_enter_rt_sigprocmask
sys_enter_rt_sigprocmask
sys_enter_clone
sys_enter_rt_sigprocmask
sys_enter_futex
sys_enter_gettid
sys_enter_sigaltstack
sys_enter_sigaltstack
sys_enter_gettid
sys_enter_rt_sigprocmask
sys_enter_rt_sigprocmask
sys_enter_clone
sys_enter_rt_sigprocmask
sys_enter_gettid
sys_enter_gettid
sys_enter_sigaltstack
sys_enter_sigaltstack
sys_enter_gettid
sys_enter_rt_sigprocmask
sys_enter_sigaltstack
sys_enter_futex
sys_enter_sigaltstack
sys_enter_gettid
sys_enter_futex
sys_enter_rt_sigprocmask
sys_enter_futex
sys_enter_futex
sys_enter_futex
sys_enter_mmap
sys_enter_futex
sys_enter_futex
sys_enter_futex
sys_enter_openat
sys_enter_read
sys_enter_read
sys_enter_close
sys_enter_socket
sys_enter_close
sys_enter_socket
sys_enter_setsockopt
sys_enter_bind
sys_enter_socket
sys_enter_setsockopt
sys_enter_bind
sys_enter_close
sys_enter_close
sys_enter_getpid
sys_enter_getppid
sys_enter_mmap
sys_enter_mmap
sys_enter_getppid
sys_enter_openat
sys_enter_pipe2
sys_enter_getpid
sys_enter_clone
sys_enter_setsid
sys_enter_close
sys_enter_read
sys_enter_chdir
sys_enter_execve
sys_enter_close
sys_enter_exit_group
sys_enter_mmap
sys_enter_mmap
sys_enter_mprotect
sys_enter_mmap
sys_enter_mmap
sys_enter_mprotect
sys_enter_mmap
sys_enter_mprotect
sys_enter_mmap
sys_enter_mprotect
sys_enter_mmap
sys_enter_mmap
sys_enter_close
sys_enter_munmap
sys_enter_sched_getaffinity
sys_enter_mmap
sys_enter_munmap
sys_enter_mmap
sys_enter_mmap
sys_enter_mmap
sys_enter_mmap
sys_enter_mmap
sys_enter_mmap
sys_enter_rt_sigprocmask
sys_enter_sigaltstack
sys_enter_sigaltstack
sys_enter_gettid
sys_enter_rt_sigprocmask
sys_enter_rt_sigaction
sys_enter_rt_sigaction
sys_enter_rt_sigaction
sys_enter_rt_sigaction
sys_enter_rt_sigaction
sys_enter_rt_sigaction
sys_enter_rt_sigaction
sys_enter_rt_sigaction
sys_enter_rt_sigaction
sys_enter_rt_sigaction
sys_enter_rt_sigaction
sys_enter_rt_sigaction
sys_enter_rt_sigaction
sys_enter_rt_sigaction
sys_enter_rt_sigaction
sys_enter_rt_sigaction
sys_enter_rt_sigaction
sys_enter_rt_sigaction
sys_enter_rt_sigaction
sys_enter_rt_sigaction
sys_enter_rt_sigaction
sys_enter_rt_sigaction
sys_enter_rt_sigaction
sys_enter_rt_sigaction
sys_enter_rt_sigaction
sys_enter_rt_sigaction
sys_enter_rt_sigaction
sys_enter_rt_sigaction
sys_enter_rt_sigaction
sys_enter_rt_sigaction
sys_enter_rt_sigaction
sys_enter_rt_sigaction
sys_enter_rt_sigaction
sys_enter_rt_sigaction
sys_enter_rt_sigaction
sys_enter_rt_sigaction
sys_enter_rt_sigaction
sys_enter_rt_sigaction
sys_enter_rt_sigaction
sys_enter_rt_sigaction
sys_enter_rt_sigaction
sys_enter_rt_sigaction
sys_enter_rt_sigaction
sys_enter_rt_sigaction
sys_enter_rt_sigaction
sys_enter_rt_sigaction
sys_enter_rt_sigaction
sys_enter_rt_sigaction
sys_enter_rt_sigaction
sys_enter_rt_sigaction
sys_enter_rt_sigaction
sys_enter_rt_sigaction
sys_enter_rt_sigaction
sys_enter_rt_sigaction
sys_enter_rt_sigaction
sys_enter_rt_sigaction
sys_enter_rt_sigaction
sys_enter_rt_sigaction
sys_enter_rt_sigaction
sys_enter_rt_sigaction
sys_enter_rt_sigaction
sys_enter_rt_sigaction
sys_enter_rt_sigaction
sys_enter_rt_sigaction
sys_enter_rt_sigaction
sys_enter_rt_sigaction
sys_enter_rt_sigaction
sys_enter_rt_sigaction
sys_enter_rt_sigaction
sys_enter_rt_sigaction
sys_enter_rt_sigaction
sys_enter_rt_sigaction
sys_enter_rt_sigaction
sys_enter_rt_sigaction
sys_enter_rt_sigaction
sys_enter_rt_sigaction
sys_enter_rt_sigaction
sys_enter_rt_sigaction
sys_enter_rt_sigaction
sys_enter_rt_sigaction
sys_enter_rt_sigaction
sys_enter_rt_sigaction
sys_enter_rt_sigaction
sys_enter_rt_sigaction
sys_enter_rt_sigaction
sys_enter_rt_sigaction
sys_enter_rt_sigaction
sys_enter_rt_sigaction
sys_enter_rt_sigaction
sys_enter_rt_sigaction
sys_enter_rt_sigaction
sys_enter_rt_sigaction
sys_enter_rt_sigaction
sys_enter_rt_sigaction
sys_enter_rt_sigaction
sys_enter_rt_sigaction
sys_enter_rt_sigaction
sys_enter_rt_sigaction
sys_enter_rt_sigaction
sys_enter_rt_sigaction
sys_enter_rt_sigaction
sys_enter_rt_sigaction
sys_enter_rt_sigaction
sys_enter_rt_sigaction
sys_enter_rt_sigaction
sys_enter_rt_sigaction
sys_enter_rt_sigaction
sys_enter_rt_sigaction
sys_enter_rt_sigaction
sys_enter_rt_sigaction
sys_enter_rt_sigaction
sys_enter_rt_sigaction
sys_enter_rt_sigaction
sys_enter_rt_sigaction
sys_enter_rt_sigprocmask
sys_enter_clone
sys_enter_rt_sigprocmask
sys_enter_gettid
sys_enter_sigaltstack
sys_enter_sigaltstack
sys_enter_gettid
sys_enter_rt_sigprocmask
sys_enter_rt_sigprocmask
sys_enter_clone
sys_enter_rt_sigprocmask
sys_enter_gettid
sys_enter_sigaltstack
sys_enter_sigaltstack
sys_enter_gettid
sys_enter_rt_sigprocmask
sys_enter_rt_sigprocmask
sys_enter_clone
sys_enter_rt_sigprocmask
sys_enter_futex
sys_enter_rt_sigprocmask
sys_enter_clone
sys_enter_gettid
sys_enter_sigaltstack
sys_enter_sigaltstack
sys_enter_rt_sigprocmask
sys_enter_gettid
sys_enter_rt_sigprocmask
sys_enter_gettid
sys_enter_futex
sys_enter_sigaltstack
sys_enter_sigaltstack
sys_enter_gettid
sys_enter_rt_sigprocmask
sys_enter_futex
sys_enter_futex
sys_enter_futex
sys_enter_futex
sys_enter_mmap
sys_enter_futex
sys_enter_futex
sys_enter_futex
sys_enter_openat
sys_enter_read
sys_enter_read
sys_enter_close
sys_enter_socket
sys_enter_close
sys_enter_socket
sys_enter_setsockopt
sys_enter_bind
sys_enter_socket
sys_enter_setsockopt
sys_enter_bind
sys_enter_close
sys_enter_close
sys_enter_getpid
sys_enter_getppid
sys_enter_mmap
sys_enter_mmap
sys_enter_getppid
sys_enter_openat
sys_enter_pipe2
sys_enter_getpid
sys_enter_clone
sys_enter_setsid
sys_enter_close
sys_enter_read
sys_enter_chdir
sys_enter_execve
sys_enter_close
sys_enter_exit_group
sys_enter_mmap
sys_enter_mmap
sys_enter_mprotect
sys_enter_mmap
sys_enter_mmap
sys_enter_mprotect
sys_enter_mmap
sys_enter_mprotect
sys_enter_mmap
sys_enter_mprotect
sys_enter_mmap
sys_enter_mmap
sys_enter_close
sys_enter_munmap
sys_enter_sched_getaffinity
sys_enter_mmap
sys_enter_munmap
sys_enter_mmap
sys_enter_mmap
sys_enter_mmap
sys_enter_mmap
sys_enter_mmap
sys_enter_mmap
sys_enter_rt_sigprocmask
sys_enter_sigaltstack
sys_enter_sigaltstack
sys_enter_gettid
sys_enter_rt_sigprocmask
sys_enter_rt_sigaction
sys_enter_rt_sigaction
sys_enter_rt_sigaction
sys_enter_rt_sigaction
sys_enter_rt_sigaction
sys_enter_rt_sigaction
sys_enter_rt_sigaction
sys_enter_rt_sigaction
sys_enter_rt_sigaction
sys_enter_rt_sigaction
sys_enter_rt_sigaction
sys_enter_rt_sigaction
sys_enter_rt_sigaction
sys_enter_rt_sigaction
sys_enter_rt_sigaction
sys_enter_rt_sigaction
sys_enter_rt_sigaction
sys_enter_rt_sigaction
sys_enter_rt_sigaction
sys_enter_rt_sigaction
sys_enter_rt_sigaction
sys_enter_rt_sigaction
sys_enter_rt_sigaction
sys_enter_rt_sigaction
sys_enter_rt_sigaction
sys_enter_rt_sigaction
sys_enter_rt_sigaction
sys_enter_rt_sigaction
sys_enter_rt_sigaction
sys_enter_rt_sigaction
sys_enter_rt_sigaction
sys_enter_rt_sigaction
sys_enter_rt_sigaction
sys_enter_rt_sigaction
sys_enter_rt_sigaction
sys_enter_rt_sigaction
sys_enter_rt_sigaction
sys_enter_rt_sigaction
sys_enter_rt_sigaction
sys_enter_rt_sigaction
sys_enter_rt_sigaction
sys_enter_rt_sigaction
sys_enter_rt_sigaction
sys_enter_rt_sigaction
sys_enter_rt_sigaction
sys_enter_rt_sigaction
sys_enter_rt_sigaction
sys_enter_rt_sigaction
sys_enter_rt_sigaction
sys_enter_rt_sigaction
sys_enter_rt_sigaction
sys_enter_rt_sigaction
sys_enter_rt_sigaction
sys_enter_rt_sigaction
sys_enter_rt_sigaction
sys_enter_rt_sigaction
sys_enter_rt_sigaction
sys_enter_rt_sigaction
sys_enter_rt_sigaction
sys_enter_rt_sigaction
sys_enter_rt_sigaction
sys_enter_rt_sigaction
sys_enter_rt_sigaction
sys_enter_rt_sigaction
sys_enter_rt_sigaction
sys_enter_rt_sigaction
sys_enter_rt_sigaction
sys_enter_rt_sigaction
sys_enter_rt_sigaction
sys_enter_rt_sigaction
sys_enter_rt_sigaction
sys_enter_rt_sigaction
sys_enter_rt_sigaction
sys_enter_rt_sigaction
sys_enter_rt_sigaction
sys_enter_rt_sigaction
sys_enter_rt_sigaction
sys_enter_rt_sigaction
sys_enter_rt_sigaction
sys_enter_rt_sigaction
sys_enter_rt_sigaction
sys_enter_rt_sigaction
sys_enter_rt_sigaction
sys_enter_rt_sigaction
sys_enter_rt_sigaction
sys_enter_rt_sigaction
sys_enter_rt_sigaction
sys_enter_rt_sigaction
sys_enter_rt_sigaction
sys_enter_rt_sigaction
sys_enter_rt_sigaction
sys_enter_rt_sigaction
sys_enter_rt_sigaction
sys_enter_rt_sigaction
sys_enter_rt_sigaction
sys_enter_rt_sigaction
sys_enter_rt_sigaction
sys_enter_rt_sigaction
sys_enter_rt_sigaction
sys_enter_rt_sigaction
sys_enter_rt_sigaction
sys_enter_rt_sigaction
sys_enter_rt_sigaction
sys_enter_rt_sigaction
sys_enter_rt_sigaction
sys_enter_rt_sigaction
sys_enter_rt_sigaction
sys_enter_rt_sigaction
sys_enter_rt_sigaction
sys_enter_rt_sigaction
sys_enter_rt_sigaction
sys_enter_rt_sigaction
sys_enter_rt_sigaction
sys_enter_rt_sigaction
sys_enter_rt_sigprocmask
sys_enter_clone
sys_enter_rt_sigprocmask
sys_enter_gettid
sys_enter_sigaltstack
sys_enter_sigaltstack
sys_enter_gettid
sys_enter_rt_sigprocmask
sys_enter_rt_sigprocmask
sys_enter_clone
sys_enter_rt_sigprocmask
sys_enter_gettid
sys_enter_sigaltstack
sys_enter_sigaltstack
sys_enter_gettid
sys_enter_rt_sigprocmask
sys_enter_rt_sigprocmask
sys_enter_clone
sys_enter_gettid
sys_enter_rt_sigprocmask
sys_enter_clone
sys_enter_sigaltstack
sys_enter_sigaltstack
sys_enter_gettid
sys_enter_rt_sigprocmask
sys_enter_futex
sys_enter_rt_sigprocmask
sys_enter_rt_sigprocmask
sys_enter_futex
sys_enter_futex
sys_enter_futex
sys_enter_gettid
sys_enter_sigaltstack
sys_enter_sigaltstack
sys_enter_gettid
sys_enter_rt_sigprocmask
sys_enter_futex
sys_enter_futex
sys_enter_mmap
sys_enter_futex
sys_enter_futex
sys_enter_futex
sys_enter_openat
sys_enter_read
sys_enter_read
sys_enter_close
sys_enter_socket
sys_enter_close
sys_enter_socket
sys_enter_setsockopt
sys_enter_bind
sys_enter_socket
sys_enter_setsockopt
sys_enter_bind
sys_enter_close
sys_enter_close
sys_enter_getpid
sys_enter_getppid
sys_enter_mmap
sys_enter_mmap
sys_enter_getppid
sys_enter_openat
sys_enter_pipe2
sys_enter_getpid
sys_enter_clone
sys_enter_setsid
sys_enter_close
sys_enter_read
sys_enter_chdir
sys_enter_execve
sys_enter_close
sys_enter_exit_group
sys_enter_mmap
sys_enter_mmap
sys_enter_mprotect
sys_enter_mmap
sys_enter_mmap
sys_enter_mprotect
sys_enter_mmap
sys_enter_mprotect
sys_enter_mmap
sys_enter_mprotect
sys_enter_mmap
sys_enter_mmap
sys_enter_close
sys_enter_munmap
sys_enter_sched_getaffinity
sys_enter_mmap
sys_enter_munmap
sys_enter_mmap
sys_enter_mmap
sys_enter_mmap
sys_enter_mmap
sys_enter_mmap
sys_enter_mmap
sys_enter_rt_sigprocmask
sys_enter_sigaltstack
sys_enter_sigaltstack
sys_enter_gettid
sys_enter_rt_sigprocmask
sys_enter_rt_sigaction
sys_enter_rt_sigaction
sys_enter_rt_sigaction
sys_enter_rt_sigaction
sys_enter_rt_sigaction
sys_enter_rt_sigaction
sys_enter_rt_sigaction
sys_enter_rt_sigaction
sys_enter_rt_sigaction
sys_enter_rt_sigaction
sys_enter_rt_sigaction
sys_enter_rt_sigaction
sys_enter_rt_sigaction
sys_enter_rt_sigaction
sys_enter_rt_sigaction
sys_enter_rt_sigaction
sys_enter_rt_sigaction
sys_enter_rt_sigaction
sys_enter_rt_sigaction
sys_enter_rt_sigaction
sys_enter_rt_sigaction
sys_enter_rt_sigaction
sys_enter_rt_sigaction
sys_enter_rt_sigaction
sys_enter_rt_sigaction
sys_enter_rt_sigaction
sys_enter_rt_sigaction
sys_enter_rt_sigaction
sys_enter_rt_sigaction
sys_enter_rt_sigaction
sys_enter_rt_sigaction
sys_enter_rt_sigaction
sys_enter_rt_sigaction
sys_enter_rt_sigaction
sys_enter_rt_sigaction
sys_enter_rt_sigaction
sys_enter_rt_sigaction
sys_enter_rt_sigaction
sys_enter_rt_sigaction
sys_enter_rt_sigaction
sys_enter_rt_sigaction
sys_enter_rt_sigaction
sys_enter_rt_sigaction
sys_enter_rt_sigaction
sys_enter_rt_sigaction
sys_enter_rt_sigaction
sys_enter_rt_sigaction
sys_enter_rt_sigaction
sys_enter_rt_sigaction
sys_enter_rt_sigaction
sys_enter_rt_sigaction
sys_enter_rt_sigaction
sys_enter_rt_sigaction
sys_enter_rt_sigaction
sys_enter_rt_sigaction
sys_enter_rt_sigaction
sys_enter_rt_sigaction
sys_enter_rt_sigaction
sys_enter_rt_sigaction
sys_enter_rt_sigaction
sys_enter_rt_sigaction
sys_enter_rt_sigaction
sys_enter_rt_sigaction
sys_enter_rt_sigaction
sys_enter_rt_sigaction
sys_enter_rt_sigaction
sys_enter_rt_sigaction
sys_enter_rt_sigaction
sys_enter_rt_sigaction
sys_enter_rt_sigaction
sys_enter_rt_sigaction
sys_enter_rt_sigaction
sys_enter_rt_sigaction
sys_enter_rt_sigaction
sys_enter_rt_sigaction
sys_enter_rt_sigaction
sys_enter_rt_sigaction
sys_enter_rt_sigaction
sys_enter_rt_sigaction
sys_enter_rt_sigaction
sys_enter_rt_sigaction
sys_enter_rt_sigaction
sys_enter_rt_sigaction
sys_enter_rt_sigaction
sys_enter_rt_sigaction
sys_enter_rt_sigaction
sys_enter_rt_sigaction
sys_enter_rt_sigaction
sys_enter_rt_sigaction
sys_enter_rt_sigaction
sys_enter_rt_sigaction
sys_enter_rt_sigaction
sys_enter_rt_sigaction
sys_enter_rt_sigaction
sys_enter_rt_sigaction
sys_enter_rt_sigaction
sys_enter_rt_sigaction
sys_enter_rt_sigaction
sys_enter_rt_sigaction
sys_enter_rt_sigaction
sys_enter_rt_sigaction
sys_enter_rt_sigaction
sys_enter_rt_sigaction
sys_enter_rt_sigaction
sys_enter_rt_sigaction
sys_enter_rt_sigaction
sys_enter_rt_sigaction
sys_enter_rt_sigaction
sys_enter_rt_sigaction
sys_enter_rt_sigaction
sys_enter_rt_sigaction
sys_enter_rt_sigaction
sys_enter_rt_sigaction
sys_enter_rt_sigaction
sys_enter_rt_sigprocmask
sys_enter_clone
sys_enter_rt_sigprocmask
sys_enter_gettid
sys_enter_sigaltstack
sys_enter_sigaltstack
sys_enter_gettid
sys_enter_rt_sigprocmask
sys_enter_rt_sigprocmask
sys_enter_clone
sys_enter_rt_sigprocmask
sys_enter_gettid
sys_enter_sigaltstack
sys_enter_sigaltstack
sys_enter_gettid
sys_enter_rt_sigprocmask
sys_enter_clone
sys_enter_rt_sigprocmask
sys_enter_rt_sigprocmask
sys_enter_futex
sys_enter_gettid
sys_enter_rt_sigprocmask
sys_enter_clone
sys_enter_sigaltstack
sys_enter_sigaltstack
sys_enter_gettid
sys_enter_rt_sigprocmask
sys_enter_futex
sys_enter_rt_sigprocmask
sys_enter_gettid
sys_enter_futex
sys_enter_futex
sys_enter_mmap
sys_enter_openat
sys_enter_read
sys_enter_read
sys_enter_close
sys_enter_socket
sys_enter_close
sys_enter_socket
sys_enter_setsockopt
sys_enter_bind
sys_enter_socket
sys_enter_setsockopt
sys_enter_bind
sys_enter_close
sys_enter_sigaltstack
sys_enter_sigaltstack
sys_enter_gettid
sys_enter_rt_sigprocmask
sys_enter_close
sys_enter_futex
sys_enter_futex
sys_enter_futex
sys_enter_getpid
sys_enter_getppid
sys_enter_mmap
sys_enter_mmap
sys_enter_getppid
sys_enter_openat
sys_enter_pipe2
sys_enter_getpid
sys_enter_clone
sys_enter_setsid
sys_enter_close
sys_enter_read
sys_enter_chdir
sys_enter_execve
sys_enter_close
sys_enter_exit_group
sys_enter_mmap
sys_enter_mmap
sys_enter_mprotect
sys_enter_mmap
sys_enter_mmap
sys_enter_mprotect
sys_enter_mmap
sys_enter_mprotect
sys_enter_mmap
sys_enter_mprotect
sys_enter_mmap
sys_enter_mmap
sys_enter_close
sys_enter_munmap
sys_enter_sched_getaffinity
sys_enter_mmap
sys_enter_munmap
sys_enter_mmap
sys_enter_mmap
sys_enter_mmap
sys_enter_mmap
sys_enter_mmap
sys_enter_mmap
sys_enter_rt_sigprocmask
sys_enter_sigaltstack
sys_enter_sigaltstack
sys_enter_gettid
sys_enter_rt_sigprocmask
sys_enter_rt_sigaction
sys_enter_rt_sigaction
sys_enter_rt_sigaction
sys_enter_rt_sigaction
sys_enter_rt_sigaction
sys_enter_rt_sigaction
sys_enter_rt_sigaction
sys_enter_rt_sigaction
sys_enter_rt_sigaction
sys_enter_rt_sigaction
sys_enter_rt_sigaction
sys_enter_rt_sigaction
sys_enter_rt_sigaction
sys_enter_rt_sigaction
sys_enter_rt_sigaction
sys_enter_rt_sigaction
sys_enter_rt_sigaction
sys_enter_rt_sigaction
sys_enter_rt_sigaction
sys_enter_rt_sigaction
sys_enter_rt_sigaction
sys_enter_rt_sigaction
sys_enter_rt_sigaction
sys_enter_rt_sigaction
sys_enter_rt_sigaction
sys_enter_rt_sigaction
sys_enter_rt_sigaction
sys_enter_rt_sigaction
sys_enter_rt_sigaction
sys_enter_rt_sigaction
sys_enter_rt_sigaction
sys_enter_rt_sigaction
sys_enter_rt_sigaction
sys_enter_rt_sigaction
sys_enter_rt_sigaction
sys_enter_rt_sigaction
sys_enter_rt_sigaction
sys_enter_rt_sigaction
sys_enter_rt_sigaction
sys_enter_rt_sigaction
sys_enter_rt_sigaction
sys_enter_rt_sigaction
sys_enter_rt_sigaction
sys_enter_rt_sigaction
sys_enter_rt_sigaction
sys_enter_rt_sigaction
sys_enter_rt_sigaction
sys_enter_rt_sigaction
sys_enter_rt_sigaction
sys_enter_rt_sigaction
sys_enter_rt_sigaction
sys_enter_rt_sigaction
sys_enter_rt_sigaction
sys_enter_rt_sigaction
sys_enter_rt_sigaction
sys_enter_rt_sigaction
sys_enter_rt_sigaction
sys_enter_rt_sigaction
sys_enter_rt_sigaction
sys_enter_rt_sigaction
sys_enter_rt_sigaction
sys_enter_rt_sigaction
sys_enter_rt_sigaction
sys_enter_rt_sigaction
sys_enter_rt_sigaction
sys_enter_rt_sigaction
sys_enter_rt_sigaction
sys_enter_rt_sigaction
sys_enter_rt_sigaction
sys_enter_rt_sigaction
sys_enter_rt_sigaction
sys_enter_rt_sigaction
sys_enter_rt_sigaction
sys_enter_rt_sigaction
sys_enter_rt_sigaction
sys_enter_rt_sigaction
sys_enter_rt_sigaction
sys_enter_rt_sigaction
sys_enter_rt_sigaction
sys_enter_rt_sigaction
sys_enter_rt_sigaction
sys_enter_rt_sigaction
sys_enter_rt_sigaction
sys_enter_rt_sigaction
sys_enter_rt_sigaction
sys_enter_rt_sigaction
sys_enter_rt_sigaction
sys_enter_rt_sigaction
sys_enter_rt_sigaction
sys_enter_rt_sigaction
sys_enter_rt_sigaction
sys_enter_rt_sigaction
sys_enter_rt_sigaction
sys_enter_rt_sigaction
sys_enter_rt_sigaction
sys_enter_rt_sigaction
sys_enter_rt_sigaction
sys_enter_rt_sigaction
sys_enter_rt_sigaction
sys_enter_rt_sigaction
sys_enter_rt_sigaction
sys_enter_rt_sigaction
sys_enter_rt_sigaction
sys_enter_rt_sigaction
sys_enter_rt_sigaction
sys_enter_rt_sigaction
sys_enter_rt_sigaction
sys_enter_rt_sigaction
sys_enter_rt_sigaction
sys_enter_rt_sigaction
sys_enter_rt_sigaction
sys_enter_rt_sigaction
sys_enter_rt_sigaction
sys_enter_rt_sigaction
sys_enter_rt_sigprocmask
sys_enter_clone
sys_enter_rt_sigprocmask
sys_enter_gettid
sys_enter_sigaltstack
sys_enter_sigaltstack
sys_enter_gettid
sys_enter_rt_sigprocmask
sys_enter_rt_sigprocmask
sys_enter_clone
sys_enter_rt_sigprocmask
sys_enter_gettid
sys_enter_sigaltstack
sys_enter_sigaltstack
sys_enter_rt_sigprocmask
sys_enter_clone
sys_enter_gettid
sys_enter_rt_sigprocmask
sys_enter_rt_sigprocmask
sys_enter_sched_yield
sys_enter_gettid
sys_enter_futex
sys_enter_sigaltstack
sys_enter_futex
sys_enter_sigaltstack
sys_enter_gettid
sys_enter_rt_sigprocmask
sys_enter_rt_sigprocmask
sys_enter_clone
sys_enter_futex
sys_enter_futex
sys_enter_rt_sigprocmask
sys_enter_futex
sys_enter_gettid
sys_enter_sigaltstack
sys_enter_sigaltstack
sys_enter_gettid
sys_enter_rt_sigprocmask
sys_enter_futex
sys_enter_futex
sys_enter_mmap
sys_enter_futex
sys_enter_futex
sys_enter_futex
sys_enter_openat
sys_enter_read
sys_enter_read
sys_enter_close
sys_enter_socket
sys_enter_close
sys_enter_socket
sys_enter_setsockopt
sys_enter_bind
sys_enter_socket
sys_enter_setsockopt
sys_enter_bind
sys_enter_close
sys_enter_close
sys_enter_getpid
sys_enter_getppid
sys_enter_mmap
sys_enter_mmap
sys_enter_getppid
sys_enter_openat
sys_enter_pipe2
sys_enter_getpid
sys_enter_clone
sys_enter_setsid
sys_enter_close
sys_enter_read
sys_enter_chdir
sys_enter_execve
sys_enter_close
sys_enter_exit_group
sys_enter_mmap
sys_enter_mmap
sys_enter_mprotect
sys_enter_mmap
sys_enter_mmap
sys_enter_mprotect
sys_enter_mmap
sys_enter_mprotect
sys_enter_mmap
sys_enter_mprotect
sys_enter_mmap
sys_enter_mmap
sys_enter_close
sys_enter_munmap
sys_enter_sched_getaffinity
sys_enter_mmap
sys_enter_munmap
sys_enter_mmap
sys_enter_mmap
sys_enter_mmap
sys_enter_mmap
sys_enter_mmap
sys_enter_mmap
sys_enter_rt_sigprocmask
sys_enter_sigaltstack
sys_enter_sigaltstack
sys_enter_gettid
sys_enter_rt_sigprocmask
sys_enter_rt_sigaction
sys_enter_rt_sigaction
sys_enter_rt_sigaction
sys_enter_rt_sigaction
sys_enter_rt_sigaction
sys_enter_rt_sigaction
sys_enter_rt_sigaction
sys_enter_rt_sigaction
sys_enter_rt_sigaction
sys_enter_rt_sigaction
sys_enter_rt_sigaction
sys_enter_rt_sigaction
sys_enter_rt_sigaction
sys_enter_rt_sigaction
sys_enter_rt_sigaction
sys_enter_rt_sigaction
sys_enter_rt_sigaction
sys_enter_rt_sigaction
sys_enter_rt_sigaction
sys_enter_rt_sigaction
sys_enter_rt_sigaction
sys_enter_rt_sigaction
sys_enter_rt_sigaction
sys_enter_rt_sigaction
sys_enter_rt_sigaction
sys_enter_rt_sigaction
sys_enter_rt_sigaction
sys_enter_rt_sigaction
sys_enter_rt_sigaction
sys_enter_rt_sigaction
sys_enter_rt_sigaction
sys_enter_rt_sigaction
sys_enter_rt_sigaction
sys_enter_rt_sigaction
sys_enter_rt_sigaction
sys_enter_rt_sigaction
sys_enter_rt_sigaction
sys_enter_rt_sigaction
sys_enter_rt_sigaction
sys_enter_rt_sigaction
sys_enter_rt_sigaction
sys_enter_rt_sigaction
sys_enter_rt_sigaction
sys_enter_rt_sigaction
sys_enter_rt_sigaction
sys_enter_rt_sigaction
sys_enter_rt_sigaction
sys_enter_rt_sigaction
sys_enter_rt_sigaction
sys_enter_rt_sigaction
sys_enter_rt_sigaction
sys_enter_rt_sigaction
sys_enter_rt_sigaction
sys_enter_rt_sigaction
sys_enter_rt_sigaction
sys_enter_rt_sigaction
sys_enter_rt_sigaction
sys_enter_rt_sigaction
sys_enter_rt_sigaction
sys_enter_rt_sigaction
sys_enter_rt_sigaction
sys_enter_rt_sigaction
sys_enter_rt_sigaction
sys_enter_rt_sigaction
sys_enter_rt_sigaction
sys_enter_rt_sigaction
sys_enter_rt_sigaction
sys_enter_rt_sigaction
sys_enter_rt_sigaction
sys_enter_rt_sigaction
sys_enter_rt_sigaction
sys_enter_rt_sigaction
sys_enter_rt_sigaction
sys_enter_rt_sigaction
sys_enter_rt_sigaction
sys_enter_rt_sigaction
sys_enter_rt_sigaction
sys_enter_rt_sigaction
sys_enter_rt_sigaction
sys_enter_rt_sigaction
sys_enter_rt_sigaction
sys_enter_rt_sigaction
sys_enter_rt_sigaction
sys_enter_rt_sigaction
sys_enter_rt_sigaction
sys_enter_rt_sigaction
sys_enter_rt_sigaction
sys_enter_rt_sigaction
sys_enter_rt_sigaction
sys_enter_rt_sigaction
sys_enter_rt_sigaction
sys_enter_rt_sigaction
sys_enter_rt_sigaction
sys_enter_rt_sigaction
sys_enter_rt_sigaction
sys_enter_rt_sigaction
sys_enter_rt_sigaction
sys_enter_rt_sigaction
sys_enter_rt_sigaction
sys_enter_rt_sigaction
sys_enter_rt_sigaction
sys_enter_rt_sigaction
sys_enter_rt_sigaction
sys_enter_rt_sigaction
sys_enter_rt_sigaction
sys_enter_rt_sigaction
sys_enter_rt_sigaction
sys_enter_rt_sigaction
sys_enter_rt_sigaction
sys_enter_rt_sigaction
sys_enter_rt_sigaction
sys_enter_rt_sigaction
sys_enter_rt_sigaction
sys_enter_rt_sigaction
sys_enter_rt_sigprocmask
sys_enter_clone
sys_enter_rt_sigprocmask
sys_enter_gettid
sys_enter_sigaltstack
sys_enter_sigaltstack
sys_enter_gettid
sys_enter_rt_sigprocmask
sys_enter_rt_sigprocmask
sys_enter_clone
sys_enter_rt_sigprocmask
sys_enter_gettid
sys_enter_sigaltstack
sys_enter_sigaltstack
sys_enter_rt_sigprocmask
sys_enter_clone
sys_enter_gettid
sys_enter_rt_sigprocmask
sys_enter_rt_sigprocmask
sys_enter_rt_sigprocmask
sys_enter_clone
sys_enter_futex
sys_enter_gettid
sys_enter_sigaltstack
sys_enter_sigaltstack
sys_enter_gettid
sys_enter_rt_sigprocmask
sys_enter_futex
sys_enter_futex
sys_enter_rt_sigprocmask
sys_enter_futex
sys_enter_gettid
sys_enter_sigaltstack
sys_enter_sigaltstack
sys_enter_gettid
sys_enter_rt_sigprocmask
sys_enter_futex
sys_enter_futex
sys_enter_mmap
sys_enter_futex
sys_enter_futex
sys_enter_futex
sys_enter_openat
sys_enter_read
sys_enter_read
sys_enter_close
sys_enter_socket
sys_enter_close
sys_enter_socket
sys_enter_setsockopt
sys_enter_bind
sys_enter_socket
sys_enter_setsockopt
sys_enter_bind
sys_enter_close
sys_enter_close
sys_enter_getpid
sys_enter_getppid
sys_enter_mmap
sys_enter_mmap
sys_enter_getppid
sys_enter_openat
sys_enter_pipe2
sys_enter_getpid
sys_enter_clone
sys_enter_setsid
sys_enter_close
sys_enter_read
sys_enter_chdir
sys_enter_execve
sys_enter_close
sys_enter_exit_group
sys_enter_mmap
sys_enter_mmap
sys_enter_mprotect
sys_enter_mmap
sys_enter_mmap
sys_enter_mprotect
sys_enter_mmap
sys_enter_mprotect
sys_enter_mmap
sys_enter_mprotect
sys_enter_mmap
sys_enter_mmap
sys_enter_close
sys_enter_munmap
sys_enter_sched_getaffinity
sys_enter_mmap
sys_enter_munmap
sys_enter_mmap
sys_enter_mmap
sys_enter_mmap
sys_enter_mmap
sys_enter_mmap
sys_enter_mmap
sys_enter_rt_sigprocmask
sys_enter_sigaltstack
sys_enter_sigaltstack
sys_enter_gettid
sys_enter_rt_sigprocmask
sys_enter_rt_sigaction
sys_enter_rt_sigaction
sys_enter_rt_sigaction
sys_enter_rt_sigaction
sys_enter_rt_sigaction
sys_enter_rt_sigaction
sys_enter_rt_sigaction
sys_enter_rt_sigaction
sys_enter_rt_sigaction
sys_enter_rt_sigaction
sys_enter_rt_sigaction
sys_enter_rt_sigaction
sys_enter_rt_sigaction
sys_enter_rt_sigaction
sys_enter_rt_sigaction
sys_enter_rt_sigaction
sys_enter_rt_sigaction
sys_enter_rt_sigaction
sys_enter_rt_sigaction
sys_enter_rt_sigaction
sys_enter_rt_sigaction
sys_enter_rt_sigaction
sys_enter_rt_sigaction
sys_enter_rt_sigaction
sys_enter_rt_sigaction
sys_enter_rt_sigaction
sys_enter_rt_sigaction
sys_enter_rt_sigaction
sys_enter_rt_sigaction
sys_enter_rt_sigaction
sys_enter_rt_sigaction
sys_enter_rt_sigaction
sys_enter_rt_sigaction
sys_enter_rt_sigaction
sys_enter_rt_sigaction
sys_enter_rt_sigaction
sys_enter_rt_sigaction
sys_enter_rt_sigaction
sys_enter_rt_sigaction
sys_enter_rt_sigaction
sys_enter_rt_sigaction
sys_enter_rt_sigaction
sys_enter_rt_sigaction
sys_enter_rt_sigaction
sys_enter_rt_sigaction
sys_enter_rt_sigaction
sys_enter_rt_sigaction
sys_enter_rt_sigaction
sys_enter_rt_sigaction
sys_enter_rt_sigaction
sys_enter_rt_sigaction
sys_enter_rt_sigaction
sys_enter_rt_sigaction
sys_enter_rt_sigaction
sys_enter_rt_sigaction
sys_enter_rt_sigaction
sys_enter_rt_sigaction
sys_enter_rt_sigaction
sys_enter_rt_sigaction
sys_enter_rt_sigaction
sys_enter_rt_sigaction
sys_enter_rt_sigaction
sys_enter_rt_sigaction
sys_enter_rt_sigaction
sys_enter_rt_sigaction
sys_enter_rt_sigaction
sys_enter_rt_sigaction
sys_enter_rt_sigaction
sys_enter_rt_sigaction
sys_enter_rt_sigaction
sys_enter_rt_sigaction
sys_enter_rt_sigaction
sys_enter_rt_sigaction
sys_enter_rt_sigaction
sys_enter_rt_sigaction
sys_enter_rt_sigaction
sys_enter_rt_sigaction
sys_enter_rt_sigaction
sys_enter_rt_sigaction
sys_enter_rt_sigaction
sys_enter_rt_sigaction
sys_enter_rt_sigaction
sys_enter_rt_sigaction
sys_enter_rt_sigaction
sys_enter_rt_sigaction
sys_enter_rt_sigaction
sys_enter_rt_sigaction
sys_enter_rt_sigaction
sys_enter_rt_sigaction
sys_enter_rt_sigaction
sys_enter_rt_sigaction
sys_enter_rt_sigaction
sys_enter_rt_sigaction
sys_enter_rt_sigaction
sys_enter_rt_sigaction
sys_enter_rt_sigaction
sys_enter_rt_sigaction
sys_enter_rt_sigaction
sys_enter_rt_sigaction
sys_enter_rt_sigaction
sys_enter_rt_sigaction
sys_enter_rt_sigaction
sys_enter_rt_sigaction
sys_enter_rt_sigaction
sys_enter_rt_sigaction
sys_enter_rt_sigaction
sys_enter_rt_sigaction
sys_enter_rt_sigaction
sys_enter_rt_sigaction
sys_enter_rt_sigaction
sys_enter_rt_sigaction
sys_enter_rt_sigaction
sys_enter_rt_sigaction
sys_enter_rt_sigaction
sys_enter_rt_sigprocmask
sys_enter_clone
sys_enter_rt_sigprocmask
sys_enter_gettid
sys_enter_sigaltstack
sys_enter_sigaltstack
sys_enter_gettid
sys_enter_rt_sigprocmask
sys_enter_rt_sigprocmask
sys_enter_clone
sys_enter_rt_sigprocmask
sys_enter_gettid
sys_enter_sigaltstack
sys_enter_sigaltstack
sys_enter_gettid
sys_enter_rt_sigprocmask
sys_enter_clone
sys_enter_rt_sigprocmask
sys_enter_rt_sigprocmask
sys_enter_futex
sys_enter_gettid
sys_enter_sigaltstack
sys_enter_sigaltstack
sys_enter_gettid
sys_enter_rt_sigprocmask
sys_enter_sched_yield
sys_enter_futex
sys_enter_futex
sys_enter_futex
sys_enter_futex
sys_enter_futex
sys_enter_rt_sigprocmask
sys_enter_clone
sys_enter_rt_sigprocmask
sys_enter_futex
sys_enter_gettid
sys_enter_sigaltstack
sys_enter_sigaltstack
sys_enter_gettid
sys_enter_rt_sigprocmask
sys_enter_futex
sys_enter_futex
sys_enter_mmap
sys_enter_futex
sys_enter_futex
sys_enter_futex
sys_enter_openat
sys_enter_read
sys_enter_read
sys_enter_close
sys_enter_socket
sys_enter_close
sys_enter_socket
sys_enter_setsockopt
sys_enter_bind
sys_enter_socket
sys_enter_setsockopt
sys_enter_bind
sys_enter_close
sys_enter_close
sys_enter_getpid
sys_enter_getppid
sys_enter_mmap
sys_enter_mmap
sys_enter_getppid
sys_enter_openat
sys_enter_pipe2
sys_enter_getpid
sys_enter_clone
sys_enter_setsid
sys_enter_close
sys_enter_read
sys_enter_chdir
sys_enter_execve
sys_enter_close
sys_enter_exit_group
sys_enter_mmap
sys_enter_mmap
sys_enter_mprotect
sys_enter_mmap
sys_enter_mmap
sys_enter_mprotect
sys_enter_mmap
sys_enter_mprotect
sys_enter_mmap
sys_enter_mprotect
sys_enter_mmap
sys_enter_mmap
sys_enter_close
sys_enter_munmap
sys_enter_sched_getaffinity
sys_enter_mmap
sys_enter_munmap
sys_enter_mmap
sys_enter_mmap
sys_enter_mmap
sys_enter_mmap
sys_enter_mmap
sys_enter_mmap
sys_enter_rt_sigprocmask
sys_enter_sigaltstack
sys_enter_sigaltstack
sys_enter_gettid
sys_enter_rt_sigprocmask
sys_enter_rt_sigaction
sys_enter_rt_sigaction
sys_enter_rt_sigaction
sys_enter_rt_sigaction
sys_enter_rt_sigaction
sys_enter_rt_sigaction
sys_enter_rt_sigaction
sys_enter_rt_sigaction
sys_enter_rt_sigaction
sys_enter_rt_sigaction
sys_enter_rt_sigaction
sys_enter_rt_sigaction
sys_enter_rt_sigaction
sys_enter_rt_sigaction
sys_enter_rt_sigaction
sys_enter_rt_sigaction
sys_enter_rt_sigaction
sys_enter_rt_sigaction
sys_enter_rt_sigaction
sys_enter_rt_sigaction
sys_enter_rt_sigaction
sys_enter_rt_sigaction
sys_enter_rt_sigaction
sys_enter_rt_sigaction
sys_enter_rt_sigaction
sys_enter_rt_sigaction
sys_enter_rt_sigaction
sys_enter_rt_sigaction
sys_enter_rt_sigaction
sys_enter_rt_sigaction
sys_enter_rt_sigaction
sys_enter_rt_sigaction
sys_enter_rt_sigaction
sys_enter_rt_sigaction
sys_enter_rt_sigaction
sys_enter_rt_sigaction
sys_enter_rt_sigaction
sys_enter_rt_sigaction
sys_enter_rt_sigaction
sys_enter_rt_sigaction
sys_enter_rt_sigaction
sys_enter_rt_sigaction
sys_enter_rt_sigaction
sys_enter_rt_sigaction
sys_enter_rt_sigaction
sys_enter_rt_sigaction
sys_enter_rt_sigaction
sys_enter_rt_sigaction
sys_enter_rt_sigaction
sys_enter_rt_sigaction
sys_enter_rt_sigaction
sys_enter_rt_sigaction
sys_enter_rt_sigaction
sys_enter_rt_sigaction
sys_enter_rt_sigaction
sys_enter_rt_sigaction
sys_enter_rt_sigaction
sys_enter_rt_sigaction
sys_enter_rt_sigaction
sys_enter_rt_sigaction
sys_enter_rt_sigaction
sys_enter_rt_sigaction
sys_enter_rt_sigaction
sys_enter_rt_sigaction
sys_enter_rt_sigaction
sys_enter_rt_sigaction
sys_enter_rt_sigaction
sys_enter_rt_sigaction
sys_enter_rt_sigaction
sys_enter_rt_sigaction
sys_enter_rt_sigaction
sys_enter_rt_sigaction
sys_enter_rt_sigaction
sys_enter_rt_sigaction
sys_enter_rt_sigaction
sys_enter_rt_sigaction
sys_enter_rt_sigaction
sys_enter_rt_sigaction
sys_enter_rt_sigaction
sys_enter_rt_sigaction
sys_enter_rt_sigaction
sys_enter_rt_sigaction
sys_enter_rt_sigaction
sys_enter_rt_sigaction
sys_enter_rt_sigaction
sys_enter_rt_sigaction
sys_enter_rt_sigaction
sys_enter_rt_sigaction
sys_enter_rt_sigaction
sys_enter_rt_sigaction
sys_enter_rt_sigaction
sys_enter_rt_sigaction
sys_enter_rt_sigaction
sys_enter_rt_sigaction
sys_enter_rt_sigaction
sys_enter_rt_sigaction
sys_enter_rt_sigaction
sys_enter_rt_sigaction
sys_enter_rt_sigaction
sys_enter_rt_sigaction
sys_enter_rt_sigaction
sys_enter_rt_sigaction
sys_enter_rt_sigaction
sys_enter_rt_sigaction
sys_enter_rt_sigaction
sys_enter_rt_sigaction
sys_enter_rt_sigaction
sys_enter_rt_sigaction
sys_enter_rt_sigaction
sys_enter_rt_sigaction
sys_enter_rt_sigaction
sys_enter_rt_sigaction
sys_enter_rt_sigaction
sys_enter_rt_sigaction
sys_enter_rt_sigprocmask
sys_enter_clone
sys_enter_rt_sigprocmask
sys_enter_gettid
sys_enter_sigaltstack
sys_enter_sigaltstack
sys_enter_gettid
sys_enter_rt_sigprocmask
sys_enter_rt_sigprocmask
sys_enter_clone
sys_enter_rt_sigprocmask
sys_enter_gettid
sys_enter_sigaltstack
sys_enter_sigaltstack
sys_enter_gettid
sys_enter_rt_sigprocmask
sys_enter_rt_sigprocmask
sys_enter_clone
sys_enter_rt_sigprocmask
sys_enter_clone
sys_enter_rt_sigprocmask
sys_enter_rt_sigprocmask
sys_enter_futex
sys_enter_gettid
sys_enter_sigaltstack
sys_enter_sigaltstack
sys_enter_gettid
sys_enter_rt_sigprocmask
sys_enter_gettid
sys_enter_futex
sys_enter_futex
sys_enter_sigaltstack
sys_enter_sigaltstack
sys_enter_gettid
sys_enter_rt_sigprocmask
sys_enter_futex
sys_enter_futex
sys_enter_futex
sys_enter_mmap
sys_enter_futex
sys_enter_futex
sys_enter_futex
sys_enter_openat
sys_enter_read
sys_enter_read
sys_enter_close
sys_enter_socket
sys_enter_close
sys_enter_socket
sys_enter_setsockopt
sys_enter_bind
sys_enter_socket
sys_enter_setsockopt
sys_enter_bind
sys_enter_close
sys_enter_close
sys_enter_getpid
sys_enter_getppid
sys_enter_mmap
sys_enter_mmap
sys_enter_getppid
sys_enter_openat
sys_enter_pipe2
sys_enter_getpid
sys_enter_clone
sys_enter_setsid
sys_enter_close
sys_enter_read
sys_enter_chdir
sys_enter_execve
sys_enter_close
sys_enter_exit_group
sys_enter_mmap
sys_enter_mmap
sys_enter_mprotect
sys_enter_mmap
sys_enter_mmap
sys_enter_mprotect
sys_enter_mmap
sys_enter_mprotect
sys_enter_mmap
sys_enter_mprotect
sys_enter_mmap
sys_enter_mmap
sys_enter_close
sys_enter_munmap
sys_enter_sched_getaffinity
sys_enter_mmap
sys_enter_munmap
sys_enter_mmap
sys_enter_mmap
sys_enter_mmap
sys_enter_mmap
sys_enter_mmap
sys_enter_mmap
sys_enter_rt_sigprocmask
sys_enter_sigaltstack
sys_enter_sigaltstack
sys_enter_gettid
sys_enter_rt_sigprocmask
sys_enter_rt_sigaction
sys_enter_rt_sigaction
sys_enter_rt_sigaction
sys_enter_rt_sigaction
sys_enter_rt_sigaction
sys_enter_rt_sigaction
sys_enter_rt_sigaction
sys_enter_rt_sigaction
sys_enter_rt_sigaction
sys_enter_rt_sigaction
sys_enter_rt_sigaction
sys_enter_rt_sigaction
sys_enter_rt_sigaction
sys_enter_rt_sigaction
sys_enter_rt_sigaction
sys_enter_rt_sigaction
sys_enter_rt_sigaction
sys_enter_rt_sigaction
sys_enter_rt_sigaction
sys_enter_rt_sigaction
sys_enter_rt_sigaction
sys_enter_rt_sigaction
sys_enter_rt_sigaction
sys_enter_rt_sigaction
sys_enter_rt_sigaction
sys_enter_rt_sigaction
sys_enter_rt_sigaction
sys_enter_rt_sigaction
sys_enter_rt_sigaction
sys_enter_rt_sigaction
sys_enter_rt_sigaction
sys_enter_rt_sigaction
sys_enter_rt_sigaction
sys_enter_rt_sigaction
sys_enter_rt_sigaction
sys_enter_rt_sigaction
sys_enter_rt_sigaction
sys_enter_rt_sigaction
sys_enter_rt_sigaction
sys_enter_rt_sigaction
sys_enter_rt_sigaction
sys_enter_rt_sigaction
sys_enter_rt_sigaction
sys_enter_rt_sigaction
sys_enter_rt_sigaction
sys_enter_rt_sigaction
sys_enter_rt_sigaction
sys_enter_rt_sigaction
sys_enter_rt_sigaction
sys_enter_rt_sigaction
sys_enter_rt_sigaction
sys_enter_rt_sigaction
sys_enter_rt_sigaction
sys_enter_rt_sigaction
sys_enter_rt_sigaction
sys_enter_rt_sigaction
sys_enter_rt_sigaction
sys_enter_rt_sigaction
sys_enter_rt_sigaction
sys_enter_rt_sigaction
sys_enter_rt_sigaction
sys_enter_rt_sigaction
sys_enter_rt_sigaction
sys_enter_rt_sigaction
sys_enter_rt_sigaction
sys_enter_rt_sigaction
sys_enter_rt_sigaction
sys_enter_rt_sigaction
sys_enter_rt_sigaction
sys_enter_rt_sigaction
sys_enter_rt_sigaction
sys_enter_rt_sigaction
sys_enter_rt_sigaction
sys_enter_rt_sigaction
sys_enter_rt_sigaction
sys_enter_rt_sigaction
sys_enter_rt_sigaction
sys_enter_rt_sigaction
sys_enter_rt_sigaction
sys_enter_rt_sigaction
sys_enter_rt_sigaction
sys_enter_rt_sigaction
sys_enter_rt_sigaction
sys_enter_rt_sigaction
sys_enter_rt_sigaction
sys_enter_rt_sigaction
sys_enter_rt_sigaction
sys_enter_rt_sigaction
sys_enter_rt_sigaction
sys_enter_rt_sigaction
sys_enter_rt_sigaction
sys_enter_rt_sigaction
sys_enter_rt_sigaction
sys_enter_rt_sigaction
sys_enter_rt_sigaction
sys_enter_rt_sigaction
sys_enter_rt_sigaction
sys_enter_rt_sigaction
sys_enter_rt_sigaction
sys_enter_rt_sigaction
sys_enter_rt_sigaction
sys_enter_rt_sigaction
sys_enter_rt_sigaction
sys_enter_rt_sigaction
sys_enter_rt_sigaction
sys_enter_rt_sigaction
sys_enter_rt_sigaction
sys_enter_rt_sigaction
sys_enter_rt_sigaction
sys_enter_rt_sigaction
sys_enter_rt_sigaction
sys_enter_rt_sigaction
sys_enter_rt_sigaction
sys_enter_rt_sigaction
sys_enter_rt_sigprocmask
sys_enter_clone
sys_enter_rt_sigprocmask
sys_enter_gettid
sys_enter_sigaltstack
sys_enter_sigaltstack
sys_enter_gettid
sys_enter_rt_sigprocmask
sys_enter_rt_sigprocmask
sys_enter_clone
sys_enter_rt_sigprocmask
sys_enter_gettid
sys_enter_sigaltstack
sys_enter_sigaltstack
sys_enter_gettid
sys_enter_rt_sigprocmask
sys_enter_rt_sigprocmask
sys_enter_clone
sys_enter_rt_sigprocmask
sys_enter_futex
sys_enter_rt_sigprocmask
sys_enter_clone
sys_enter_rt_sigprocmask
sys_enter_gettid
sys_enter_sigaltstack
sys_enter_sigaltstack
sys_enter_gettid
sys_enter_rt_sigprocmask
sys_enter_futex
sys_enter_futex
sys_enter_gettid
sys_enter_futex
sys_enter_sigaltstack
sys_enter_sigaltstack
sys_enter_gettid
sys_enter_rt_sigprocmask
sys_enter_futex
sys_enter_futex
sys_enter_mmap
sys_enter_futex
sys_enter_futex
sys_enter_futex
sys_enter_openat
sys_enter_read
sys_enter_read
sys_enter_close
sys_enter_socket
sys_enter_close
sys_enter_socket
sys_enter_setsockopt
sys_enter_bind
sys_enter_socket
sys_enter_setsockopt
sys_enter_bind
sys_enter_close
sys_enter_close
sys_enter_getpid
sys_enter_getppid
sys_enter_mmap
sys_enter_mmap
sys_enter_getppid
sys_enter_openat
sys_enter_pipe2
sys_enter_getpid
sys_enter_clone
sys_enter_setsid
sys_enter_chdir
sys_enter_execve
sys_enter_close
sys_enter_read
sys_enter_close
sys_enter_exit_group
sys_enter_mmap
sys_enter_mmap
sys_enter_mprotect
sys_enter_mmap
sys_enter_mmap
sys_enter_mprotect
sys_enter_mmap
sys_enter_mprotect
sys_enter_mmap
sys_enter_mprotect
sys_enter_mmap
sys_enter_mmap
sys_enter_close
sys_enter_munmap
sys_enter_sched_getaffinity
sys_enter_mmap
sys_enter_munmap
sys_enter_mmap
sys_enter_mmap
sys_enter_mmap
sys_enter_mmap
sys_enter_mmap
sys_enter_mmap
sys_enter_rt_sigprocmask
sys_enter_sigaltstack
sys_enter_sigaltstack
sys_enter_gettid
sys_enter_rt_sigprocmask
sys_enter_rt_sigaction
sys_enter_rt_sigaction
sys_enter_rt_sigaction
sys_enter_rt_sigaction
sys_enter_rt_sigaction
sys_enter_rt_sigaction
sys_enter_rt_sigaction
sys_enter_rt_sigaction
sys_enter_rt_sigaction
sys_enter_rt_sigaction
sys_enter_rt_sigaction
sys_enter_rt_sigaction
sys_enter_rt_sigaction
sys_enter_rt_sigaction
sys_enter_rt_sigaction
sys_enter_rt_sigaction
sys_enter_rt_sigaction
sys_enter_rt_sigaction
sys_enter_rt_sigaction
sys_enter_rt_sigaction
sys_enter_rt_sigaction
sys_enter_rt_sigaction
sys_enter_rt_sigaction
sys_enter_rt_sigaction
sys_enter_rt_sigaction
sys_enter_rt_sigaction
sys_enter_rt_sigaction
sys_enter_rt_sigaction
sys_enter_rt_sigaction
sys_enter_rt_sigaction
sys_enter_rt_sigaction
sys_enter_rt_sigaction
sys_enter_rt_sigaction
sys_enter_rt_sigaction
sys_enter_rt_sigaction
sys_enter_rt_sigaction
sys_enter_rt_sigaction
sys_enter_rt_sigaction
sys_enter_rt_sigaction
sys_enter_rt_sigaction
sys_enter_rt_sigaction
sys_enter_rt_sigaction
sys_enter_rt_sigaction
sys_enter_rt_sigaction
sys_enter_rt_sigaction
sys_enter_rt_sigaction
sys_enter_rt_sigaction
sys_enter_rt_sigaction
sys_enter_rt_sigaction
sys_enter_rt_sigaction
sys_enter_rt_sigaction
sys_enter_rt_sigaction
sys_enter_rt_sigaction
sys_enter_rt_sigaction
sys_enter_rt_sigaction
sys_enter_rt_sigaction
sys_enter_rt_sigaction
sys_enter_rt_sigaction
sys_enter_rt_sigaction
sys_enter_rt_sigaction
sys_enter_rt_sigaction
sys_enter_rt_sigaction
sys_enter_rt_sigaction
sys_enter_rt_sigaction
sys_enter_rt_sigaction
sys_enter_rt_sigaction
sys_enter_rt_sigaction
sys_enter_rt_sigaction
sys_enter_rt_sigaction
sys_enter_rt_sigaction
sys_enter_rt_sigaction
sys_enter_rt_sigaction
sys_enter_rt_sigaction
sys_enter_rt_sigaction
sys_enter_rt_sigaction
sys_enter_rt_sigaction
sys_enter_rt_sigaction
sys_enter_rt_sigaction
sys_enter_rt_sigaction
sys_enter_rt_sigaction
sys_enter_rt_sigaction
sys_enter_rt_sigaction
sys_enter_rt_sigaction
sys_enter_rt_sigaction
sys_enter_rt_sigaction
sys_enter_rt_sigaction
sys_enter_rt_sigaction
sys_enter_rt_sigaction
sys_enter_rt_sigaction
sys_enter_rt_sigaction
sys_enter_rt_sigaction
sys_enter_rt_sigaction
sys_enter_rt_sigaction
sys_enter_rt_sigaction
sys_enter_rt_sigaction
sys_enter_rt_sigaction
sys_enter_rt_sigaction
sys_enter_rt_sigaction
sys_enter_rt_sigaction
sys_enter_rt_sigaction
sys_enter_rt_sigaction
sys_enter_rt_sigaction
sys_enter_rt_sigaction
sys_enter_rt_sigaction
sys_enter_rt_sigaction
sys_enter_rt_sigaction
sys_enter_rt_sigaction
sys_enter_rt_sigaction
sys_enter_rt_sigaction
sys_enter_rt_sigaction
sys_enter_rt_sigaction
sys_enter_rt_sigaction
sys_enter_rt_sigaction
sys_enter_rt_sigaction
sys_enter_rt_sigprocmask
sys_enter_clone
sys_enter_rt_sigprocmask
sys_enter_gettid
sys_enter_sigaltstack
sys_enter_sigaltstack
sys_enter_gettid
sys_enter_rt_sigprocmask
sys_enter_rt_sigprocmask
sys_enter_clone
sys_enter_rt_sigprocmask
sys_enter_gettid
sys_enter_sigaltstack
sys_enter_sigaltstack
sys_enter_rt_sigprocmask
sys_enter_clone
sys_enter_gettid
sys_enter_rt_sigprocmask
sys_enter_rt_sigprocmask
sys_enter_sched_yield
sys_enter_gettid
sys_enter_futex
sys_enter_sigaltstack
sys_enter_sigaltstack
sys_enter_gettid
sys_enter_rt_sigprocmask
sys_enter_futex
sys_enter_rt_sigprocmask
sys_enter_clone
sys_enter_futex
sys_enter_futex
sys_enter_rt_sigprocmask
sys_enter_futex
sys_enter_gettid
sys_enter_sigaltstack
sys_enter_sigaltstack
sys_enter_gettid
sys_enter_rt_sigprocmask
sys_enter_futex
sys_enter_futex
sys_enter_mmap
sys_enter_futex
sys_enter_futex
sys_enter_futex
sys_enter_openat
sys_enter_read
sys_enter_read
sys_enter_close
sys_enter_socket
sys_enter_close
sys_enter_socket
sys_enter_setsockopt
sys_enter_bind
sys_enter_socket
sys_enter_setsockopt
sys_enter_bind
sys_enter_close
sys_enter_close
sys_enter_getpid
sys_enter_getppid
sys_enter_mmap
sys_enter_mmap
sys_enter_getppid
sys_enter_openat
sys_enter_pipe2
sys_enter_getpid
sys_enter_clone
sys_enter_setsid
sys_enter_close
sys_enter_read
sys_enter_chdir
sys_enter_execve
sys_enter_close
sys_enter_exit_group
sys_enter_mmap
sys_enter_mmap
sys_enter_mprotect
sys_enter_mmap
sys_enter_mmap
sys_enter_mprotect
sys_enter_mmap
sys_enter_mprotect
sys_enter_mmap
sys_enter_mprotect
sys_enter_mmap
sys_enter_mmap
sys_enter_close
sys_enter_munmap
sys_enter_sched_getaffinity
sys_enter_mmap
sys_enter_munmap
sys_enter_mmap
sys_enter_mmap
sys_enter_mmap
sys_enter_mmap
sys_enter_mmap
sys_enter_mmap
sys_enter_rt_sigprocmask
sys_enter_sigaltstack
sys_enter_sigaltstack
sys_enter_gettid
sys_enter_rt_sigprocmask
sys_enter_rt_sigaction
sys_enter_rt_sigaction
sys_enter_rt_sigaction
sys_enter_rt_sigaction
sys_enter_rt_sigaction
sys_enter_rt_sigaction
sys_enter_rt_sigaction
sys_enter_rt_sigaction
sys_enter_rt_sigaction
sys_enter_rt_sigaction
sys_enter_rt_sigaction
sys_enter_rt_sigaction
sys_enter_rt_sigaction
sys_enter_rt_sigaction
sys_enter_rt_sigaction
sys_enter_rt_sigaction
sys_enter_rt_sigaction
sys_enter_rt_sigaction
sys_enter_rt_sigaction
sys_enter_rt_sigaction
sys_enter_rt_sigaction
sys_enter_rt_sigaction
sys_enter_rt_sigaction
sys_enter_rt_sigaction
sys_enter_rt_sigaction
sys_enter_rt_sigaction
sys_enter_rt_sigaction
sys_enter_rt_sigaction
sys_enter_rt_sigaction
sys_enter_rt_sigaction
sys_enter_rt_sigaction
sys_enter_rt_sigaction
sys_enter_rt_sigaction
sys_enter_rt_sigaction
sys_enter_rt_sigaction
sys_enter_rt_sigaction
sys_enter_rt_sigaction
sys_enter_rt_sigaction
sys_enter_rt_sigaction
sys_enter_rt_sigaction
sys_enter_rt_sigaction
sys_enter_rt_sigaction
sys_enter_rt_sigaction
sys_enter_rt_sigaction
sys_enter_rt_sigaction
sys_enter_rt_sigaction
sys_enter_rt_sigaction
sys_enter_rt_sigaction
sys_enter_rt_sigaction
sys_enter_rt_sigaction
sys_enter_rt_sigaction
sys_enter_rt_sigaction
sys_enter_rt_sigaction
sys_enter_rt_sigaction
sys_enter_rt_sigaction
sys_enter_rt_sigaction
sys_enter_rt_sigaction
sys_enter_rt_sigaction
sys_enter_rt_sigaction
sys_enter_rt_sigaction
sys_enter_rt_sigaction
sys_enter_rt_sigaction
sys_enter_rt_sigaction
sys_enter_rt_sigaction
sys_enter_rt_sigaction
sys_enter_rt_sigaction
sys_enter_rt_sigaction
sys_enter_rt_sigaction
sys_enter_rt_sigaction
sys_enter_rt_sigaction
sys_enter_rt_sigaction
sys_enter_rt_sigaction
sys_enter_rt_sigaction
sys_enter_rt_sigaction
sys_enter_rt_sigaction
sys_enter_rt_sigaction
sys_enter_rt_sigaction
sys_enter_rt_sigaction
sys_enter_rt_sigaction
sys_enter_rt_sigaction
sys_enter_rt_sigaction
sys_enter_rt_sigaction
sys_enter_rt_sigaction
sys_enter_rt_sigaction
sys_enter_rt_sigaction
sys_enter_rt_sigaction
sys_enter_rt_sigaction
sys_enter_rt_sigaction
sys_enter_rt_sigaction
sys_enter_rt_sigaction
sys_enter_rt_sigaction
sys_enter_rt_sigaction
sys_enter_rt_sigaction
sys_enter_rt_sigaction
sys_enter_rt_sigaction
sys_enter_rt_sigaction
sys_enter_rt_sigaction
sys_enter_rt_sigaction
sys_enter_rt_sigaction
sys_enter_rt_sigaction
sys_enter_rt_sigaction
sys_enter_rt_sigaction
sys_enter_rt_sigaction
sys_enter_rt_sigaction
sys_enter_rt_sigaction
sys_enter_rt_sigaction
sys_enter_rt_sigaction
sys_enter_rt_sigaction
sys_enter_rt_sigaction
sys_enter_rt_sigaction
sys_enter_rt_sigaction
sys_enter_rt_sigaction
sys_enter_rt_sigaction
sys_enter_rt_sigaction
sys_enter_rt_sigprocmask
sys_enter_clone
sys_enter_rt_sigprocmask
sys_enter_gettid
sys_enter_sigaltstack
sys_enter_sigaltstack
sys_enter_gettid
sys_enter_rt_sigprocmask
sys_enter_rt_sigprocmask
sys_enter_clone
sys_enter_rt_sigprocmask
sys_enter_gettid
sys_enter_sigaltstack
sys_enter_sigaltstack
sys_enter_gettid
sys_enter_rt_sigprocmask
sys_enter_rt_sigprocmask
sys_enter_clone
sys_enter_rt_sigprocmask
sys_enter_futex
sys_enter_rt_sigprocmask
sys_enter_clone
sys_enter_gettid
sys_enter_gettid
sys_enter_sigaltstack
sys_enter_rt_sigprocmask
sys_enter_futex
sys_enter_sigaltstack
sys_enter_sigaltstack
sys_enter_gettid
sys_enter_rt_sigprocmask
sys_enter_futex
sys_enter_futex
sys_enter_sigaltstack
sys_enter_gettid
sys_enter_rt_sigprocmask
sys_enter_futex
sys_enter_futex
sys_enter_mmap
sys_enter_futex
sys_enter_futex
sys_enter_futex
sys_enter_openat
sys_enter_read
sys_enter_read
sys_enter_close
sys_enter_socket
sys_enter_close
sys_enter_socket
sys_enter_setsockopt
sys_enter_bind
sys_enter_socket
sys_enter_setsockopt
sys_enter_bind
sys_enter_close
sys_enter_close
sys_enter_getpid
sys_enter_getppid
sys_enter_mmap
sys_enter_mmap
sys_enter_getppid
sys_enter_openat
sys_enter_pipe2
sys_enter_getpid
sys_enter_clone
sys_enter_setsid
sys_enter_close
sys_enter_read
sys_enter_chdir
sys_enter_execve
sys_enter_close
sys_enter_exit_group
sys_enter_mmap
sys_enter_mmap
sys_enter_mprotect
sys_enter_mmap
sys_enter_mmap
sys_enter_mprotect
sys_enter_mmap
sys_enter_mprotect
sys_enter_mmap
sys_enter_mprotect
sys_enter_mmap
sys_enter_mmap
sys_enter_close
sys_enter_munmap
sys_enter_sched_getaffinity
sys_enter_mmap
sys_enter_munmap
sys_enter_mmap
sys_enter_mmap
sys_enter_mmap
sys_enter_mmap
sys_enter_mmap
sys_enter_mmap
sys_enter_rt_sigprocmask
sys_enter_sigaltstack
sys_enter_sigaltstack
sys_enter_gettid
sys_enter_rt_sigprocmask
sys_enter_rt_sigaction
sys_enter_rt_sigaction
sys_enter_rt_sigaction
sys_enter_rt_sigaction
sys_enter_rt_sigaction
sys_enter_rt_sigaction
sys_enter_rt_sigaction
sys_enter_rt_sigaction
sys_enter_rt_sigaction
sys_enter_rt_sigaction
sys_enter_rt_sigaction
sys_enter_rt_sigaction
sys_enter_rt_sigaction
sys_enter_rt_sigaction
sys_enter_rt_sigaction
sys_enter_rt_sigaction
sys_enter_rt_sigaction
sys_enter_rt_sigaction
sys_enter_rt_sigaction
sys_enter_rt_sigaction
sys_enter_rt_sigaction
sys_enter_rt_sigaction
sys_enter_rt_sigaction
sys_enter_rt_sigaction
sys_enter_rt_sigaction
sys_enter_rt_sigaction
sys_enter_rt_sigaction
sys_enter_rt_sigaction
sys_enter_rt_sigaction
sys_enter_rt_sigaction
sys_enter_rt_sigaction
sys_enter_rt_sigaction
sys_enter_rt_sigaction
sys_enter_rt_sigaction
sys_enter_rt_sigaction
sys_enter_rt_sigaction
sys_enter_rt_sigaction
sys_enter_rt_sigaction
sys_enter_rt_sigaction
sys_enter_rt_sigaction
sys_enter_rt_sigaction
sys_enter_rt_sigaction
sys_enter_rt_sigaction
sys_enter_rt_sigaction
sys_enter_rt_sigaction
sys_enter_rt_sigaction
sys_enter_rt_sigaction
sys_enter_rt_sigaction
sys_enter_rt_sigaction
sys_enter_rt_sigaction
sys_enter_rt_sigaction
sys_enter_rt_sigaction
sys_enter_rt_sigaction
sys_enter_rt_sigaction
sys_enter_rt_sigaction
sys_enter_rt_sigaction
sys_enter_rt_sigaction
sys_enter_rt_sigaction
sys_enter_rt_sigaction
sys_enter_rt_sigaction
sys_enter_rt_sigaction
sys_enter_rt_sigaction
sys_enter_rt_sigaction
sys_enter_rt_sigaction
sys_enter_rt_sigaction
sys_enter_rt_sigaction
sys_enter_rt_sigaction
sys_enter_rt_sigaction
sys_enter_rt_sigaction
sys_enter_rt_sigaction
sys_enter_rt_sigaction
sys_enter_rt_sigaction
sys_enter_rt_sigaction
sys_enter_rt_sigaction
sys_enter_rt_sigaction
sys_enter_rt_sigaction
sys_enter_rt_sigaction
sys_enter_rt_sigaction
sys_enter_rt_sigaction
sys_enter_rt_sigaction
sys_enter_rt_sigaction
sys_enter_rt_sigaction
sys_enter_rt_sigaction
sys_enter_rt_sigaction
sys_enter_rt_sigaction
sys_enter_rt_sigaction
sys_enter_rt_sigaction
sys_enter_rt_sigaction
sys_enter_rt_sigaction
sys_enter_rt_sigaction
sys_enter_rt_sigaction
sys_enter_rt_sigaction
sys_enter_rt_sigaction
sys_enter_rt_sigaction
sys_enter_rt_sigaction
sys_enter_rt_sigaction
sys_enter_rt_sigaction
sys_enter_rt_sigaction
sys_enter_rt_sigaction
sys_enter_rt_sigaction
sys_enter_rt_sigaction
sys_enter_rt_sigaction
sys_enter_rt_sigaction
sys_enter_rt_sigaction
sys_enter_rt_sigaction
sys_enter_rt_sigaction
sys_enter_rt_sigaction
sys_enter_rt_sigaction
sys_enter_rt_sigaction
sys_enter_rt_sigaction
sys_enter_rt_sigaction
sys_enter_rt_sigaction
sys_enter_rt_sigaction
sys_enter_rt_sigaction
sys_enter_rt_sigprocmask
sys_enter_clone
sys_enter_rt_sigprocmask
sys_enter_rt_sigprocmask
sys_enter_clone
sys_enter_rt_sigprocmask
sys_enter_rt_sigprocmask
sys_enter_clone
sys_enter_rt_sigprocmask
sys_enter_sched_yield
sys_enter_futex
sys_enter_futex
sys_enter_gettid
sys_enter_sigaltstack
sys_enter_sigaltstack
sys_enter_gettid
sys_enter_rt_sigprocmask
sys_enter_futex
sys_enter_futex
sys_enter_futex
sys_enter_gettid
sys_enter_sigaltstack
sys_enter_sigaltstack
sys_enter_gettid
sys_enter_rt_sigprocmask
sys_enter_gettid
sys_enter_sigaltstack
sys_enter_sigaltstack
sys_enter_gettid
sys_enter_rt_sigprocmask
sys_enter_rt_sigprocmask
sys_enter_clone
sys_enter_rt_sigprocmask
sys_enter_futex
sys_enter_mmap
sys_enter_gettid
sys_enter_sigaltstack
sys_enter_sigaltstack
sys_enter_gettid
sys_enter_rt_sigprocmask
sys_enter_futex
sys_enter_futex
sys_enter_futex
sys_enter_futex
sys_enter_openat
sys_enter_read
sys_enter_read
sys_enter_close
sys_enter_socket
sys_enter_close
sys_enter_socket
sys_enter_setsockopt
sys_enter_bind
sys_enter_socket
sys_enter_setsockopt
sys_enter_bind
sys_enter_close
sys_enter_close
sys_enter_getpid
sys_enter_getppid
sys_enter_mmap
sys_enter_mmap
sys_enter_getppid
sys_enter_openat
sys_enter_pipe2
sys_enter_getpid
sys_enter_clone
sys_enter_setsid
sys_enter_close
sys_enter_read
sys_enter_chdir
sys_enter_execve
sys_enter_close
sys_enter_exit_group
sys_enter_mmap
sys_enter_mmap
sys_enter_mprotect
sys_enter_mmap
sys_enter_mmap
sys_enter_mprotect
sys_enter_mmap
sys_enter_mprotect
sys_enter_mmap
sys_enter_mprotect
sys_enter_mmap
sys_enter_mmap
sys_enter_close
sys_enter_munmap
sys_enter_sched_getaffinity
sys_enter_mmap
sys_enter_munmap
sys_enter_mmap
sys_enter_mmap
sys_enter_mmap
sys_enter_mmap
sys_enter_mmap
sys_enter_mmap
sys_enter_rt_sigprocmask
sys_enter_sigaltstack
sys_enter_sigaltstack
sys_enter_gettid
sys_enter_rt_sigprocmask
sys_enter_rt_sigaction
sys_enter_rt_sigaction
sys_enter_rt_sigaction
sys_enter_rt_sigaction
sys_enter_rt_sigaction
sys_enter_rt_sigaction
sys_enter_rt_sigaction
sys_enter_rt_sigaction
sys_enter_rt_sigaction
sys_enter_rt_sigaction
sys_enter_rt_sigaction
sys_enter_rt_sigaction
sys_enter_rt_sigaction
sys_enter_rt_sigaction
sys_enter_rt_sigaction
sys_enter_rt_sigaction
sys_enter_rt_sigaction
sys_enter_rt_sigaction
sys_enter_rt_sigaction
sys_enter_rt_sigaction
sys_enter_rt_sigaction
sys_enter_rt_sigaction
sys_enter_rt_sigaction
sys_enter_rt_sigaction
sys_enter_rt_sigaction
sys_enter_rt_sigaction
sys_enter_rt_sigaction
sys_enter_rt_sigaction
sys_enter_rt_sigaction
sys_enter_rt_sigaction
sys_enter_rt_sigaction
sys_enter_rt_sigaction
sys_enter_rt_sigaction
sys_enter_rt_sigaction
sys_enter_rt_sigaction
sys_enter_rt_sigaction
sys_enter_rt_sigaction
sys_enter_rt_sigaction
sys_enter_rt_sigaction
sys_enter_rt_sigaction
sys_enter_rt_sigaction
sys_enter_rt_sigaction
sys_enter_rt_sigaction
sys_enter_rt_sigaction
sys_enter_rt_sigaction
sys_enter_rt_sigaction
sys_enter_rt_sigaction
sys_enter_rt_sigaction
sys_enter_rt_sigaction
sys_enter_rt_sigaction
sys_enter_rt_sigaction
sys_enter_rt_sigaction
sys_enter_rt_sigaction
sys_enter_rt_sigaction
sys_enter_rt_sigaction
sys_enter_rt_sigaction
sys_enter_rt_sigaction
sys_enter_rt_sigaction
sys_enter_rt_sigaction
sys_enter_rt_sigaction
sys_enter_rt_sigaction
sys_enter_rt_sigaction
sys_enter_rt_sigaction
sys_enter_rt_sigaction
sys_enter_rt_sigaction
sys_enter_rt_sigaction
sys_enter_rt_sigaction
sys_enter_rt_sigaction
sys_enter_rt_sigaction
sys_enter_rt_sigaction
sys_enter_rt_sigaction
sys_enter_rt_sigaction
sys_enter_rt_sigaction
sys_enter_rt_sigaction
sys_enter_rt_sigaction
sys_enter_rt_sigaction
sys_enter_rt_sigaction
sys_enter_rt_sigaction
sys_enter_rt_sigaction
sys_enter_rt_sigaction
sys_enter_rt_sigaction
sys_enter_rt_sigaction
sys_enter_rt_sigaction
sys_enter_rt_sigaction
sys_enter_rt_sigaction
sys_enter_rt_sigaction
sys_enter_rt_sigaction
sys_enter_rt_sigaction
sys_enter_rt_sigaction
sys_enter_rt_sigaction
sys_enter_rt_sigaction
sys_enter_rt_sigaction
sys_enter_rt_sigaction
sys_enter_rt_sigaction
sys_enter_rt_sigaction
sys_enter_rt_sigaction
sys_enter_rt_sigaction
sys_enter_rt_sigaction
sys_enter_rt_sigaction
sys_enter_rt_sigaction
sys_enter_rt_sigaction
sys_enter_rt_sigaction
sys_enter_rt_sigaction
sys_enter_rt_sigaction
sys_enter_rt_sigaction
sys_enter_rt_sigaction
sys_enter_rt_sigaction
sys_enter_rt_sigaction
sys_enter_rt_sigaction
sys_enter_rt_sigaction
sys_enter_rt_sigaction
sys_enter_rt_sigaction
sys_enter_rt_sigaction
sys_enter_rt_sigaction
sys_enter_rt_sigprocmask
sys_enter_clone
sys_enter_rt_sigprocmask
sys_enter_gettid
sys_enter_sigaltstack
sys_enter_sigaltstack
sys_enter_gettid
sys_enter_rt_sigprocmask
sys_enter_rt_sigprocmask
sys_enter_clone
sys_enter_rt_sigprocmask
sys_enter_gettid
sys_enter_sigaltstack
sys_enter_sigaltstack
sys_enter_gettid
sys_enter_rt_sigprocmask
sys_enter_rt_sigprocmask
sys_enter_clone
sys_enter_sched_yield
sys_enter_futex
sys_enter_rt_sigprocmask
sys_enter_futex
sys_enter_gettid
sys_enter_sigaltstack
sys_enter_sigaltstack
sys_enter_gettid
sys_enter_rt_sigprocmask
sys_enter_rt_sigprocmask
sys_enter_clone
sys_enter_futex
sys_enter_rt_sigprocmask
sys_enter_futex
sys_enter_gettid
sys_enter_sigaltstack
sys_enter_sigaltstack
sys_enter_gettid
sys_enter_rt_sigprocmask
sys_enter_futex
sys_enter_futex
sys_enter_mmap
sys_enter_futex
sys_enter_futex
sys_enter_futex
sys_enter_futex
sys_enter_openat
sys_enter_futex
sys_enter_futex
sys_enter_read
sys_enter_read
sys_enter_close
sys_enter_socket
sys_enter_close
sys_enter_socket
sys_enter_setsockopt
sys_enter_bind
sys_enter_socket
sys_enter_setsockopt
sys_enter_bind
sys_enter_close
sys_enter_close
sys_enter_mmap
sys_enter_getpid
sys_enter_getppid
sys_enter_mmap
sys_enter_mmap
sys_enter_mmap
sys_enter_getppid
sys_enter_openat
sys_enter_pipe2
sys_enter_getpid
sys_enter_clone
sys_enter_setsid
sys_enter_close
sys_enter_read
sys_enter_chdir
sys_enter_execve
sys_enter_close
sys_enter_exit_group
sys_enter_mmap
sys_enter_mmap
sys_enter_mprotect
sys_enter_mmap
sys_enter_mmap
sys_enter_mprotect
sys_enter_mmap
sys_enter_mprotect
sys_enter_mmap
sys_enter_mprotect
sys_enter_mmap
sys_enter_mmap
sys_enter_close
sys_enter_munmap
sys_enter_sched_getaffinity
sys_enter_mmap
sys_enter_munmap
sys_enter_mmap
sys_enter_mmap
sys_enter_mmap
sys_enter_mmap
sys_enter_mmap
sys_enter_mmap
sys_enter_rt_sigprocmask
sys_enter_sigaltstack
sys_enter_sigaltstack
sys_enter_gettid
sys_enter_rt_sigprocmask
sys_enter_rt_sigaction
sys_enter_rt_sigaction
sys_enter_rt_sigaction
sys_enter_rt_sigaction
sys_enter_rt_sigaction
sys_enter_rt_sigaction
sys_enter_rt_sigaction
sys_enter_rt_sigaction
sys_enter_rt_sigaction
sys_enter_rt_sigaction
sys_enter_rt_sigaction
sys_enter_rt_sigaction
sys_enter_rt_sigaction
sys_enter_rt_sigaction
sys_enter_rt_sigaction
sys_enter_rt_sigaction
sys_enter_rt_sigaction
sys_enter_rt_sigaction
sys_enter_rt_sigaction
sys_enter_rt_sigaction
sys_enter_rt_sigaction
sys_enter_rt_sigaction
sys_enter_rt_sigaction
sys_enter_rt_sigaction
sys_enter_rt_sigaction
sys_enter_rt_sigaction
sys_enter_rt_sigaction
sys_enter_rt_sigaction
sys_enter_rt_sigaction
sys_enter_rt_sigaction
sys_enter_rt_sigaction
sys_enter_rt_sigaction
sys_enter_rt_sigaction
sys_enter_rt_sigaction
sys_enter_rt_sigaction
sys_enter_rt_sigaction
sys_enter_rt_sigaction
sys_enter_rt_sigaction
sys_enter_rt_sigaction
sys_enter_rt_sigaction
sys_enter_rt_sigaction
sys_enter_rt_sigaction
sys_enter_rt_sigaction
sys_enter_rt_sigaction
sys_enter_rt_sigaction
sys_enter_rt_sigaction
sys_enter_rt_sigaction
sys_enter_rt_sigaction
sys_enter_rt_sigaction
sys_enter_rt_sigaction
sys_enter_rt_sigaction
sys_enter_rt_sigaction
sys_enter_rt_sigaction
sys_enter_rt_sigaction
sys_enter_rt_sigaction
sys_enter_rt_sigaction
sys_enter_rt_sigaction
sys_enter_rt_sigaction
sys_enter_rt_sigaction
sys_enter_rt_sigaction
sys_enter_rt_sigaction
sys_enter_rt_sigaction
sys_enter_rt_sigaction
sys_enter_rt_sigaction
sys_enter_rt_sigaction
sys_enter_rt_sigaction
sys_enter_rt_sigaction
sys_enter_rt_sigaction
sys_enter_rt_sigaction
sys_enter_rt_sigaction
sys_enter_rt_sigaction
sys_enter_rt_sigaction
sys_enter_rt_sigaction
sys_enter_rt_sigaction
sys_enter_rt_sigaction
sys_enter_rt_sigaction
sys_enter_rt_sigaction
sys_enter_rt_sigaction
sys_enter_rt_sigaction
sys_enter_rt_sigaction
sys_enter_rt_sigaction
sys_enter_rt_sigaction
sys_enter_rt_sigaction
sys_enter_rt_sigaction
sys_enter_rt_sigaction
sys_enter_rt_sigaction
sys_enter_rt_sigaction
sys_enter_rt_sigaction
sys_enter_rt_sigaction
sys_enter_rt_sigaction
sys_enter_rt_sigaction
sys_enter_rt_sigaction
sys_enter_rt_sigaction
sys_enter_rt_sigaction
sys_enter_rt_sigaction
sys_enter_rt_sigaction
sys_enter_rt_sigaction
sys_enter_rt_sigaction
sys_enter_rt_sigaction
sys_enter_rt_sigaction
sys_enter_rt_sigaction
sys_enter_rt_sigaction
sys_enter_rt_sigaction
sys_enter_rt_sigaction
sys_enter_rt_sigaction
sys_enter_rt_sigaction
sys_enter_rt_sigaction
sys_enter_rt_sigaction
sys_enter_rt_sigaction
sys_enter_rt_sigaction
sys_enter_rt_sigaction
sys_enter_rt_sigaction
sys_enter_rt_sigaction
sys_enter_rt_sigaction
sys_enter_rt_sigprocmask
sys_enter_clone
sys_enter_rt_sigprocmask
sys_enter_gettid
sys_enter_sigaltstack
sys_enter_sigaltstack
sys_enter_gettid
sys_enter_rt_sigprocmask
sys_enter_rt_sigprocmask
sys_enter_clone
sys_enter_rt_sigprocmask
sys_enter_gettid
sys_enter_sigaltstack
sys_enter_sigaltstack
sys_enter_gettid
sys_enter_rt_sigprocmask
sys_enter_rt_sigprocmask
sys_enter_clone
sys_enter_rt_sigprocmask
sys_enter_sched_yield
sys_enter_futex
sys_enter_futex
sys_enter_futex
sys_enter_gettid
sys_enter_sigaltstack
sys_enter_sigaltstack
sys_enter_gettid
sys_enter_rt_sigprocmask
sys_enter_futex
sys_enter_futex
sys_enter_futex
sys_enter_rt_sigprocmask
sys_enter_clone
sys_enter_rt_sigprocmask
sys_enter_futex
sys_enter_gettid
sys_enter_sigaltstack
sys_enter_sigaltstack
sys_enter_gettid
sys_enter_rt_sigprocmask
sys_enter_futex
sys_enter_futex
sys_enter_mmap
sys_enter_futex
sys_enter_futex
sys_enter_futex
sys_enter_openat
sys_enter_read
sys_enter_read
sys_enter_close
sys_enter_socket
sys_enter_close
sys_enter_socket
sys_enter_setsockopt
sys_enter_bind
sys_enter_socket
sys_enter_setsockopt
sys_enter_bind
sys_enter_close
sys_enter_close
sys_enter_getpid
sys_enter_getppid
sys_enter_mmap
sys_enter_mmap
sys_enter_getppid
sys_enter_openat
sys_enter_pipe2
sys_enter_getpid
sys_enter_clone
sys_enter_setsid
sys_enter_close
sys_enter_read
sys_enter_chdir
sys_enter_execve
sys_enter_close
sys_enter_exit_group
sys_enter_mmap
sys_enter_mmap
sys_enter_mprotect
sys_enter_mmap
sys_enter_mmap
sys_enter_mprotect
sys_enter_mmap
sys_enter_mprotect
sys_enter_mmap
sys_enter_mprotect
sys_enter_mmap
sys_enter_mmap
sys_enter_close
sys_enter_munmap
sys_enter_sched_getaffinity
sys_enter_mmap
sys_enter_munmap
sys_enter_mmap
sys_enter_mmap
sys_enter_mmap
sys_enter_mmap
sys_enter_mmap
sys_enter_mmap
sys_enter_rt_sigprocmask
sys_enter_sigaltstack
sys_enter_sigaltstack
sys_enter_gettid
sys_enter_rt_sigprocmask
sys_enter_rt_sigaction
sys_enter_rt_sigaction
sys_enter_rt_sigaction
sys_enter_rt_sigaction
sys_enter_rt_sigaction
sys_enter_rt_sigaction
sys_enter_rt_sigaction
sys_enter_rt_sigaction
sys_enter_rt_sigaction
sys_enter_rt_sigaction
sys_enter_rt_sigaction
sys_enter_rt_sigaction
sys_enter_rt_sigaction
sys_enter_rt_sigaction
sys_enter_rt_sigaction
sys_enter_rt_sigaction
sys_enter_rt_sigaction
sys_enter_rt_sigaction
sys_enter_rt_sigaction
sys_enter_rt_sigaction
sys_enter_rt_sigaction
sys_enter_rt_sigaction
sys_enter_rt_sigaction
sys_enter_rt_sigaction
sys_enter_rt_sigaction
sys_enter_rt_sigaction
sys_enter_rt_sigaction
sys_enter_rt_sigaction
sys_enter_rt_sigaction
sys_enter_rt_sigaction
sys_enter_rt_sigaction
sys_enter_rt_sigaction
sys_enter_rt_sigaction
sys_enter_rt_sigaction
sys_enter_rt_sigaction
sys_enter_rt_sigaction
sys_enter_rt_sigaction
sys_enter_rt_sigaction
sys_enter_rt_sigaction
sys_enter_rt_sigaction
sys_enter_rt_sigaction
sys_enter_rt_sigaction
sys_enter_rt_sigaction
sys_enter_rt_sigaction
sys_enter_rt_sigaction
sys_enter_rt_sigaction
sys_enter_rt_sigaction
sys_enter_rt_sigaction
sys_enter_rt_sigaction
sys_enter_rt_sigaction
sys_enter_rt_sigaction
sys_enter_rt_sigaction
sys_enter_rt_sigaction
sys_enter_rt_sigaction
sys_enter_rt_sigaction
sys_enter_rt_sigaction
sys_enter_rt_sigaction
sys_enter_rt_sigaction
sys_enter_rt_sigaction
sys_enter_rt_sigaction
sys_enter_rt_sigaction
sys_enter_rt_sigaction
sys_enter_rt_sigaction
sys_enter_rt_sigaction
sys_enter_rt_sigaction
sys_enter_rt_sigaction
sys_enter_rt_sigaction
sys_enter_rt_sigaction
sys_enter_rt_sigaction
sys_enter_rt_sigaction
sys_enter_rt_sigaction
sys_enter_rt_sigaction
sys_enter_rt_sigaction
sys_enter_rt_sigaction
sys_enter_rt_sigaction
sys_enter_rt_sigaction
sys_enter_rt_sigaction
sys_enter_rt_sigaction
sys_enter_rt_sigaction
sys_enter_rt_sigaction
sys_enter_rt_sigaction
sys_enter_rt_sigaction
sys_enter_rt_sigaction
sys_enter_rt_sigaction
sys_enter_rt_sigaction
sys_enter_rt_sigaction
sys_enter_rt_sigaction
sys_enter_rt_sigaction
sys_enter_rt_sigaction
sys_enter_rt_sigaction
sys_enter_rt_sigaction
sys_enter_rt_sigaction
sys_enter_rt_sigaction
sys_enter_rt_sigaction
sys_enter_rt_sigaction
sys_enter_rt_sigaction
sys_enter_rt_sigaction
sys_enter_rt_sigaction
sys_enter_rt_sigaction
sys_enter_rt_sigaction
sys_enter_rt_sigaction
sys_enter_rt_sigaction
sys_enter_rt_sigaction
sys_enter_rt_sigaction
sys_enter_rt_sigaction
sys_enter_rt_sigaction
sys_enter_rt_sigaction
sys_enter_rt_sigaction
sys_enter_rt_sigaction
sys_enter_rt_sigaction
sys_enter_rt_sigaction
sys_enter_rt_sigaction
sys_enter_rt_sigaction
sys_enter_rt_sigaction
sys_enter_rt_sigprocmask
sys_enter_clone
sys_enter_rt_sigprocmask
sys_enter_gettid
sys_enter_sigaltstack
sys_enter_sigaltstack
sys_enter_gettid
sys_enter_rt_sigprocmask
sys_enter_rt_sigprocmask
sys_enter_clone
sys_enter_rt_sigprocmask
sys_enter_gettid
sys_enter_sigaltstack
sys_enter_sigaltstack
sys_enter_gettid
sys_enter_rt_sigprocmask
sys_enter_rt_sigprocmask
sys_enter_clone
sys_enter_rt_sigprocmask
sys_enter_sched_yield
sys_enter_gettid
sys_enter_futex
sys_enter_futex
sys_enter_sigaltstack
sys_enter_sigaltstack
sys_enter_gettid
sys_enter_rt_sigprocmask
sys_enter_clone
sys_enter_rt_sigprocmask
sys_enter_futex
sys_enter_rt_sigprocmask
sys_enter_gettid
sys_enter_futex
sys_enter_futex
sys_enter_sigaltstack
sys_enter_sigaltstack
sys_enter_gettid
sys_enter_rt_sigprocmask
sys_enter_futex
sys_enter_futex
sys_enter_mmap
sys_enter_futex
sys_enter_futex
sys_enter_futex
sys_enter_openat
sys_enter_read
sys_enter_read
sys_enter_close
sys_enter_socket
sys_enter_close
sys_enter_socket
sys_enter_setsockopt
sys_enter_bind
sys_enter_socket
sys_enter_setsockopt
sys_enter_bind
sys_enter_close
sys_enter_close
sys_enter_getpid
sys_enter_getppid
sys_enter_mmap
sys_enter_mmap
sys_enter_getppid
sys_enter_openat
sys_enter_pipe2
sys_enter_getpid
sys_enter_clone
sys_enter_close
sys_enter_read
sys_enter_setsid
sys_enter_chdir
sys_enter_execve
sys_enter_close
sys_enter_exit_group
sys_enter_mmap
sys_enter_mmap
sys_enter_mprotect
sys_enter_mmap
sys_enter_mmap
sys_enter_mprotect
sys_enter_mmap
sys_enter_mprotect
sys_enter_mmap
sys_enter_mprotect
sys_enter_mmap
sys_enter_mmap
sys_enter_close
sys_enter_munmap
sys_enter_sched_getaffinity
sys_enter_mmap
sys_enter_munmap
sys_enter_mmap
sys_enter_mmap
sys_enter_mmap
sys_enter_mmap
sys_enter_mmap
sys_enter_mmap
sys_enter_rt_sigprocmask
sys_enter_sigaltstack
sys_enter_sigaltstack
sys_enter_gettid
sys_enter_rt_sigprocmask
sys_enter_rt_sigaction
sys_enter_rt_sigaction
sys_enter_rt_sigaction
sys_enter_rt_sigaction
sys_enter_rt_sigaction
sys_enter_rt_sigaction
sys_enter_rt_sigaction
sys_enter_rt_sigaction
sys_enter_rt_sigaction
sys_enter_rt_sigaction
sys_enter_rt_sigaction
sys_enter_rt_sigaction
sys_enter_rt_sigaction
sys_enter_rt_sigaction
sys_enter_rt_sigaction
sys_enter_rt_sigaction
sys_enter_rt_sigaction
sys_enter_rt_sigaction
sys_enter_rt_sigaction
sys_enter_rt_sigaction
sys_enter_rt_sigaction
sys_enter_rt_sigaction
sys_enter_rt_sigaction
sys_enter_rt_sigaction
sys_enter_rt_sigaction
sys_enter_rt_sigaction
sys_enter_rt_sigaction
sys_enter_rt_sigaction
sys_enter_rt_sigaction
sys_enter_rt_sigaction
sys_enter_rt_sigaction
sys_enter_rt_sigaction
sys_enter_rt_sigaction
sys_enter_rt_sigaction
sys_enter_rt_sigaction
sys_enter_rt_sigaction
sys_enter_rt_sigaction
sys_enter_rt_sigaction
sys_enter_rt_sigaction
sys_enter_rt_sigaction
sys_enter_rt_sigaction
sys_enter_rt_sigaction
sys_enter_rt_sigaction
sys_enter_rt_sigaction
sys_enter_rt_sigaction
sys_enter_rt_sigaction
sys_enter_rt_sigaction
sys_enter_rt_sigaction
sys_enter_rt_sigaction
sys_enter_rt_sigaction
sys_enter_rt_sigaction
sys_enter_rt_sigaction
sys_enter_rt_sigaction
sys_enter_rt_sigaction
sys_enter_rt_sigaction
sys_enter_rt_sigaction
sys_enter_rt_sigaction
sys_enter_rt_sigaction
sys_enter_rt_sigaction
sys_enter_rt_sigaction
sys_enter_rt_sigaction
sys_enter_rt_sigaction
sys_enter_rt_sigaction
sys_enter_rt_sigaction
sys_enter_rt_sigaction
sys_enter_rt_sigaction
sys_enter_rt_sigaction
sys_enter_rt_sigaction
sys_enter_rt_sigaction
sys_enter_rt_sigaction
sys_enter_rt_sigaction
sys_enter_rt_sigaction
sys_enter_rt_sigaction
sys_enter_rt_sigaction
sys_enter_rt_sigaction
sys_enter_rt_sigaction
sys_enter_rt_sigaction
sys_enter_rt_sigaction
sys_enter_rt_sigaction
sys_enter_rt_sigaction
sys_enter_rt_sigaction
sys_enter_rt_sigaction
sys_enter_rt_sigaction
sys_enter_rt_sigaction
sys_enter_rt_sigaction
sys_enter_rt_sigaction
sys_enter_rt_sigaction
sys_enter_rt_sigaction
sys_enter_rt_sigaction
sys_enter_rt_sigaction
sys_enter_rt_sigaction
sys_enter_rt_sigaction
sys_enter_rt_sigaction
sys_enter_rt_sigaction
sys_enter_rt_sigaction
sys_enter_rt_sigaction
sys_enter_rt_sigaction
sys_enter_rt_sigaction
sys_enter_rt_sigaction
sys_enter_rt_sigaction
sys_enter_rt_sigaction
sys_enter_rt_sigaction
sys_enter_rt_sigaction
sys_enter_rt_sigaction
sys_enter_rt_sigaction
sys_enter_rt_sigaction
sys_enter_rt_sigaction
sys_enter_rt_sigaction
sys_enter_rt_sigaction
sys_enter_rt_sigaction
sys_enter_rt_sigaction
sys_enter_rt_sigaction
sys_enter_rt_sigaction
sys_enter_rt_sigaction
sys_enter_rt_sigprocmask
sys_enter_clone
sys_enter_rt_sigprocmask
sys_enter_gettid
sys_enter_sigaltstack
sys_enter_sigaltstack
sys_enter_gettid
sys_enter_rt_sigprocmask
sys_enter_rt_sigprocmask
sys_enter_clone
sys_enter_rt_sigprocmask
sys_enter_gettid
sys_enter_rt_sigprocmask
sys_enter_clone
sys_enter_sigaltstack
sys_enter_sigaltstack
sys_enter_gettid
sys_enter_rt_sigprocmask
sys_enter_rt_sigprocmask
sys_enter_futex
sys_enter_gettid
sys_enter_sigaltstack
sys_enter_sigaltstack
sys_enter_gettid
sys_enter_rt_sigprocmask
sys_enter_futex
sys_enter_futex
sys_enter_rt_sigprocmask
sys_enter_clone
sys_enter_rt_sigprocmask
sys_enter_futex
sys_enter_gettid
sys_enter_sigaltstack
sys_enter_sigaltstack
sys_enter_gettid
sys_enter_rt_sigprocmask
sys_enter_futex
sys_enter_futex
sys_enter_mmap
sys_enter_futex
sys_enter_futex
sys_enter_futex
sys_enter_openat
sys_enter_read
sys_enter_read
sys_enter_close
sys_enter_socket
sys_enter_close
sys_enter_socket
sys_enter_setsockopt
sys_enter_bind
sys_enter_socket
sys_enter_setsockopt
sys_enter_bind
sys_enter_close
sys_enter_close
sys_enter_getpid
sys_enter_getppid
sys_enter_mmap
sys_enter_mmap
sys_enter_getppid
sys_enter_openat
sys_enter_pipe2
sys_enter_getpid
sys_enter_clone
sys_enter_setsid
sys_enter_close
sys_enter_read
sys_enter_chdir
sys_enter_execve
sys_enter_close
sys_enter_exit_group
sys_enter_mmap
sys_enter_mmap
sys_enter_mprotect
sys_enter_mmap
sys_enter_mmap
sys_enter_mprotect
sys_enter_mmap
sys_enter_mprotect
sys_enter_mmap
sys_enter_mprotect
sys_enter_mmap
sys_enter_mmap
sys_enter_close
sys_enter_munmap
sys_enter_sched_getaffinity
sys_enter_mmap
sys_enter_munmap
sys_enter_mmap
sys_enter_mmap
sys_enter_mmap
sys_enter_mmap
sys_enter_mmap
sys_enter_mmap
sys_enter_rt_sigprocmask
sys_enter_sigaltstack
sys_enter_sigaltstack
sys_enter_gettid
sys_enter_rt_sigprocmask
sys_enter_rt_sigaction
sys_enter_rt_sigaction
sys_enter_rt_sigaction
sys_enter_rt_sigaction
sys_enter_rt_sigaction
sys_enter_rt_sigaction
sys_enter_rt_sigaction
sys_enter_rt_sigaction
sys_enter_rt_sigaction
sys_enter_rt_sigaction
sys_enter_rt_sigaction
sys_enter_rt_sigaction
sys_enter_rt_sigaction
sys_enter_rt_sigaction
sys_enter_rt_sigaction
sys_enter_rt_sigaction
sys_enter_rt_sigaction
sys_enter_rt_sigaction
sys_enter_rt_sigaction
sys_enter_rt_sigaction
sys_enter_rt_sigaction
sys_enter_rt_sigaction
sys_enter_rt_sigaction
sys_enter_rt_sigaction
sys_enter_rt_sigaction
sys_enter_rt_sigaction
sys_enter_rt_sigaction
sys_enter_rt_sigaction
sys_enter_rt_sigaction
sys_enter_rt_sigaction
sys_enter_rt_sigaction
sys_enter_rt_sigaction
sys_enter_rt_sigaction
sys_enter_rt_sigaction
sys_enter_rt_sigaction
sys_enter_rt_sigaction
sys_enter_rt_sigaction
sys_enter_rt_sigaction
sys_enter_rt_sigaction
sys_enter_rt_sigaction
sys_enter_rt_sigaction
sys_enter_rt_sigaction
sys_enter_rt_sigaction
sys_enter_rt_sigaction
sys_enter_rt_sigaction
sys_enter_rt_sigaction
sys_enter_rt_sigaction
sys_enter_rt_sigaction
sys_enter_rt_sigaction
sys_enter_rt_sigaction
sys_enter_rt_sigaction
sys_enter_rt_sigaction
sys_enter_rt_sigaction
sys_enter_rt_sigaction
sys_enter_rt_sigaction
sys_enter_rt_sigaction
sys_enter_rt_sigaction
sys_enter_rt_sigaction
sys_enter_rt_sigaction
sys_enter_rt_sigaction
sys_enter_rt_sigaction
sys_enter_rt_sigaction
sys_enter_rt_sigaction
sys_enter_rt_sigaction
sys_enter_rt_sigaction
sys_enter_rt_sigaction
sys_enter_rt_sigaction
sys_enter_rt_sigaction
sys_enter_rt_sigaction
sys_enter_rt_sigaction
sys_enter_rt_sigaction
sys_enter_rt_sigaction
sys_enter_rt_sigaction
sys_enter_rt_sigaction
sys_enter_rt_sigaction
sys_enter_rt_sigaction
sys_enter_rt_sigaction
sys_enter_rt_sigaction
sys_enter_rt_sigaction
sys_enter_rt_sigaction
sys_enter_rt_sigaction
sys_enter_rt_sigaction
sys_enter_rt_sigaction
sys_enter_rt_sigaction
sys_enter_rt_sigaction
sys_enter_rt_sigaction
sys_enter_rt_sigaction
sys_enter_rt_sigaction
sys_enter_rt_sigaction
sys_enter_rt_sigaction
sys_enter_rt_sigaction
sys_enter_rt_sigaction
sys_enter_rt_sigaction
sys_enter_rt_sigaction
sys_enter_rt_sigaction
sys_enter_rt_sigaction
sys_enter_rt_sigaction
sys_enter_rt_sigaction
sys_enter_rt_sigaction
sys_enter_rt_sigaction
sys_enter_rt_sigaction
sys_enter_rt_sigaction
sys_enter_rt_sigaction
sys_enter_rt_sigaction
sys_enter_rt_sigaction
sys_enter_rt_sigaction
sys_enter_rt_sigaction
sys_enter_rt_sigaction
sys_enter_rt_sigaction
sys_enter_rt_sigaction
sys_enter_rt_sigaction
sys_enter_rt_sigaction
sys_enter_rt_sigaction
sys_enter_rt_sigaction
sys_enter_rt_sigprocmask
sys_enter_clone
sys_enter_rt_sigprocmask
sys_enter_gettid
sys_enter_sigaltstack
sys_enter_sigaltstack
sys_enter_gettid
sys_enter_rt_sigprocmask
sys_enter_rt_sigprocmask
sys_enter_clone
sys_enter_rt_sigprocmask
sys_enter_gettid
sys_enter_sigaltstack
sys_enter_sigaltstack
sys_enter_gettid
sys_enter_rt_sigprocmask
sys_enter_rt_sigprocmask
sys_enter_clone
sys_enter_rt_sigprocmask
sys_enter_clone
sys_enter_rt_sigprocmask
sys_enter_futex
sys_enter_gettid
sys_enter_sigaltstack
sys_enter_sigaltstack
sys_enter_gettid
sys_enter_rt_sigprocmask
sys_enter_rt_sigprocmask
sys_enter_gettid
sys_enter_futex
sys_enter_futex
sys_enter_sigaltstack
sys_enter_sigaltstack
sys_enter_gettid
sys_enter_rt_sigprocmask
sys_enter_futex
sys_enter_futex
sys_enter_futex
sys_enter_mmap
sys_enter_futex
sys_enter_futex
sys_enter_futex
sys_enter_openat
sys_enter_read
sys_enter_read
sys_enter_close
sys_enter_socket
sys_enter_close
sys_enter_socket
sys_enter_setsockopt
sys_enter_bind
sys_enter_socket
sys_enter_setsockopt
sys_enter_bind
sys_enter_close
sys_enter_close
sys_enter_getpid
sys_enter_getppid
sys_enter_mmap
sys_enter_mmap
sys_enter_getppid
sys_enter_openat
sys_enter_pipe2
sys_enter_getpid
sys_enter_clone
sys_enter_setsid
sys_enter_close
sys_enter_read
sys_enter_chdir
sys_enter_execve
sys_enter_close
sys_enter_mmap
sys_enter_exit_group
sys_enter_mmap
sys_enter_mprotect
sys_enter_mmap
sys_enter_mmap
sys_enter_mprotect
sys_enter_mmap
sys_enter_mprotect
sys_enter_mmap
sys_enter_mprotect
sys_enter_mmap
sys_enter_mmap
sys_enter_close
sys_enter_munmap
sys_enter_sched_getaffinity
sys_enter_mmap
sys_enter_munmap
sys_enter_mmap
sys_enter_mmap
sys_enter_mmap
sys_enter_mmap
sys_enter_mmap
sys_enter_mmap
sys_enter_rt_sigprocmask
sys_enter_sigaltstack
sys_enter_sigaltstack
sys_enter_gettid
sys_enter_rt_sigprocmask
sys_enter_rt_sigaction
sys_enter_rt_sigaction
sys_enter_rt_sigaction
sys_enter_rt_sigaction
sys_enter_rt_sigaction
sys_enter_rt_sigaction
sys_enter_rt_sigaction
sys_enter_rt_sigaction
sys_enter_rt_sigaction
sys_enter_rt_sigaction
sys_enter_rt_sigaction
sys_enter_rt_sigaction
sys_enter_rt_sigaction
sys_enter_rt_sigaction
sys_enter_rt_sigaction
sys_enter_rt_sigaction
sys_enter_rt_sigaction
sys_enter_rt_sigaction
sys_enter_rt_sigaction
sys_enter_rt_sigaction
sys_enter_rt_sigaction
sys_enter_rt_sigaction
sys_enter_rt_sigaction
sys_enter_rt_sigaction
sys_enter_rt_sigaction
sys_enter_rt_sigaction
sys_enter_rt_sigaction
sys_enter_rt_sigaction
sys_enter_rt_sigaction
sys_enter_rt_sigaction
sys_enter_rt_sigaction
sys_enter_rt_sigaction
sys_enter_rt_sigaction
sys_enter_rt_sigaction
sys_enter_rt_sigaction
sys_enter_rt_sigaction
sys_enter_rt_sigaction
sys_enter_rt_sigaction
sys_enter_rt_sigaction
sys_enter_rt_sigaction
sys_enter_rt_sigaction
sys_enter_rt_sigaction
sys_enter_rt_sigaction
sys_enter_rt_sigaction
sys_enter_rt_sigaction
sys_enter_rt_sigaction
sys_enter_rt_sigaction
sys_enter_rt_sigaction
sys_enter_rt_sigaction
sys_enter_rt_sigaction
sys_enter_rt_sigaction
sys_enter_rt_sigaction
sys_enter_rt_sigaction
sys_enter_rt_sigaction
sys_enter_rt_sigaction
sys_enter_rt_sigaction
sys_enter_rt_sigaction
sys_enter_rt_sigaction
sys_enter_rt_sigaction
sys_enter_rt_sigaction
sys_enter_rt_sigaction
sys_enter_rt_sigaction
sys_enter_rt_sigaction
sys_enter_rt_sigaction
sys_enter_rt_sigaction
sys_enter_rt_sigaction
sys_enter_rt_sigaction
sys_enter_rt_sigaction
sys_enter_rt_sigaction
sys_enter_rt_sigaction
sys_enter_rt_sigaction
sys_enter_rt_sigaction
sys_enter_rt_sigaction
sys_enter_rt_sigaction
sys_enter_rt_sigaction
sys_enter_rt_sigaction
sys_enter_rt_sigaction
sys_enter_rt_sigaction
sys_enter_rt_sigaction
sys_enter_rt_sigaction
sys_enter_rt_sigaction
sys_enter_rt_sigaction
sys_enter_rt_sigaction
sys_enter_rt_sigaction
sys_enter_rt_sigaction
sys_enter_rt_sigaction
sys_enter_rt_sigaction
sys_enter_rt_sigaction
sys_enter_rt_sigaction
sys_enter_rt_sigaction
sys_enter_rt_sigaction
sys_enter_rt_sigaction
sys_enter_rt_sigaction
sys_enter_rt_sigaction
sys_enter_rt_sigaction
sys_enter_rt_sigaction
sys_enter_rt_sigaction
sys_enter_rt_sigaction
sys_enter_rt_sigaction
sys_enter_rt_sigaction
sys_enter_rt_sigaction
sys_enter_rt_sigaction
sys_enter_rt_sigaction
sys_enter_rt_sigaction
sys_enter_rt_sigaction
sys_enter_rt_sigaction
sys_enter_rt_sigaction
sys_enter_rt_sigaction
sys_enter_rt_sigaction
sys_enter_rt_sigaction
sys_enter_rt_sigaction
sys_enter_rt_sigaction
sys_enter_rt_sigaction
sys_enter_rt_sigaction
sys_enter_rt_sigprocmask
sys_enter_clone
sys_enter_rt_sigprocmask
sys_enter_gettid
sys_enter_sigaltstack
sys_enter_sigaltstack
sys_enter_gettid
sys_enter_rt_sigprocmask
sys_enter_rt_sigprocmask
sys_enter_clone
sys_enter_rt_sigprocmask
sys_enter_gettid
sys_enter_sigaltstack
sys_enter_sigaltstack
sys_enter_rt_sigprocmask
sys_enter_clone
sys_enter_gettid
sys_enter_rt_sigprocmask
sys_enter_rt_sigprocmask
sys_enter_sched_yield
sys_enter_gettid
sys_enter_futex
sys_enter_futex
sys_enter_sigaltstack
sys_enter_futex
sys_enter_sigaltstack
sys_enter_futex
sys_enter_gettid
sys_enter_rt_sigprocmask
sys_enter_futex
sys_enter_futex
sys_enter_rt_sigprocmask
sys_enter_clone
sys_enter_rt_sigprocmask
sys_enter_futex
sys_enter_gettid
sys_enter_sigaltstack
sys_enter_sigaltstack
sys_enter_gettid
sys_enter_rt_sigprocmask
sys_enter_mmap
sys_enter_futex
sys_enter_futex
sys_enter_futex
sys_enter_openat
sys_enter_read
sys_enter_read
sys_enter_close
sys_enter_socket
sys_enter_close
sys_enter_socket
sys_enter_setsockopt
sys_enter_bind
sys_enter_socket
sys_enter_setsockopt
sys_enter_bind
sys_enter_close
sys_enter_close
sys_enter_getpid
sys_enter_getppid
sys_enter_mmap
sys_enter_mmap
sys_enter_getppid
sys_enter_openat
sys_enter_pipe2
sys_enter_getpid
sys_enter_clone
sys_enter_setsid
sys_enter_close
sys_enter_read
sys_enter_chdir
sys_enter_execve
sys_enter_close
sys_enter_exit_group
sys_enter_mmap
sys_enter_mmap
sys_enter_mprotect
sys_enter_mmap
sys_enter_mmap
sys_enter_mprotect
sys_enter_mmap
sys_enter_mprotect
sys_enter_mmap
sys_enter_mprotect
sys_enter_mmap
sys_enter_mmap
sys_enter_close
sys_enter_munmap
sys_enter_sched_getaffinity
sys_enter_mmap
sys_enter_munmap
sys_enter_mmap
sys_enter_mmap
sys_enter_mmap
sys_enter_mmap
sys_enter_mmap
sys_enter_mmap
sys_enter_rt_sigprocmask
sys_enter_sigaltstack
sys_enter_sigaltstack
sys_enter_gettid
sys_enter_rt_sigprocmask
sys_enter_rt_sigaction
sys_enter_rt_sigaction
sys_enter_rt_sigaction
sys_enter_rt_sigaction
sys_enter_rt_sigaction
sys_enter_rt_sigaction
sys_enter_rt_sigaction
sys_enter_rt_sigaction
sys_enter_rt_sigaction
sys_enter_rt_sigaction
sys_enter_rt_sigaction
sys_enter_rt_sigaction
sys_enter_rt_sigaction
sys_enter_rt_sigaction
sys_enter_rt_sigaction
sys_enter_rt_sigaction
sys_enter_rt_sigaction
sys_enter_rt_sigaction
sys_enter_rt_sigaction
sys_enter_rt_sigaction
sys_enter_rt_sigaction
sys_enter_rt_sigaction
sys_enter_rt_sigaction
sys_enter_rt_sigaction
sys_enter_rt_sigaction
sys_enter_rt_sigaction
sys_enter_rt_sigaction
sys_enter_rt_sigaction
sys_enter_rt_sigaction
sys_enter_rt_sigaction
sys_enter_rt_sigaction
sys_enter_rt_sigaction
sys_enter_rt_sigaction
sys_enter_rt_sigaction
sys_enter_rt_sigaction
sys_enter_rt_sigaction
sys_enter_rt_sigaction
sys_enter_rt_sigaction
sys_enter_rt_sigaction
sys_enter_rt_sigaction
sys_enter_rt_sigaction
sys_enter_rt_sigaction
sys_enter_rt_sigaction
sys_enter_rt_sigaction
sys_enter_rt_sigaction
sys_enter_rt_sigaction
sys_enter_rt_sigaction
sys_enter_rt_sigaction
sys_enter_rt_sigaction
sys_enter_rt_sigaction
sys_enter_rt_sigaction
sys_enter_rt_sigaction
sys_enter_rt_sigaction
sys_enter_rt_sigaction
sys_enter_rt_sigaction
sys_enter_rt_sigaction
sys_enter_rt_sigaction
sys_enter_rt_sigaction
sys_enter_rt_sigaction
sys_enter_rt_sigaction
sys_enter_rt_sigaction
sys_enter_rt_sigaction
sys_enter_rt_sigaction
sys_enter_rt_sigaction
sys_enter_rt_sigaction
sys_enter_rt_sigaction
sys_enter_rt_sigaction
sys_enter_rt_sigaction
sys_enter_rt_sigaction
sys_enter_rt_sigaction
sys_enter_rt_sigaction
sys_enter_rt_sigaction
sys_enter_rt_sigaction
sys_enter_rt_sigaction
sys_enter_rt_sigaction
sys_enter_rt_sigaction
sys_enter_rt_sigaction
sys_enter_rt_sigaction
sys_enter_rt_sigaction
sys_enter_rt_sigaction
sys_enter_rt_sigaction
sys_enter_rt_sigaction
sys_enter_rt_sigaction
sys_enter_rt_sigaction
sys_enter_rt_sigaction
sys_enter_rt_sigaction
sys_enter_rt_sigaction
sys_enter_rt_sigaction
sys_enter_rt_sigaction
sys_enter_rt_sigaction
sys_enter_rt_sigaction
sys_enter_rt_sigaction
sys_enter_rt_sigaction
sys_enter_rt_sigaction
sys_enter_rt_sigaction
sys_enter_rt_sigaction
sys_enter_rt_sigaction
sys_enter_rt_sigaction
sys_enter_rt_sigaction
sys_enter_rt_sigaction
sys_enter_rt_sigaction
sys_enter_rt_sigaction
sys_enter_rt_sigaction
sys_enter_rt_sigaction
sys_enter_rt_sigaction
sys_enter_rt_sigaction
sys_enter_rt_sigaction
sys_enter_rt_sigaction
sys_enter_rt_sigaction
sys_enter_rt_sigaction
sys_enter_rt_sigaction
sys_enter_rt_sigaction
sys_enter_rt_sigaction
sys_enter_rt_sigaction
sys_enter_rt_sigprocmask
sys_enter_clone
sys_enter_rt_sigprocmask
sys_enter_gettid
sys_enter_sigaltstack
sys_enter_sigaltstack
sys_enter_gettid
sys_enter_rt_sigprocmask
sys_enter_rt_sigprocmask
sys_enter_clone
sys_enter_rt_sigprocmask
sys_enter_gettid
sys_enter_sigaltstack
sys_enter_sigaltstack
sys_enter_gettid
sys_enter_rt_sigprocmask
sys_enter_rt_sigprocmask
sys_enter_clone
sys_enter_rt_sigprocmask
sys_enter_sched_yield
sys_enter_futex
sys_enter_futex
sys_enter_gettid
sys_enter_futex
sys_enter_futex
sys_enter_rt_sigprocmask
sys_enter_sigaltstack
sys_enter_clone
sys_enter_sigaltstack
sys_enter_gettid
sys_enter_rt_sigprocmask
sys_enter_futex
sys_enter_rt_sigprocmask
sys_enter_futex
sys_enter_gettid
sys_enter_futex
sys_enter_sigaltstack
sys_enter_sigaltstack
sys_enter_gettid
sys_enter_rt_sigprocmask
sys_enter_futex
sys_enter_futex
sys_enter_mmap
sys_enter_futex
sys_enter_futex
sys_enter_futex
sys_enter_openat
sys_enter_futex
sys_enter_futex
sys_enter_read
sys_enter_read
sys_enter_close
sys_enter_socket
sys_enter_close
sys_enter_socket
sys_enter_setsockopt
sys_enter_bind
sys_enter_socket
sys_enter_setsockopt
sys_enter_bind
sys_enter_close
sys_enter_close
sys_enter_getpid
sys_enter_getppid
sys_enter_mmap
sys_enter_mmap
sys_enter_getppid
sys_enter_openat
sys_enter_pipe2
sys_enter_getpid
sys_enter_clone
sys_enter_setsid
sys_enter_close
sys_enter_read
sys_enter_chdir
sys_enter_execve
sys_enter_close
sys_enter_exit_group
sys_enter_mmap
sys_enter_mmap
sys_enter_mprotect
sys_enter_mmap
sys_enter_mmap
sys_enter_mprotect
sys_enter_mmap
sys_enter_mprotect
sys_enter_mmap
sys_enter_mprotect
sys_enter_mmap
sys_enter_mmap
sys_enter_close
sys_enter_munmap
sys_enter_sched_getaffinity
sys_enter_mmap
sys_enter_munmap
sys_enter_mmap
sys_enter_mmap
sys_enter_mmap
sys_enter_mmap
sys_enter_mmap
sys_enter_mmap
sys_enter_rt_sigprocmask
sys_enter_sigaltstack
sys_enter_sigaltstack
sys_enter_gettid
sys_enter_rt_sigprocmask
sys_enter_rt_sigaction
sys_enter_rt_sigaction
sys_enter_rt_sigaction
sys_enter_rt_sigaction
sys_enter_rt_sigaction
sys_enter_rt_sigaction
sys_enter_rt_sigaction
sys_enter_rt_sigaction
sys_enter_rt_sigaction
sys_enter_rt_sigaction
sys_enter_rt_sigaction
sys_enter_rt_sigaction
sys_enter_rt_sigaction
sys_enter_rt_sigaction
sys_enter_rt_sigaction
sys_enter_rt_sigaction
sys_enter_rt_sigaction
sys_enter_rt_sigaction
sys_enter_rt_sigaction
sys_enter_rt_sigaction
sys_enter_rt_sigaction
sys_enter_rt_sigaction
sys_enter_rt_sigaction
sys_enter_rt_sigaction
sys_enter_rt_sigaction
sys_enter_rt_sigaction
sys_enter_rt_sigaction
sys_enter_rt_sigaction
sys_enter_rt_sigaction
sys_enter_rt_sigaction
sys_enter_rt_sigaction
sys_enter_rt_sigaction
sys_enter_rt_sigaction
sys_enter_rt_sigaction
sys_enter_rt_sigaction
sys_enter_rt_sigaction
sys_enter_rt_sigaction
sys_enter_rt_sigaction
sys_enter_rt_sigaction
sys_enter_rt_sigaction
sys_enter_rt_sigaction
sys_enter_rt_sigaction
sys_enter_rt_sigaction
sys_enter_rt_sigaction
sys_enter_rt_sigaction
sys_enter_rt_sigaction
sys_enter_rt_sigaction
sys_enter_rt_sigaction
sys_enter_rt_sigaction
sys_enter_rt_sigaction
sys_enter_rt_sigaction
sys_enter_rt_sigaction
sys_enter_rt_sigaction
sys_enter_rt_sigaction
sys_enter_rt_sigaction
sys_enter_rt_sigaction
sys_enter_rt_sigaction
sys_enter_rt_sigaction
sys_enter_rt_sigaction
sys_enter_rt_sigaction
sys_enter_rt_sigaction
sys_enter_rt_sigaction
sys_enter_rt_sigaction
sys_enter_rt_sigaction
sys_enter_rt_sigaction
sys_enter_rt_sigaction
sys_enter_rt_sigaction
sys_enter_rt_sigaction
sys_enter_rt_sigaction
sys_enter_rt_sigaction
sys_enter_rt_sigaction
sys_enter_rt_sigaction
sys_enter_rt_sigaction
sys_enter_rt_sigaction
sys_enter_rt_sigaction
sys_enter_rt_sigaction
sys_enter_rt_sigaction
sys_enter_rt_sigaction
sys_enter_rt_sigaction
sys_enter_rt_sigaction
sys_enter_rt_sigaction
sys_enter_rt_sigaction
sys_enter_rt_sigaction
sys_enter_rt_sigaction
sys_enter_rt_sigaction
sys_enter_rt_sigaction
sys_enter_rt_sigaction
sys_enter_rt_sigaction
sys_enter_rt_sigaction
sys_enter_rt_sigaction
sys_enter_rt_sigaction
sys_enter_rt_sigaction
sys_enter_rt_sigaction
sys_enter_rt_sigaction
sys_enter_rt_sigaction
sys_enter_rt_sigaction
sys_enter_rt_sigaction
sys_enter_rt_sigaction
sys_enter_rt_sigaction
sys_enter_rt_sigaction
sys_enter_rt_sigaction
sys_enter_rt_sigaction
sys_enter_rt_sigaction
sys_enter_rt_sigaction
sys_enter_rt_sigaction
sys_enter_rt_sigaction
sys_enter_rt_sigaction
sys_enter_rt_sigaction
sys_enter_rt_sigaction
sys_enter_rt_sigaction
sys_enter_rt_sigaction
sys_enter_rt_sigaction
sys_enter_rt_sigaction
sys_enter_rt_sigaction
sys_enter_rt_sigprocmask
sys_enter_clone
sys_enter_rt_sigprocmask
sys_enter_gettid
sys_enter_sigaltstack
sys_enter_sigaltstack
sys_enter_gettid
sys_enter_rt_sigprocmask
sys_enter_rt_sigprocmask
sys_enter_clone
sys_enter_rt_sigprocmask
sys_enter_gettid
sys_enter_sigaltstack
sys_enter_sigaltstack
sys_enter_gettid
sys_enter_rt_sigprocmask
sys_enter_rt_sigprocmask
sys_enter_clone
sys_enter_rt_sigprocmask
sys_enter_futex
sys_enter_gettid
sys_enter_sigaltstack
sys_enter_sigaltstack
sys_enter_gettid
sys_enter_rt_sigprocmask
sys_enter_futex
sys_enter_futex
sys_enter_rt_sigprocmask
sys_enter_clone
sys_enter_rt_sigprocmask
sys_enter_futex
sys_enter_gettid
sys_enter_sigaltstack
sys_enter_sigaltstack
sys_enter_gettid
sys_enter_rt_sigprocmask
sys_enter_futex
sys_enter_futex
sys_enter_mmap
sys_enter_futex
sys_enter_futex
sys_enter_futex
sys_enter_openat
sys_enter_read
sys_enter_read
sys_enter_close
sys_enter_socket
sys_enter_close
sys_enter_socket
sys_enter_setsockopt
sys_enter_bind
sys_enter_socket
sys_enter_setsockopt
sys_enter_bind
sys_enter_close
sys_enter_close
sys_enter_getpid
sys_enter_getppid
sys_enter_mmap
sys_enter_mmap
sys_enter_getppid
sys_enter_openat
sys_enter_pipe2
sys_enter_getpid
sys_enter_clone
sys_enter_setsid
sys_enter_close
sys_enter_read
sys_enter_chdir
sys_enter_execve
sys_enter_close
sys_enter_exit_group
sys_enter_mmap
sys_enter_mmap
sys_enter_mprotect
sys_enter_mmap
sys_enter_mmap
sys_enter_mprotect
sys_enter_mmap
sys_enter_mprotect
sys_enter_mmap
sys_enter_mprotect
sys_enter_mmap
sys_enter_mmap
sys_enter_close
sys_enter_munmap
sys_enter_sched_getaffinity
sys_enter_mmap
sys_enter_munmap
sys_enter_mmap
sys_enter_mmap
sys_enter_mmap
sys_enter_mmap
sys_enter_mmap
sys_enter_mmap
sys_enter_rt_sigprocmask
sys_enter_sigaltstack
sys_enter_sigaltstack
sys_enter_gettid
sys_enter_rt_sigprocmask
sys_enter_rt_sigaction
sys_enter_rt_sigaction
sys_enter_rt_sigaction
sys_enter_rt_sigaction
sys_enter_rt_sigaction
sys_enter_rt_sigaction
sys_enter_rt_sigaction
sys_enter_rt_sigaction
sys_enter_rt_sigaction
sys_enter_rt_sigaction
sys_enter_rt_sigaction
sys_enter_rt_sigaction
sys_enter_rt_sigaction
sys_enter_rt_sigaction
sys_enter_rt_sigaction
sys_enter_rt_sigaction
sys_enter_rt_sigaction
sys_enter_rt_sigaction
sys_enter_rt_sigaction
sys_enter_rt_sigaction
sys_enter_rt_sigaction
sys_enter_rt_sigaction
sys_enter_rt_sigaction
sys_enter_rt_sigaction
sys_enter_rt_sigaction
sys_enter_rt_sigaction
sys_enter_rt_sigaction
sys_enter_rt_sigaction
sys_enter_rt_sigaction
sys_enter_rt_sigaction
sys_enter_rt_sigaction
sys_enter_rt_sigaction
sys_enter_rt_sigaction
sys_enter_rt_sigaction
sys_enter_rt_sigaction
sys_enter_rt_sigaction
sys_enter_rt_sigaction
sys_enter_rt_sigaction
sys_enter_rt_sigaction
sys_enter_rt_sigaction
sys_enter_rt_sigaction
sys_enter_rt_sigaction
sys_enter_rt_sigaction
sys_enter_rt_sigaction
sys_enter_rt_sigaction
sys_enter_rt_sigaction
sys_enter_rt_sigaction
sys_enter_rt_sigaction
sys_enter_rt_sigaction
sys_enter_rt_sigaction
sys_enter_rt_sigaction
sys_enter_rt_sigaction
sys_enter_rt_sigaction
sys_enter_rt_sigaction
sys_enter_rt_sigaction
sys_enter_rt_sigaction
sys_enter_rt_sigaction
sys_enter_rt_sigaction
sys_enter_rt_sigaction
sys_enter_rt_sigaction
sys_enter_rt_sigaction
sys_enter_rt_sigaction
sys_enter_rt_sigaction
sys_enter_rt_sigaction
sys_enter_rt_sigaction
sys_enter_rt_sigaction
sys_enter_rt_sigaction
sys_enter_rt_sigaction
sys_enter_rt_sigaction
sys_enter_rt_sigaction
sys_enter_rt_sigaction
sys_enter_rt_sigaction
sys_enter_rt_sigaction
sys_enter_rt_sigaction
sys_enter_rt_sigaction
sys_enter_rt_sigaction
sys_enter_rt_sigaction
sys_enter_rt_sigaction
sys_enter_rt_sigaction
sys_enter_rt_sigaction
sys_enter_rt_sigaction
sys_enter_rt_sigaction
sys_enter_rt_sigaction
sys_enter_rt_sigaction
sys_enter_rt_sigaction
sys_enter_rt_sigaction
sys_enter_rt_sigaction
sys_enter_rt_sigaction
sys_enter_rt_sigaction
sys_enter_rt_sigaction
sys_enter_rt_sigaction
sys_enter_rt_sigaction
sys_enter_rt_sigaction
sys_enter_rt_sigaction
sys_enter_rt_sigaction
sys_enter_rt_sigaction
sys_enter_rt_sigaction
sys_enter_rt_sigaction
sys_enter_rt_sigaction
sys_enter_rt_sigaction
sys_enter_rt_sigaction
sys_enter_rt_sigaction
sys_enter_rt_sigaction
sys_enter_rt_sigaction
sys_enter_rt_sigaction
sys_enter_rt_sigaction
sys_enter_rt_sigaction
sys_enter_rt_sigaction
sys_enter_rt_sigaction
sys_enter_rt_sigaction
sys_enter_rt_sigaction
sys_enter_rt_sigaction
sys_enter_rt_sigaction
sys_enter_rt_sigaction
sys_enter_rt_sigprocmask
sys_enter_clone
sys_enter_rt_sigprocmask
sys_enter_gettid
sys_enter_sigaltstack
sys_enter_sigaltstack
sys_enter_gettid
sys_enter_rt_sigprocmask
sys_enter_rt_sigprocmask
sys_enter_clone
sys_enter_rt_sigprocmask
sys_enter_gettid
sys_enter_sigaltstack
sys_enter_sigaltstack
sys_enter_gettid
sys_enter_rt_sigprocmask
sys_enter_rt_sigprocmask
sys_enter_clone
sys_enter_rt_sigprocmask
sys_enter_clone
sys_enter_rt_sigprocmask
sys_enter_futex
sys_enter_gettid
sys_enter_sigaltstack
sys_enter_sigaltstack
sys_enter_gettid
sys_enter_rt_sigprocmask
sys_enter_rt_sigprocmask
sys_enter_gettid
sys_enter_sigaltstack
sys_enter_futex
sys_enter_sigaltstack
sys_enter_gettid
sys_enter_futex
sys_enter_rt_sigprocmask
sys_enter_futex
sys_enter_futex
sys_enter_futex
sys_enter_mmap
sys_enter_futex
sys_enter_futex
sys_enter_futex
sys_enter_openat
sys_enter_futex
sys_enter_futex
sys_enter_read
sys_enter_read
sys_enter_close
sys_enter_futex
sys_enter_futex
sys_enter_futex
sys_enter_futex
sys_enter_socket
sys_enter_close
sys_enter_socket
sys_enter_setsockopt
sys_enter_bind
sys_enter_socket
sys_enter_setsockopt
sys_enter_bind
sys_enter_close
sys_enter_close
sys_enter_mmap
sys_enter_mmap
sys_enter_getpid
sys_enter_getppid
sys_enter_mmap
sys_enter_mmap
sys_enter_getppid
sys_enter_openat
sys_enter_pipe2
sys_enter_getpid
sys_enter_clone
sys_enter_setsid
sys_enter_close
sys_enter_chdir
sys_enter_read
sys_enter_execve
sys_enter_close
sys_enter_mmap
sys_enter_mmap
sys_enter_exit_group
sys_enter_mprotect
sys_enter_mmap
sys_enter_mmap
sys_enter_mprotect
sys_enter_mmap
sys_enter_mprotect
sys_enter_mmap
sys_enter_mprotect
sys_enter_mmap
sys_enter_mmap
sys_enter_close
sys_enter_munmap
sys_enter_sched_getaffinity
sys_enter_mmap
sys_enter_munmap
sys_enter_mmap
sys_enter_mmap
sys_enter_mmap
sys_enter_mmap
sys_enter_mmap
sys_enter_mmap
sys_enter_rt_sigprocmask
sys_enter_sigaltstack
sys_enter_sigaltstack
sys_enter_gettid
sys_enter_rt_sigprocmask
sys_enter_rt_sigaction
sys_enter_rt_sigaction
sys_enter_rt_sigaction
sys_enter_rt_sigaction
sys_enter_rt_sigaction
sys_enter_rt_sigaction
sys_enter_rt_sigaction
sys_enter_rt_sigaction
sys_enter_rt_sigaction
sys_enter_rt_sigaction
sys_enter_rt_sigaction
sys_enter_rt_sigaction
sys_enter_rt_sigaction
sys_enter_rt_sigaction
sys_enter_rt_sigaction
sys_enter_rt_sigaction
sys_enter_rt_sigaction
sys_enter_rt_sigaction
sys_enter_rt_sigaction
sys_enter_rt_sigaction
sys_enter_rt_sigaction
sys_enter_rt_sigaction
sys_enter_rt_sigaction
sys_enter_rt_sigaction
sys_enter_rt_sigaction
sys_enter_rt_sigaction
sys_enter_rt_sigaction
sys_enter_rt_sigaction
sys_enter_rt_sigaction
sys_enter_rt_sigaction
sys_enter_rt_sigaction
sys_enter_rt_sigaction
sys_enter_rt_sigaction
sys_enter_rt_sigaction
sys_enter_rt_sigaction
sys_enter_rt_sigaction
sys_enter_rt_sigaction
sys_enter_rt_sigaction
sys_enter_rt_sigaction
sys_enter_rt_sigaction
sys_enter_rt_sigaction
sys_enter_rt_sigaction
sys_enter_rt_sigaction
sys_enter_rt_sigaction
sys_enter_rt_sigaction
sys_enter_rt_sigaction
sys_enter_rt_sigaction
sys_enter_rt_sigaction
sys_enter_rt_sigaction
sys_enter_rt_sigaction
sys_enter_rt_sigaction
sys_enter_rt_sigaction
sys_enter_rt_sigaction
sys_enter_rt_sigaction
sys_enter_rt_sigaction
sys_enter_rt_sigaction
sys_enter_rt_sigaction
sys_enter_rt_sigaction
sys_enter_rt_sigaction
sys_enter_rt_sigaction
sys_enter_rt_sigaction
sys_enter_rt_sigaction
sys_enter_rt_sigaction
sys_enter_rt_sigaction
sys_enter_rt_sigaction
sys_enter_rt_sigaction
sys_enter_rt_sigaction
sys_enter_rt_sigaction
sys_enter_rt_sigaction
sys_enter_rt_sigaction
sys_enter_rt_sigaction
sys_enter_rt_sigaction
sys_enter_rt_sigaction
sys_enter_rt_sigaction
sys_enter_rt_sigaction
sys_enter_rt_sigaction
sys_enter_rt_sigaction
sys_enter_rt_sigaction
sys_enter_rt_sigaction
sys_enter_rt_sigaction
sys_enter_rt_sigaction
sys_enter_rt_sigaction
sys_enter_rt_sigaction
sys_enter_rt_sigaction
sys_enter_rt_sigaction
sys_enter_rt_sigaction
sys_enter_rt_sigaction
sys_enter_rt_sigaction
sys_enter_rt_sigaction
sys_enter_rt_sigaction
sys_enter_rt_sigaction
sys_enter_rt_sigaction
sys_enter_rt_sigaction
sys_enter_rt_sigaction
sys_enter_rt_sigaction
sys_enter_rt_sigaction
sys_enter_rt_sigaction
sys_enter_rt_sigaction
sys_enter_rt_sigaction
sys_enter_rt_sigaction
sys_enter_rt_sigaction
sys_enter_rt_sigaction
sys_enter_rt_sigaction
sys_enter_rt_sigaction
sys_enter_rt_sigaction
sys_enter_rt_sigaction
sys_enter_rt_sigaction
sys_enter_rt_sigaction
sys_enter_rt_sigaction
sys_enter_rt_sigaction
sys_enter_rt_sigaction
sys_enter_rt_sigaction
sys_enter_rt_sigaction
sys_enter_rt_sigaction
sys_enter_rt_sigprocmask
sys_enter_clone
sys_enter_rt_sigprocmask
sys_enter_gettid
sys_enter_sigaltstack
sys_enter_sigaltstack
sys_enter_gettid
sys_enter_rt_sigprocmask
sys_enter_rt_sigprocmask
sys_enter_clone
sys_enter_rt_sigprocmask
sys_enter_rt_sigprocmask
sys_enter_clone
sys_enter_gettid
sys_enter_sigaltstack
sys_enter_sigaltstack
sys_enter_gettid
sys_enter_rt_sigprocmask
sys_enter_rt_sigprocmask
sys_enter_futex
sys_enter_rt_sigprocmask
sys_enter_clone
sys_enter_gettid
sys_enter_sigaltstack
sys_enter_sigaltstack
sys_enter_gettid
sys_enter_rt_sigprocmask
sys_enter_futex
sys_enter_rt_sigprocmask
sys_enter_futex
sys_enter_gettid
sys_enter_sigaltstack
sys_enter_sigaltstack
sys_enter_gettid
sys_enter_rt_sigprocmask
sys_enter_futex
sys_enter_futex
sys_enter_futex
sys_enter_mmap
sys_enter_futex
sys_enter_futex
sys_enter_futex
sys_enter_openat
sys_enter_read
sys_enter_read
sys_enter_close
sys_enter_socket
sys_enter_close
sys_enter_socket
sys_enter_setsockopt
sys_enter_bind
sys_enter_socket
sys_enter_setsockopt
sys_enter_bind
sys_enter_close
sys_enter_close
sys_enter_getpid
sys_enter_getppid
sys_enter_mmap
sys_enter_mmap
sys_enter_getppid
sys_enter_openat
sys_enter_pipe2
sys_enter_getpid
sys_enter_clone
sys_enter_setsid
sys_enter_close
sys_enter_read
sys_enter_chdir
sys_enter_execve
sys_enter_close
sys_enter_exit_group
sys_enter_mmap
sys_enter_mmap
sys_enter_mprotect
sys_enter_mmap
sys_enter_mmap
sys_enter_mprotect
sys_enter_mmap
sys_enter_mprotect
sys_enter_mmap
sys_enter_mprotect
sys_enter_mmap
sys_enter_mmap
sys_enter_close
sys_enter_munmap
sys_enter_sched_getaffinity
sys_enter_mmap
sys_enter_munmap
sys_enter_mmap
sys_enter_mmap
sys_enter_mmap
sys_enter_mmap
sys_enter_mmap
sys_enter_mmap
sys_enter_rt_sigprocmask
sys_enter_sigaltstack
sys_enter_sigaltstack
sys_enter_gettid
sys_enter_rt_sigprocmask
sys_enter_rt_sigaction
sys_enter_rt_sigaction
sys_enter_rt_sigaction
sys_enter_rt_sigaction
sys_enter_rt_sigaction
sys_enter_rt_sigaction
sys_enter_rt_sigaction
sys_enter_rt_sigaction
sys_enter_rt_sigaction
sys_enter_rt_sigaction
sys_enter_rt_sigaction
sys_enter_rt_sigaction
sys_enter_rt_sigaction
sys_enter_rt_sigaction
sys_enter_rt_sigaction
sys_enter_rt_sigaction
sys_enter_rt_sigaction
sys_enter_rt_sigaction
sys_enter_rt_sigaction
sys_enter_rt_sigaction
sys_enter_rt_sigaction
sys_enter_rt_sigaction
sys_enter_rt_sigaction
sys_enter_rt_sigaction
sys_enter_rt_sigaction
sys_enter_rt_sigaction
sys_enter_rt_sigaction
sys_enter_rt_sigaction
sys_enter_rt_sigaction
sys_enter_rt_sigaction
sys_enter_rt_sigaction
sys_enter_rt_sigaction
sys_enter_rt_sigaction
sys_enter_rt_sigaction
sys_enter_rt_sigaction
sys_enter_rt_sigaction
sys_enter_rt_sigaction
sys_enter_rt_sigaction
sys_enter_rt_sigaction
sys_enter_rt_sigaction
sys_enter_rt_sigaction
sys_enter_rt_sigaction
sys_enter_rt_sigaction
sys_enter_rt_sigaction
sys_enter_rt_sigaction
sys_enter_rt_sigaction
sys_enter_rt_sigaction
sys_enter_rt_sigaction
sys_enter_rt_sigaction
sys_enter_rt_sigaction
sys_enter_rt_sigaction
sys_enter_rt_sigaction
sys_enter_rt_sigaction
sys_enter_rt_sigaction
sys_enter_rt_sigaction
sys_enter_rt_sigaction
sys_enter_rt_sigaction
sys_enter_rt_sigaction
sys_enter_rt_sigaction
sys_enter_rt_sigaction
sys_enter_rt_sigaction
sys_enter_rt_sigaction
sys_enter_rt_sigaction
sys_enter_rt_sigaction
sys_enter_rt_sigaction
sys_enter_rt_sigaction
sys_enter_rt_sigaction
sys_enter_rt_sigaction
sys_enter_rt_sigaction
sys_enter_rt_sigaction
sys_enter_rt_sigaction
sys_enter_rt_sigaction
sys_enter_rt_sigaction
sys_enter_rt_sigaction
sys_enter_rt_sigaction
sys_enter_rt_sigaction
sys_enter_rt_sigaction
sys_enter_rt_sigaction
sys_enter_rt_sigaction
sys_enter_rt_sigaction
sys_enter_rt_sigaction
sys_enter_rt_sigaction
sys_enter_rt_sigaction
sys_enter_rt_sigaction
sys_enter_rt_sigaction
sys_enter_rt_sigaction
sys_enter_rt_sigaction
sys_enter_rt_sigaction
sys_enter_rt_sigaction
sys_enter_rt_sigaction
sys_enter_rt_sigaction
sys_enter_rt_sigaction
sys_enter_rt_sigaction
sys_enter_rt_sigaction
sys_enter_rt_sigaction
sys_enter_rt_sigaction
sys_enter_rt_sigaction
sys_enter_rt_sigaction
sys_enter_rt_sigaction
sys_enter_rt_sigaction
sys_enter_rt_sigaction
sys_enter_rt_sigaction
sys_enter_rt_sigaction
sys_enter_rt_sigaction
sys_enter_rt_sigaction
sys_enter_rt_sigaction
sys_enter_rt_sigaction
sys_enter_rt_sigaction
sys_enter_rt_sigaction
sys_enter_rt_sigaction
sys_enter_rt_sigaction
sys_enter_rt_sigaction
sys_enter_rt_sigaction
sys_enter_rt_sigaction
sys_enter_rt_sigprocmask
sys_enter_clone
sys_enter_rt_sigprocmask
sys_enter_gettid
sys_enter_sigaltstack
sys_enter_sigaltstack
sys_enter_gettid
sys_enter_rt_sigprocmask
sys_enter_rt_sigprocmask
sys_enter_clone
sys_enter_rt_sigprocmask
sys_enter_gettid
sys_enter_sigaltstack
sys_enter_sigaltstack
sys_enter_gettid
sys_enter_rt_sigprocmask
sys_enter_rt_sigprocmask
sys_enter_clone
sys_enter_rt_sigprocmask
sys_enter_futex
sys_enter_gettid
sys_enter_sigaltstack
sys_enter_sigaltstack
sys_enter_gettid
sys_enter_rt_sigprocmask
sys_enter_futex
sys_enter_futex
sys_enter_rt_sigprocmask
sys_enter_clone
sys_enter_rt_sigprocmask
sys_enter_futex
sys_enter_gettid
sys_enter_sigaltstack
sys_enter_sigaltstack
sys_enter_gettid
sys_enter_rt_sigprocmask
sys_enter_futex
sys_enter_futex
sys_enter_mmap
sys_enter_futex
sys_enter_futex
sys_enter_futex
sys_enter_openat
sys_enter_read
sys_enter_read
sys_enter_close
sys_enter_socket
sys_enter_close
sys_enter_socket
sys_enter_setsockopt
sys_enter_bind
sys_enter_socket
sys_enter_setsockopt
sys_enter_bind
sys_enter_close
sys_enter_close
sys_enter_getpid
sys_enter_getppid
sys_enter_mmap
sys_enter_mmap
sys_enter_getppid
sys_enter_openat
sys_enter_pipe2
sys_enter_getpid
sys_enter_clone
sys_enter_setsid
sys_enter_close
sys_enter_read
sys_enter_chdir
sys_enter_execve
sys_enter_close
sys_enter_mmap
sys_enter_exit_group
sys_enter_mmap
sys_enter_mprotect
sys_enter_mmap
sys_enter_mmap
sys_enter_mprotect
sys_enter_mmap
sys_enter_mprotect
sys_enter_mmap
sys_enter_mprotect
sys_enter_mmap
sys_enter_mmap
sys_enter_close
sys_enter_munmap
sys_enter_sched_getaffinity
sys_enter_mmap
sys_enter_munmap
sys_enter_mmap
sys_enter_mmap
sys_enter_mmap
sys_enter_mmap
sys_enter_mmap
sys_enter_mmap
sys_enter_rt_sigprocmask
sys_enter_sigaltstack
sys_enter_sigaltstack
sys_enter_gettid
sys_enter_rt_sigprocmask
sys_enter_rt_sigaction
sys_enter_rt_sigaction
sys_enter_rt_sigaction
sys_enter_rt_sigaction
sys_enter_rt_sigaction
sys_enter_rt_sigaction
sys_enter_rt_sigaction
sys_enter_rt_sigaction
sys_enter_rt_sigaction
sys_enter_rt_sigaction
sys_enter_rt_sigaction
sys_enter_rt_sigaction
sys_enter_rt_sigaction
sys_enter_rt_sigaction
sys_enter_rt_sigaction
sys_enter_rt_sigaction
sys_enter_rt_sigaction
sys_enter_rt_sigaction
sys_enter_rt_sigaction
sys_enter_rt_sigaction
sys_enter_rt_sigaction
sys_enter_rt_sigaction
sys_enter_rt_sigaction
sys_enter_rt_sigaction
sys_enter_rt_sigaction
sys_enter_rt_sigaction
sys_enter_rt_sigaction
sys_enter_rt_sigaction
sys_enter_rt_sigaction
sys_enter_rt_sigaction
sys_enter_rt_sigaction
sys_enter_rt_sigaction
sys_enter_rt_sigaction
sys_enter_rt_sigaction
sys_enter_rt_sigaction
sys_enter_rt_sigaction
sys_enter_rt_sigaction
sys_enter_rt_sigaction
sys_enter_rt_sigaction
sys_enter_rt_sigaction
sys_enter_rt_sigaction
sys_enter_rt_sigaction
sys_enter_rt_sigaction
sys_enter_rt_sigaction
sys_enter_rt_sigaction
sys_enter_rt_sigaction
sys_enter_rt_sigaction
sys_enter_rt_sigaction
sys_enter_rt_sigaction
sys_enter_rt_sigaction
sys_enter_rt_sigaction
sys_enter_rt_sigaction
sys_enter_rt_sigaction
sys_enter_rt_sigaction
sys_enter_rt_sigaction
sys_enter_rt_sigaction
sys_enter_rt_sigaction
sys_enter_rt_sigaction
sys_enter_rt_sigaction
sys_enter_rt_sigaction
sys_enter_rt_sigaction
sys_enter_rt_sigaction
sys_enter_rt_sigaction
sys_enter_rt_sigaction
sys_enter_rt_sigaction
sys_enter_rt_sigaction
sys_enter_rt_sigaction
sys_enter_rt_sigaction
sys_enter_rt_sigaction
sys_enter_rt_sigaction
sys_enter_rt_sigaction
sys_enter_rt_sigaction
sys_enter_rt_sigaction
sys_enter_rt_sigaction
sys_enter_rt_sigaction
sys_enter_rt_sigaction
sys_enter_rt_sigaction
sys_enter_rt_sigaction
sys_enter_rt_sigaction
sys_enter_rt_sigaction
sys_enter_rt_sigaction
sys_enter_rt_sigaction
sys_enter_rt_sigaction
sys_enter_rt_sigaction
sys_enter_rt_sigaction
sys_enter_rt_sigaction
sys_enter_rt_sigaction
sys_enter_rt_sigaction
sys_enter_rt_sigaction
sys_enter_rt_sigaction
sys_enter_rt_sigaction
sys_enter_rt_sigaction
sys_enter_rt_sigaction
sys_enter_rt_sigaction
sys_enter_rt_sigaction
sys_enter_rt_sigaction
sys_enter_rt_sigaction
sys_enter_rt_sigaction
sys_enter_rt_sigaction
sys_enter_rt_sigaction
sys_enter_rt_sigaction
sys_enter_rt_sigaction
sys_enter_rt_sigaction
sys_enter_rt_sigaction
sys_enter_rt_sigaction
sys_enter_rt_sigaction
sys_enter_rt_sigaction
sys_enter_rt_sigaction
sys_enter_rt_sigaction
sys_enter_rt_sigaction
sys_enter_rt_sigaction
sys_enter_rt_sigaction
sys_enter_rt_sigaction
sys_enter_rt_sigaction
sys_enter_rt_sigprocmask
sys_enter_clone
sys_enter_rt_sigprocmask
sys_enter_gettid
sys_enter_sigaltstack
sys_enter_sigaltstack
sys_enter_gettid
sys_enter_rt_sigprocmask
sys_enter_rt_sigprocmask
sys_enter_clone
sys_enter_rt_sigprocmask
sys_enter_gettid
sys_enter_sigaltstack
sys_enter_sigaltstack
sys_enter_gettid
sys_enter_rt_sigprocmask
sys_enter_rt_sigprocmask
sys_enter_clone
sys_enter_rt_sigprocmask
sys_enter_futex
sys_enter_rt_sigprocmask
sys_enter_clone
sys_enter_gettid
sys_enter_sigaltstack
sys_enter_sigaltstack
sys_enter_gettid
sys_enter_rt_sigprocmask
sys_enter_rt_sigprocmask
sys_enter_futex
sys_enter_gettid
sys_enter_sigaltstack
sys_enter_sigaltstack
sys_enter_gettid
sys_enter_rt_sigprocmask
sys_enter_futex
sys_enter_futex
sys_enter_futex
sys_enter_futex
sys_enter_mmap
sys_enter_futex
sys_enter_futex
sys_enter_futex
sys_enter_openat
sys_enter_read
sys_enter_read
sys_enter_close
sys_enter_socket
sys_enter_close
sys_enter_socket
sys_enter_setsockopt
sys_enter_bind
sys_enter_socket
sys_enter_setsockopt
sys_enter_bind
sys_enter_close
sys_enter_close
sys_enter_getpid
sys_enter_getppid
sys_enter_mmap
sys_enter_mmap
sys_enter_getppid
sys_enter_openat
sys_enter_pipe2
sys_enter_getpid
sys_enter_clone
sys_enter_setsid
sys_enter_close
sys_enter_read
sys_enter_chdir
sys_enter_execve
sys_enter_close
sys_enter_exit_group
sys_enter_mmap
sys_enter_mmap
sys_enter_mprotect
sys_enter_mmap
sys_enter_mmap
sys_enter_mprotect
sys_enter_mmap
sys_enter_mprotect
sys_enter_mmap
sys_enter_mprotect
sys_enter_mmap
sys_enter_mmap
sys_enter_close
sys_enter_munmap
sys_enter_sched_getaffinity
sys_enter_mmap
sys_enter_munmap
sys_enter_mmap
sys_enter_mmap
sys_enter_mmap
sys_enter_mmap
sys_enter_mmap
sys_enter_mmap
sys_enter_rt_sigprocmask
sys_enter_sigaltstack
sys_enter_sigaltstack
sys_enter_gettid
sys_enter_rt_sigprocmask
sys_enter_rt_sigaction
sys_enter_rt_sigaction
sys_enter_rt_sigaction
sys_enter_rt_sigaction
sys_enter_rt_sigaction
sys_enter_rt_sigaction
sys_enter_rt_sigaction
sys_enter_rt_sigaction
sys_enter_rt_sigaction
sys_enter_rt_sigaction
sys_enter_rt_sigaction
sys_enter_rt_sigaction
sys_enter_rt_sigaction
sys_enter_rt_sigaction
sys_enter_rt_sigaction
sys_enter_rt_sigaction
sys_enter_rt_sigaction
sys_enter_rt_sigaction
sys_enter_rt_sigaction
sys_enter_rt_sigaction
sys_enter_rt_sigaction
sys_enter_rt_sigaction
sys_enter_rt_sigaction
sys_enter_rt_sigaction
sys_enter_rt_sigaction
sys_enter_rt_sigaction
sys_enter_rt_sigaction
sys_enter_rt_sigaction
sys_enter_rt_sigaction
sys_enter_rt_sigaction
sys_enter_rt_sigaction
sys_enter_rt_sigaction
sys_enter_rt_sigaction
sys_enter_rt_sigaction
sys_enter_rt_sigaction
sys_enter_rt_sigaction
sys_enter_rt_sigaction
sys_enter_rt_sigaction
sys_enter_rt_sigaction
sys_enter_rt_sigaction
sys_enter_rt_sigaction
sys_enter_rt_sigaction
sys_enter_rt_sigaction
sys_enter_rt_sigaction
sys_enter_rt_sigaction
sys_enter_rt_sigaction
sys_enter_rt_sigaction
sys_enter_rt_sigaction
sys_enter_rt_sigaction
sys_enter_rt_sigaction
sys_enter_rt_sigaction
sys_enter_rt_sigaction
sys_enter_rt_sigaction
sys_enter_rt_sigaction
sys_enter_rt_sigaction
sys_enter_rt_sigaction
sys_enter_rt_sigaction
sys_enter_rt_sigaction
sys_enter_rt_sigaction
sys_enter_rt_sigaction
sys_enter_rt_sigaction
sys_enter_rt_sigaction
sys_enter_rt_sigaction
sys_enter_rt_sigaction
sys_enter_rt_sigaction
sys_enter_rt_sigaction
sys_enter_rt_sigaction
sys_enter_rt_sigaction
sys_enter_rt_sigaction
sys_enter_rt_sigaction
sys_enter_rt_sigaction
sys_enter_rt_sigaction
sys_enter_rt_sigaction
sys_enter_rt_sigaction
sys_enter_rt_sigaction
sys_enter_rt_sigaction
sys_enter_rt_sigaction
sys_enter_rt_sigaction
sys_enter_rt_sigaction
sys_enter_rt_sigaction
sys_enter_rt_sigaction
sys_enter_rt_sigaction
sys_enter_rt_sigaction
sys_enter_rt_sigaction
sys_enter_rt_sigaction
sys_enter_rt_sigaction
sys_enter_rt_sigaction
sys_enter_rt_sigaction
sys_enter_rt_sigaction
sys_enter_rt_sigaction
sys_enter_rt_sigaction
sys_enter_rt_sigaction
sys_enter_rt_sigaction
sys_enter_rt_sigaction
sys_enter_rt_sigaction
sys_enter_rt_sigaction
sys_enter_rt_sigaction
sys_enter_rt_sigaction
sys_enter_rt_sigaction
sys_enter_rt_sigaction
sys_enter_rt_sigaction
sys_enter_rt_sigaction
sys_enter_rt_sigaction
sys_enter_rt_sigaction
sys_enter_rt_sigaction
sys_enter_rt_sigaction
sys_enter_rt_sigaction
sys_enter_rt_sigaction
sys_enter_rt_sigaction
sys_enter_rt_sigaction
sys_enter_rt_sigaction
sys_enter_rt_sigaction
sys_enter_rt_sigaction
sys_enter_rt_sigaction
sys_enter_rt_sigprocmask
sys_enter_clone
sys_enter_rt_sigprocmask
sys_enter_gettid
sys_enter_sigaltstack
sys_enter_sigaltstack
sys_enter_gettid
sys_enter_rt_sigprocmask
sys_enter_rt_sigprocmask
sys_enter_clone
sys_enter_rt_sigprocmask
sys_enter_gettid
sys_enter_sigaltstack
sys_enter_sigaltstack
sys_enter_gettid
sys_enter_rt_sigprocmask
sys_enter_clone
sys_enter_rt_sigprocmask
sys_enter_rt_sigprocmask
sys_enter_futex
sys_enter_gettid
sys_enter_gettid
sys_enter_sigaltstack
sys_enter_sigaltstack
sys_enter_gettid
sys_enter_rt_sigprocmask
sys_enter_futex
sys_enter_futex
sys_enter_rt_sigprocmask
sys_enter_clone
sys_enter_rt_sigprocmask
sys_enter_futex
sys_enter_mmap
sys_enter_sigaltstack
sys_enter_sigaltstack
sys_enter_gettid
sys_enter_rt_sigprocmask
sys_enter_futex
sys_enter_futex
sys_enter_futex
sys_enter_openat
sys_enter_futex
sys_enter_futex
sys_enter_read
sys_enter_read
sys_enter_close
sys_enter_socket
sys_enter_close
sys_enter_socket
sys_enter_setsockopt
sys_enter_bind
sys_enter_socket
sys_enter_setsockopt
sys_enter_bind
sys_enter_close
sys_enter_close
sys_enter_mmap
sys_enter_getpid
sys_enter_getppid
sys_enter_mmap
sys_enter_mmap
sys_enter_getppid
sys_enter_openat
sys_enter_pipe2
sys_enter_getpid
sys_enter_clone
sys_enter_setsid
sys_enter_close
sys_enter_read
sys_enter_chdir
sys_enter_execve
sys_enter_close
sys_enter_exit_group
sys_enter_mmap
sys_enter_mmap
sys_enter_mprotect
sys_enter_mmap
sys_enter_mmap
sys_enter_mprotect
sys_enter_mmap
sys_enter_mprotect
sys_enter_mmap
sys_enter_mprotect
sys_enter_mmap
sys_enter_mmap
sys_enter_close
sys_enter_munmap
sys_enter_sched_getaffinity
sys_enter_mmap
sys_enter_munmap
sys_enter_mmap
sys_enter_mmap
sys_enter_mmap
sys_enter_mmap
sys_enter_mmap
sys_enter_mmap
sys_enter_rt_sigprocmask
sys_enter_sigaltstack
sys_enter_sigaltstack
sys_enter_gettid
sys_enter_rt_sigprocmask
sys_enter_rt_sigaction
sys_enter_rt_sigaction
sys_enter_rt_sigaction
sys_enter_rt_sigaction
sys_enter_rt_sigaction
sys_enter_rt_sigaction
sys_enter_rt_sigaction
sys_enter_rt_sigaction
sys_enter_rt_sigaction
sys_enter_rt_sigaction
sys_enter_rt_sigaction
sys_enter_rt_sigaction
sys_enter_rt_sigaction
sys_enter_rt_sigaction
sys_enter_rt_sigaction
sys_enter_rt_sigaction
sys_enter_rt_sigaction
sys_enter_rt_sigaction
sys_enter_rt_sigaction
sys_enter_rt_sigaction
sys_enter_rt_sigaction
sys_enter_rt_sigaction
sys_enter_rt_sigaction
sys_enter_rt_sigaction
sys_enter_rt_sigaction
sys_enter_rt_sigaction
sys_enter_rt_sigaction
sys_enter_rt_sigaction
sys_enter_rt_sigaction
sys_enter_rt_sigaction
sys_enter_rt_sigaction
sys_enter_rt_sigaction
sys_enter_rt_sigaction
sys_enter_rt_sigaction
sys_enter_rt_sigaction
sys_enter_rt_sigaction
sys_enter_rt_sigaction
sys_enter_rt_sigaction
sys_enter_rt_sigaction
sys_enter_rt_sigaction
sys_enter_rt_sigaction
sys_enter_rt_sigaction
sys_enter_rt_sigaction
sys_enter_rt_sigaction
sys_enter_rt_sigaction
sys_enter_rt_sigaction
sys_enter_rt_sigaction
sys_enter_rt_sigaction
sys_enter_rt_sigaction
sys_enter_rt_sigaction
sys_enter_rt_sigaction
sys_enter_rt_sigaction
sys_enter_rt_sigaction
sys_enter_rt_sigaction
sys_enter_rt_sigaction
sys_enter_rt_sigaction
sys_enter_rt_sigaction
sys_enter_rt_sigaction
sys_enter_rt_sigaction
sys_enter_rt_sigaction
sys_enter_rt_sigaction
sys_enter_rt_sigaction
sys_enter_rt_sigaction
sys_enter_rt_sigaction
sys_enter_rt_sigaction
sys_enter_rt_sigaction
sys_enter_rt_sigaction
sys_enter_rt_sigaction
sys_enter_rt_sigaction
sys_enter_rt_sigaction
sys_enter_rt_sigaction
sys_enter_rt_sigaction
sys_enter_rt_sigaction
sys_enter_rt_sigaction
sys_enter_rt_sigaction
sys_enter_rt_sigaction
sys_enter_rt_sigaction
sys_enter_rt_sigaction
sys_enter_rt_sigaction
sys_enter_rt_sigaction
sys_enter_rt_sigaction
sys_enter_rt_sigaction
sys_enter_rt_sigaction
sys_enter_rt_sigaction
sys_enter_rt_sigaction
sys_enter_rt_sigaction
sys_enter_rt_sigaction
sys_enter_rt_sigaction
sys_enter_rt_sigaction
sys_enter_rt_sigaction
sys_enter_rt_sigaction
sys_enter_rt_sigaction
sys_enter_rt_sigaction
sys_enter_rt_sigaction
sys_enter_rt_sigaction
sys_enter_rt_sigaction
sys_enter_rt_sigaction
sys_enter_rt_sigaction
sys_enter_rt_sigaction
sys_enter_rt_sigaction
sys_enter_rt_sigaction
sys_enter_rt_sigaction
sys_enter_rt_sigaction
sys_enter_rt_sigaction
sys_enter_rt_sigaction
sys_enter_rt_sigaction
sys_enter_rt_sigaction
sys_enter_rt_sigaction
sys_enter_rt_sigaction
sys_enter_rt_sigaction
sys_enter_rt_sigaction
sys_enter_rt_sigaction
sys_enter_rt_sigaction
sys_enter_rt_sigaction
sys_enter_rt_sigprocmask
sys_enter_clone
sys_enter_rt_sigprocmask
sys_enter_gettid
sys_enter_sigaltstack
sys_enter_sigaltstack
sys_enter_gettid
sys_enter_rt_sigprocmask
sys_enter_rt_sigprocmask
sys_enter_clone
sys_enter_rt_sigprocmask
sys_enter_gettid
sys_enter_rt_sigprocmask
sys_enter_clone
sys_enter_sigaltstack
sys_enter_sigaltstack
sys_enter_gettid
sys_enter_rt_sigprocmask
sys_enter_rt_sigprocmask
sys_enter_futex
sys_enter_gettid
sys_enter_sigaltstack
sys_enter_sigaltstack
sys_enter_gettid
sys_enter_rt_sigprocmask
sys_enter_futex
sys_enter_futex
sys_enter_rt_sigprocmask
sys_enter_clone
sys_enter_rt_sigprocmask
sys_enter_futex
sys_enter_gettid
sys_enter_sigaltstack
sys_enter_sigaltstack
sys_enter_gettid
sys_enter_rt_sigprocmask
sys_enter_futex
sys_enter_futex
sys_enter_mmap
sys_enter_futex
sys_enter_futex
sys_enter_futex
sys_enter_openat
sys_enter_read
sys_enter_read
sys_enter_close
sys_enter_socket
sys_enter_close
sys_enter_socket
sys_enter_setsockopt
sys_enter_bind
sys_enter_socket
sys_enter_setsockopt
sys_enter_bind
sys_enter_close
sys_enter_close
sys_enter_getpid
sys_enter_getppid
sys_enter_mmap
sys_enter_mmap
sys_enter_getppid
sys_enter_openat
sys_enter_pipe2
sys_enter_getpid
sys_enter_clone
sys_enter_setsid
sys_enter_chdir
sys_enter_close
sys_enter_read
sys_enter_execve
sys_enter_close
sys_enter_exit_group
sys_enter_mmap
sys_enter_mmap
sys_enter_mprotect
sys_enter_mmap
sys_enter_mmap
sys_enter_mprotect
sys_enter_mmap
sys_enter_mprotect
sys_enter_mmap
sys_enter_mprotect
sys_enter_mmap
sys_enter_mmap
sys_enter_close
sys_enter_munmap
sys_enter_sched_getaffinity
sys_enter_mmap
sys_enter_munmap
sys_enter_mmap
sys_enter_mmap
sys_enter_mmap
sys_enter_mmap
sys_enter_mmap
sys_enter_mmap
sys_enter_rt_sigprocmask
sys_enter_sigaltstack
sys_enter_sigaltstack
sys_enter_gettid
sys_enter_rt_sigprocmask
sys_enter_rt_sigaction
sys_enter_rt_sigaction
sys_enter_rt_sigaction
sys_enter_rt_sigaction
sys_enter_rt_sigaction
sys_enter_rt_sigaction
sys_enter_rt_sigaction
sys_enter_rt_sigaction
sys_enter_rt_sigaction
sys_enter_rt_sigaction
sys_enter_rt_sigaction
sys_enter_rt_sigaction
sys_enter_rt_sigaction
sys_enter_rt_sigaction
sys_enter_rt_sigaction
sys_enter_rt_sigaction
sys_enter_rt_sigaction
sys_enter_rt_sigaction
sys_enter_rt_sigaction
sys_enter_rt_sigaction
sys_enter_rt_sigaction
sys_enter_rt_sigaction
sys_enter_rt_sigaction
sys_enter_rt_sigaction
sys_enter_rt_sigaction
sys_enter_rt_sigaction
sys_enter_rt_sigaction
sys_enter_rt_sigaction
sys_enter_rt_sigaction
sys_enter_rt_sigaction
sys_enter_rt_sigaction
sys_enter_rt_sigaction
sys_enter_rt_sigaction
sys_enter_rt_sigaction
sys_enter_rt_sigaction
sys_enter_rt_sigaction
sys_enter_rt_sigaction
sys_enter_rt_sigaction
sys_enter_rt_sigaction
sys_enter_rt_sigaction
sys_enter_rt_sigaction
sys_enter_rt_sigaction
sys_enter_rt_sigaction
sys_enter_rt_sigaction
sys_enter_rt_sigaction
sys_enter_rt_sigaction
sys_enter_rt_sigaction
sys_enter_rt_sigaction
sys_enter_rt_sigaction
sys_enter_rt_sigaction
sys_enter_rt_sigaction
sys_enter_rt_sigaction
sys_enter_rt_sigaction
sys_enter_rt_sigaction
sys_enter_rt_sigaction
sys_enter_rt_sigaction
sys_enter_rt_sigaction
sys_enter_rt_sigaction
sys_enter_rt_sigaction
sys_enter_rt_sigaction
sys_enter_rt_sigaction
sys_enter_rt_sigaction
sys_enter_rt_sigaction
sys_enter_rt_sigaction
sys_enter_rt_sigaction
sys_enter_rt_sigaction
sys_enter_rt_sigaction
sys_enter_rt_sigaction
sys_enter_rt_sigaction
sys_enter_rt_sigaction
sys_enter_rt_sigaction
sys_enter_rt_sigaction
sys_enter_rt_sigaction
sys_enter_rt_sigaction
sys_enter_rt_sigaction
sys_enter_rt_sigaction
sys_enter_rt_sigaction
sys_enter_rt_sigaction
sys_enter_rt_sigaction
sys_enter_rt_sigaction
sys_enter_rt_sigaction
sys_enter_rt_sigaction
sys_enter_rt_sigaction
sys_enter_rt_sigaction
sys_enter_rt_sigaction
sys_enter_rt_sigaction
sys_enter_rt_sigaction
sys_enter_rt_sigaction
sys_enter_rt_sigaction
sys_enter_rt_sigaction
sys_enter_rt_sigaction
sys_enter_rt_sigaction
sys_enter_rt_sigaction
sys_enter_rt_sigaction
sys_enter_rt_sigaction
sys_enter_rt_sigaction
sys_enter_rt_sigaction
sys_enter_rt_sigaction
sys_enter_rt_sigaction
sys_enter_rt_sigaction
sys_enter_rt_sigaction
sys_enter_rt_sigaction
sys_enter_rt_sigaction
sys_enter_rt_sigaction
sys_enter_rt_sigaction
sys_enter_rt_sigaction
sys_enter_rt_sigaction
sys_enter_rt_sigaction
sys_enter_rt_sigaction
sys_enter_rt_sigaction
sys_enter_rt_sigaction
sys_enter_rt_sigaction
sys_enter_rt_sigaction
sys_enter_rt_sigaction
sys_enter_rt_sigprocmask
sys_enter_clone
sys_enter_rt_sigprocmask
sys_enter_gettid
sys_enter_sigaltstack
sys_enter_sigaltstack
sys_enter_gettid
sys_enter_rt_sigprocmask
sys_enter_rt_sigprocmask
sys_enter_clone
sys_enter_rt_sigprocmask
sys_enter_gettid
sys_enter_sigaltstack
sys_enter_sigaltstack
sys_enter_gettid
sys_enter_rt_sigprocmask
sys_enter_rt_sigprocmask
sys_enter_clone
sys_enter_rt_sigprocmask
sys_enter_futex
sys_enter_rt_sigprocmask
sys_enter_clone
sys_enter_gettid
sys_enter_sigaltstack
sys_enter_sigaltstack
sys_enter_gettid
sys_enter_rt_sigprocmask
sys_enter_rt_sigprocmask
sys_enter_gettid
sys_enter_futex
sys_enter_futex
sys_enter_sigaltstack
sys_enter_futex
sys_enter_mmap
sys_enter_sigaltstack
sys_enter_gettid
sys_enter_rt_sigprocmask
sys_enter_futex
sys_enter_futex
sys_enter_openat
sys_enter_futex
sys_enter_read
sys_enter_read
sys_enter_close
sys_enter_socket
sys_enter_close
sys_enter_socket
sys_enter_setsockopt
sys_enter_bind
sys_enter_socket
sys_enter_setsockopt
sys_enter_bind
sys_enter_close
sys_enter_close
sys_enter_getpid
sys_enter_getppid
sys_enter_mmap
sys_enter_mmap
sys_enter_getppid
sys_enter_openat
sys_enter_pipe2
sys_enter_getpid
sys_enter_clone
sys_enter_setsid
sys_enter_close
sys_enter_read
sys_enter_chdir
sys_enter_execve
sys_enter_close
sys_enter_mmap
sys_enter_mmap
sys_enter_exit_group
sys_enter_mprotect
sys_enter_mmap
sys_enter_mmap
sys_enter_mprotect
sys_enter_mmap
sys_enter_mprotect
sys_enter_mmap
sys_enter_mprotect
sys_enter_mmap
sys_enter_mmap
sys_enter_close
sys_enter_munmap
sys_enter_sched_getaffinity
sys_enter_mmap
sys_enter_munmap
sys_enter_mmap
sys_enter_mmap
sys_enter_mmap
sys_enter_mmap
sys_enter_mmap
sys_enter_mmap
sys_enter_rt_sigprocmask
sys_enter_sigaltstack
sys_enter_sigaltstack
sys_enter_gettid
sys_enter_rt_sigprocmask
sys_enter_rt_sigaction
sys_enter_rt_sigaction
sys_enter_rt_sigaction
sys_enter_rt_sigaction
sys_enter_rt_sigaction
sys_enter_rt_sigaction
sys_enter_rt_sigaction
sys_enter_rt_sigaction
sys_enter_rt_sigaction
sys_enter_rt_sigaction
sys_enter_rt_sigaction
sys_enter_rt_sigaction
sys_enter_rt_sigaction
sys_enter_rt_sigaction
sys_enter_rt_sigaction
sys_enter_rt_sigaction
sys_enter_rt_sigaction
sys_enter_rt_sigaction
sys_enter_rt_sigaction
sys_enter_rt_sigaction
sys_enter_rt_sigaction
sys_enter_rt_sigaction
sys_enter_rt_sigaction
sys_enter_rt_sigaction
sys_enter_rt_sigaction
sys_enter_rt_sigaction
sys_enter_rt_sigaction
sys_enter_rt_sigaction
sys_enter_rt_sigaction
sys_enter_rt_sigaction
sys_enter_rt_sigaction
sys_enter_rt_sigaction
sys_enter_rt_sigaction
sys_enter_rt_sigaction
sys_enter_rt_sigaction
sys_enter_rt_sigaction
sys_enter_rt_sigaction
sys_enter_rt_sigaction
sys_enter_rt_sigaction
sys_enter_rt_sigaction
sys_enter_rt_sigaction
sys_enter_rt_sigaction
sys_enter_rt_sigaction
sys_enter_rt_sigaction
sys_enter_rt_sigaction
sys_enter_rt_sigaction
sys_enter_rt_sigaction
sys_enter_rt_sigaction
sys_enter_rt_sigaction
sys_enter_rt_sigaction
sys_enter_rt_sigaction
sys_enter_rt_sigaction
sys_enter_rt_sigaction
sys_enter_rt_sigaction
sys_enter_rt_sigaction
sys_enter_rt_sigaction
sys_enter_rt_sigaction
sys_enter_rt_sigaction
sys_enter_rt_sigaction
sys_enter_rt_sigaction
sys_enter_rt_sigaction
sys_enter_rt_sigaction
sys_enter_rt_sigaction
sys_enter_rt_sigaction
sys_enter_rt_sigaction
sys_enter_rt_sigaction
sys_enter_rt_sigaction
sys_enter_rt_sigaction
sys_enter_rt_sigaction
sys_enter_rt_sigaction
sys_enter_rt_sigaction
sys_enter_rt_sigaction
sys_enter_rt_sigaction
sys_enter_rt_sigaction
sys_enter_rt_sigaction
sys_enter_rt_sigaction
sys_enter_rt_sigaction
sys_enter_rt_sigaction
sys_enter_rt_sigaction
sys_enter_rt_sigaction
sys_enter_rt_sigaction
sys_enter_rt_sigaction
sys_enter_rt_sigaction
sys_enter_rt_sigaction
sys_enter_rt_sigaction
sys_enter_rt_sigaction
sys_enter_rt_sigaction
sys_enter_rt_sigaction
sys_enter_rt_sigaction
sys_enter_rt_sigaction
sys_enter_rt_sigaction
sys_enter_rt_sigaction
sys_enter_rt_sigaction
sys_enter_rt_sigaction
sys_enter_rt_sigaction
sys_enter_rt_sigaction
sys_enter_rt_sigaction
sys_enter_rt_sigaction
sys_enter_rt_sigaction
sys_enter_rt_sigaction
sys_enter_rt_sigaction
sys_enter_rt_sigaction
sys_enter_rt_sigaction
sys_enter_rt_sigaction
sys_enter_rt_sigaction
sys_enter_rt_sigaction
sys_enter_rt_sigaction
sys_enter_rt_sigaction
sys_enter_rt_sigaction
sys_enter_rt_sigaction
sys_enter_rt_sigaction
sys_enter_rt_sigaction
sys_enter_rt_sigaction
sys_enter_rt_sigaction
sys_enter_rt_sigprocmask
sys_enter_clone
sys_enter_rt_sigprocmask
sys_enter_gettid
sys_enter_sigaltstack
sys_enter_sigaltstack
sys_enter_gettid
sys_enter_rt_sigprocmask
sys_enter_rt_sigprocmask
sys_enter_clone
sys_enter_rt_sigprocmask
sys_enter_gettid
sys_enter_sigaltstack
sys_enter_sigaltstack
sys_enter_gettid
sys_enter_rt_sigprocmask
sys_enter_rt_sigprocmask
sys_enter_clone
sys_enter_rt_sigprocmask
sys_enter_futex
sys_enter_rt_sigprocmask
sys_enter_clone
sys_enter_rt_sigprocmask
sys_enter_futex
sys_enter_gettid
sys_enter_sigaltstack
sys_enter_sigaltstack
sys_enter_gettid
sys_enter_rt_sigprocmask
sys_enter_futex
sys_enter_gettid
sys_enter_futex
sys_enter_sigaltstack
sys_enter_sigaltstack
sys_enter_gettid
sys_enter_rt_sigprocmask
sys_enter_futex
sys_enter_futex
sys_enter_mmap
sys_enter_futex
sys_enter_futex
sys_enter_futex
sys_enter_openat
sys_enter_read
sys_enter_read
sys_enter_close
sys_enter_socket
sys_enter_close
sys_enter_socket
sys_enter_setsockopt
sys_enter_bind
sys_enter_socket
sys_enter_setsockopt
sys_enter_bind
sys_enter_close
sys_enter_close
sys_enter_getpid
sys_enter_getppid
sys_enter_mmap
sys_enter_mmap
sys_enter_getppid
sys_enter_openat
sys_enter_pipe2
sys_enter_getpid
sys_enter_clone
sys_enter_setsid
sys_enter_close
sys_enter_read
sys_enter_chdir
sys_enter_execve
sys_enter_close
sys_enter_exit_group
sys_enter_mmap
sys_enter_mmap
sys_enter_mprotect
sys_enter_mmap
sys_enter_mmap
sys_enter_mprotect
sys_enter_mmap
sys_enter_mprotect
sys_enter_mmap
sys_enter_mprotect
sys_enter_mmap
sys_enter_mmap
sys_enter_close
sys_enter_munmap
sys_enter_sched_getaffinity
sys_enter_mmap
sys_enter_munmap
sys_enter_mmap
sys_enter_mmap
sys_enter_mmap
sys_enter_mmap
sys_enter_mmap
sys_enter_mmap
sys_enter_rt_sigprocmask
sys_enter_sigaltstack
sys_enter_sigaltstack
sys_enter_gettid
sys_enter_rt_sigprocmask
sys_enter_rt_sigaction
sys_enter_rt_sigaction
sys_enter_rt_sigaction
sys_enter_rt_sigaction
sys_enter_rt_sigaction
sys_enter_rt_sigaction
sys_enter_rt_sigaction
sys_enter_rt_sigaction
sys_enter_rt_sigaction
sys_enter_rt_sigaction
sys_enter_rt_sigaction
sys_enter_rt_sigaction
sys_enter_rt_sigaction
sys_enter_rt_sigaction
sys_enter_rt_sigaction
sys_enter_rt_sigaction
sys_enter_rt_sigaction
sys_enter_rt_sigaction
sys_enter_rt_sigaction
sys_enter_rt_sigaction
sys_enter_rt_sigaction
sys_enter_rt_sigaction
sys_enter_rt_sigaction
sys_enter_rt_sigaction
sys_enter_rt_sigaction
sys_enter_rt_sigaction
sys_enter_rt_sigaction
sys_enter_rt_sigaction
sys_enter_rt_sigaction
sys_enter_rt_sigaction
sys_enter_rt_sigaction
sys_enter_rt_sigaction
sys_enter_rt_sigaction
sys_enter_rt_sigaction
sys_enter_rt_sigaction
sys_enter_rt_sigaction
sys_enter_rt_sigaction
sys_enter_rt_sigaction
sys_enter_rt_sigaction
sys_enter_rt_sigaction
sys_enter_rt_sigaction
sys_enter_rt_sigaction
sys_enter_rt_sigaction
sys_enter_rt_sigaction
sys_enter_rt_sigaction
sys_enter_rt_sigaction
sys_enter_rt_sigaction
sys_enter_rt_sigaction
sys_enter_rt_sigaction
sys_enter_rt_sigaction
sys_enter_rt_sigaction
sys_enter_rt_sigaction
sys_enter_rt_sigaction
sys_enter_rt_sigaction
sys_enter_rt_sigaction
sys_enter_rt_sigaction
sys_enter_rt_sigaction
sys_enter_rt_sigaction
sys_enter_rt_sigaction
sys_enter_rt_sigaction
sys_enter_rt_sigaction
sys_enter_rt_sigaction
sys_enter_rt_sigaction
sys_enter_rt_sigaction
sys_enter_rt_sigaction
sys_enter_rt_sigaction
sys_enter_rt_sigaction
sys_enter_rt_sigaction
sys_enter_rt_sigaction
sys_enter_rt_sigaction
sys_enter_rt_sigaction
sys_enter_rt_sigaction
sys_enter_rt_sigaction
sys_enter_rt_sigaction
sys_enter_rt_sigaction
sys_enter_rt_sigaction
sys_enter_rt_sigaction
sys_enter_rt_sigaction
sys_enter_rt_sigaction
sys_enter_rt_sigaction
sys_enter_rt_sigaction
sys_enter_rt_sigaction
sys_enter_rt_sigaction
sys_enter_rt_sigaction
sys_enter_rt_sigaction
sys_enter_rt_sigaction
sys_enter_rt_sigaction
sys_enter_rt_sigaction
sys_enter_rt_sigaction
sys_enter_rt_sigaction
sys_enter_rt_sigaction
sys_enter_rt_sigaction
sys_enter_rt_sigaction
sys_enter_rt_sigaction
sys_enter_rt_sigaction
sys_enter_rt_sigaction
sys_enter_rt_sigaction
sys_enter_rt_sigaction
sys_enter_rt_sigaction
sys_enter_rt_sigaction
sys_enter_rt_sigaction
sys_enter_rt_sigaction
sys_enter_rt_sigaction
sys_enter_rt_sigaction
sys_enter_rt_sigaction
sys_enter_rt_sigaction
sys_enter_rt_sigaction
sys_enter_rt_sigaction
sys_enter_rt_sigaction
sys_enter_rt_sigaction
sys_enter_rt_sigaction
sys_enter_rt_sigaction
sys_enter_rt_sigaction
sys_enter_rt_sigaction
sys_enter_rt_sigprocmask
sys_enter_clone
sys_enter_rt_sigprocmask
sys_enter_gettid
sys_enter_sigaltstack
sys_enter_sigaltstack
sys_enter_gettid
sys_enter_rt_sigprocmask
sys_enter_rt_sigprocmask
sys_enter_clone
sys_enter_rt_sigprocmask
sys_enter_gettid
sys_enter_sigaltstack
sys_enter_sigaltstack
sys_enter_gettid
sys_enter_rt_sigprocmask
sys_enter_rt_sigprocmask
sys_enter_clone
sys_enter_rt_sigprocmask
sys_enter_futex
sys_enter_rt_sigprocmask
sys_enter_clone
sys_enter_rt_sigprocmask
sys_enter_gettid
sys_enter_sigaltstack
sys_enter_sigaltstack
sys_enter_gettid
sys_enter_rt_sigprocmask
sys_enter_futex
sys_enter_futex
sys_enter_gettid
sys_enter_futex
sys_enter_sigaltstack
sys_enter_sigaltstack
sys_enter_gettid
sys_enter_rt_sigprocmask
sys_enter_futex
sys_enter_futex
sys_enter_mmap
sys_enter_futex
sys_enter_futex
sys_enter_futex
sys_enter_futex
sys_enter_openat
sys_enter_futex
sys_enter_read
sys_enter_read
sys_enter_close
sys_enter_socket
sys_enter_close
sys_enter_socket
sys_enter_setsockopt
sys_enter_bind
sys_enter_socket
sys_enter_setsockopt
sys_enter_bind
sys_enter_close
sys_enter_close
sys_enter_getpid
sys_enter_getppid
sys_enter_mmap
sys_enter_mmap
sys_enter_getppid
sys_enter_openat
sys_enter_pipe2
sys_enter_getpid
sys_enter_clone
sys_enter_setsid
sys_enter_close
sys_enter_read
sys_enter_chdir
sys_enter_execve
sys_enter_close
sys_enter_exit_group
sys_enter_mmap
sys_enter_mmap
sys_enter_mprotect
sys_enter_mmap
sys_enter_mmap
sys_enter_mprotect
sys_enter_mmap
sys_enter_mprotect
sys_enter_mmap
sys_enter_mprotect
sys_enter_mmap
sys_enter_mmap
sys_enter_close
sys_enter_munmap
sys_enter_sched_getaffinity
sys_enter_mmap
sys_enter_munmap
sys_enter_mmap
sys_enter_mmap
sys_enter_mmap
sys_enter_mmap
sys_enter_mmap
sys_enter_mmap
sys_enter_rt_sigprocmask
sys_enter_sigaltstack
sys_enter_sigaltstack
sys_enter_gettid
sys_enter_rt_sigprocmask
sys_enter_rt_sigaction
sys_enter_rt_sigaction
sys_enter_rt_sigaction
sys_enter_rt_sigaction
sys_enter_rt_sigaction
sys_enter_rt_sigaction
sys_enter_rt_sigaction
sys_enter_rt_sigaction
sys_enter_rt_sigaction
sys_enter_rt_sigaction
sys_enter_rt_sigaction
sys_enter_rt_sigaction
sys_enter_rt_sigaction
sys_enter_rt_sigaction
sys_enter_rt_sigaction
sys_enter_rt_sigaction
sys_enter_rt_sigaction
sys_enter_rt_sigaction
sys_enter_rt_sigaction
sys_enter_rt_sigaction
sys_enter_rt_sigaction
sys_enter_rt_sigaction
sys_enter_rt_sigaction
sys_enter_rt_sigaction
sys_enter_rt_sigaction
sys_enter_rt_sigaction
sys_enter_rt_sigaction
sys_enter_rt_sigaction
sys_enter_rt_sigaction
sys_enter_rt_sigaction
sys_enter_rt_sigaction
sys_enter_rt_sigaction
sys_enter_rt_sigaction
sys_enter_rt_sigaction
sys_enter_rt_sigaction
sys_enter_rt_sigaction
sys_enter_rt_sigaction
sys_enter_rt_sigaction
sys_enter_rt_sigaction
sys_enter_rt_sigaction
sys_enter_rt_sigaction
sys_enter_rt_sigaction
sys_enter_rt_sigaction
sys_enter_rt_sigaction
sys_enter_rt_sigaction
sys_enter_rt_sigaction
sys_enter_rt_sigaction
sys_enter_rt_sigaction
sys_enter_rt_sigaction
sys_enter_rt_sigaction
sys_enter_rt_sigaction
sys_enter_rt_sigaction
sys_enter_rt_sigaction
sys_enter_rt_sigaction
sys_enter_rt_sigaction
sys_enter_rt_sigaction
sys_enter_rt_sigaction
sys_enter_rt_sigaction
sys_enter_rt_sigaction
sys_enter_rt_sigaction
sys_enter_rt_sigaction
sys_enter_rt_sigaction
sys_enter_rt_sigaction
sys_enter_rt_sigaction
sys_enter_rt_sigaction
sys_enter_rt_sigaction
sys_enter_rt_sigaction
sys_enter_rt_sigaction
sys_enter_rt_sigaction
sys_enter_rt_sigaction
sys_enter_rt_sigaction
sys_enter_rt_sigaction
sys_enter_rt_sigaction
sys_enter_rt_sigaction
sys_enter_rt_sigaction
sys_enter_rt_sigaction
sys_enter_rt_sigaction
sys_enter_rt_sigaction
sys_enter_rt_sigaction
sys_enter_rt_sigaction
sys_enter_rt_sigaction
sys_enter_rt_sigaction
sys_enter_rt_sigaction
sys_enter_rt_sigaction
sys_enter_rt_sigaction
sys_enter_rt_sigaction
sys_enter_rt_sigaction
sys_enter_rt_sigaction
sys_enter_rt_sigaction
sys_enter_rt_sigaction
sys_enter_rt_sigaction
sys_enter_rt_sigaction
sys_enter_rt_sigaction
sys_enter_rt_sigaction
sys_enter_rt_sigaction
sys_enter_rt_sigaction
sys_enter_rt_sigaction
sys_enter_rt_sigaction
sys_enter_rt_sigaction
sys_enter_rt_sigaction
sys_enter_rt_sigaction
sys_enter_rt_sigaction
sys_enter_rt_sigaction
sys_enter_rt_sigaction
sys_enter_rt_sigaction
sys_enter_rt_sigaction
sys_enter_rt_sigaction
sys_enter_rt_sigaction
sys_enter_rt_sigaction
sys_enter_rt_sigaction
sys_enter_rt_sigaction
sys_enter_rt_sigaction
sys_enter_rt_sigaction
sys_enter_rt_sigaction
sys_enter_rt_sigprocmask
sys_enter_clone
sys_enter_rt_sigprocmask
sys_enter_gettid
sys_enter_sigaltstack
sys_enter_sigaltstack
sys_enter_gettid
sys_enter_rt_sigprocmask
sys_enter_rt_sigprocmask
sys_enter_clone
sys_enter_rt_sigprocmask
sys_enter_gettid
sys_enter_sigaltstack
sys_enter_sigaltstack
sys_enter_rt_sigprocmask
sys_enter_clone
sys_enter_gettid
sys_enter_rt_sigprocmask
sys_enter_rt_sigprocmask
sys_enter_sched_yield
sys_enter_futex
sys_enter_gettid
sys_enter_sigaltstack
sys_enter_sigaltstack
sys_enter_gettid
sys_enter_futex
sys_enter_rt_sigprocmask
sys_enter_futex
sys_enter_futex
sys_enter_futex
sys_enter_rt_sigprocmask
sys_enter_clone
sys_enter_rt_sigprocmask
sys_enter_futex
sys_enter_gettid
sys_enter_sigaltstack
sys_enter_sigaltstack
sys_enter_gettid
sys_enter_rt_sigprocmask
sys_enter_futex
sys_enter_futex
sys_enter_mmap
sys_enter_futex
sys_enter_futex
sys_enter_futex
sys_enter_openat
sys_enter_futex
sys_enter_futex
sys_enter_read
sys_enter_read
sys_enter_close
sys_enter_socket
sys_enter_close
sys_enter_socket
sys_enter_setsockopt
sys_enter_bind
sys_enter_socket
sys_enter_setsockopt
sys_enter_bind
sys_enter_close
sys_enter_close
sys_enter_getpid
sys_enter_getppid
sys_enter_mmap
sys_enter_mmap
sys_enter_getppid
sys_enter_openat
sys_enter_pipe2
sys_enter_getpid
sys_enter_clone
sys_enter_setsid
sys_enter_close
sys_enter_read
sys_enter_chdir
sys_enter_execve
sys_enter_close
sys_enter_mmap
sys_enter_exit_group
sys_enter_mmap
sys_enter_mprotect
sys_enter_mmap
sys_enter_mmap
sys_enter_mprotect
sys_enter_mmap
sys_enter_mprotect
sys_enter_mmap
sys_enter_mprotect
sys_enter_mmap
sys_enter_mmap
sys_enter_close
sys_enter_munmap
sys_enter_sched_getaffinity
sys_enter_mmap
sys_enter_munmap
sys_enter_mmap
sys_enter_mmap
sys_enter_mmap
sys_enter_mmap
sys_enter_mmap
sys_enter_mmap
sys_enter_rt_sigprocmask
sys_enter_sigaltstack
sys_enter_sigaltstack
sys_enter_gettid
sys_enter_rt_sigprocmask
sys_enter_rt_sigaction
sys_enter_rt_sigaction
sys_enter_rt_sigaction
sys_enter_rt_sigaction
sys_enter_rt_sigaction
sys_enter_rt_sigaction
sys_enter_rt_sigaction
sys_enter_rt_sigaction
sys_enter_rt_sigaction
sys_enter_rt_sigaction
sys_enter_rt_sigaction
sys_enter_rt_sigaction
sys_enter_rt_sigaction
sys_enter_rt_sigaction
sys_enter_rt_sigaction
sys_enter_rt_sigaction
sys_enter_rt_sigaction
sys_enter_rt_sigaction
sys_enter_rt_sigaction
sys_enter_rt_sigaction
sys_enter_rt_sigaction
sys_enter_rt_sigaction
sys_enter_rt_sigaction
sys_enter_rt_sigaction
sys_enter_rt_sigaction
sys_enter_rt_sigaction
sys_enter_rt_sigaction
sys_enter_rt_sigaction
sys_enter_rt_sigaction
sys_enter_rt_sigaction
sys_enter_rt_sigaction
sys_enter_rt_sigaction
sys_enter_rt_sigaction
sys_enter_rt_sigaction
sys_enter_rt_sigaction
sys_enter_rt_sigaction
sys_enter_rt_sigaction
sys_enter_rt_sigaction
sys_enter_rt_sigaction
sys_enter_rt_sigaction
sys_enter_rt_sigaction
sys_enter_rt_sigaction
sys_enter_rt_sigaction
sys_enter_rt_sigaction
sys_enter_rt_sigaction
sys_enter_rt_sigaction
sys_enter_rt_sigaction
sys_enter_rt_sigaction
sys_enter_rt_sigaction
sys_enter_rt_sigaction
sys_enter_rt_sigaction
sys_enter_rt_sigaction
sys_enter_rt_sigaction
sys_enter_rt_sigaction
sys_enter_rt_sigaction
sys_enter_rt_sigaction
sys_enter_rt_sigaction
sys_enter_rt_sigaction
sys_enter_rt_sigaction
sys_enter_rt_sigaction
sys_enter_rt_sigaction
sys_enter_rt_sigaction
sys_enter_rt_sigaction
sys_enter_rt_sigaction
sys_enter_rt_sigaction
sys_enter_rt_sigaction
sys_enter_rt_sigaction
sys_enter_rt_sigaction
sys_enter_rt_sigaction
sys_enter_rt_sigaction
sys_enter_rt_sigaction
sys_enter_rt_sigaction
sys_enter_rt_sigaction
sys_enter_rt_sigaction
sys_enter_rt_sigaction
sys_enter_rt_sigaction
sys_enter_rt_sigaction
sys_enter_rt_sigaction
sys_enter_rt_sigaction
sys_enter_rt_sigaction
sys_enter_rt_sigaction
sys_enter_rt_sigaction
sys_enter_rt_sigaction
sys_enter_rt_sigaction
sys_enter_rt_sigaction
sys_enter_rt_sigaction
sys_enter_rt_sigaction
sys_enter_rt_sigaction
sys_enter_rt_sigaction
sys_enter_rt_sigaction
sys_enter_rt_sigaction
sys_enter_rt_sigaction
sys_enter_rt_sigaction
sys_enter_rt_sigaction
sys_enter_rt_sigaction
sys_enter_rt_sigaction
sys_enter_rt_sigaction
sys_enter_rt_sigaction
sys_enter_rt_sigaction
sys_enter_rt_sigaction
sys_enter_rt_sigaction
sys_enter_rt_sigaction
sys_enter_rt_sigaction
sys_enter_rt_sigaction
sys_enter_rt_sigaction
sys_enter_rt_sigaction
sys_enter_rt_sigaction
sys_enter_rt_sigaction
sys_enter_rt_sigaction
sys_enter_rt_sigaction
sys_enter_rt_sigaction
sys_enter_rt_sigaction
sys_enter_rt_sigaction
sys_enter_rt_sigaction
sys_enter_rt_sigprocmask
sys_enter_clone
sys_enter_rt_sigprocmask
sys_enter_gettid
sys_enter_sigaltstack
sys_enter_sigaltstack
sys_enter_gettid
sys_enter_rt_sigprocmask
sys_enter_rt_sigprocmask
sys_enter_clone
sys_enter_rt_sigprocmask
sys_enter_gettid
sys_enter_sigaltstack
sys_enter_sigaltstack
sys_enter_gettid
sys_enter_rt_sigprocmask
sys_enter_rt_sigprocmask
sys_enter_clone
sys_enter_rt_sigprocmask
sys_enter_clone
sys_enter_rt_sigprocmask
sys_enter_rt_sigprocmask
sys_enter_futex
sys_enter_gettid
sys_enter_sigaltstack
sys_enter_sigaltstack
sys_enter_gettid
sys_enter_rt_sigprocmask
sys_enter_futex
sys_enter_futex
sys_enter_futex
sys_enter_gettid
sys_enter_sigaltstack
sys_enter_sigaltstack
sys_enter_gettid
sys_enter_rt_sigprocmask
sys_enter_futex
sys_enter_futex
sys_enter_mmap
sys_enter_futex
sys_enter_futex
sys_enter_futex
sys_enter_openat
sys_enter_read
sys_enter_read
sys_enter_close
sys_enter_socket
sys_enter_close
sys_enter_socket
sys_enter_setsockopt
sys_enter_bind
sys_enter_socket
sys_enter_setsockopt
sys_enter_bind
sys_enter_close
sys_enter_close
sys_enter_getpid
sys_enter_getppid
sys_enter_mmap
sys_enter_mmap
sys_enter_getppid
sys_enter_openat
sys_enter_pipe2
sys_enter_getpid
sys_enter_clone
sys_enter_setsid
sys_enter_close
sys_enter_read
sys_enter_chdir
sys_enter_execve
sys_enter_close
sys_enter_exit_group
sys_enter_mmap
sys_enter_mmap
sys_enter_mprotect
sys_enter_mmap
sys_enter_mmap
sys_enter_mprotect
sys_enter_mmap
sys_enter_mprotect
sys_enter_mmap
sys_enter_mprotect
sys_enter_mmap
sys_enter_mmap
sys_enter_close
sys_enter_munmap
sys_enter_sched_getaffinity
sys_enter_mmap
sys_enter_munmap
sys_enter_mmap
sys_enter_mmap
sys_enter_mmap
sys_enter_mmap
sys_enter_mmap
sys_enter_mmap
sys_enter_rt_sigprocmask
sys_enter_sigaltstack
sys_enter_sigaltstack
sys_enter_gettid
sys_enter_rt_sigprocmask
sys_enter_rt_sigaction
sys_enter_rt_sigaction
sys_enter_rt_sigaction
sys_enter_rt_sigaction
sys_enter_rt_sigaction
sys_enter_rt_sigaction
sys_enter_rt_sigaction
sys_enter_rt_sigaction
sys_enter_rt_sigaction
sys_enter_rt_sigaction
sys_enter_rt_sigaction
sys_enter_rt_sigaction
sys_enter_rt_sigaction
sys_enter_rt_sigaction
sys_enter_rt_sigaction
sys_enter_rt_sigaction
sys_enter_rt_sigaction
sys_enter_rt_sigaction
sys_enter_rt_sigaction
sys_enter_rt_sigaction
sys_enter_rt_sigaction
sys_enter_rt_sigaction
sys_enter_rt_sigaction
sys_enter_rt_sigaction
sys_enter_rt_sigaction
sys_enter_rt_sigaction
sys_enter_rt_sigaction
sys_enter_rt_sigaction
sys_enter_rt_sigaction
sys_enter_rt_sigaction
sys_enter_rt_sigaction
sys_enter_rt_sigaction
sys_enter_rt_sigaction
sys_enter_rt_sigaction
sys_enter_rt_sigaction
sys_enter_rt_sigaction
sys_enter_rt_sigaction
sys_enter_rt_sigaction
sys_enter_rt_sigaction
sys_enter_rt_sigaction
sys_enter_rt_sigaction
sys_enter_rt_sigaction
sys_enter_rt_sigaction
sys_enter_rt_sigaction
sys_enter_rt_sigaction
sys_enter_rt_sigaction
sys_enter_rt_sigaction
sys_enter_rt_sigaction
sys_enter_rt_sigaction
sys_enter_rt_sigaction
sys_enter_rt_sigaction
sys_enter_rt_sigaction
sys_enter_rt_sigaction
sys_enter_rt_sigaction
sys_enter_rt_sigaction
sys_enter_rt_sigaction
sys_enter_rt_sigaction
sys_enter_rt_sigaction
sys_enter_rt_sigaction
sys_enter_rt_sigaction
sys_enter_rt_sigaction
sys_enter_rt_sigaction
sys_enter_rt_sigaction
sys_enter_rt_sigaction
sys_enter_rt_sigaction
sys_enter_rt_sigaction
sys_enter_rt_sigaction
sys_enter_rt_sigaction
sys_enter_rt_sigaction
sys_enter_rt_sigaction
sys_enter_rt_sigaction
sys_enter_rt_sigaction
sys_enter_rt_sigaction
sys_enter_rt_sigaction
sys_enter_rt_sigaction
sys_enter_rt_sigaction
sys_enter_rt_sigaction
sys_enter_rt_sigaction
sys_enter_rt_sigaction
sys_enter_rt_sigaction
sys_enter_rt_sigaction
sys_enter_rt_sigaction
sys_enter_rt_sigaction
sys_enter_rt_sigaction
sys_enter_rt_sigaction
sys_enter_rt_sigaction
sys_enter_rt_sigaction
sys_enter_rt_sigaction
sys_enter_rt_sigaction
sys_enter_rt_sigaction
sys_enter_rt_sigaction
sys_enter_rt_sigaction
sys_enter_rt_sigaction
sys_enter_rt_sigaction
sys_enter_rt_sigaction
sys_enter_rt_sigaction
sys_enter_rt_sigaction
sys_enter_rt_sigaction
sys_enter_rt_sigaction
sys_enter_rt_sigaction
sys_enter_rt_sigaction
sys_enter_rt_sigaction
sys_enter_rt_sigaction
sys_enter_rt_sigaction
sys_enter_rt_sigaction
sys_enter_rt_sigaction
sys_enter_rt_sigaction
sys_enter_rt_sigaction
sys_enter_rt_sigaction
sys_enter_rt_sigaction
sys_enter_rt_sigaction
sys_enter_rt_sigaction
sys_enter_rt_sigaction
sys_enter_rt_sigaction
sys_enter_rt_sigprocmask
sys_enter_clone
sys_enter_rt_sigprocmask
sys_enter_gettid
sys_enter_sigaltstack
sys_enter_sigaltstack
sys_enter_gettid
sys_enter_rt_sigprocmask
sys_enter_rt_sigprocmask
sys_enter_clone
sys_enter_rt_sigprocmask
sys_enter_gettid
sys_enter_sigaltstack
sys_enter_sigaltstack
sys_enter_gettid
sys_enter_rt_sigprocmask
sys_enter_rt_sigprocmask
sys_enter_clone
sys_enter_rt_sigprocmask
sys_enter_futex
sys_enter_rt_sigprocmask
sys_enter_clone
sys_enter_rt_sigprocmask
sys_enter_futex
sys_enter_gettid
sys_enter_sigaltstack
sys_enter_sigaltstack
sys_enter_gettid
sys_enter_rt_sigprocmask
sys_enter_futex
sys_enter_futex
sys_enter_gettid
sys_enter_sigaltstack
sys_enter_sigaltstack
sys_enter_gettid
sys_enter_rt_sigprocmask
sys_enter_futex
sys_enter_futex
sys_enter_mmap
sys_enter_futex
sys_enter_futex
sys_enter_futex
sys_enter_openat
sys_enter_read
sys_enter_read
sys_enter_close
sys_enter_socket
sys_enter_close
sys_enter_socket
sys_enter_setsockopt
sys_enter_bind
sys_enter_socket
sys_enter_setsockopt
sys_enter_bind
sys_enter_close
sys_enter_close
sys_enter_getpid
sys_enter_getppid
sys_enter_mmap
sys_enter_mmap
sys_enter_getppid
sys_enter_openat
sys_enter_pipe2
sys_enter_getpid
sys_enter_clone
sys_enter_setsid
sys_enter_close
sys_enter_read
sys_enter_chdir
sys_enter_execve
sys_enter_close
sys_enter_exit_group
sys_enter_mmap
sys_enter_mmap
sys_enter_mprotect
sys_enter_mmap
sys_enter_mmap
sys_enter_mprotect
sys_enter_mmap
sys_enter_mprotect
sys_enter_mmap
sys_enter_mprotect
sys_enter_mmap
sys_enter_mmap
sys_enter_close
sys_enter_munmap
sys_enter_sched_getaffinity
sys_enter_mmap
sys_enter_munmap
sys_enter_mmap
sys_enter_mmap
sys_enter_mmap
sys_enter_mmap
sys_enter_mmap
sys_enter_mmap
sys_enter_rt_sigprocmask
sys_enter_sigaltstack
sys_enter_sigaltstack
sys_enter_gettid
sys_enter_rt_sigprocmask
sys_enter_rt_sigaction
sys_enter_rt_sigaction
sys_enter_rt_sigaction
sys_enter_rt_sigaction
sys_enter_rt_sigaction
sys_enter_rt_sigaction
sys_enter_rt_sigaction
sys_enter_rt_sigaction
sys_enter_rt_sigaction
sys_enter_rt_sigaction
sys_enter_rt_sigaction
sys_enter_rt_sigaction
sys_enter_rt_sigaction
sys_enter_rt_sigaction
sys_enter_rt_sigaction
sys_enter_rt_sigaction
sys_enter_rt_sigaction
sys_enter_rt_sigaction
sys_enter_rt_sigaction
sys_enter_rt_sigaction
sys_enter_rt_sigaction
sys_enter_rt_sigaction
sys_enter_rt_sigaction
sys_enter_rt_sigaction
sys_enter_rt_sigaction
sys_enter_rt_sigaction
sys_enter_rt_sigaction
sys_enter_rt_sigaction
sys_enter_rt_sigaction
sys_enter_rt_sigaction
sys_enter_rt_sigaction
sys_enter_rt_sigaction
sys_enter_rt_sigaction
sys_enter_rt_sigaction
sys_enter_rt_sigaction
sys_enter_rt_sigaction
sys_enter_rt_sigaction
sys_enter_rt_sigaction
sys_enter_rt_sigaction
sys_enter_rt_sigaction
sys_enter_rt_sigaction
sys_enter_rt_sigaction
sys_enter_rt_sigaction
sys_enter_rt_sigaction
sys_enter_rt_sigaction
sys_enter_rt_sigaction
sys_enter_rt_sigaction
sys_enter_rt_sigaction
sys_enter_rt_sigaction
sys_enter_rt_sigaction
sys_enter_rt_sigaction
sys_enter_rt_sigaction
sys_enter_rt_sigaction
sys_enter_rt_sigaction
sys_enter_rt_sigaction
sys_enter_rt_sigaction
sys_enter_rt_sigaction
sys_enter_rt_sigaction
sys_enter_rt_sigaction
sys_enter_rt_sigaction
sys_enter_rt_sigaction
sys_enter_rt_sigaction
sys_enter_rt_sigaction
sys_enter_rt_sigaction
sys_enter_rt_sigaction
sys_enter_rt_sigaction
sys_enter_rt_sigaction
sys_enter_rt_sigaction
sys_enter_rt_sigaction
sys_enter_rt_sigaction
sys_enter_rt_sigaction
sys_enter_rt_sigaction
sys_enter_rt_sigaction
sys_enter_rt_sigaction
sys_enter_rt_sigaction
sys_enter_rt_sigaction
sys_enter_rt_sigaction
sys_enter_rt_sigaction
sys_enter_rt_sigaction
sys_enter_rt_sigaction
sys_enter_rt_sigaction
sys_enter_rt_sigaction
sys_enter_rt_sigaction
sys_enter_rt_sigaction
sys_enter_rt_sigaction
sys_enter_rt_sigaction
sys_enter_rt_sigaction
sys_enter_rt_sigaction
sys_enter_rt_sigaction
sys_enter_rt_sigaction
sys_enter_rt_sigaction
sys_enter_rt_sigaction
sys_enter_rt_sigaction
sys_enter_rt_sigaction
sys_enter_rt_sigaction
sys_enter_rt_sigaction
sys_enter_rt_sigaction
sys_enter_rt_sigaction
sys_enter_rt_sigaction
sys_enter_rt_sigaction
sys_enter_rt_sigaction
sys_enter_rt_sigaction
sys_enter_rt_sigaction
sys_enter_rt_sigaction
sys_enter_rt_sigaction
sys_enter_rt_sigaction
sys_enter_rt_sigaction
sys_enter_rt_sigaction
sys_enter_rt_sigaction
sys_enter_rt_sigaction
sys_enter_rt_sigaction
sys_enter_rt_sigaction
sys_enter_rt_sigaction
sys_enter_rt_sigaction
sys_enter_rt_sigprocmask
sys_enter_clone
sys_enter_rt_sigprocmask
sys_enter_gettid
sys_enter_sigaltstack
sys_enter_sigaltstack
sys_enter_gettid
sys_enter_rt_sigprocmask
sys_enter_clone
sys_enter_rt_sigprocmask
sys_enter_rt_sigprocmask
sys_enter_gettid
sys_enter_sigaltstack
sys_enter_sigaltstack
sys_enter_gettid
sys_enter_rt_sigprocmask
sys_enter_rt_sigprocmask
sys_enter_clone
sys_enter_rt_sigprocmask
sys_enter_rt_sigprocmask
sys_enter_clone
sys_enter_rt_sigprocmask
sys_enter_futex
sys_enter_gettid
sys_enter_sigaltstack
sys_enter_sigaltstack
sys_enter_gettid
sys_enter_rt_sigprocmask
sys_enter_gettid
sys_enter_sigaltstack
sys_enter_sigaltstack
sys_enter_futex
sys_enter_gettid
sys_enter_rt_sigprocmask
sys_enter_futex
sys_enter_futex
sys_enter_futex
sys_enter_futex
sys_enter_mmap
sys_enter_futex
sys_enter_futex
sys_enter_futex
sys_enter_openat
sys_enter_read
sys_enter_read
sys_enter_close
sys_enter_socket
sys_enter_close
sys_enter_socket
sys_enter_setsockopt
sys_enter_bind
sys_enter_socket
sys_enter_setsockopt
sys_enter_bind
sys_enter_close
sys_enter_close
sys_enter_getpid
sys_enter_getppid
sys_enter_mmap
sys_enter_mmap
sys_enter_getppid
sys_enter_openat
sys_enter_pipe2
sys_enter_getpid
sys_enter_clone
sys_enter_setsid
sys_enter_close
sys_enter_read
sys_enter_chdir
sys_enter_execve
sys_enter_close
sys_enter_mmap
sys_enter_exit_group
sys_enter_mmap
sys_enter_mprotect
sys_enter_mmap
sys_enter_mmap
sys_enter_mprotect
sys_enter_mmap
sys_enter_mprotect
sys_enter_mmap
sys_enter_mprotect
sys_enter_mmap
sys_enter_mmap
sys_enter_close
sys_enter_munmap
sys_enter_sched_getaffinity
sys_enter_mmap
sys_enter_munmap
sys_enter_mmap
sys_enter_mmap
sys_enter_mmap
sys_enter_mmap
sys_enter_mmap
sys_enter_mmap
sys_enter_rt_sigprocmask
sys_enter_sigaltstack
sys_enter_sigaltstack
sys_enter_gettid
sys_enter_rt_sigprocmask
sys_enter_rt_sigaction
sys_enter_rt_sigaction
sys_enter_rt_sigaction
sys_enter_rt_sigaction
sys_enter_rt_sigaction
sys_enter_rt_sigaction
sys_enter_rt_sigaction
sys_enter_rt_sigaction
sys_enter_rt_sigaction
sys_enter_rt_sigaction
sys_enter_rt_sigaction
sys_enter_rt_sigaction
sys_enter_rt_sigaction
sys_enter_rt_sigaction
sys_enter_rt_sigaction
sys_enter_rt_sigaction
sys_enter_rt_sigaction
sys_enter_rt_sigaction
sys_enter_rt_sigaction
sys_enter_rt_sigaction
sys_enter_rt_sigaction
sys_enter_rt_sigaction
sys_enter_rt_sigaction
sys_enter_rt_sigaction
sys_enter_rt_sigaction
sys_enter_rt_sigaction
sys_enter_rt_sigaction
sys_enter_rt_sigaction
sys_enter_rt_sigaction
sys_enter_rt_sigaction
sys_enter_rt_sigaction
sys_enter_rt_sigaction
sys_enter_rt_sigaction
sys_enter_rt_sigaction
sys_enter_rt_sigaction
sys_enter_rt_sigaction
sys_enter_rt_sigaction
sys_enter_rt_sigaction
sys_enter_rt_sigaction
sys_enter_rt_sigaction
sys_enter_rt_sigaction
sys_enter_rt_sigaction
sys_enter_rt_sigaction
sys_enter_rt_sigaction
sys_enter_rt_sigaction
sys_enter_rt_sigaction
sys_enter_rt_sigaction
sys_enter_rt_sigaction
sys_enter_rt_sigaction
sys_enter_rt_sigaction
sys_enter_rt_sigaction
sys_enter_rt_sigaction
sys_enter_rt_sigaction
sys_enter_rt_sigaction
sys_enter_rt_sigaction
sys_enter_rt_sigaction
sys_enter_rt_sigaction
sys_enter_rt_sigaction
sys_enter_rt_sigaction
sys_enter_rt_sigaction
sys_enter_rt_sigaction
sys_enter_rt_sigaction
sys_enter_rt_sigaction
sys_enter_rt_sigaction
sys_enter_rt_sigaction
sys_enter_rt_sigaction
sys_enter_rt_sigaction
sys_enter_rt_sigaction
sys_enter_rt_sigaction
sys_enter_rt_sigaction
sys_enter_rt_sigaction
sys_enter_rt_sigaction
sys_enter_rt_sigaction
sys_enter_rt_sigaction
sys_enter_rt_sigaction
sys_enter_rt_sigaction
sys_enter_rt_sigaction
sys_enter_rt_sigaction
sys_enter_rt_sigaction
sys_enter_rt_sigaction
sys_enter_rt_sigaction
sys_enter_rt_sigaction
sys_enter_rt_sigaction
sys_enter_rt_sigaction
sys_enter_rt_sigaction
sys_enter_rt_sigaction
sys_enter_rt_sigaction
sys_enter_rt_sigaction
sys_enter_rt_sigaction
sys_enter_rt_sigaction
sys_enter_rt_sigaction
sys_enter_rt_sigaction
sys_enter_rt_sigaction
sys_enter_rt_sigaction
sys_enter_rt_sigaction
sys_enter_rt_sigaction
sys_enter_rt_sigaction
sys_enter_rt_sigaction
sys_enter_rt_sigaction
sys_enter_rt_sigaction
sys_enter_rt_sigaction
sys_enter_rt_sigaction
sys_enter_rt_sigaction
sys_enter_rt_sigaction
sys_enter_rt_sigaction
sys_enter_rt_sigaction
sys_enter_rt_sigaction
sys_enter_rt_sigaction
sys_enter_rt_sigaction
sys_enter_rt_sigaction
sys_enter_rt_sigaction
sys_enter_rt_sigaction
sys_enter_rt_sigaction
sys_enter_rt_sigaction
sys_enter_rt_sigprocmask
sys_enter_clone
sys_enter_rt_sigprocmask
sys_enter_gettid
sys_enter_sigaltstack
sys_enter_sigaltstack
sys_enter_gettid
sys_enter_rt_sigprocmask
sys_enter_rt_sigprocmask
sys_enter_clone
sys_enter_rt_sigprocmask
sys_enter_gettid
sys_enter_sigaltstack
sys_enter_sigaltstack
sys_enter_gettid
sys_enter_rt_sigprocmask
sys_enter_rt_sigprocmask
sys_enter_clone
sys_enter_rt_sigprocmask
sys_enter_clone
sys_enter_rt_sigprocmask
sys_enter_gettid
sys_enter_sigaltstack
sys_enter_sigaltstack
sys_enter_gettid
sys_enter_rt_sigprocmask
sys_enter_rt_sigprocmask
sys_enter_futex
sys_enter_gettid
sys_enter_sigaltstack
sys_enter_sigaltstack
sys_enter_gettid
sys_enter_rt_sigprocmask
sys_enter_futex
sys_enter_futex
sys_enter_futex
sys_enter_futex
sys_enter_futex
sys_enter_mmap
sys_enter_futex
sys_enter_futex
sys_enter_futex
sys_enter_openat
sys_enter_read
sys_enter_read
sys_enter_close
sys_enter_socket
sys_enter_close
sys_enter_socket
sys_enter_setsockopt
sys_enter_bind
sys_enter_socket
sys_enter_setsockopt
sys_enter_bind
sys_enter_close
sys_enter_close
sys_enter_getpid
sys_enter_getppid
sys_enter_mmap
sys_enter_mmap
sys_enter_getppid
sys_enter_openat
sys_enter_pipe2
sys_enter_getpid
sys_enter_clone
sys_enter_setsid
sys_enter_close
sys_enter_read
sys_enter_chdir
sys_enter_execve
sys_enter_close
sys_enter_exit_group
sys_enter_mmap
sys_enter_mmap
sys_enter_mprotect
sys_enter_mmap
sys_enter_mmap
sys_enter_mprotect
sys_enter_mmap
sys_enter_mprotect
sys_enter_mmap
sys_enter_mprotect
sys_enter_mmap
sys_enter_mmap
sys_enter_close
sys_enter_munmap
sys_enter_sched_getaffinity
sys_enter_mmap
sys_enter_munmap
sys_enter_mmap
sys_enter_mmap
sys_enter_mmap
sys_enter_mmap
sys_enter_mmap
sys_enter_mmap
sys_enter_rt_sigprocmask
sys_enter_sigaltstack
sys_enter_sigaltstack
sys_enter_gettid
sys_enter_rt_sigprocmask
sys_enter_rt_sigaction
sys_enter_rt_sigaction
sys_enter_rt_sigaction
sys_enter_rt_sigaction
sys_enter_rt_sigaction
sys_enter_rt_sigaction
sys_enter_rt_sigaction
sys_enter_rt_sigaction
sys_enter_rt_sigaction
sys_enter_rt_sigaction
sys_enter_rt_sigaction
sys_enter_rt_sigaction
sys_enter_rt_sigaction
sys_enter_rt_sigaction
sys_enter_rt_sigaction
sys_enter_rt_sigaction
sys_enter_rt_sigaction
sys_enter_rt_sigaction
sys_enter_rt_sigaction
sys_enter_rt_sigaction
sys_enter_rt_sigaction
sys_enter_rt_sigaction
sys_enter_rt_sigaction
sys_enter_rt_sigaction
sys_enter_rt_sigaction
sys_enter_rt_sigaction
sys_enter_rt_sigaction
sys_enter_rt_sigaction
sys_enter_rt_sigaction
sys_enter_rt_sigaction
sys_enter_rt_sigaction
sys_enter_rt_sigaction
sys_enter_rt_sigaction
sys_enter_rt_sigaction
sys_enter_rt_sigaction
sys_enter_rt_sigaction
sys_enter_rt_sigaction
sys_enter_rt_sigaction
sys_enter_rt_sigaction
sys_enter_rt_sigaction
sys_enter_rt_sigaction
sys_enter_rt_sigaction
sys_enter_rt_sigaction
sys_enter_rt_sigaction
sys_enter_rt_sigaction
sys_enter_rt_sigaction
sys_enter_rt_sigaction
sys_enter_rt_sigaction
sys_enter_rt_sigaction
sys_enter_rt_sigaction
sys_enter_rt_sigaction
sys_enter_rt_sigaction
sys_enter_rt_sigaction
sys_enter_rt_sigaction
sys_enter_rt_sigaction
sys_enter_rt_sigaction
sys_enter_rt_sigaction
sys_enter_rt_sigaction
sys_enter_rt_sigaction
sys_enter_rt_sigaction
sys_enter_rt_sigaction
sys_enter_rt_sigaction
sys_enter_rt_sigaction
sys_enter_rt_sigaction
sys_enter_rt_sigaction
sys_enter_rt_sigaction
sys_enter_rt_sigaction
sys_enter_rt_sigaction
sys_enter_rt_sigaction
sys_enter_rt_sigaction
sys_enter_rt_sigaction
sys_enter_rt_sigaction
sys_enter_rt_sigaction
sys_enter_rt_sigaction
sys_enter_rt_sigaction
sys_enter_rt_sigaction
sys_enter_rt_sigaction
sys_enter_rt_sigaction
sys_enter_rt_sigaction
sys_enter_rt_sigaction
sys_enter_rt_sigaction
sys_enter_rt_sigaction
sys_enter_rt_sigaction
sys_enter_rt_sigaction
sys_enter_rt_sigaction
sys_enter_rt_sigaction
sys_enter_rt_sigaction
sys_enter_rt_sigaction
sys_enter_rt_sigaction
sys_enter_rt_sigaction
sys_enter_rt_sigaction
sys_enter_rt_sigaction
sys_enter_rt_sigaction
sys_enter_rt_sigaction
sys_enter_rt_sigaction
sys_enter_rt_sigaction
sys_enter_rt_sigaction
sys_enter_rt_sigaction
sys_enter_rt_sigaction
sys_enter_rt_sigaction
sys_enter_rt_sigaction
sys_enter_rt_sigaction
sys_enter_rt_sigaction
sys_enter_rt_sigaction
sys_enter_rt_sigaction
sys_enter_rt_sigaction
sys_enter_rt_sigaction
sys_enter_rt_sigaction
sys_enter_rt_sigaction
sys_enter_rt_sigaction
sys_enter_rt_sigaction
sys_enter_rt_sigaction
sys_enter_rt_sigaction
sys_enter_rt_sigaction
sys_enter_rt_sigprocmask
sys_enter_clone
sys_enter_rt_sigprocmask
sys_enter_gettid
sys_enter_sigaltstack
sys_enter_sigaltstack
sys_enter_gettid
sys_enter_rt_sigprocmask
sys_enter_rt_sigprocmask
sys_enter_clone
sys_enter_rt_sigprocmask
sys_enter_gettid
sys_enter_sigaltstack
sys_enter_sigaltstack
sys_enter_gettid
sys_enter_rt_sigprocmask
sys_enter_rt_sigprocmask
sys_enter_clone
sys_enter_rt_sigprocmask
sys_enter_sched_yield
sys_enter_futex
sys_enter_futex
sys_enter_gettid
sys_enter_sigaltstack
sys_enter_sigaltstack
sys_enter_gettid
sys_enter_rt_sigprocmask
sys_enter_futex
sys_enter_futex
sys_enter_futex
sys_enter_rt_sigprocmask
sys_enter_clone
sys_enter_rt_sigprocmask
sys_enter_futex
sys_enter_gettid
sys_enter_sigaltstack
sys_enter_sigaltstack
sys_enter_gettid
sys_enter_rt_sigprocmask
sys_enter_futex
sys_enter_futex
sys_enter_mmap
sys_enter_futex
sys_enter_futex
sys_enter_futex
sys_enter_openat
sys_enter_read
sys_enter_read
sys_enter_close
sys_enter_socket
sys_enter_close
sys_enter_socket
sys_enter_setsockopt
sys_enter_bind
sys_enter_socket
sys_enter_setsockopt
sys_enter_bind
sys_enter_close
sys_enter_close
sys_enter_getpid
sys_enter_getppid
sys_enter_mmap
sys_enter_mmap
sys_enter_getppid
sys_enter_openat
sys_enter_pipe2
sys_enter_getpid
sys_enter_clone
sys_enter_setsid
sys_enter_close
sys_enter_read
sys_enter_chdir
sys_enter_execve
sys_enter_close
sys_enter_exit_group
sys_enter_mmap
sys_enter_mmap
sys_enter_mprotect
sys_enter_mmap
sys_enter_mmap
sys_enter_mprotect
sys_enter_mmap
sys_enter_mprotect
sys_enter_mmap
sys_enter_mprotect
sys_enter_mmap
sys_enter_mmap
sys_enter_close
sys_enter_munmap
sys_enter_sched_getaffinity
sys_enter_mmap
sys_enter_munmap
sys_enter_mmap
sys_enter_mmap
sys_enter_mmap
sys_enter_mmap
sys_enter_mmap
sys_enter_mmap
sys_enter_rt_sigprocmask
sys_enter_sigaltstack
sys_enter_sigaltstack
sys_enter_gettid
sys_enter_rt_sigprocmask
sys_enter_rt_sigaction
sys_enter_rt_sigaction
sys_enter_rt_sigaction
sys_enter_rt_sigaction
sys_enter_rt_sigaction
sys_enter_rt_sigaction
sys_enter_rt_sigaction
sys_enter_rt_sigaction
sys_enter_rt_sigaction
sys_enter_rt_sigaction
sys_enter_rt_sigaction
sys_enter_rt_sigaction
sys_enter_rt_sigaction
sys_enter_rt_sigaction
sys_enter_rt_sigaction
sys_enter_rt_sigaction
sys_enter_rt_sigaction
sys_enter_rt_sigaction
sys_enter_rt_sigaction
sys_enter_rt_sigaction
sys_enter_rt_sigaction
sys_enter_rt_sigaction
sys_enter_rt_sigaction
sys_enter_rt_sigaction
sys_enter_rt_sigaction
sys_enter_rt_sigaction
sys_enter_rt_sigaction
sys_enter_rt_sigaction
sys_enter_rt_sigaction
sys_enter_rt_sigaction
sys_enter_rt_sigaction
sys_enter_rt_sigaction
sys_enter_rt_sigaction
sys_enter_rt_sigaction
sys_enter_rt_sigaction
sys_enter_rt_sigaction
sys_enter_rt_sigaction
sys_enter_rt_sigaction
sys_enter_rt_sigaction
sys_enter_rt_sigaction
sys_enter_rt_sigaction
sys_enter_rt_sigaction
sys_enter_rt_sigaction
sys_enter_rt_sigaction
sys_enter_rt_sigaction
sys_enter_rt_sigaction
sys_enter_rt_sigaction
sys_enter_rt_sigaction
sys_enter_rt_sigaction
sys_enter_rt_sigaction
sys_enter_rt_sigaction
sys_enter_rt_sigaction
sys_enter_rt_sigaction
sys_enter_rt_sigaction
sys_enter_rt_sigaction
sys_enter_rt_sigaction
sys_enter_rt_sigaction
sys_enter_rt_sigaction
sys_enter_rt_sigaction
sys_enter_rt_sigaction
sys_enter_rt_sigaction
sys_enter_rt_sigaction
sys_enter_rt_sigaction
sys_enter_rt_sigaction
sys_enter_rt_sigaction
sys_enter_rt_sigaction
sys_enter_rt_sigaction
sys_enter_rt_sigaction
sys_enter_rt_sigaction
sys_enter_rt_sigaction
sys_enter_rt_sigaction
sys_enter_rt_sigaction
sys_enter_rt_sigaction
sys_enter_rt_sigaction
sys_enter_rt_sigaction
sys_enter_rt_sigaction
sys_enter_rt_sigaction
sys_enter_rt_sigaction
sys_enter_rt_sigaction
sys_enter_rt_sigaction
sys_enter_rt_sigaction
sys_enter_rt_sigaction
sys_enter_rt_sigaction
sys_enter_rt_sigaction
sys_enter_rt_sigaction
sys_enter_rt_sigaction
sys_enter_rt_sigaction
sys_enter_rt_sigaction
sys_enter_rt_sigaction
sys_enter_rt_sigaction
sys_enter_rt_sigaction
sys_enter_rt_sigaction
sys_enter_rt_sigaction
sys_enter_rt_sigaction
sys_enter_rt_sigaction
sys_enter_rt_sigaction
sys_enter_rt_sigaction
sys_enter_rt_sigaction
sys_enter_rt_sigaction
sys_enter_rt_sigaction
sys_enter_rt_sigaction
sys_enter_rt_sigaction
sys_enter_rt_sigaction
sys_enter_rt_sigaction
sys_enter_rt_sigaction
sys_enter_rt_sigaction
sys_enter_rt_sigaction
sys_enter_rt_sigaction
sys_enter_rt_sigaction
sys_enter_rt_sigaction
sys_enter_rt_sigaction
sys_enter_rt_sigaction
sys_enter_rt_sigaction
sys_enter_rt_sigaction
sys_enter_rt_sigprocmask
sys_enter_clone
sys_enter_rt_sigprocmask
sys_enter_gettid
sys_enter_sigaltstack
sys_enter_sigaltstack
sys_enter_gettid
sys_enter_rt_sigprocmask
sys_enter_rt_sigprocmask
sys_enter_clone
sys_enter_rt_sigprocmask
sys_enter_gettid
sys_enter_sigaltstack
sys_enter_sigaltstack
sys_enter_gettid
sys_enter_rt_sigprocmask
sys_enter_clone
sys_enter_rt_sigprocmask
sys_enter_rt_sigprocmask
sys_enter_futex
sys_enter_rt_sigprocmask
sys_enter_clone
sys_enter_gettid
sys_enter_rt_sigprocmask
sys_enter_sigaltstack
sys_enter_sigaltstack
sys_enter_gettid
sys_enter_rt_sigprocmask
sys_enter_gettid
sys_enter_futex
sys_enter_sigaltstack
sys_enter_sigaltstack
sys_enter_gettid
sys_enter_rt_sigprocmask
sys_enter_futex
sys_enter_futex
sys_enter_futex
sys_enter_mmap
sys_enter_futex
sys_enter_futex
sys_enter_futex
sys_enter_openat
sys_enter_read
sys_enter_read
sys_enter_close
sys_enter_socket
sys_enter_close
sys_enter_socket
sys_enter_setsockopt
sys_enter_bind
sys_enter_socket
sys_enter_setsockopt
sys_enter_bind
sys_enter_close
sys_enter_close
sys_enter_futex
sys_enter_getpid
sys_enter_getppid
sys_enter_mmap
sys_enter_mmap
sys_enter_getppid
sys_enter_openat
sys_enter_pipe2
sys_enter_getpid
sys_enter_clone
sys_enter_setsid
sys_enter_close
sys_enter_read
sys_enter_chdir
sys_enter_execve
sys_enter_close
sys_enter_mmap
sys_enter_exit_group
sys_enter_mmap
sys_enter_mprotect
sys_enter_mmap
sys_enter_mmap
sys_enter_mprotect
sys_enter_mmap
sys_enter_mprotect
sys_enter_mmap
sys_enter_mprotect
sys_enter_mmap
sys_enter_mmap
sys_enter_close
sys_enter_munmap
sys_enter_sched_getaffinity
sys_enter_mmap
sys_enter_munmap
sys_enter_mmap
sys_enter_mmap
sys_enter_mmap
sys_enter_mmap
sys_enter_mmap
sys_enter_mmap
sys_enter_rt_sigprocmask
sys_enter_sigaltstack
sys_enter_sigaltstack
sys_enter_gettid
sys_enter_rt_sigprocmask
sys_enter_rt_sigaction
sys_enter_rt_sigaction
sys_enter_rt_sigaction
sys_enter_rt_sigaction
sys_enter_rt_sigaction
sys_enter_rt_sigaction
sys_enter_rt_sigaction
sys_enter_rt_sigaction
sys_enter_rt_sigaction
sys_enter_rt_sigaction
sys_enter_rt_sigaction
sys_enter_rt_sigaction
sys_enter_rt_sigaction
sys_enter_rt_sigaction
sys_enter_rt_sigaction
sys_enter_rt_sigaction
sys_enter_rt_sigaction
sys_enter_rt_sigaction
sys_enter_rt_sigaction
sys_enter_rt_sigaction
sys_enter_rt_sigaction
sys_enter_rt_sigaction
sys_enter_rt_sigaction
sys_enter_rt_sigaction
sys_enter_rt_sigaction
sys_enter_rt_sigaction
sys_enter_rt_sigaction
sys_enter_rt_sigaction
sys_enter_rt_sigaction
sys_enter_rt_sigaction
sys_enter_rt_sigaction
sys_enter_rt_sigaction
sys_enter_rt_sigaction
sys_enter_rt_sigaction
sys_enter_rt_sigaction
sys_enter_rt_sigaction
sys_enter_rt_sigaction
sys_enter_rt_sigaction
sys_enter_rt_sigaction
sys_enter_rt_sigaction
sys_enter_rt_sigaction
sys_enter_rt_sigaction
sys_enter_rt_sigaction
sys_enter_rt_sigaction
sys_enter_rt_sigaction
sys_enter_rt_sigaction
sys_enter_rt_sigaction
sys_enter_rt_sigaction
sys_enter_rt_sigaction
sys_enter_rt_sigaction
sys_enter_rt_sigaction
sys_enter_rt_sigaction
sys_enter_rt_sigaction
sys_enter_rt_sigaction
sys_enter_rt_sigaction
sys_enter_rt_sigaction
sys_enter_rt_sigaction
sys_enter_rt_sigaction
sys_enter_rt_sigaction
sys_enter_rt_sigaction
sys_enter_rt_sigaction
sys_enter_rt_sigaction
sys_enter_rt_sigaction
sys_enter_rt_sigaction
sys_enter_rt_sigaction
sys_enter_rt_sigaction
sys_enter_rt_sigaction
sys_enter_rt_sigaction
sys_enter_rt_sigaction
sys_enter_rt_sigaction
sys_enter_rt_sigaction
sys_enter_rt_sigaction
sys_enter_rt_sigaction
sys_enter_rt_sigaction
sys_enter_rt_sigaction
sys_enter_rt_sigaction
sys_enter_rt_sigaction
sys_enter_rt_sigaction
sys_enter_rt_sigaction
sys_enter_rt_sigaction
sys_enter_rt_sigaction
sys_enter_rt_sigaction
sys_enter_rt_sigaction
sys_enter_rt_sigaction
sys_enter_rt_sigaction
sys_enter_rt_sigaction
sys_enter_rt_sigaction
sys_enter_rt_sigaction
sys_enter_rt_sigaction
sys_enter_rt_sigaction
sys_enter_rt_sigaction
sys_enter_rt_sigaction
sys_enter_rt_sigaction
sys_enter_rt_sigaction
sys_enter_rt_sigaction
sys_enter_rt_sigaction
sys_enter_rt_sigaction
sys_enter_rt_sigaction
sys_enter_rt_sigaction
sys_enter_rt_sigaction
sys_enter_rt_sigaction
sys_enter_rt_sigaction
sys_enter_rt_sigaction
sys_enter_rt_sigaction
sys_enter_rt_sigaction
sys_enter_rt_sigaction
sys_enter_rt_sigaction
sys_enter_rt_sigaction
sys_enter_rt_sigaction
sys_enter_rt_sigaction
sys_enter_rt_sigaction
sys_enter_rt_sigaction
sys_enter_rt_sigaction
sys_enter_rt_sigaction
sys_enter_rt_sigprocmask
sys_enter_clone
sys_enter_rt_sigprocmask
sys_enter_gettid
sys_enter_sigaltstack
sys_enter_sigaltstack
sys_enter_gettid
sys_enter_rt_sigprocmask
sys_enter_rt_sigprocmask
sys_enter_clone
sys_enter_rt_sigprocmask
sys_enter_gettid
sys_enter_sigaltstack
sys_enter_sigaltstack
sys_enter_gettid
sys_enter_rt_sigprocmask
sys_enter_rt_sigprocmask
sys_enter_clone
sys_enter_rt_sigprocmask
sys_enter_futex
sys_enter_gettid
sys_enter_rt_sigprocmask
sys_enter_clone
sys_enter_sigaltstack
sys_enter_sigaltstack
sys_enter_gettid
sys_enter_rt_sigprocmask
sys_enter_rt_sigprocmask
sys_enter_futex
sys_enter_gettid
sys_enter_futex
sys_enter_futex
sys_enter_sigaltstack
sys_enter_sigaltstack
sys_enter_gettid
sys_enter_rt_sigprocmask
sys_enter_futex
sys_enter_futex
sys_enter_mmap
sys_enter_futex
sys_enter_futex
sys_enter_futex
sys_enter_openat
sys_enter_read
sys_enter_read
sys_enter_close
sys_enter_socket
sys_enter_close
sys_enter_socket
sys_enter_setsockopt
sys_enter_bind
sys_enter_socket
sys_enter_setsockopt
sys_enter_bind
sys_enter_close
sys_enter_close
sys_enter_getpid
sys_enter_getppid
sys_enter_mmap
sys_enter_mmap
sys_enter_getppid
sys_enter_openat
sys_enter_pipe2
sys_enter_getpid
sys_enter_clone
sys_enter_setsid
sys_enter_close
sys_enter_read
sys_enter_chdir
sys_enter_execve
sys_enter_close
sys_enter_exit_group
sys_enter_mmap
sys_enter_mmap
sys_enter_mprotect
sys_enter_mmap
sys_enter_mmap
sys_enter_mprotect
sys_enter_mmap
sys_enter_mprotect
sys_enter_mmap
sys_enter_mprotect
sys_enter_mmap
sys_enter_mmap
sys_enter_close
sys_enter_munmap
sys_enter_sched_getaffinity
sys_enter_mmap
sys_enter_munmap
sys_enter_mmap
sys_enter_mmap
sys_enter_mmap
sys_enter_mmap
sys_enter_mmap
sys_enter_mmap
sys_enter_rt_sigprocmask
sys_enter_sigaltstack
sys_enter_sigaltstack
sys_enter_gettid
sys_enter_rt_sigprocmask
sys_enter_rt_sigaction
sys_enter_rt_sigaction
sys_enter_rt_sigaction
sys_enter_rt_sigaction
sys_enter_rt_sigaction
sys_enter_rt_sigaction
sys_enter_rt_sigaction
sys_enter_rt_sigaction
sys_enter_rt_sigaction
sys_enter_rt_sigaction
sys_enter_rt_sigaction
sys_enter_rt_sigaction
sys_enter_rt_sigaction
sys_enter_rt_sigaction
sys_enter_rt_sigaction
sys_enter_rt_sigaction
sys_enter_rt_sigaction
sys_enter_rt_sigaction
sys_enter_rt_sigaction
sys_enter_rt_sigaction
sys_enter_rt_sigaction
sys_enter_rt_sigaction
sys_enter_rt_sigaction
sys_enter_rt_sigaction
sys_enter_rt_sigaction
sys_enter_rt_sigaction
sys_enter_rt_sigaction
sys_enter_rt_sigaction
sys_enter_rt_sigaction
sys_enter_rt_sigaction
sys_enter_rt_sigaction
sys_enter_rt_sigaction
sys_enter_rt_sigaction
sys_enter_rt_sigaction
sys_enter_rt_sigaction
sys_enter_rt_sigaction
sys_enter_rt_sigaction
sys_enter_rt_sigaction
sys_enter_rt_sigaction
sys_enter_rt_sigaction
sys_enter_rt_sigaction
sys_enter_rt_sigaction
sys_enter_rt_sigaction
sys_enter_rt_sigaction
sys_enter_rt_sigaction
sys_enter_rt_sigaction
sys_enter_rt_sigaction
sys_enter_rt_sigaction
sys_enter_rt_sigaction
sys_enter_rt_sigaction
sys_enter_rt_sigaction
sys_enter_rt_sigaction
sys_enter_rt_sigaction
sys_enter_rt_sigaction
sys_enter_rt_sigaction
sys_enter_rt_sigaction
sys_enter_rt_sigaction
sys_enter_rt_sigaction
sys_enter_rt_sigaction
sys_enter_rt_sigaction
sys_enter_rt_sigaction
sys_enter_rt_sigaction
sys_enter_rt_sigaction
sys_enter_rt_sigaction
sys_enter_rt_sigaction
sys_enter_rt_sigaction
sys_enter_rt_sigaction
sys_enter_rt_sigaction
sys_enter_rt_sigaction
sys_enter_rt_sigaction
sys_enter_rt_sigaction
sys_enter_rt_sigaction
sys_enter_rt_sigaction
sys_enter_rt_sigaction
sys_enter_rt_sigaction
sys_enter_rt_sigaction
sys_enter_rt_sigaction
sys_enter_rt_sigaction
sys_enter_rt_sigaction
sys_enter_rt_sigaction
sys_enter_rt_sigaction
sys_enter_rt_sigaction
sys_enter_rt_sigaction
sys_enter_rt_sigaction
sys_enter_rt_sigaction
sys_enter_rt_sigaction
sys_enter_rt_sigaction
sys_enter_rt_sigaction
sys_enter_rt_sigaction
sys_enter_rt_sigaction
sys_enter_rt_sigaction
sys_enter_rt_sigaction
sys_enter_rt_sigaction
sys_enter_rt_sigaction
sys_enter_rt_sigaction
sys_enter_rt_sigaction
sys_enter_rt_sigaction
sys_enter_rt_sigaction
sys_enter_rt_sigaction
sys_enter_rt_sigaction
sys_enter_rt_sigaction
sys_enter_rt_sigaction
sys_enter_rt_sigaction
sys_enter_rt_sigaction
sys_enter_rt_sigaction
sys_enter_rt_sigaction
sys_enter_rt_sigaction
sys_enter_rt_sigaction
sys_enter_rt_sigaction
sys_enter_rt_sigaction
sys_enter_rt_sigaction
sys_enter_rt_sigaction
sys_enter_rt_sigaction
sys_enter_rt_sigaction
sys_enter_rt_sigprocmask
sys_enter_clone
sys_enter_rt_sigprocmask
sys_enter_gettid
sys_enter_sigaltstack
sys_enter_sigaltstack
sys_enter_gettid
sys_enter_rt_sigprocmask
sys_enter_rt_sigprocmask
sys_enter_clone
sys_enter_rt_sigprocmask
sys_enter_gettid
sys_enter_sigaltstack
sys_enter_sigaltstack
sys_enter_rt_sigprocmask
sys_enter_clone
sys_enter_gettid
sys_enter_rt_sigprocmask
sys_enter_rt_sigprocmask
sys_enter_futex
sys_enter_gettid
sys_enter_sigaltstack
sys_enter_sigaltstack
sys_enter_rt_sigprocmask
sys_enter_gettid
sys_enter_clone
sys_enter_rt_sigprocmask
sys_enter_futex
sys_enter_futex
sys_enter_rt_sigprocmask
sys_enter_futex
sys_enter_gettid
sys_enter_sigaltstack
sys_enter_sigaltstack
sys_enter_gettid
sys_enter_rt_sigprocmask
sys_enter_futex
sys_enter_futex
sys_enter_mmap
sys_enter_futex
sys_enter_futex
sys_enter_futex
sys_enter_openat
sys_enter_read
sys_enter_read
sys_enter_close
sys_enter_socket
sys_enter_close
sys_enter_socket
sys_enter_setsockopt
sys_enter_bind
sys_enter_socket
sys_enter_setsockopt
sys_enter_bind
sys_enter_close
sys_enter_close
sys_enter_getpid
sys_enter_getppid
sys_enter_mmap
sys_enter_mmap
sys_enter_getppid
sys_enter_openat
sys_enter_pipe2
sys_enter_getpid
sys_enter_clone
sys_enter_setsid
sys_enter_close
sys_enter_read
sys_enter_chdir
sys_enter_execve
sys_enter_close
sys_enter_exit_group
sys_enter_mmap
sys_enter_mmap
sys_enter_mprotect
sys_enter_mmap
sys_enter_mmap
sys_enter_mprotect
sys_enter_mmap
sys_enter_mprotect
sys_enter_mmap
sys_enter_mprotect
sys_enter_mmap
sys_enter_mmap
sys_enter_close
sys_enter_munmap
sys_enter_sched_getaffinity
sys_enter_mmap
sys_enter_munmap
sys_enter_mmap
sys_enter_mmap
sys_enter_mmap
sys_enter_mmap
sys_enter_mmap
sys_enter_mmap
sys_enter_rt_sigprocmask
sys_enter_sigaltstack
sys_enter_sigaltstack
sys_enter_gettid
sys_enter_rt_sigprocmask
sys_enter_rt_sigaction
sys_enter_rt_sigaction
sys_enter_rt_sigaction
sys_enter_rt_sigaction
sys_enter_rt_sigaction
sys_enter_rt_sigaction
sys_enter_rt_sigaction
sys_enter_rt_sigaction
sys_enter_rt_sigaction
sys_enter_rt_sigaction
sys_enter_rt_sigaction
sys_enter_rt_sigaction
sys_enter_rt_sigaction
sys_enter_rt_sigaction
sys_enter_rt_sigaction
sys_enter_rt_sigaction
sys_enter_rt_sigaction
sys_enter_rt_sigaction
sys_enter_rt_sigaction
sys_enter_rt_sigaction
sys_enter_rt_sigaction
sys_enter_rt_sigaction
sys_enter_rt_sigaction
sys_enter_rt_sigaction
sys_enter_rt_sigaction
sys_enter_rt_sigaction
sys_enter_rt_sigaction
sys_enter_rt_sigaction
sys_enter_rt_sigaction
sys_enter_rt_sigaction
sys_enter_rt_sigaction
sys_enter_rt_sigaction
sys_enter_rt_sigaction
sys_enter_rt_sigaction
sys_enter_rt_sigaction
sys_enter_rt_sigaction
sys_enter_rt_sigaction
sys_enter_rt_sigaction
sys_enter_rt_sigaction
sys_enter_rt_sigaction
sys_enter_rt_sigaction
sys_enter_rt_sigaction
sys_enter_rt_sigaction
sys_enter_rt_sigaction
sys_enter_rt_sigaction
sys_enter_rt_sigaction
sys_enter_rt_sigaction
sys_enter_rt_sigaction
sys_enter_rt_sigaction
sys_enter_rt_sigaction
sys_enter_rt_sigaction
sys_enter_rt_sigaction
sys_enter_rt_sigaction
sys_enter_rt_sigaction
sys_enter_rt_sigaction
sys_enter_rt_sigaction
sys_enter_rt_sigaction
sys_enter_rt_sigaction
sys_enter_rt_sigaction
sys_enter_rt_sigaction
sys_enter_rt_sigaction
sys_enter_rt_sigaction
sys_enter_rt_sigaction
sys_enter_rt_sigaction
sys_enter_rt_sigaction
sys_enter_rt_sigaction
sys_enter_rt_sigaction
sys_enter_rt_sigaction
sys_enter_rt_sigaction
sys_enter_rt_sigaction
sys_enter_rt_sigaction
sys_enter_rt_sigaction
sys_enter_rt_sigaction
sys_enter_rt_sigaction
sys_enter_rt_sigaction
sys_enter_rt_sigaction
sys_enter_rt_sigaction
sys_enter_rt_sigaction
sys_enter_rt_sigaction
sys_enter_rt_sigaction
sys_enter_rt_sigaction
sys_enter_rt_sigaction
sys_enter_rt_sigaction
sys_enter_rt_sigaction
sys_enter_rt_sigaction
sys_enter_rt_sigaction
sys_enter_rt_sigaction
sys_enter_rt_sigaction
sys_enter_rt_sigaction
sys_enter_rt_sigaction
sys_enter_rt_sigaction
sys_enter_rt_sigaction
sys_enter_rt_sigaction
sys_enter_rt_sigaction
sys_enter_rt_sigaction
sys_enter_rt_sigaction
sys_enter_rt_sigaction
sys_enter_rt_sigaction
sys_enter_rt_sigaction
sys_enter_rt_sigaction
sys_enter_rt_sigaction
sys_enter_rt_sigaction
sys_enter_rt_sigaction
sys_enter_rt_sigaction
sys_enter_rt_sigaction
sys_enter_rt_sigaction
sys_enter_rt_sigaction
sys_enter_rt_sigaction
sys_enter_rt_sigaction
sys_enter_rt_sigaction
sys_enter_rt_sigaction
sys_enter_rt_sigaction
sys_enter_rt_sigaction
sys_enter_rt_sigaction
sys_enter_rt_sigprocmask
sys_enter_clone
sys_enter_rt_sigprocmask
sys_enter_gettid
sys_enter_sigaltstack
sys_enter_sigaltstack
sys_enter_gettid
sys_enter_rt_sigprocmask
sys_enter_rt_sigprocmask
sys_enter_clone
sys_enter_rt_sigprocmask
sys_enter_gettid
sys_enter_sigaltstack
sys_enter_sigaltstack
sys_enter_gettid
sys_enter_rt_sigprocmask
sys_enter_clone
sys_enter_rt_sigprocmask
sys_enter_rt_sigprocmask
sys_enter_futex
sys_enter_gettid
sys_enter_rt_sigprocmask
sys_enter_clone
sys_enter_sigaltstack
sys_enter_sigaltstack
sys_enter_gettid
sys_enter_rt_sigprocmask
sys_enter_rt_sigprocmask
sys_enter_gettid
sys_enter_futex
sys_enter_futex
sys_enter_sigaltstack
sys_enter_futex
sys_enter_mmap
sys_enter_openat
sys_enter_read
sys_enter_read
sys_enter_close
sys_enter_socket
sys_enter_close
sys_enter_socket
sys_enter_setsockopt
sys_enter_bind
sys_enter_socket
sys_enter_setsockopt
sys_enter_bind
sys_enter_close
sys_enter_close
sys_enter_sigaltstack
sys_enter_gettid
sys_enter_rt_sigprocmask
sys_enter_futex
sys_enter_futex
sys_enter_futex
sys_enter_getpid
sys_enter_getppid
sys_enter_mmap
sys_enter_mmap
sys_enter_getppid
sys_enter_openat
sys_enter_pipe2
sys_enter_getpid
sys_enter_clone
sys_enter_setsid
sys_enter_close
sys_enter_read
sys_enter_chdir
sys_enter_execve
sys_enter_close
sys_enter_exit_group
sys_enter_mmap
sys_enter_mmap
sys_enter_mprotect
sys_enter_mmap
sys_enter_mmap
sys_enter_mprotect
sys_enter_mmap
sys_enter_mprotect
sys_enter_mmap
sys_enter_mprotect
sys_enter_mmap
sys_enter_mmap
sys_enter_close
sys_enter_munmap
sys_enter_sched_getaffinity
sys_enter_mmap
sys_enter_munmap
sys_enter_mmap
sys_enter_mmap
sys_enter_mmap
sys_enter_mmap
sys_enter_mmap
sys_enter_mmap
sys_enter_rt_sigprocmask
sys_enter_sigaltstack
sys_enter_sigaltstack
sys_enter_gettid
sys_enter_rt_sigprocmask
sys_enter_rt_sigaction
sys_enter_rt_sigaction
sys_enter_rt_sigaction
sys_enter_rt_sigaction
sys_enter_rt_sigaction
sys_enter_rt_sigaction
sys_enter_rt_sigaction
sys_enter_rt_sigaction
sys_enter_rt_sigaction
sys_enter_rt_sigaction
sys_enter_rt_sigaction
sys_enter_rt_sigaction
sys_enter_rt_sigaction
sys_enter_rt_sigaction
sys_enter_rt_sigaction
sys_enter_rt_sigaction
sys_enter_rt_sigaction
sys_enter_rt_sigaction
sys_enter_rt_sigaction
sys_enter_rt_sigaction
sys_enter_rt_sigaction
sys_enter_rt_sigaction
sys_enter_rt_sigaction
sys_enter_rt_sigaction
sys_enter_rt_sigaction
sys_enter_rt_sigaction
sys_enter_rt_sigaction
sys_enter_rt_sigaction
sys_enter_rt_sigaction
sys_enter_rt_sigaction
sys_enter_rt_sigaction
sys_enter_rt_sigaction
sys_enter_rt_sigaction
sys_enter_rt_sigaction
sys_enter_rt_sigaction
sys_enter_rt_sigaction
sys_enter_rt_sigaction
sys_enter_rt_sigaction
sys_enter_rt_sigaction
sys_enter_rt_sigaction
sys_enter_rt_sigaction
sys_enter_rt_sigaction
sys_enter_rt_sigaction
sys_enter_rt_sigaction
sys_enter_rt_sigaction
sys_enter_rt_sigaction
sys_enter_rt_sigaction
sys_enter_rt_sigaction
sys_enter_rt_sigaction
sys_enter_rt_sigaction
sys_enter_rt_sigaction
sys_enter_rt_sigaction
sys_enter_rt_sigaction
sys_enter_rt_sigaction
sys_enter_rt_sigaction
sys_enter_rt_sigaction
sys_enter_rt_sigaction
sys_enter_rt_sigaction
sys_enter_rt_sigaction
sys_enter_rt_sigaction
sys_enter_rt_sigaction
sys_enter_rt_sigaction
sys_enter_rt_sigaction
sys_enter_rt_sigaction
sys_enter_rt_sigaction
sys_enter_rt_sigaction
sys_enter_rt_sigaction
sys_enter_rt_sigaction
sys_enter_rt_sigaction
sys_enter_rt_sigaction
sys_enter_rt_sigaction
sys_enter_rt_sigaction
sys_enter_rt_sigaction
sys_enter_rt_sigaction
sys_enter_rt_sigaction
sys_enter_rt_sigaction
sys_enter_rt_sigaction
sys_enter_rt_sigaction
sys_enter_rt_sigaction
sys_enter_rt_sigaction
sys_enter_rt_sigaction
sys_enter_rt_sigaction
sys_enter_rt_sigaction
sys_enter_rt_sigaction
sys_enter_rt_sigaction
sys_enter_rt_sigaction
sys_enter_rt_sigaction
sys_enter_rt_sigaction
sys_enter_rt_sigaction
sys_enter_rt_sigaction
sys_enter_rt_sigaction
sys_enter_rt_sigaction
sys_enter_rt_sigaction
sys_enter_rt_sigaction
sys_enter_rt_sigaction
sys_enter_rt_sigaction
sys_enter_rt_sigaction
sys_enter_rt_sigaction
sys_enter_rt_sigaction
sys_enter_rt_sigaction
sys_enter_rt_sigaction
sys_enter_rt_sigaction
sys_enter_rt_sigaction
sys_enter_rt_sigaction
sys_enter_rt_sigaction
sys_enter_rt_sigaction
sys_enter_rt_sigaction
sys_enter_rt_sigaction
sys_enter_rt_sigaction
sys_enter_rt_sigaction
sys_enter_rt_sigaction
sys_enter_rt_sigaction
sys_enter_rt_sigaction
sys_enter_rt_sigaction
sys_enter_rt_sigprocmask
sys_enter_clone
sys_enter_rt_sigprocmask
sys_enter_gettid
sys_enter_sigaltstack
sys_enter_sigaltstack
sys_enter_gettid
sys_enter_rt_sigprocmask
sys_enter_rt_sigprocmask
sys_enter_clone
sys_enter_rt_sigprocmask
sys_enter_gettid
sys_enter_sigaltstack
sys_enter_sigaltstack
sys_enter_gettid
sys_enter_rt_sigprocmask
sys_enter_rt_sigprocmask
sys_enter_clone
sys_enter_rt_sigprocmask
sys_enter_clone
sys_enter_rt_sigprocmask
sys_enter_futex
sys_enter_rt_sigprocmask
sys_enter_futex
sys_enter_gettid
sys_enter_sigaltstack
sys_enter_sigaltstack
sys_enter_gettid
sys_enter_rt_sigprocmask
sys_enter_futex
sys_enter_gettid
sys_enter_sigaltstack
sys_enter_futex
sys_enter_sigaltstack
sys_enter_gettid
sys_enter_rt_sigprocmask
sys_enter_futex
sys_enter_futex
sys_enter_mmap
sys_enter_futex
sys_enter_futex
sys_enter_futex
sys_enter_openat
sys_enter_read
sys_enter_read
sys_enter_close
sys_enter_socket
sys_enter_close
sys_enter_socket
sys_enter_setsockopt
sys_enter_bind
sys_enter_socket
sys_enter_setsockopt
sys_enter_bind
sys_enter_close
sys_enter_close
sys_enter_getpid
sys_enter_getppid
sys_enter_mmap
sys_enter_mmap
sys_enter_getppid
sys_enter_openat
sys_enter_pipe2
sys_enter_getpid
sys_enter_clone
sys_enter_setsid
sys_enter_close
sys_enter_read
sys_enter_chdir
sys_enter_execve
sys_enter_close
sys_enter_mmap
sys_enter_mmap
sys_enter_exit_group
sys_enter_mprotect
sys_enter_mmap
sys_enter_mmap
sys_enter_mprotect
sys_enter_mmap
sys_enter_mprotect
sys_enter_mmap
sys_enter_mprotect
sys_enter_mmap
sys_enter_mmap
sys_enter_close
sys_enter_munmap
sys_enter_sched_getaffinity
sys_enter_mmap
sys_enter_munmap
sys_enter_mmap
sys_enter_mmap
sys_enter_mmap
sys_enter_mmap
sys_enter_mmap
sys_enter_mmap
sys_enter_rt_sigprocmask
sys_enter_sigaltstack
sys_enter_sigaltstack
sys_enter_gettid
sys_enter_rt_sigprocmask
sys_enter_rt_sigaction
sys_enter_rt_sigaction
sys_enter_rt_sigaction
sys_enter_rt_sigaction
sys_enter_rt_sigaction
sys_enter_rt_sigaction
sys_enter_rt_sigaction
sys_enter_rt_sigaction
sys_enter_rt_sigaction
sys_enter_rt_sigaction
sys_enter_rt_sigaction
sys_enter_rt_sigaction
sys_enter_rt_sigaction
sys_enter_rt_sigaction
sys_enter_rt_sigaction
sys_enter_rt_sigaction
sys_enter_rt_sigaction
sys_enter_rt_sigaction
sys_enter_rt_sigaction
sys_enter_rt_sigaction
sys_enter_rt_sigaction
sys_enter_rt_sigaction
sys_enter_rt_sigaction
sys_enter_rt_sigaction
sys_enter_rt_sigaction
sys_enter_rt_sigaction
sys_enter_rt_sigaction
sys_enter_rt_sigaction
sys_enter_rt_sigaction
sys_enter_rt_sigaction
sys_enter_rt_sigaction
sys_enter_rt_sigaction
sys_enter_rt_sigaction
sys_enter_rt_sigaction
sys_enter_rt_sigaction
sys_enter_rt_sigaction
sys_enter_rt_sigaction
sys_enter_rt_sigaction
sys_enter_rt_sigaction
sys_enter_rt_sigaction
sys_enter_rt_sigaction
sys_enter_rt_sigaction
sys_enter_rt_sigaction
sys_enter_rt_sigaction
sys_enter_rt_sigaction
sys_enter_rt_sigaction
sys_enter_rt_sigaction
sys_enter_rt_sigaction
sys_enter_rt_sigaction
sys_enter_rt_sigaction
sys_enter_rt_sigaction
sys_enter_rt_sigaction
sys_enter_rt_sigaction
sys_enter_rt_sigaction
sys_enter_rt_sigaction
sys_enter_rt_sigaction
sys_enter_rt_sigaction
sys_enter_rt_sigaction
sys_enter_rt_sigaction
sys_enter_rt_sigaction
sys_enter_rt_sigaction
sys_enter_rt_sigaction
sys_enter_rt_sigaction
sys_enter_rt_sigaction
sys_enter_rt_sigaction
sys_enter_rt_sigaction
sys_enter_rt_sigaction
sys_enter_rt_sigaction
sys_enter_rt_sigaction
sys_enter_rt_sigaction
sys_enter_rt_sigaction
sys_enter_rt_sigaction
sys_enter_rt_sigaction
sys_enter_rt_sigaction
sys_enter_rt_sigaction
sys_enter_rt_sigaction
sys_enter_rt_sigaction
sys_enter_rt_sigaction
sys_enter_rt_sigaction
sys_enter_rt_sigaction
sys_enter_rt_sigaction
sys_enter_rt_sigaction
sys_enter_rt_sigaction
sys_enter_rt_sigaction
sys_enter_rt_sigaction
sys_enter_rt_sigaction
sys_enter_rt_sigaction
sys_enter_rt_sigaction
sys_enter_rt_sigaction
sys_enter_rt_sigaction
sys_enter_rt_sigaction
sys_enter_rt_sigaction
sys_enter_rt_sigaction
sys_enter_rt_sigaction
sys_enter_rt_sigaction
sys_enter_rt_sigaction
sys_enter_rt_sigaction
sys_enter_rt_sigaction
sys_enter_rt_sigaction
sys_enter_rt_sigaction
sys_enter_rt_sigaction
sys_enter_rt_sigaction
sys_enter_rt_sigaction
sys_enter_rt_sigaction
sys_enter_rt_sigaction
sys_enter_rt_sigaction
sys_enter_rt_sigaction
sys_enter_rt_sigaction
sys_enter_rt_sigaction
sys_enter_rt_sigaction
sys_enter_rt_sigaction
sys_enter_rt_sigaction
sys_enter_rt_sigaction
sys_enter_rt_sigaction
sys_enter_rt_sigprocmask
sys_enter_clone
sys_enter_rt_sigprocmask
sys_enter_gettid
sys_enter_sigaltstack
sys_enter_sigaltstack
sys_enter_gettid
sys_enter_rt_sigprocmask
sys_enter_rt_sigprocmask
sys_enter_clone
sys_enter_rt_sigprocmask
sys_enter_gettid
sys_enter_sigaltstack
sys_enter_sigaltstack
sys_enter_gettid
sys_enter_rt_sigprocmask
sys_enter_clone
sys_enter_rt_sigprocmask
sys_enter_rt_sigprocmask
sys_enter_futex
sys_enter_gettid
sys_enter_sigaltstack
sys_enter_sigaltstack
sys_enter_gettid
sys_enter_rt_sigprocmask
sys_enter_rt_sigprocmask
sys_enter_clone
sys_enter_futex
sys_enter_futex
sys_enter_rt_sigprocmask
sys_enter_futex
sys_enter_gettid
sys_enter_sigaltstack
sys_enter_sigaltstack
sys_enter_gettid
sys_enter_rt_sigprocmask
sys_enter_futex
sys_enter_futex
sys_enter_mmap
sys_enter_futex
sys_enter_futex
sys_enter_futex
sys_enter_openat
sys_enter_read
sys_enter_read
sys_enter_close
sys_enter_socket
sys_enter_close
sys_enter_socket
sys_enter_setsockopt
sys_enter_bind
sys_enter_socket
sys_enter_setsockopt
sys_enter_bind
sys_enter_close
sys_enter_close
sys_enter_getpid
sys_enter_getppid
sys_enter_mmap
sys_enter_mmap
sys_enter_getppid
sys_enter_openat
sys_enter_pipe2
sys_enter_getpid
sys_enter_clone
sys_enter_setsid
sys_enter_close
sys_enter_read
sys_enter_chdir
sys_enter_execve
sys_enter_close
sys_enter_exit_group
sys_enter_mmap
sys_enter_mmap
sys_enter_mprotect
sys_enter_mmap
sys_enter_mmap
sys_enter_mprotect
sys_enter_mmap
sys_enter_mprotect
sys_enter_mmap
sys_enter_mprotect
sys_enter_mmap
sys_enter_mmap
sys_enter_close
sys_enter_munmap
sys_enter_sched_getaffinity
sys_enter_mmap
sys_enter_munmap
sys_enter_mmap
sys_enter_mmap
sys_enter_mmap
sys_enter_mmap
sys_enter_mmap
sys_enter_mmap
sys_enter_rt_sigprocmask
sys_enter_sigaltstack
sys_enter_sigaltstack
sys_enter_gettid
sys_enter_rt_sigprocmask
sys_enter_rt_sigaction
sys_enter_rt_sigaction
sys_enter_rt_sigaction
sys_enter_rt_sigaction
sys_enter_rt_sigaction
sys_enter_rt_sigaction
sys_enter_rt_sigaction
sys_enter_rt_sigaction
sys_enter_rt_sigaction
sys_enter_rt_sigaction
sys_enter_rt_sigaction
sys_enter_rt_sigaction
sys_enter_rt_sigaction
sys_enter_rt_sigaction
sys_enter_rt_sigaction
sys_enter_rt_sigaction
sys_enter_rt_sigaction
sys_enter_rt_sigaction
sys_enter_rt_sigaction
sys_enter_rt_sigaction
sys_enter_rt_sigaction
sys_enter_rt_sigaction
sys_enter_rt_sigaction
sys_enter_rt_sigaction
sys_enter_rt_sigaction
sys_enter_rt_sigaction
sys_enter_rt_sigaction
sys_enter_rt_sigaction
sys_enter_rt_sigaction
sys_enter_rt_sigaction
sys_enter_rt_sigaction
sys_enter_rt_sigaction
sys_enter_rt_sigaction
sys_enter_rt_sigaction
sys_enter_rt_sigaction
sys_enter_rt_sigaction
sys_enter_rt_sigaction
sys_enter_rt_sigaction
sys_enter_rt_sigaction
sys_enter_rt_sigaction
sys_enter_rt_sigaction
sys_enter_rt_sigaction
sys_enter_rt_sigaction
sys_enter_rt_sigaction
sys_enter_rt_sigaction
sys_enter_rt_sigaction
sys_enter_rt_sigaction
sys_enter_rt_sigaction
sys_enter_rt_sigaction
sys_enter_rt_sigaction
sys_enter_rt_sigaction
sys_enter_rt_sigaction
sys_enter_rt_sigaction
sys_enter_rt_sigaction
sys_enter_rt_sigaction
sys_enter_rt_sigaction
sys_enter_rt_sigaction
sys_enter_rt_sigaction
sys_enter_rt_sigaction
sys_enter_rt_sigaction
sys_enter_rt_sigaction
sys_enter_rt_sigaction
sys_enter_rt_sigaction
sys_enter_rt_sigaction
sys_enter_rt_sigaction
sys_enter_rt_sigaction
sys_enter_rt_sigaction
sys_enter_rt_sigaction
sys_enter_rt_sigaction
sys_enter_rt_sigaction
sys_enter_rt_sigaction
sys_enter_rt_sigaction
sys_enter_rt_sigaction
sys_enter_rt_sigaction
sys_enter_rt_sigaction
sys_enter_rt_sigaction
sys_enter_rt_sigaction
sys_enter_rt_sigaction
sys_enter_rt_sigaction
sys_enter_rt_sigaction
sys_enter_rt_sigaction
sys_enter_rt_sigaction
sys_enter_rt_sigaction
sys_enter_rt_sigaction
sys_enter_rt_sigaction
sys_enter_rt_sigaction
sys_enter_rt_sigaction
sys_enter_rt_sigaction
sys_enter_rt_sigaction
sys_enter_rt_sigaction
sys_enter_rt_sigaction
sys_enter_rt_sigaction
sys_enter_rt_sigaction
sys_enter_rt_sigaction
sys_enter_rt_sigaction
sys_enter_rt_sigaction
sys_enter_rt_sigaction
sys_enter_rt_sigaction
sys_enter_rt_sigaction
sys_enter_rt_sigaction
sys_enter_rt_sigaction
sys_enter_rt_sigaction
sys_enter_rt_sigaction
sys_enter_rt_sigaction
sys_enter_rt_sigaction
sys_enter_rt_sigaction
sys_enter_rt_sigaction
sys_enter_rt_sigaction
sys_enter_rt_sigaction
sys_enter_rt_sigaction
sys_enter_rt_sigaction
sys_enter_rt_sigaction
sys_enter_rt_sigaction
sys_enter_rt_sigaction
sys_enter_rt_sigprocmask
sys_enter_clone
sys_enter_rt_sigprocmask
sys_enter_gettid
sys_enter_sigaltstack
sys_enter_sigaltstack
sys_enter_gettid
sys_enter_rt_sigprocmask
sys_enter_rt_sigprocmask
sys_enter_clone
sys_enter_rt_sigprocmask
sys_enter_gettid
sys_enter_sigaltstack
sys_enter_sigaltstack
sys_enter_rt_sigprocmask
sys_enter_clone
sys_enter_gettid
sys_enter_rt_sigprocmask
sys_enter_rt_sigprocmask
sys_enter_sched_yield
sys_enter_gettid
sys_enter_futex
sys_enter_sigaltstack
sys_enter_sigaltstack
sys_enter_futex
sys_enter_futex
sys_enter_futex
sys_enter_gettid
sys_enter_rt_sigprocmask
sys_enter_futex
sys_enter_futex
sys_enter_rt_sigprocmask
sys_enter_clone
sys_enter_rt_sigprocmask
sys_enter_futex
sys_enter_gettid
sys_enter_sigaltstack
sys_enter_sigaltstack
sys_enter_gettid
sys_enter_rt_sigprocmask
sys_enter_mmap
sys_enter_futex
sys_enter_futex
sys_enter_futex
sys_enter_openat
sys_enter_futex
sys_enter_futex
sys_enter_read
sys_enter_read
sys_enter_close
sys_enter_socket
sys_enter_close
sys_enter_socket
sys_enter_setsockopt
sys_enter_bind
sys_enter_socket
sys_enter_setsockopt
sys_enter_bind
sys_enter_close
sys_enter_close
sys_enter_getpid
sys_enter_getppid
sys_enter_mmap
sys_enter_mmap
sys_enter_getppid
sys_enter_openat
sys_enter_pipe2
sys_enter_getpid
sys_enter_clone
sys_enter_setsid
sys_enter_close
sys_enter_read
sys_enter_chdir
sys_enter_execve
sys_enter_close
sys_enter_exit_group
sys_enter_mmap
sys_enter_mmap
sys_enter_mprotect
sys_enter_mmap
sys_enter_mmap
sys_enter_mprotect
sys_enter_mmap
sys_enter_mprotect
sys_enter_mmap
sys_enter_mprotect
sys_enter_mmap
sys_enter_mmap
sys_enter_close
sys_enter_munmap
sys_enter_sched_getaffinity
sys_enter_mmap
sys_enter_munmap
sys_enter_mmap
sys_enter_mmap
sys_enter_mmap
sys_enter_mmap
sys_enter_mmap
sys_enter_mmap
sys_enter_rt_sigprocmask
sys_enter_sigaltstack
sys_enter_sigaltstack
sys_enter_gettid
sys_enter_rt_sigprocmask
sys_enter_rt_sigaction
sys_enter_rt_sigaction
sys_enter_rt_sigaction
sys_enter_rt_sigaction
sys_enter_rt_sigaction
sys_enter_rt_sigaction
sys_enter_rt_sigaction
sys_enter_rt_sigaction
sys_enter_rt_sigaction
sys_enter_rt_sigaction
sys_enter_rt_sigaction
sys_enter_rt_sigaction
sys_enter_rt_sigaction
sys_enter_rt_sigaction
sys_enter_rt_sigaction
sys_enter_rt_sigaction
sys_enter_rt_sigaction
sys_enter_rt_sigaction
sys_enter_rt_sigaction
sys_enter_rt_sigaction
sys_enter_rt_sigaction
sys_enter_rt_sigaction
sys_enter_rt_sigaction
sys_enter_rt_sigaction
sys_enter_rt_sigaction
sys_enter_rt_sigaction
sys_enter_rt_sigaction
sys_enter_rt_sigaction
sys_enter_rt_sigaction
sys_enter_rt_sigaction
sys_enter_rt_sigaction
sys_enter_rt_sigaction
sys_enter_rt_sigaction
sys_enter_rt_sigaction
sys_enter_rt_sigaction
sys_enter_rt_sigaction
sys_enter_rt_sigaction
sys_enter_rt_sigaction
sys_enter_rt_sigaction
sys_enter_rt_sigaction
sys_enter_rt_sigaction
sys_enter_rt_sigaction
sys_enter_rt_sigaction
sys_enter_rt_sigaction
sys_enter_rt_sigaction
sys_enter_rt_sigaction
sys_enter_rt_sigaction
sys_enter_rt_sigaction
sys_enter_rt_sigaction
sys_enter_rt_sigaction
sys_enter_rt_sigaction
sys_enter_rt_sigaction
sys_enter_rt_sigaction
sys_enter_rt_sigaction
sys_enter_rt_sigaction
sys_enter_rt_sigaction
sys_enter_rt_sigaction
sys_enter_rt_sigaction
sys_enter_rt_sigaction
sys_enter_rt_sigaction
sys_enter_rt_sigaction
sys_enter_rt_sigaction
sys_enter_rt_sigaction
sys_enter_rt_sigaction
sys_enter_rt_sigaction
sys_enter_rt_sigaction
sys_enter_rt_sigaction
sys_enter_rt_sigaction
sys_enter_rt_sigaction
sys_enter_rt_sigaction
sys_enter_rt_sigaction
sys_enter_rt_sigaction
sys_enter_rt_sigaction
sys_enter_rt_sigaction
sys_enter_rt_sigaction
sys_enter_rt_sigaction
sys_enter_rt_sigaction
sys_enter_rt_sigaction
sys_enter_rt_sigaction
sys_enter_rt_sigaction
sys_enter_rt_sigaction
sys_enter_rt_sigaction
sys_enter_rt_sigaction
sys_enter_rt_sigaction
sys_enter_rt_sigaction
sys_enter_rt_sigaction
sys_enter_rt_sigaction
sys_enter_rt_sigaction
sys_enter_rt_sigaction
sys_enter_rt_sigaction
sys_enter_rt_sigaction
sys_enter_rt_sigaction
sys_enter_rt_sigaction
sys_enter_rt_sigaction
sys_enter_rt_sigaction
sys_enter_rt_sigaction
sys_enter_rt_sigaction
sys_enter_rt_sigaction
sys_enter_rt_sigaction
sys_enter_rt_sigaction
sys_enter_rt_sigaction
sys_enter_rt_sigaction
sys_enter_rt_sigaction
sys_enter_rt_sigaction
sys_enter_rt_sigaction
sys_enter_rt_sigaction
sys_enter_rt_sigaction
sys_enter_rt_sigaction
sys_enter_rt_sigaction
sys_enter_rt_sigaction
sys_enter_rt_sigaction
sys_enter_rt_sigaction
sys_enter_rt_sigaction
sys_enter_rt_sigaction
sys_enter_rt_sigprocmask
sys_enter_clone
sys_enter_rt_sigprocmask
sys_enter_gettid
sys_enter_sigaltstack
sys_enter_sigaltstack
sys_enter_gettid
sys_enter_rt_sigprocmask
sys_enter_rt_sigprocmask
sys_enter_clone
sys_enter_rt_sigprocmask
sys_enter_gettid
sys_enter_sigaltstack
sys_enter_sigaltstack
sys_enter_gettid
sys_enter_rt_sigprocmask
sys_enter_rt_sigprocmask
sys_enter_clone
sys_enter_rt_sigprocmask
sys_enter_futex
sys_enter_rt_sigprocmask
sys_enter_clone
sys_enter_rt_sigprocmask
sys_enter_futex
sys_enter_gettid
sys_enter_sigaltstack
sys_enter_sigaltstack
sys_enter_gettid
sys_enter_rt_sigprocmask
sys_enter_futex
sys_enter_futex
sys_enter_gettid
sys_enter_sigaltstack
sys_enter_sigaltstack
sys_enter_gettid
sys_enter_rt_sigprocmask
sys_enter_futex
sys_enter_futex
sys_enter_mmap
sys_enter_futex
sys_enter_futex
sys_enter_futex
sys_enter_openat
sys_enter_read
sys_enter_read
sys_enter_close
sys_enter_socket
sys_enter_close
sys_enter_socket
sys_enter_setsockopt
sys_enter_bind
sys_enter_socket
sys_enter_setsockopt
sys_enter_bind
sys_enter_close
sys_enter_close
sys_enter_getpid
sys_enter_getppid
sys_enter_mmap
sys_enter_mmap
sys_enter_getppid
sys_enter_openat
sys_enter_pipe2
sys_enter_getpid
sys_enter_clone
sys_enter_setsid
sys_enter_close
sys_enter_read
sys_enter_chdir
sys_enter_execve
sys_enter_close
sys_enter_exit_group
sys_enter_mmap
sys_enter_mmap
sys_enter_mprotect
sys_enter_mmap
sys_enter_mmap
sys_enter_mprotect
sys_enter_mmap
sys_enter_mprotect
sys_enter_mmap
sys_enter_mprotect
sys_enter_mmap
sys_enter_mmap
sys_enter_close
sys_enter_munmap
sys_enter_sched_getaffinity
sys_enter_mmap
sys_enter_munmap
sys_enter_mmap
sys_enter_mmap
sys_enter_mmap
sys_enter_mmap
sys_enter_mmap
sys_enter_mmap
sys_enter_rt_sigprocmask
sys_enter_sigaltstack
sys_enter_sigaltstack
sys_enter_gettid
sys_enter_rt_sigprocmask
sys_enter_rt_sigaction
sys_enter_rt_sigaction
sys_enter_rt_sigaction
sys_enter_rt_sigaction
sys_enter_rt_sigaction
sys_enter_rt_sigaction
sys_enter_rt_sigaction
sys_enter_rt_sigaction
sys_enter_rt_sigaction
sys_enter_rt_sigaction
sys_enter_rt_sigaction
sys_enter_rt_sigaction
sys_enter_rt_sigaction
sys_enter_rt_sigaction
sys_enter_rt_sigaction
sys_enter_rt_sigaction
sys_enter_rt_sigaction
sys_enter_rt_sigaction
sys_enter_rt_sigaction
sys_enter_rt_sigaction
sys_enter_rt_sigaction
sys_enter_rt_sigaction
sys_enter_rt_sigaction
sys_enter_rt_sigaction
sys_enter_rt_sigaction
sys_enter_rt_sigaction
sys_enter_rt_sigaction
sys_enter_rt_sigaction
sys_enter_rt_sigaction
sys_enter_rt_sigaction
sys_enter_rt_sigaction
sys_enter_rt_sigaction
sys_enter_rt_sigaction
sys_enter_rt_sigaction
sys_enter_rt_sigaction
sys_enter_rt_sigaction
sys_enter_rt_sigaction
sys_enter_rt_sigaction
sys_enter_rt_sigaction
sys_enter_rt_sigaction
sys_enter_rt_sigaction
sys_enter_rt_sigaction
sys_enter_rt_sigaction
sys_enter_rt_sigaction
sys_enter_rt_sigaction
sys_enter_rt_sigaction
sys_enter_rt_sigaction
sys_enter_rt_sigaction
sys_enter_rt_sigaction
sys_enter_rt_sigaction
sys_enter_rt_sigaction
sys_enter_rt_sigaction
sys_enter_rt_sigaction
sys_enter_rt_sigaction
sys_enter_rt_sigaction
sys_enter_rt_sigaction
sys_enter_rt_sigaction
sys_enter_rt_sigaction
sys_enter_rt_sigaction
sys_enter_rt_sigaction
sys_enter_rt_sigaction
sys_enter_rt_sigaction
sys_enter_rt_sigaction
sys_enter_rt_sigaction
sys_enter_rt_sigaction
sys_enter_rt_sigaction
sys_enter_rt_sigaction
sys_enter_rt_sigaction
sys_enter_rt_sigaction
sys_enter_rt_sigaction
sys_enter_rt_sigaction
sys_enter_rt_sigaction
sys_enter_rt_sigaction
sys_enter_rt_sigaction
sys_enter_rt_sigaction
sys_enter_rt_sigaction
sys_enter_rt_sigaction
sys_enter_rt_sigaction
sys_enter_rt_sigaction
sys_enter_rt_sigaction
sys_enter_rt_sigaction
sys_enter_rt_sigaction
sys_enter_rt_sigaction
sys_enter_rt_sigaction
sys_enter_rt_sigaction
sys_enter_rt_sigaction
sys_enter_rt_sigaction
sys_enter_rt_sigaction
sys_enter_rt_sigaction
sys_enter_rt_sigaction
sys_enter_rt_sigaction
sys_enter_rt_sigaction
sys_enter_rt_sigaction
sys_enter_rt_sigaction
sys_enter_rt_sigaction
sys_enter_rt_sigaction
sys_enter_rt_sigaction
sys_enter_rt_sigaction
sys_enter_rt_sigaction
sys_enter_rt_sigaction
sys_enter_rt_sigaction
sys_enter_rt_sigaction
sys_enter_rt_sigaction
sys_enter_rt_sigaction
sys_enter_rt_sigaction
sys_enter_rt_sigaction
sys_enter_rt_sigaction
sys_enter_rt_sigaction
sys_enter_rt_sigaction
sys_enter_rt_sigaction
sys_enter_rt_sigaction
sys_enter_rt_sigaction
sys_enter_rt_sigaction
sys_enter_rt_sigaction
sys_enter_rt_sigprocmask
sys_enter_clone
sys_enter_rt_sigprocmask
sys_enter_gettid
sys_enter_sigaltstack
sys_enter_sigaltstack
sys_enter_gettid
sys_enter_rt_sigprocmask
sys_enter_rt_sigprocmask
sys_enter_clone
sys_enter_rt_sigprocmask
sys_enter_gettid
sys_enter_sigaltstack
sys_enter_sigaltstack
sys_enter_rt_sigprocmask
sys_enter_gettid
sys_enter_rt_sigprocmask
sys_enter_clone
sys_enter_rt_sigprocmask
sys_enter_sched_yield
sys_enter_gettid
sys_enter_futex
sys_enter_sigaltstack
sys_enter_sigaltstack
sys_enter_gettid
sys_enter_rt_sigprocmask
sys_enter_futex
sys_enter_futex
sys_enter_gettid
sys_enter_sigaltstack
sys_enter_sigaltstack
sys_enter_futex
sys_enter_gettid
sys_enter_rt_sigprocmask
sys_enter_clone
sys_enter_rt_sigprocmask
sys_enter_futex
sys_enter_rt_sigprocmask
sys_enter_futex
sys_enter_futex
sys_enter_mmap
sys_enter_futex
sys_enter_futex
sys_enter_futex
sys_enter_openat
sys_enter_read
sys_enter_read
sys_enter_close
sys_enter_socket
sys_enter_close
sys_enter_socket
sys_enter_setsockopt
sys_enter_bind
sys_enter_socket
sys_enter_setsockopt
sys_enter_bind
sys_enter_close
sys_enter_close
sys_enter_getpid
sys_enter_getppid
sys_enter_mmap
sys_enter_mmap
sys_enter_getppid
sys_enter_openat
sys_enter_pipe2
sys_enter_getpid
sys_enter_clone
sys_enter_setsid
sys_enter_close
sys_enter_read
sys_enter_chdir
sys_enter_execve
sys_enter_close
sys_enter_mmap
sys_enter_exit_group
sys_enter_mmap
sys_enter_mprotect
sys_enter_mmap
sys_enter_mmap
sys_enter_mprotect
sys_enter_mmap
sys_enter_mprotect
sys_enter_mmap
sys_enter_mprotect
sys_enter_mmap
sys_enter_mmap
sys_enter_close
sys_enter_munmap
sys_enter_sched_getaffinity
sys_enter_mmap
sys_enter_munmap
sys_enter_mmap
sys_enter_mmap
sys_enter_mmap
sys_enter_mmap
sys_enter_mmap
sys_enter_mmap
sys_enter_rt_sigprocmask
sys_enter_sigaltstack
sys_enter_sigaltstack
sys_enter_gettid
sys_enter_rt_sigprocmask
sys_enter_rt_sigaction
sys_enter_rt_sigaction
sys_enter_rt_sigaction
sys_enter_rt_sigaction
sys_enter_rt_sigaction
sys_enter_rt_sigaction
sys_enter_rt_sigaction
sys_enter_rt_sigaction
sys_enter_rt_sigaction
sys_enter_rt_sigaction
sys_enter_rt_sigaction
sys_enter_rt_sigaction
sys_enter_rt_sigaction
sys_enter_rt_sigaction
sys_enter_rt_sigaction
sys_enter_rt_sigaction
sys_enter_rt_sigaction
sys_enter_rt_sigaction
sys_enter_rt_sigaction
sys_enter_rt_sigaction
sys_enter_rt_sigaction
sys_enter_rt_sigaction
sys_enter_rt_sigaction
sys_enter_rt_sigaction
sys_enter_rt_sigaction
sys_enter_rt_sigaction
sys_enter_rt_sigaction
sys_enter_rt_sigaction
sys_enter_rt_sigaction
sys_enter_rt_sigaction
sys_enter_rt_sigaction
sys_enter_rt_sigaction
sys_enter_rt_sigaction
sys_enter_rt_sigaction
sys_enter_rt_sigaction
sys_enter_rt_sigaction
sys_enter_rt_sigaction
sys_enter_rt_sigaction
sys_enter_rt_sigaction
sys_enter_rt_sigaction
sys_enter_rt_sigaction
sys_enter_rt_sigaction
sys_enter_rt_sigaction
sys_enter_rt_sigaction
sys_enter_rt_sigaction
sys_enter_rt_sigaction
sys_enter_rt_sigaction
sys_enter_rt_sigaction
sys_enter_rt_sigaction
sys_enter_rt_sigaction
sys_enter_rt_sigaction
sys_enter_rt_sigaction
sys_enter_rt_sigaction
sys_enter_rt_sigaction
sys_enter_rt_sigaction
sys_enter_rt_sigaction
sys_enter_rt_sigaction
sys_enter_rt_sigaction
sys_enter_rt_sigaction
sys_enter_rt_sigaction
sys_enter_rt_sigaction
sys_enter_rt_sigaction
sys_enter_rt_sigaction
sys_enter_rt_sigaction
sys_enter_rt_sigaction
sys_enter_rt_sigaction
sys_enter_rt_sigaction
sys_enter_rt_sigaction
sys_enter_rt_sigaction
sys_enter_rt_sigaction
sys_enter_rt_sigaction
sys_enter_rt_sigaction
sys_enter_rt_sigaction
sys_enter_rt_sigaction
sys_enter_rt_sigaction
sys_enter_rt_sigaction
sys_enter_rt_sigaction
sys_enter_rt_sigaction
sys_enter_rt_sigaction
sys_enter_rt_sigaction
sys_enter_rt_sigaction
sys_enter_rt_sigaction
sys_enter_rt_sigaction
sys_enter_rt_sigaction
sys_enter_rt_sigaction
sys_enter_rt_sigaction
sys_enter_rt_sigaction
sys_enter_rt_sigaction
sys_enter_rt_sigaction
sys_enter_rt_sigaction
sys_enter_rt_sigaction
sys_enter_rt_sigaction
sys_enter_rt_sigaction
sys_enter_rt_sigaction
sys_enter_rt_sigaction
sys_enter_rt_sigaction
sys_enter_rt_sigaction
sys_enter_rt_sigaction
sys_enter_rt_sigaction
sys_enter_rt_sigaction
sys_enter_rt_sigaction
sys_enter_rt_sigaction
sys_enter_rt_sigaction
sys_enter_rt_sigaction
sys_enter_rt_sigaction
sys_enter_rt_sigaction
sys_enter_rt_sigaction
sys_enter_rt_sigaction
sys_enter_rt_sigaction
sys_enter_rt_sigaction
sys_enter_rt_sigaction
sys_enter_rt_sigaction
sys_enter_rt_sigaction
sys_enter_rt_sigaction
sys_enter_rt_sigprocmask
sys_enter_clone
sys_enter_rt_sigprocmask
sys_enter_rt_sigprocmask
sys_enter_clone
sys_enter_rt_sigprocmask
sys_enter_rt_sigprocmask
sys_enter_clone
sys_enter_rt_sigprocmask
sys_enter_futex
sys_enter_futex
sys_enter_mmap
sys_enter_gettid
sys_enter_sigaltstack
sys_enter_sigaltstack
sys_enter_gettid
sys_enter_rt_sigprocmask
sys_enter_gettid
sys_enter_sigaltstack
sys_enter_sigaltstack
sys_enter_gettid
sys_enter_rt_sigprocmask
sys_enter_rt_sigprocmask
sys_enter_clone
sys_enter_rt_sigprocmask
sys_enter_gettid
sys_enter_sigaltstack
sys_enter_sigaltstack
sys_enter_gettid
sys_enter_rt_sigprocmask
sys_enter_futex
sys_enter_futex
sys_enter_futex
sys_enter_futex
sys_enter_gettid
sys_enter_sigaltstack
sys_enter_sigaltstack
sys_enter_gettid
sys_enter_rt_sigprocmask
sys_enter_futex
sys_enter_futex
sys_enter_futex
sys_enter_openat
sys_enter_futex
sys_enter_futex
sys_enter_read
sys_enter_read
sys_enter_close
sys_enter_futex
sys_enter_futex
sys_enter_futex
sys_enter_futex
sys_enter_socket
sys_enter_close
sys_enter_socket
sys_enter_setsockopt
sys_enter_bind
sys_enter_socket
sys_enter_setsockopt
sys_enter_bind
sys_enter_close
sys_enter_close
sys_enter_mmap
sys_enter_getpid
sys_enter_getppid
sys_enter_mmap
sys_enter_mmap
sys_enter_mmap
sys_enter_getppid
sys_enter_openat
sys_enter_pipe2
sys_enter_getpid
sys_enter_clone
sys_enter_setsid
sys_enter_close
sys_enter_read
sys_enter_chdir
sys_enter_execve
sys_enter_close
sys_enter_exit_group
sys_enter_mmap
sys_enter_mmap
sys_enter_mprotect
sys_enter_mmap
sys_enter_mmap
sys_enter_mprotect
sys_enter_mmap
sys_enter_mprotect
sys_enter_mmap
sys_enter_mprotect
sys_enter_mmap
sys_enter_mmap
sys_enter_close
sys_enter_munmap
sys_enter_sched_getaffinity
sys_enter_mmap
sys_enter_munmap
sys_enter_mmap
sys_enter_mmap
sys_enter_mmap
sys_enter_mmap
sys_enter_mmap
sys_enter_mmap
sys_enter_rt_sigprocmask
sys_enter_sigaltstack
sys_enter_sigaltstack
sys_enter_gettid
sys_enter_rt_sigprocmask
sys_enter_rt_sigaction
sys_enter_rt_sigaction
sys_enter_rt_sigaction
sys_enter_rt_sigaction
sys_enter_rt_sigaction
sys_enter_rt_sigaction
sys_enter_rt_sigaction
sys_enter_rt_sigaction
sys_enter_rt_sigaction
sys_enter_rt_sigaction
sys_enter_rt_sigaction
sys_enter_rt_sigaction
sys_enter_rt_sigaction
sys_enter_rt_sigaction
sys_enter_rt_sigaction
sys_enter_rt_sigaction
sys_enter_rt_sigaction
sys_enter_rt_sigaction
sys_enter_rt_sigaction
sys_enter_rt_sigaction
sys_enter_rt_sigaction
sys_enter_rt_sigaction
sys_enter_rt_sigaction
sys_enter_rt_sigaction
sys_enter_rt_sigaction
sys_enter_rt_sigaction
sys_enter_rt_sigaction
sys_enter_rt_sigaction
sys_enter_rt_sigaction
sys_enter_rt_sigaction
sys_enter_rt_sigaction
sys_enter_rt_sigaction
sys_enter_rt_sigaction
sys_enter_rt_sigaction
sys_enter_rt_sigaction
sys_enter_rt_sigaction
sys_enter_rt_sigaction
sys_enter_rt_sigaction
sys_enter_rt_sigaction
sys_enter_rt_sigaction
sys_enter_rt_sigaction
sys_enter_rt_sigaction
sys_enter_rt_sigaction
sys_enter_rt_sigaction
sys_enter_rt_sigaction
sys_enter_rt_sigaction
sys_enter_rt_sigaction
sys_enter_rt_sigaction
sys_enter_rt_sigaction
sys_enter_rt_sigaction
sys_enter_rt_sigaction
sys_enter_rt_sigaction
sys_enter_rt_sigaction
sys_enter_rt_sigaction
sys_enter_rt_sigaction
sys_enter_rt_sigaction
sys_enter_rt_sigaction
sys_enter_rt_sigaction
sys_enter_rt_sigaction
sys_enter_rt_sigaction
sys_enter_rt_sigaction
sys_enter_rt_sigaction
sys_enter_rt_sigaction
sys_enter_rt_sigaction
sys_enter_rt_sigaction
sys_enter_rt_sigaction
sys_enter_rt_sigaction
sys_enter_rt_sigaction
sys_enter_rt_sigaction
sys_enter_rt_sigaction
sys_enter_rt_sigaction
sys_enter_rt_sigaction
sys_enter_rt_sigaction
sys_enter_rt_sigaction
sys_enter_rt_sigaction
sys_enter_rt_sigaction
sys_enter_rt_sigaction
sys_enter_rt_sigaction
sys_enter_rt_sigaction
sys_enter_rt_sigaction
sys_enter_rt_sigaction
sys_enter_rt_sigaction
sys_enter_rt_sigaction
sys_enter_rt_sigaction
sys_enter_rt_sigaction
sys_enter_rt_sigaction
sys_enter_rt_sigaction
sys_enter_rt_sigaction
sys_enter_rt_sigaction
sys_enter_rt_sigaction
sys_enter_rt_sigaction
sys_enter_rt_sigaction
sys_enter_rt_sigaction
sys_enter_rt_sigaction
sys_enter_rt_sigaction
sys_enter_rt_sigaction
sys_enter_rt_sigaction
sys_enter_rt_sigaction
sys_enter_rt_sigaction
sys_enter_rt_sigaction
sys_enter_rt_sigaction
sys_enter_rt_sigaction
sys_enter_rt_sigaction
sys_enter_rt_sigaction
sys_enter_rt_sigaction
sys_enter_rt_sigaction
sys_enter_rt_sigaction
sys_enter_rt_sigaction
sys_enter_rt_sigaction
sys_enter_rt_sigaction
sys_enter_rt_sigaction
sys_enter_rt_sigaction
sys_enter_rt_sigaction
sys_enter_rt_sigaction
sys_enter_rt_sigprocmask
sys_enter_clone
sys_enter_rt_sigprocmask
sys_enter_gettid
sys_enter_sigaltstack
sys_enter_sigaltstack
sys_enter_gettid
sys_enter_rt_sigprocmask
sys_enter_rt_sigprocmask
sys_enter_clone
sys_enter_rt_sigprocmask
sys_enter_gettid
sys_enter_sigaltstack
sys_enter_sigaltstack
sys_enter_gettid
sys_enter_rt_sigprocmask
sys_enter_rt_sigprocmask
sys_enter_clone
sys_enter_rt_sigprocmask
sys_enter_futex
sys_enter_rt_sigprocmask
sys_enter_clone
sys_enter_gettid
sys_enter_sigaltstack
sys_enter_sigaltstack
sys_enter_gettid
sys_enter_rt_sigprocmask
sys_enter_futex
sys_enter_rt_sigprocmask
sys_enter_gettid
sys_enter_sigaltstack
sys_enter_sigaltstack
sys_enter_gettid
sys_enter_rt_sigprocmask
sys_enter_futex
sys_enter_futex
sys_enter_futex
sys_enter_futex
sys_enter_mmap
sys_enter_futex
sys_enter_futex
sys_enter_futex
sys_enter_openat
sys_enter_read
sys_enter_read
sys_enter_close
sys_enter_socket
sys_enter_close
sys_enter_socket
sys_enter_setsockopt
sys_enter_bind
sys_enter_socket
sys_enter_setsockopt
sys_enter_bind
sys_enter_close
sys_enter_close
sys_enter_getpid
sys_enter_getppid
sys_enter_mmap
sys_enter_mmap
sys_enter_getppid
sys_enter_openat
sys_enter_pipe2
sys_enter_getpid
sys_enter_clone
sys_enter_setsid
sys_enter_close
sys_enter_read
sys_enter_chdir
sys_enter_execve
sys_enter_close
sys_enter_exit_group
sys_enter_mmap
sys_enter_mmap
sys_enter_mprotect
sys_enter_mmap
sys_enter_mmap
sys_enter_mprotect
sys_enter_mmap
sys_enter_mprotect
sys_enter_mmap
sys_enter_mprotect
sys_enter_mmap
sys_enter_mmap
sys_enter_close
sys_enter_munmap
sys_enter_sched_getaffinity
sys_enter_mmap
sys_enter_munmap
sys_enter_mmap
sys_enter_mmap
sys_enter_mmap
sys_enter_mmap
sys_enter_mmap
sys_enter_mmap
sys_enter_rt_sigprocmask
sys_enter_sigaltstack
sys_enter_sigaltstack
sys_enter_gettid
sys_enter_rt_sigprocmask
sys_enter_rt_sigaction
sys_enter_rt_sigaction
sys_enter_rt_sigaction
sys_enter_rt_sigaction
sys_enter_rt_sigaction
sys_enter_rt_sigaction
sys_enter_rt_sigaction
sys_enter_rt_sigaction
sys_enter_rt_sigaction
sys_enter_rt_sigaction
sys_enter_rt_sigaction
sys_enter_rt_sigaction
sys_enter_rt_sigaction
sys_enter_rt_sigaction
sys_enter_rt_sigaction
sys_enter_rt_sigaction
sys_enter_rt_sigaction
sys_enter_rt_sigaction
sys_enter_rt_sigaction
sys_enter_rt_sigaction
sys_enter_rt_sigaction
sys_enter_rt_sigaction
sys_enter_rt_sigaction
sys_enter_rt_sigaction
sys_enter_rt_sigaction
sys_enter_rt_sigaction
sys_enter_rt_sigaction
sys_enter_rt_sigaction
sys_enter_rt_sigaction
sys_enter_rt_sigaction
sys_enter_rt_sigaction
sys_enter_rt_sigaction
sys_enter_rt_sigaction
sys_enter_rt_sigaction
sys_enter_rt_sigaction
sys_enter_rt_sigaction
sys_enter_rt_sigaction
sys_enter_rt_sigaction
sys_enter_rt_sigaction
sys_enter_rt_sigaction
sys_enter_rt_sigaction
sys_enter_rt_sigaction
sys_enter_rt_sigaction
sys_enter_rt_sigaction
sys_enter_rt_sigaction
sys_enter_rt_sigaction
sys_enter_rt_sigaction
sys_enter_rt_sigaction
sys_enter_rt_sigaction
sys_enter_rt_sigaction
sys_enter_rt_sigaction
sys_enter_rt_sigaction
sys_enter_rt_sigaction
sys_enter_rt_sigaction
sys_enter_rt_sigaction
sys_enter_rt_sigaction
sys_enter_rt_sigaction
sys_enter_rt_sigaction
sys_enter_rt_sigaction
sys_enter_rt_sigaction
sys_enter_rt_sigaction
sys_enter_rt_sigaction
sys_enter_rt_sigaction
sys_enter_rt_sigaction
sys_enter_rt_sigaction
sys_enter_rt_sigaction
sys_enter_rt_sigaction
sys_enter_rt_sigaction
sys_enter_rt_sigaction
sys_enter_rt_sigaction
sys_enter_rt_sigaction
sys_enter_rt_sigaction
sys_enter_rt_sigaction
sys_enter_rt_sigaction
sys_enter_rt_sigaction
sys_enter_rt_sigaction
sys_enter_rt_sigaction
sys_enter_rt_sigaction
sys_enter_rt_sigaction
sys_enter_rt_sigaction
sys_enter_rt_sigaction
sys_enter_rt_sigaction
sys_enter_rt_sigaction
sys_enter_rt_sigaction
sys_enter_rt_sigaction
sys_enter_rt_sigaction
sys_enter_rt_sigaction
sys_enter_rt_sigaction
sys_enter_rt_sigaction
sys_enter_rt_sigaction
sys_enter_rt_sigaction
sys_enter_rt_sigaction
sys_enter_rt_sigaction
sys_enter_rt_sigaction
sys_enter_rt_sigaction
sys_enter_rt_sigaction
sys_enter_rt_sigaction
sys_enter_rt_sigaction
sys_enter_rt_sigaction
sys_enter_rt_sigaction
sys_enter_rt_sigaction
sys_enter_rt_sigaction
sys_enter_rt_sigaction
sys_enter_rt_sigaction
sys_enter_rt_sigaction
sys_enter_rt_sigaction
sys_enter_rt_sigaction
sys_enter_rt_sigaction
sys_enter_rt_sigaction
sys_enter_rt_sigaction
sys_enter_rt_sigaction
sys_enter_rt_sigaction
sys_enter_rt_sigaction
sys_enter_rt_sigaction
sys_enter_rt_sigprocmask
sys_enter_clone
sys_enter_rt_sigprocmask
sys_enter_gettid
sys_enter_sigaltstack
sys_enter_sigaltstack
sys_enter_gettid
sys_enter_rt_sigprocmask
sys_enter_rt_sigprocmask
sys_enter_clone
sys_enter_rt_sigprocmask
sys_enter_gettid
sys_enter_sigaltstack
sys_enter_sigaltstack
sys_enter_gettid
sys_enter_rt_sigprocmask
sys_enter_rt_sigprocmask
sys_enter_clone
sys_enter_rt_sigprocmask
sys_enter_futex
sys_enter_gettid
sys_enter_rt_sigprocmask
sys_enter_clone
sys_enter_sigaltstack
sys_enter_sigaltstack
sys_enter_gettid
sys_enter_rt_sigprocmask
sys_enter_rt_sigprocmask
sys_enter_gettid
sys_enter_futex
sys_enter_sigaltstack
sys_enter_sigaltstack
sys_enter_gettid
sys_enter_rt_sigprocmask
sys_enter_futex
sys_enter_futex
sys_enter_futex
sys_enter_futex
sys_enter_mmap
sys_enter_futex
sys_enter_futex
sys_enter_futex
sys_enter_openat
sys_enter_futex
sys_enter_futex
sys_enter_read
sys_enter_read
sys_enter_close
sys_enter_socket
sys_enter_close
sys_enter_socket
sys_enter_setsockopt
sys_enter_bind
sys_enter_socket
sys_enter_setsockopt
sys_enter_bind
sys_enter_close
sys_enter_close
sys_enter_mmap
sys_enter_getpid
sys_enter_getppid
sys_enter_mmap
sys_enter_mmap
sys_enter_getppid
sys_enter_openat
sys_enter_pipe2
sys_enter_getpid
sys_enter_clone
sys_enter_setsid
sys_enter_close
sys_enter_read
sys_enter_chdir
sys_enter_execve
sys_enter_close
sys_enter_mmap
sys_enter_exit_group
sys_enter_mmap
sys_enter_mprotect
sys_enter_mmap
sys_enter_mmap
sys_enter_mprotect
sys_enter_mmap
sys_enter_mprotect
sys_enter_mmap
sys_enter_mprotect
sys_enter_mmap
sys_enter_mmap
sys_enter_close
sys_enter_munmap
sys_enter_sched_getaffinity
sys_enter_mmap
sys_enter_munmap
sys_enter_mmap
sys_enter_mmap
sys_enter_mmap
sys_enter_mmap
sys_enter_mmap
sys_enter_mmap
sys_enter_rt_sigprocmask
sys_enter_sigaltstack
sys_enter_sigaltstack
sys_enter_gettid
sys_enter_rt_sigprocmask
sys_enter_rt_sigaction
sys_enter_rt_sigaction
sys_enter_rt_sigaction
sys_enter_rt_sigaction
sys_enter_rt_sigaction
sys_enter_rt_sigaction
sys_enter_rt_sigaction
sys_enter_rt_sigaction
sys_enter_rt_sigaction
sys_enter_rt_sigaction
sys_enter_rt_sigaction
sys_enter_rt_sigaction
sys_enter_rt_sigaction
sys_enter_rt_sigaction
sys_enter_rt_sigaction
sys_enter_rt_sigaction
sys_enter_rt_sigaction
sys_enter_rt_sigaction
sys_enter_rt_sigaction
sys_enter_rt_sigaction
sys_enter_rt_sigaction
sys_enter_rt_sigaction
sys_enter_rt_sigaction
sys_enter_rt_sigaction
sys_enter_rt_sigaction
sys_enter_rt_sigaction
sys_enter_rt_sigaction
sys_enter_rt_sigaction
sys_enter_rt_sigaction
sys_enter_rt_sigaction
sys_enter_rt_sigaction
sys_enter_rt_sigaction
sys_enter_rt_sigaction
sys_enter_rt_sigaction
sys_enter_rt_sigaction
sys_enter_rt_sigaction
sys_enter_rt_sigaction
sys_enter_rt_sigaction
sys_enter_rt_sigaction
sys_enter_rt_sigaction
sys_enter_rt_sigaction
sys_enter_rt_sigaction
sys_enter_rt_sigaction
sys_enter_rt_sigaction
sys_enter_rt_sigaction
sys_enter_rt_sigaction
sys_enter_rt_sigaction
sys_enter_rt_sigaction
sys_enter_rt_sigaction
sys_enter_rt_sigaction
sys_enter_rt_sigaction
sys_enter_rt_sigaction
sys_enter_rt_sigaction
sys_enter_rt_sigaction
sys_enter_rt_sigaction
sys_enter_rt_sigaction
sys_enter_rt_sigaction
sys_enter_rt_sigaction
sys_enter_rt_sigaction
sys_enter_rt_sigaction
sys_enter_rt_sigaction
sys_enter_rt_sigaction
sys_enter_rt_sigaction
sys_enter_rt_sigaction
sys_enter_rt_sigaction
sys_enter_rt_sigaction
sys_enter_rt_sigaction
sys_enter_rt_sigaction
sys_enter_rt_sigaction
sys_enter_rt_sigaction
sys_enter_rt_sigaction
sys_enter_rt_sigaction
sys_enter_rt_sigaction
sys_enter_rt_sigaction
sys_enter_rt_sigaction
sys_enter_rt_sigaction
sys_enter_rt_sigaction
sys_enter_rt_sigaction
sys_enter_rt_sigaction
sys_enter_rt_sigaction
sys_enter_rt_sigaction
sys_enter_rt_sigaction
sys_enter_rt_sigaction
sys_enter_rt_sigaction
sys_enter_rt_sigaction
sys_enter_rt_sigaction
sys_enter_rt_sigaction
sys_enter_rt_sigaction
sys_enter_rt_sigaction
sys_enter_rt_sigaction
sys_enter_rt_sigaction
sys_enter_rt_sigaction
sys_enter_rt_sigaction
sys_enter_rt_sigaction
sys_enter_rt_sigaction
sys_enter_rt_sigaction
sys_enter_rt_sigaction
sys_enter_rt_sigaction
sys_enter_rt_sigaction
sys_enter_rt_sigaction
sys_enter_rt_sigaction
sys_enter_rt_sigaction
sys_enter_rt_sigaction
sys_enter_rt_sigaction
sys_enter_rt_sigaction
sys_enter_rt_sigaction
sys_enter_rt_sigaction
sys_enter_rt_sigaction
sys_enter_rt_sigaction
sys_enter_rt_sigaction
sys_enter_rt_sigaction
sys_enter_rt_sigaction
sys_enter_rt_sigaction
sys_enter_rt_sigaction
sys_enter_rt_sigprocmask
sys_enter_clone
sys_enter_rt_sigprocmask
sys_enter_gettid
sys_enter_sigaltstack
sys_enter_sigaltstack
sys_enter_gettid
sys_enter_rt_sigprocmask
sys_enter_rt_sigprocmask
sys_enter_clone
sys_enter_rt_sigprocmask
sys_enter_gettid
sys_enter_sigaltstack
sys_enter_sigaltstack
sys_enter_gettid
sys_enter_rt_sigprocmask
sys_enter_rt_sigprocmask
sys_enter_clone
sys_enter_rt_sigprocmask
sys_enter_futex
sys_enter_rt_sigprocmask
sys_enter_clone
sys_enter_gettid
sys_enter_sigaltstack
sys_enter_sigaltstack
sys_enter_rt_sigprocmask
sys_enter_gettid
sys_enter_rt_sigprocmask
sys_enter_gettid
sys_enter_futex
sys_enter_sigaltstack
sys_enter_sigaltstack
sys_enter_gettid
sys_enter_rt_sigprocmask
sys_enter_futex
sys_enter_futex
sys_enter_futex
sys_enter_futex
sys_enter_mmap
sys_enter_futex
sys_enter_futex
sys_enter_futex
sys_enter_openat
sys_enter_read
sys_enter_read
sys_enter_close
sys_enter_socket
sys_enter_close
sys_enter_socket
sys_enter_setsockopt
sys_enter_bind
sys_enter_socket
sys_enter_setsockopt
sys_enter_bind
sys_enter_close
sys_enter_close
sys_enter_getpid
sys_enter_getppid
sys_enter_mmap
sys_enter_mmap
sys_enter_getppid
sys_enter_openat
sys_enter_pipe2
sys_enter_getpid
sys_enter_clone
sys_enter_close
sys_enter_read
sys_enter_setsid
sys_enter_chdir
sys_enter_execve
sys_enter_close
sys_enter_exit_group
sys_enter_mmap
sys_enter_mmap
sys_enter_mprotect
sys_enter_mmap
sys_enter_mmap
sys_enter_mprotect
sys_enter_mmap
sys_enter_mprotect
sys_enter_mmap
sys_enter_mprotect
sys_enter_mmap
sys_enter_mmap
sys_enter_close
sys_enter_munmap
sys_enter_sched_getaffinity
sys_enter_mmap
sys_enter_munmap
sys_enter_mmap
sys_enter_mmap
sys_enter_mmap
sys_enter_mmap
sys_enter_mmap
sys_enter_mmap
sys_enter_rt_sigprocmask
sys_enter_sigaltstack
sys_enter_sigaltstack
sys_enter_gettid
sys_enter_rt_sigprocmask
sys_enter_rt_sigaction
sys_enter_rt_sigaction
sys_enter_rt_sigaction
sys_enter_rt_sigaction
sys_enter_rt_sigaction
sys_enter_rt_sigaction
sys_enter_rt_sigaction
sys_enter_rt_sigaction
sys_enter_rt_sigaction
sys_enter_rt_sigaction
sys_enter_rt_sigaction
sys_enter_rt_sigaction
sys_enter_rt_sigaction
sys_enter_rt_sigaction
sys_enter_rt_sigaction
sys_enter_rt_sigaction
sys_enter_rt_sigaction
sys_enter_rt_sigaction
sys_enter_rt_sigaction
sys_enter_rt_sigaction
sys_enter_rt_sigaction
sys_enter_rt_sigaction
sys_enter_rt_sigaction
sys_enter_rt_sigaction
sys_enter_rt_sigaction
sys_enter_rt_sigaction
sys_enter_rt_sigaction
sys_enter_rt_sigaction
sys_enter_rt_sigaction
sys_enter_rt_sigaction
sys_enter_rt_sigaction
sys_enter_rt_sigaction
sys_enter_rt_sigaction
sys_enter_rt_sigaction
sys_enter_rt_sigaction
sys_enter_rt_sigaction
sys_enter_rt_sigaction
sys_enter_rt_sigaction
sys_enter_rt_sigaction
sys_enter_rt_sigaction
sys_enter_rt_sigaction
sys_enter_rt_sigaction
sys_enter_rt_sigaction
sys_enter_rt_sigaction
sys_enter_rt_sigaction
sys_enter_rt_sigaction
sys_enter_rt_sigaction
sys_enter_rt_sigaction
sys_enter_rt_sigaction
sys_enter_rt_sigaction
sys_enter_rt_sigaction
sys_enter_rt_sigaction
sys_enter_rt_sigaction
sys_enter_rt_sigaction
sys_enter_rt_sigaction
sys_enter_rt_sigaction
sys_enter_rt_sigaction
sys_enter_rt_sigaction
sys_enter_rt_sigaction
sys_enter_rt_sigaction
sys_enter_rt_sigaction
sys_enter_rt_sigaction
sys_enter_rt_sigaction
sys_enter_rt_sigaction
sys_enter_rt_sigaction
sys_enter_rt_sigaction
sys_enter_rt_sigaction
sys_enter_rt_sigaction
sys_enter_rt_sigaction
sys_enter_rt_sigaction
sys_enter_rt_sigaction
sys_enter_rt_sigaction
sys_enter_rt_sigaction
sys_enter_rt_sigaction
sys_enter_rt_sigaction
sys_enter_rt_sigaction
sys_enter_rt_sigaction
sys_enter_rt_sigaction
sys_enter_rt_sigaction
sys_enter_rt_sigaction
sys_enter_rt_sigaction
sys_enter_rt_sigaction
sys_enter_rt_sigaction
sys_enter_rt_sigaction
sys_enter_rt_sigaction
sys_enter_rt_sigaction
sys_enter_rt_sigaction
sys_enter_rt_sigaction
sys_enter_rt_sigaction
sys_enter_rt_sigaction
sys_enter_rt_sigaction
sys_enter_rt_sigaction
sys_enter_rt_sigaction
sys_enter_rt_sigaction
sys_enter_rt_sigaction
sys_enter_rt_sigaction
sys_enter_rt_sigaction
sys_enter_rt_sigaction
sys_enter_rt_sigaction
sys_enter_rt_sigaction
sys_enter_rt_sigaction
sys_enter_rt_sigaction
sys_enter_rt_sigaction
sys_enter_rt_sigaction
sys_enter_rt_sigaction
sys_enter_rt_sigaction
sys_enter_rt_sigaction
sys_enter_rt_sigaction
sys_enter_rt_sigaction
sys_enter_rt_sigaction
sys_enter_rt_sigaction
sys_enter_rt_sigaction
sys_enter_rt_sigaction
sys_enter_rt_sigaction
sys_enter_rt_sigprocmask
sys_enter_clone
sys_enter_rt_sigprocmask
sys_enter_gettid
sys_enter_sigaltstack
sys_enter_sigaltstack
sys_enter_gettid
sys_enter_rt_sigprocmask
sys_enter_rt_sigprocmask
sys_enter_clone
sys_enter_rt_sigprocmask
sys_enter_gettid
sys_enter_sigaltstack
sys_enter_sigaltstack
sys_enter_gettid
sys_enter_rt_sigprocmask
sys_enter_rt_sigprocmask
sys_enter_clone
sys_enter_rt_sigprocmask
sys_enter_clone
sys_enter_rt_sigprocmask
sys_enter_rt_sigprocmask
sys_enter_futex
sys_enter_gettid
sys_enter_sigaltstack
sys_enter_sigaltstack
sys_enter_gettid
sys_enter_rt_sigprocmask
sys_enter_futex
sys_enter_futex
sys_enter_gettid
sys_enter_futex
sys_enter_sigaltstack
sys_enter_sigaltstack
sys_enter_gettid
sys_enter_rt_sigprocmask
sys_enter_futex
sys_enter_futex
sys_enter_mmap
sys_enter_futex
sys_enter_futex
sys_enter_futex
sys_enter_openat
sys_enter_read
sys_enter_read
sys_enter_close
sys_enter_socket
sys_enter_close
sys_enter_socket
sys_enter_setsockopt
sys_enter_bind
sys_enter_socket
sys_enter_setsockopt
sys_enter_bind
sys_enter_close
sys_enter_close
sys_enter_getpid
sys_enter_getppid
sys_enter_mmap
sys_enter_mmap
sys_enter_getppid
sys_enter_openat
sys_enter_pipe2
sys_enter_getpid
sys_enter_clone
sys_enter_setsid
sys_enter_close
sys_enter_read
sys_enter_chdir
sys_enter_execve
sys_enter_close
sys_enter_mmap
sys_enter_mmap
sys_enter_exit_group
sys_enter_mprotect
sys_enter_mmap
sys_enter_mmap
sys_enter_mprotect
sys_enter_mmap
sys_enter_mprotect
sys_enter_mmap
sys_enter_mprotect
sys_enter_mmap
sys_enter_mmap
sys_enter_close
sys_enter_munmap
sys_enter_sched_getaffinity
sys_enter_mmap
sys_enter_munmap
sys_enter_mmap
sys_enter_mmap
sys_enter_mmap
sys_enter_mmap
sys_enter_mmap
sys_enter_mmap
sys_enter_rt_sigprocmask
sys_enter_sigaltstack
sys_enter_sigaltstack
sys_enter_gettid
sys_enter_rt_sigprocmask
sys_enter_rt_sigaction
sys_enter_rt_sigaction
sys_enter_rt_sigaction
sys_enter_rt_sigaction
sys_enter_rt_sigaction
sys_enter_rt_sigaction
sys_enter_rt_sigaction
sys_enter_rt_sigaction
sys_enter_rt_sigaction
sys_enter_rt_sigaction
sys_enter_rt_sigaction
sys_enter_rt_sigaction
sys_enter_rt_sigaction
sys_enter_rt_sigaction
sys_enter_rt_sigaction
sys_enter_rt_sigaction
sys_enter_rt_sigaction
sys_enter_rt_sigaction
sys_enter_rt_sigaction
sys_enter_rt_sigaction
sys_enter_rt_sigaction
sys_enter_rt_sigaction
sys_enter_rt_sigaction
sys_enter_rt_sigaction
sys_enter_rt_sigaction
sys_enter_rt_sigaction
sys_enter_rt_sigaction
sys_enter_rt_sigaction
sys_enter_rt_sigaction
sys_enter_rt_sigaction
sys_enter_rt_sigaction
sys_enter_rt_sigaction
sys_enter_rt_sigaction
sys_enter_rt_sigaction
sys_enter_rt_sigaction
sys_enter_rt_sigaction
sys_enter_rt_sigaction
sys_enter_rt_sigaction
sys_enter_rt_sigaction
sys_enter_rt_sigaction
sys_enter_rt_sigaction
sys_enter_rt_sigaction
sys_enter_rt_sigaction
sys_enter_rt_sigaction
sys_enter_rt_sigaction
sys_enter_rt_sigaction
sys_enter_rt_sigaction
sys_enter_rt_sigaction
sys_enter_rt_sigaction
sys_enter_rt_sigaction
sys_enter_rt_sigaction
sys_enter_rt_sigaction
sys_enter_rt_sigaction
sys_enter_rt_sigaction
sys_enter_rt_sigaction
sys_enter_rt_sigaction
sys_enter_rt_sigaction
sys_enter_rt_sigaction
sys_enter_rt_sigaction
sys_enter_rt_sigaction
sys_enter_rt_sigaction
sys_enter_rt_sigaction
sys_enter_rt_sigaction
sys_enter_rt_sigaction
sys_enter_rt_sigaction
sys_enter_rt_sigaction
sys_enter_rt_sigaction
sys_enter_rt_sigaction
sys_enter_rt_sigaction
sys_enter_rt_sigaction
sys_enter_rt_sigaction
sys_enter_rt_sigaction
sys_enter_rt_sigaction
sys_enter_rt_sigaction
sys_enter_rt_sigaction
sys_enter_rt_sigaction
sys_enter_rt_sigaction
sys_enter_rt_sigaction
sys_enter_rt_sigaction
sys_enter_rt_sigaction
sys_enter_rt_sigaction
sys_enter_rt_sigaction
sys_enter_rt_sigaction
sys_enter_rt_sigaction
sys_enter_rt_sigaction
sys_enter_rt_sigaction
sys_enter_rt_sigaction
sys_enter_rt_sigaction
sys_enter_rt_sigaction
sys_enter_rt_sigaction
sys_enter_rt_sigaction
sys_enter_rt_sigaction
sys_enter_rt_sigaction
sys_enter_rt_sigaction
sys_enter_rt_sigaction
sys_enter_rt_sigaction
sys_enter_rt_sigaction
sys_enter_rt_sigaction
sys_enter_rt_sigaction
sys_enter_rt_sigaction
sys_enter_rt_sigaction
sys_enter_rt_sigaction
sys_enter_rt_sigaction
sys_enter_rt_sigaction
sys_enter_rt_sigaction
sys_enter_rt_sigaction
sys_enter_rt_sigaction
sys_enter_rt_sigaction
sys_enter_rt_sigaction
sys_enter_rt_sigaction
sys_enter_rt_sigaction
sys_enter_rt_sigaction
sys_enter_rt_sigaction
sys_enter_rt_sigaction
sys_enter_rt_sigprocmask
sys_enter_clone
sys_enter_rt_sigprocmask
sys_enter_gettid
sys_enter_sigaltstack
sys_enter_sigaltstack
sys_enter_gettid
sys_enter_rt_sigprocmask
sys_enter_rt_sigprocmask
sys_enter_clone
sys_enter_rt_sigprocmask
sys_enter_gettid
sys_enter_sigaltstack
sys_enter_sigaltstack
sys_enter_rt_sigprocmask
sys_enter_clone
sys_enter_gettid
sys_enter_rt_sigprocmask
sys_enter_rt_sigprocmask
sys_enter_sched_yield
sys_enter_gettid
sys_enter_futex
sys_enter_sigaltstack
sys_enter_futex
sys_enter_rt_sigprocmask
sys_enter_sigaltstack
sys_enter_gettid
sys_enter_rt_sigprocmask
sys_enter_clone
sys_enter_futex
sys_enter_futex
sys_enter_rt_sigprocmask
sys_enter_futex
sys_enter_gettid
sys_enter_sigaltstack
sys_enter_sigaltstack
sys_enter_gettid
sys_enter_rt_sigprocmask
sys_enter_futex
sys_enter_futex
sys_enter_mmap
sys_enter_futex
sys_enter_futex
sys_enter_futex
sys_enter_openat
sys_enter_read
sys_enter_read
sys_enter_close
sys_enter_socket
sys_enter_close
sys_enter_socket
sys_enter_setsockopt
sys_enter_bind
sys_enter_socket
sys_enter_setsockopt
sys_enter_bind
sys_enter_close
sys_enter_close
sys_enter_getpid
sys_enter_getppid
sys_enter_mmap
sys_enter_mmap
sys_enter_getppid
sys_enter_openat
sys_enter_pipe2
sys_enter_getpid
sys_enter_clone
sys_enter_setsid
sys_enter_close
sys_enter_read
sys_enter_chdir
sys_enter_execve
sys_enter_close
sys_enter_exit_group
sys_enter_mmap
sys_enter_mmap
sys_enter_mprotect
sys_enter_mmap
sys_enter_mmap
sys_enter_mprotect
sys_enter_mmap
sys_enter_mprotect
sys_enter_mmap
sys_enter_mprotect
sys_enter_mmap
sys_enter_mmap
sys_enter_close
sys_enter_munmap
sys_enter_sched_getaffinity
sys_enter_mmap
sys_enter_munmap
sys_enter_mmap
sys_enter_mmap
sys_enter_mmap
sys_enter_mmap
sys_enter_mmap
sys_enter_mmap
sys_enter_rt_sigprocmask
sys_enter_sigaltstack
sys_enter_sigaltstack
sys_enter_gettid
sys_enter_rt_sigprocmask
sys_enter_rt_sigaction
sys_enter_rt_sigaction
sys_enter_rt_sigaction
sys_enter_rt_sigaction
sys_enter_rt_sigaction
sys_enter_rt_sigaction
sys_enter_rt_sigaction
sys_enter_rt_sigaction
sys_enter_rt_sigaction
sys_enter_rt_sigaction
sys_enter_rt_sigaction
sys_enter_rt_sigaction
sys_enter_rt_sigaction
sys_enter_rt_sigaction
sys_enter_rt_sigaction
sys_enter_rt_sigaction
sys_enter_rt_sigaction
sys_enter_rt_sigaction
sys_enter_rt_sigaction
sys_enter_rt_sigaction
sys_enter_rt_sigaction
sys_enter_rt_sigaction
sys_enter_rt_sigaction
sys_enter_rt_sigaction
sys_enter_rt_sigaction
sys_enter_rt_sigaction
sys_enter_rt_sigaction
sys_enter_rt_sigaction
sys_enter_rt_sigaction
sys_enter_rt_sigaction
sys_enter_rt_sigaction
sys_enter_rt_sigaction
sys_enter_rt_sigaction
sys_enter_rt_sigaction
sys_enter_rt_sigaction
sys_enter_rt_sigaction
sys_enter_rt_sigaction
sys_enter_rt_sigaction
sys_enter_rt_sigaction
sys_enter_rt_sigaction
sys_enter_rt_sigaction
sys_enter_rt_sigaction
sys_enter_rt_sigaction
sys_enter_rt_sigaction
sys_enter_rt_sigaction
sys_enter_rt_sigaction
sys_enter_rt_sigaction
sys_enter_rt_sigaction
sys_enter_rt_sigaction
sys_enter_rt_sigaction
sys_enter_rt_sigaction
sys_enter_rt_sigaction
sys_enter_rt_sigaction
sys_enter_rt_sigaction
sys_enter_rt_sigaction
sys_enter_rt_sigaction
sys_enter_rt_sigaction
sys_enter_rt_sigaction
sys_enter_rt_sigaction
sys_enter_rt_sigaction
sys_enter_rt_sigaction
sys_enter_rt_sigaction
sys_enter_rt_sigaction
sys_enter_rt_sigaction
sys_enter_rt_sigaction
sys_enter_rt_sigaction
sys_enter_rt_sigaction
sys_enter_rt_sigaction
sys_enter_rt_sigaction
sys_enter_rt_sigaction
sys_enter_rt_sigaction
sys_enter_rt_sigaction
sys_enter_rt_sigaction
sys_enter_rt_sigaction
sys_enter_rt_sigaction
sys_enter_rt_sigaction
sys_enter_rt_sigaction
sys_enter_rt_sigaction
sys_enter_rt_sigaction
sys_enter_rt_sigaction
sys_enter_rt_sigaction
sys_enter_rt_sigaction
sys_enter_rt_sigaction
sys_enter_rt_sigaction
sys_enter_rt_sigaction
sys_enter_rt_sigaction
sys_enter_rt_sigaction
sys_enter_rt_sigaction
sys_enter_rt_sigaction
sys_enter_rt_sigaction
sys_enter_rt_sigaction
sys_enter_rt_sigaction
sys_enter_rt_sigaction
sys_enter_rt_sigaction
sys_enter_rt_sigaction
sys_enter_rt_sigaction
sys_enter_rt_sigaction
sys_enter_rt_sigaction
sys_enter_rt_sigaction
sys_enter_rt_sigaction
sys_enter_rt_sigaction
sys_enter_rt_sigaction
sys_enter_rt_sigaction
sys_enter_rt_sigaction
sys_enter_rt_sigaction
sys_enter_rt_sigaction
sys_enter_rt_sigaction
sys_enter_rt_sigaction
sys_enter_rt_sigaction
sys_enter_rt_sigaction
sys_enter_rt_sigaction
sys_enter_rt_sigaction
sys_enter_rt_sigaction
sys_enter_rt_sigaction
sys_enter_rt_sigprocmask
sys_enter_clone
sys_enter_rt_sigprocmask
sys_enter_gettid
sys_enter_sigaltstack
sys_enter_sigaltstack
sys_enter_gettid
sys_enter_rt_sigprocmask
sys_enter_rt_sigprocmask
sys_enter_clone
sys_enter_rt_sigprocmask
sys_enter_gettid
sys_enter_sigaltstack
sys_enter_sigaltstack
sys_enter_gettid
sys_enter_rt_sigprocmask
sys_enter_rt_sigprocmask
sys_enter_clone
sys_enter_rt_sigprocmask
sys_enter_clone
sys_enter_rt_sigprocmask
sys_enter_rt_sigprocmask
sys_enter_futex
sys_enter_gettid
sys_enter_sigaltstack
sys_enter_sigaltstack
sys_enter_gettid
sys_enter_rt_sigprocmask
sys_enter_gettid
sys_enter_futex
sys_enter_sigaltstack
sys_enter_futex
sys_enter_sigaltstack
sys_enter_gettid
sys_enter_rt_sigprocmask
sys_enter_futex
sys_enter_futex
sys_enter_futex
sys_enter_mmap
sys_enter_futex
sys_enter_futex
sys_enter_futex
sys_enter_openat
sys_enter_read
sys_enter_read
sys_enter_close
sys_enter_socket
sys_enter_close
sys_enter_socket
sys_enter_setsockopt
sys_enter_bind
sys_enter_socket
sys_enter_setsockopt
sys_enter_bind
sys_enter_close
sys_enter_close
sys_enter_getpid
sys_enter_getppid
sys_enter_mmap
sys_enter_mmap
sys_enter_getppid
sys_enter_openat
sys_enter_pipe2
sys_enter_getpid
sys_enter_clone
sys_enter_setsid
sys_enter_close
sys_enter_read
sys_enter_chdir
sys_enter_execve
sys_enter_close
sys_enter_exit_group
sys_enter_mmap
sys_enter_mmap
sys_enter_mprotect
sys_enter_mmap
sys_enter_mmap
sys_enter_mprotect
sys_enter_mmap
sys_enter_mprotect
sys_enter_mmap
sys_enter_mprotect
sys_enter_mmap
sys_enter_mmap
sys_enter_close
sys_enter_munmap
sys_enter_sched_getaffinity
sys_enter_mmap
sys_enter_munmap
sys_enter_mmap
sys_enter_mmap
sys_enter_mmap
sys_enter_mmap
sys_enter_mmap
sys_enter_mmap
sys_enter_rt_sigprocmask
sys_enter_sigaltstack
sys_enter_sigaltstack
sys_enter_gettid
sys_enter_rt_sigprocmask
sys_enter_rt_sigaction
sys_enter_rt_sigaction
sys_enter_rt_sigaction
sys_enter_rt_sigaction
sys_enter_rt_sigaction
sys_enter_rt_sigaction
sys_enter_rt_sigaction
sys_enter_rt_sigaction
sys_enter_rt_sigaction
sys_enter_rt_sigaction
sys_enter_rt_sigaction
sys_enter_rt_sigaction
sys_enter_rt_sigaction
sys_enter_rt_sigaction
sys_enter_rt_sigaction
sys_enter_rt_sigaction
sys_enter_rt_sigaction
sys_enter_rt_sigaction
sys_enter_rt_sigaction
sys_enter_rt_sigaction
sys_enter_rt_sigaction
sys_enter_rt_sigaction
sys_enter_rt_sigaction
sys_enter_rt_sigaction
sys_enter_rt_sigaction
sys_enter_rt_sigaction
sys_enter_rt_sigaction
sys_enter_rt_sigaction
sys_enter_rt_sigaction
sys_enter_rt_sigaction
sys_enter_rt_sigaction
sys_enter_rt_sigaction
sys_enter_rt_sigaction
sys_enter_rt_sigaction
sys_enter_rt_sigaction
sys_enter_rt_sigaction
sys_enter_rt_sigaction
sys_enter_rt_sigaction
sys_enter_rt_sigaction
sys_enter_rt_sigaction
sys_enter_rt_sigaction
sys_enter_rt_sigaction
sys_enter_rt_sigaction
sys_enter_rt_sigaction
sys_enter_rt_sigaction
sys_enter_rt_sigaction
sys_enter_rt_sigaction
sys_enter_rt_sigaction
sys_enter_rt_sigaction
sys_enter_rt_sigaction
sys_enter_rt_sigaction
sys_enter_rt_sigaction
sys_enter_rt_sigaction
sys_enter_rt_sigaction
sys_enter_rt_sigaction
sys_enter_rt_sigaction
sys_enter_rt_sigaction
sys_enter_rt_sigaction
sys_enter_rt_sigaction
sys_enter_rt_sigaction
sys_enter_rt_sigaction
sys_enter_rt_sigaction
sys_enter_rt_sigaction
sys_enter_rt_sigaction
sys_enter_rt_sigaction
sys_enter_rt_sigaction
sys_enter_rt_sigaction
sys_enter_rt_sigaction
sys_enter_rt_sigaction
sys_enter_rt_sigaction
sys_enter_rt_sigaction
sys_enter_rt_sigaction
sys_enter_rt_sigaction
sys_enter_rt_sigaction
sys_enter_rt_sigaction
sys_enter_rt_sigaction
sys_enter_rt_sigaction
sys_enter_rt_sigaction
sys_enter_rt_sigaction
sys_enter_rt_sigaction
sys_enter_rt_sigaction
sys_enter_rt_sigaction
sys_enter_rt_sigaction
sys_enter_rt_sigaction
sys_enter_rt_sigaction
sys_enter_rt_sigaction
sys_enter_rt_sigaction
sys_enter_rt_sigaction
sys_enter_rt_sigaction
sys_enter_rt_sigaction
sys_enter_rt_sigaction
sys_enter_rt_sigaction
sys_enter_rt_sigaction
sys_enter_rt_sigaction
sys_enter_rt_sigaction
sys_enter_rt_sigaction
sys_enter_rt_sigaction
sys_enter_rt_sigaction
sys_enter_rt_sigaction
sys_enter_rt_sigaction
sys_enter_rt_sigaction
sys_enter_rt_sigaction
sys_enter_rt_sigaction
sys_enter_rt_sigaction
sys_enter_rt_sigaction
sys_enter_rt_sigaction
sys_enter_rt_sigaction
sys_enter_rt_sigaction
sys_enter_rt_sigaction
sys_enter_rt_sigaction
sys_enter_rt_sigaction
sys_enter_rt_sigaction
sys_enter_rt_sigaction
sys_enter_rt_sigaction
sys_enter_rt_sigprocmask
sys_enter_clone
sys_enter_rt_sigprocmask
sys_enter_gettid
sys_enter_sigaltstack
sys_enter_sigaltstack
sys_enter_gettid
sys_enter_rt_sigprocmask
sys_enter_rt_sigprocmask
sys_enter_clone
sys_enter_rt_sigprocmask
sys_enter_gettid
sys_enter_sigaltstack
sys_enter_sigaltstack
sys_enter_gettid
sys_enter_rt_sigprocmask
sys_enter_rt_sigprocmask
sys_enter_clone
sys_enter_rt_sigprocmask
sys_enter_futex
sys_enter_gettid
sys_enter_sigaltstack
sys_enter_sigaltstack
sys_enter_gettid
sys_enter_rt_sigprocmask
sys_enter_futex
sys_enter_rt_sigprocmask
sys_enter_clone
sys_enter_rt_sigprocmask
sys_enter_futex
sys_enter_gettid
sys_enter_futex
sys_enter_sigaltstack
sys_enter_sigaltstack
sys_enter_gettid
sys_enter_rt_sigprocmask
sys_enter_futex
sys_enter_futex
sys_enter_mmap
sys_enter_futex
sys_enter_futex
sys_enter_futex
sys_enter_openat
sys_enter_read
sys_enter_read
sys_enter_close
sys_enter_socket
sys_enter_close
sys_enter_socket
sys_enter_setsockopt
sys_enter_bind
sys_enter_socket
sys_enter_setsockopt
sys_enter_bind
sys_enter_close
sys_enter_close
sys_enter_getpid
sys_enter_getppid
sys_enter_mmap
sys_enter_mmap
sys_enter_getppid
sys_enter_openat
sys_enter_pipe2
sys_enter_getpid
sys_enter_clone
sys_enter_setsid
sys_enter_close
sys_enter_read
sys_enter_chdir
sys_enter_execve
sys_enter_close
sys_enter_exit_group
sys_enter_mmap
sys_enter_mmap
sys_enter_mprotect
sys_enter_mmap
sys_enter_mmap
sys_enter_mprotect
sys_enter_mmap
sys_enter_mprotect
sys_enter_mmap
sys_enter_mprotect
sys_enter_mmap
sys_enter_mmap
sys_enter_close
sys_enter_munmap
sys_enter_sched_getaffinity
sys_enter_mmap
sys_enter_munmap
sys_enter_mmap
sys_enter_mmap
sys_enter_mmap
sys_enter_mmap
sys_enter_mmap
sys_enter_mmap
sys_enter_rt_sigprocmask
sys_enter_sigaltstack
sys_enter_sigaltstack
sys_enter_gettid
sys_enter_rt_sigprocmask
sys_enter_rt_sigaction
sys_enter_rt_sigaction
sys_enter_rt_sigaction
sys_enter_rt_sigaction
sys_enter_rt_sigaction
sys_enter_rt_sigaction
sys_enter_rt_sigaction
sys_enter_rt_sigaction
sys_enter_rt_sigaction
sys_enter_rt_sigaction
sys_enter_rt_sigaction
sys_enter_rt_sigaction
sys_enter_rt_sigaction
sys_enter_rt_sigaction
sys_enter_rt_sigaction
sys_enter_rt_sigaction
sys_enter_rt_sigaction
sys_enter_rt_sigaction
sys_enter_rt_sigaction
sys_enter_rt_sigaction
sys_enter_rt_sigaction
sys_enter_rt_sigaction
sys_enter_rt_sigaction
sys_enter_rt_sigaction
sys_enter_rt_sigaction
sys_enter_rt_sigaction
sys_enter_rt_sigaction
sys_enter_rt_sigaction
sys_enter_rt_sigaction
sys_enter_rt_sigaction
sys_enter_rt_sigaction
sys_enter_rt_sigaction
sys_enter_rt_sigaction
sys_enter_rt_sigaction
sys_enter_rt_sigaction
sys_enter_rt_sigaction
sys_enter_rt_sigaction
sys_enter_rt_sigaction
sys_enter_rt_sigaction
sys_enter_rt_sigaction
sys_enter_rt_sigaction
sys_enter_rt_sigaction
sys_enter_rt_sigaction
sys_enter_rt_sigaction
sys_enter_rt_sigaction
sys_enter_rt_sigaction
sys_enter_rt_sigaction
sys_enter_rt_sigaction
sys_enter_rt_sigaction
sys_enter_rt_sigaction
sys_enter_rt_sigaction
sys_enter_rt_sigaction
sys_enter_rt_sigaction
sys_enter_rt_sigaction
sys_enter_rt_sigaction
sys_enter_rt_sigaction
sys_enter_rt_sigaction
sys_enter_rt_sigaction
sys_enter_rt_sigaction
sys_enter_rt_sigaction
sys_enter_rt_sigaction
sys_enter_rt_sigaction
sys_enter_rt_sigaction
sys_enter_rt_sigaction
sys_enter_rt_sigaction
sys_enter_rt_sigaction
sys_enter_rt_sigaction
sys_enter_rt_sigaction
sys_enter_rt_sigaction
sys_enter_rt_sigaction
sys_enter_rt_sigaction
sys_enter_rt_sigaction
sys_enter_rt_sigaction
sys_enter_rt_sigaction
sys_enter_rt_sigaction
sys_enter_rt_sigaction
sys_enter_rt_sigaction
sys_enter_rt_sigaction
sys_enter_rt_sigaction
sys_enter_rt_sigaction
sys_enter_rt_sigaction
sys_enter_rt_sigaction
sys_enter_rt_sigaction
sys_enter_rt_sigaction
sys_enter_rt_sigaction
sys_enter_rt_sigaction
sys_enter_rt_sigaction
sys_enter_rt_sigaction
sys_enter_rt_sigaction
sys_enter_rt_sigaction
sys_enter_rt_sigaction
sys_enter_rt_sigaction
sys_enter_rt_sigaction
sys_enter_rt_sigaction
sys_enter_rt_sigaction
sys_enter_rt_sigaction
sys_enter_rt_sigaction
sys_enter_rt_sigaction
sys_enter_rt_sigaction
sys_enter_rt_sigaction
sys_enter_rt_sigaction
sys_enter_rt_sigaction
sys_enter_rt_sigaction
sys_enter_rt_sigaction
sys_enter_rt_sigaction
sys_enter_rt_sigaction
sys_enter_rt_sigaction
sys_enter_rt_sigaction
sys_enter_rt_sigaction
sys_enter_rt_sigaction
sys_enter_rt_sigaction
sys_enter_rt_sigaction
sys_enter_rt_sigaction
sys_enter_rt_sigaction
sys_enter_rt_sigprocmask
sys_enter_clone
sys_enter_rt_sigprocmask
sys_enter_gettid
sys_enter_sigaltstack
sys_enter_sigaltstack
sys_enter_gettid
sys_enter_rt_sigprocmask
sys_enter_rt_sigprocmask
sys_enter_clone
sys_enter_rt_sigprocmask
sys_enter_gettid
sys_enter_sigaltstack
sys_enter_sigaltstack
sys_enter_rt_sigprocmask
sys_enter_clone
sys_enter_gettid
sys_enter_rt_sigprocmask
sys_enter_rt_sigprocmask
sys_enter_futex
sys_enter_gettid
sys_enter_rt_sigprocmask
sys_enter_clone
sys_enter_sigaltstack
sys_enter_sigaltstack
sys_enter_gettid
sys_enter_rt_sigprocmask
sys_enter_futex
sys_enter_futex
sys_enter_rt_sigprocmask
sys_enter_futex
sys_enter_gettid
sys_enter_sigaltstack
sys_enter_sigaltstack
sys_enter_gettid
sys_enter_rt_sigprocmask
sys_enter_futex
sys_enter_futex
sys_enter_mmap
sys_enter_futex
sys_enter_futex
sys_enter_futex
sys_enter_openat
sys_enter_futex
sys_enter_futex
sys_enter_read
sys_enter_read
sys_enter_close
sys_enter_socket
sys_enter_close
sys_enter_socket
sys_enter_setsockopt
sys_enter_bind
sys_enter_socket
sys_enter_setsockopt
sys_enter_bind
sys_enter_close
sys_enter_close
sys_enter_mmap
sys_enter_getpid
sys_enter_getppid
sys_enter_mmap
sys_enter_mmap
sys_enter_mmap
sys_enter_getppid
sys_enter_openat
sys_enter_pipe2
sys_enter_getpid
sys_enter_clone
sys_enter_setsid
sys_enter_close
sys_enter_read
sys_enter_chdir
sys_enter_execve
sys_enter_close
sys_enter_exit_group
sys_enter_mmap
sys_enter_mmap
sys_enter_mprotect
sys_enter_mmap
sys_enter_mmap
sys_enter_mprotect
sys_enter_mmap
sys_enter_mprotect
sys_enter_mmap
sys_enter_mprotect
sys_enter_mmap
sys_enter_mmap
sys_enter_close
sys_enter_munmap
sys_enter_sched_getaffinity
sys_enter_mmap
sys_enter_munmap
sys_enter_mmap
sys_enter_mmap
sys_enter_mmap
sys_enter_mmap
sys_enter_mmap
sys_enter_mmap
sys_enter_rt_sigprocmask
sys_enter_sigaltstack
sys_enter_sigaltstack
sys_enter_gettid
sys_enter_rt_sigprocmask
sys_enter_rt_sigaction
sys_enter_rt_sigaction
sys_enter_rt_sigaction
sys_enter_rt_sigaction
sys_enter_rt_sigaction
sys_enter_rt_sigaction
sys_enter_rt_sigaction
sys_enter_rt_sigaction
sys_enter_rt_sigaction
sys_enter_rt_sigaction
sys_enter_rt_sigaction
sys_enter_rt_sigaction
sys_enter_rt_sigaction
sys_enter_rt_sigaction
sys_enter_rt_sigaction
sys_enter_rt_sigaction
sys_enter_rt_sigaction
sys_enter_rt_sigaction
sys_enter_rt_sigaction
sys_enter_rt_sigaction
sys_enter_rt_sigaction
sys_enter_rt_sigaction
sys_enter_rt_sigaction
sys_enter_rt_sigaction
sys_enter_rt_sigaction
sys_enter_rt_sigaction
sys_enter_rt_sigaction
sys_enter_rt_sigaction
sys_enter_rt_sigaction
sys_enter_rt_sigaction
sys_enter_rt_sigaction
sys_enter_rt_sigaction
sys_enter_rt_sigaction
sys_enter_rt_sigaction
sys_enter_rt_sigaction
sys_enter_rt_sigaction
sys_enter_rt_sigaction
sys_enter_rt_sigaction
sys_enter_rt_sigaction
sys_enter_rt_sigaction
sys_enter_rt_sigaction
sys_enter_rt_sigaction
sys_enter_rt_sigaction
sys_enter_rt_sigaction
sys_enter_rt_sigaction
sys_enter_rt_sigaction
sys_enter_rt_sigaction
sys_enter_rt_sigaction
sys_enter_rt_sigaction
sys_enter_rt_sigaction
sys_enter_rt_sigaction
sys_enter_rt_sigaction
sys_enter_rt_sigaction
sys_enter_rt_sigaction
sys_enter_rt_sigaction
sys_enter_rt_sigaction
sys_enter_rt_sigaction
sys_enter_rt_sigaction
sys_enter_rt_sigaction
sys_enter_rt_sigaction
sys_enter_rt_sigaction
sys_enter_rt_sigaction
sys_enter_rt_sigaction
sys_enter_rt_sigaction
sys_enter_rt_sigaction
sys_enter_rt_sigaction
sys_enter_rt_sigaction
sys_enter_rt_sigaction
sys_enter_rt_sigaction
sys_enter_rt_sigaction
sys_enter_rt_sigaction
sys_enter_rt_sigaction
sys_enter_rt_sigaction
sys_enter_rt_sigaction
sys_enter_rt_sigaction
sys_enter_rt_sigaction
sys_enter_rt_sigaction
sys_enter_rt_sigaction
sys_enter_rt_sigaction
sys_enter_rt_sigaction
sys_enter_rt_sigaction
sys_enter_rt_sigaction
sys_enter_rt_sigaction
sys_enter_rt_sigaction
sys_enter_rt_sigaction
sys_enter_rt_sigaction
sys_enter_rt_sigaction
sys_enter_rt_sigaction
sys_enter_rt_sigaction
sys_enter_rt_sigaction
sys_enter_rt_sigaction
sys_enter_rt_sigaction
sys_enter_rt_sigaction
sys_enter_rt_sigaction
sys_enter_rt_sigaction
sys_enter_rt_sigaction
sys_enter_rt_sigaction
sys_enter_rt_sigaction
sys_enter_rt_sigaction
sys_enter_rt_sigaction
sys_enter_rt_sigaction
sys_enter_rt_sigaction
sys_enter_rt_sigaction
sys_enter_rt_sigaction
sys_enter_rt_sigaction
sys_enter_rt_sigaction
sys_enter_rt_sigaction
sys_enter_rt_sigaction
sys_enter_rt_sigaction
sys_enter_rt_sigaction
sys_enter_rt_sigaction
sys_enter_rt_sigaction
sys_enter_rt_sigaction
sys_enter_rt_sigaction
sys_enter_rt_sigprocmask
sys_enter_clone
sys_enter_rt_sigprocmask
sys_enter_gettid
sys_enter_sigaltstack
sys_enter_sigaltstack
sys_enter_gettid
sys_enter_rt_sigprocmask
sys_enter_rt_sigprocmask
sys_enter_clone
sys_enter_rt_sigprocmask
sys_enter_rt_sigprocmask
sys_enter_clone
sys_enter_gettid
sys_enter_sigaltstack
sys_enter_sigaltstack
sys_enter_gettid
sys_enter_rt_sigprocmask
sys_enter_rt_sigprocmask
sys_enter_futex
sys_enter_gettid
sys_enter_sigaltstack
sys_enter_sigaltstack
sys_enter_gettid
sys_enter_rt_sigprocmask
sys_enter_rt_sigprocmask
sys_enter_clone
sys_enter_futex
sys_enter_rt_sigprocmask
sys_enter_futex
sys_enter_gettid
sys_enter_sigaltstack
sys_enter_sigaltstack
sys_enter_gettid
sys_enter_rt_sigprocmask
sys_enter_mmap
sys_enter_futex
sys_enter_futex
sys_enter_futex
sys_enter_openat
sys_enter_read
sys_enter_read
sys_enter_close
sys_enter_socket
sys_enter_close
sys_enter_socket
sys_enter_setsockopt
sys_enter_bind
sys_enter_socket
sys_enter_setsockopt
sys_enter_bind
sys_enter_close
sys_enter_close
sys_enter_getpid
sys_enter_getppid
sys_enter_mmap
sys_enter_mmap
sys_enter_futex
sys_enter_getppid
sys_enter_openat
sys_enter_pipe2
sys_enter_getpid
sys_enter_clone
sys_enter_close
sys_enter_setsid
sys_enter_read
sys_enter_chdir
sys_enter_execve
sys_enter_close
sys_enter_mmap
sys_enter_exit_group
sys_enter_mmap
sys_enter_mprotect
sys_enter_mmap
sys_enter_mmap
sys_enter_mprotect
sys_enter_mmap
sys_enter_mprotect
sys_enter_mmap
sys_enter_mprotect
sys_enter_mmap
sys_enter_mmap
sys_enter_close
sys_enter_munmap
sys_enter_sched_getaffinity
sys_enter_mmap
sys_enter_munmap
sys_enter_mmap
sys_enter_mmap
sys_enter_mmap
sys_enter_mmap
sys_enter_mmap
sys_enter_mmap
sys_enter_rt_sigprocmask
sys_enter_sigaltstack
sys_enter_sigaltstack
sys_enter_gettid
sys_enter_rt_sigprocmask
sys_enter_rt_sigaction
sys_enter_rt_sigaction
sys_enter_rt_sigaction
sys_enter_rt_sigaction
sys_enter_rt_sigaction
sys_enter_rt_sigaction
sys_enter_rt_sigaction
sys_enter_rt_sigaction
sys_enter_rt_sigaction
sys_enter_rt_sigaction
sys_enter_rt_sigaction
sys_enter_rt_sigaction
sys_enter_rt_sigaction
sys_enter_rt_sigaction
sys_enter_rt_sigaction
sys_enter_rt_sigaction
sys_enter_rt_sigaction
sys_enter_rt_sigaction
sys_enter_rt_sigaction
sys_enter_rt_sigaction
sys_enter_rt_sigaction
sys_enter_rt_sigaction
sys_enter_rt_sigaction
sys_enter_rt_sigaction
sys_enter_rt_sigaction
sys_enter_rt_sigaction
sys_enter_rt_sigaction
sys_enter_rt_sigaction
sys_enter_rt_sigaction
sys_enter_rt_sigaction
sys_enter_rt_sigaction
sys_enter_rt_sigaction
sys_enter_rt_sigaction
sys_enter_rt_sigaction
sys_enter_rt_sigaction
sys_enter_rt_sigaction
sys_enter_rt_sigaction
sys_enter_rt_sigaction
sys_enter_rt_sigaction
sys_enter_rt_sigaction
sys_enter_rt_sigaction
sys_enter_rt_sigaction
sys_enter_rt_sigaction
sys_enter_rt_sigaction
sys_enter_rt_sigaction
sys_enter_rt_sigaction
sys_enter_rt_sigaction
sys_enter_rt_sigaction
sys_enter_rt_sigaction
sys_enter_rt_sigaction
sys_enter_rt_sigaction
sys_enter_rt_sigaction
sys_enter_rt_sigaction
sys_enter_rt_sigaction
sys_enter_rt_sigaction
sys_enter_rt_sigaction
sys_enter_rt_sigaction
sys_enter_rt_sigaction
sys_enter_rt_sigaction
sys_enter_rt_sigaction
sys_enter_rt_sigaction
sys_enter_rt_sigaction
sys_enter_rt_sigaction
sys_enter_rt_sigaction
sys_enter_rt_sigaction
sys_enter_rt_sigaction
sys_enter_rt_sigaction
sys_enter_rt_sigaction
sys_enter_rt_sigaction
sys_enter_rt_sigaction
sys_enter_rt_sigaction
sys_enter_rt_sigaction
sys_enter_rt_sigaction
sys_enter_rt_sigaction
sys_enter_rt_sigaction
sys_enter_rt_sigaction
sys_enter_rt_sigaction
sys_enter_rt_sigaction
sys_enter_rt_sigaction
sys_enter_rt_sigaction
sys_enter_rt_sigaction
sys_enter_rt_sigaction
sys_enter_rt_sigaction
sys_enter_rt_sigaction
sys_enter_rt_sigaction
sys_enter_rt_sigaction
sys_enter_rt_sigaction
sys_enter_rt_sigaction
sys_enter_rt_sigaction
sys_enter_rt_sigaction
sys_enter_rt_sigaction
sys_enter_rt_sigaction
sys_enter_rt_sigaction
sys_enter_rt_sigaction
sys_enter_rt_sigaction
sys_enter_rt_sigaction
sys_enter_rt_sigaction
sys_enter_rt_sigaction
sys_enter_rt_sigaction
sys_enter_rt_sigaction
sys_enter_rt_sigaction
sys_enter_rt_sigaction
sys_enter_rt_sigaction
sys_enter_rt_sigaction
sys_enter_rt_sigaction
sys_enter_rt_sigaction
sys_enter_rt_sigaction
sys_enter_rt_sigaction
sys_enter_rt_sigaction
sys_enter_rt_sigaction
sys_enter_rt_sigaction
sys_enter_rt_sigaction
sys_enter_rt_sigaction
sys_enter_rt_sigaction
sys_enter_rt_sigprocmask
sys_enter_clone
sys_enter_rt_sigprocmask
sys_enter_gettid
sys_enter_sigaltstack
sys_enter_sigaltstack
sys_enter_gettid
sys_enter_rt_sigprocmask
sys_enter_rt_sigprocmask
sys_enter_clone
sys_enter_rt_sigprocmask
sys_enter_gettid
sys_enter_sigaltstack
sys_enter_sigaltstack
sys_enter_gettid
sys_enter_rt_sigprocmask
sys_enter_clone
sys_enter_rt_sigprocmask
sys_enter_rt_sigprocmask
sys_enter_futex
sys_enter_gettid
sys_enter_sigaltstack
sys_enter_sigaltstack
sys_enter_gettid
sys_enter_rt_sigprocmask
sys_enter_futex
sys_enter_futex
sys_enter_gettid
sys_enter_sigaltstack
sys_enter_sigaltstack
sys_enter_gettid
sys_enter_rt_sigprocmask
sys_enter_futex
sys_enter_rt_sigprocmask
sys_enter_clone
sys_enter_rt_sigprocmask
sys_enter_futex
sys_enter_futex
sys_enter_mmap
sys_enter_futex
sys_enter_futex
sys_enter_futex
sys_enter_openat
sys_enter_read
sys_enter_read
sys_enter_close
sys_enter_socket
sys_enter_close
sys_enter_socket
sys_enter_setsockopt
sys_enter_bind
sys_enter_socket
sys_enter_setsockopt
sys_enter_bind
sys_enter_close
sys_enter_close
sys_enter_getpid
sys_enter_getppid
sys_enter_mmap
sys_enter_mmap
sys_enter_getppid
sys_enter_openat
sys_enter_pipe2
sys_enter_getpid
sys_enter_clone
sys_enter_setsid
sys_enter_close
sys_enter_read
sys_enter_chdir
sys_enter_execve
sys_enter_close
sys_enter_mmap
sys_enter_mmap
sys_enter_exit_group
sys_enter_mprotect
sys_enter_mmap
sys_enter_mmap
sys_enter_mprotect
sys_enter_mmap
sys_enter_mprotect
sys_enter_mmap
sys_enter_mprotect
sys_enter_mmap
sys_enter_mmap
sys_enter_close
sys_enter_munmap
sys_enter_sched_getaffinity
sys_enter_mmap
sys_enter_munmap
sys_enter_mmap
sys_enter_mmap
sys_enter_mmap
sys_enter_mmap
sys_enter_mmap
sys_enter_mmap
sys_enter_rt_sigprocmask
sys_enter_sigaltstack
sys_enter_sigaltstack
sys_enter_gettid
sys_enter_rt_sigprocmask
sys_enter_rt_sigaction
sys_enter_rt_sigaction
sys_enter_rt_sigaction
sys_enter_rt_sigaction
sys_enter_rt_sigaction
sys_enter_rt_sigaction
sys_enter_rt_sigaction
sys_enter_rt_sigaction
sys_enter_rt_sigaction
sys_enter_rt_sigaction
sys_enter_rt_sigaction
sys_enter_rt_sigaction
sys_enter_rt_sigaction
sys_enter_rt_sigaction
sys_enter_rt_sigaction
sys_enter_rt_sigaction
sys_enter_rt_sigaction
sys_enter_rt_sigaction
sys_enter_rt_sigaction
sys_enter_rt_sigaction
sys_enter_rt_sigaction
sys_enter_rt_sigaction
sys_enter_rt_sigaction
sys_enter_rt_sigaction
sys_enter_rt_sigaction
sys_enter_rt_sigaction
sys_enter_rt_sigaction
sys_enter_rt_sigaction
sys_enter_rt_sigaction
sys_enter_rt_sigaction
sys_enter_rt_sigaction
sys_enter_rt_sigaction
sys_enter_rt_sigaction
sys_enter_rt_sigaction
sys_enter_rt_sigaction
sys_enter_rt_sigaction
sys_enter_rt_sigaction
sys_enter_rt_sigaction
sys_enter_rt_sigaction
sys_enter_rt_sigaction
sys_enter_rt_sigaction
sys_enter_rt_sigaction
sys_enter_rt_sigaction
sys_enter_rt_sigaction
sys_enter_rt_sigaction
sys_enter_rt_sigaction
sys_enter_rt_sigaction
sys_enter_rt_sigaction
sys_enter_rt_sigaction
sys_enter_rt_sigaction
sys_enter_rt_sigaction
sys_enter_rt_sigaction
sys_enter_rt_sigaction
sys_enter_rt_sigaction
sys_enter_rt_sigaction
sys_enter_rt_sigaction
sys_enter_rt_sigaction
sys_enter_rt_sigaction
sys_enter_rt_sigaction
sys_enter_rt_sigaction
sys_enter_rt_sigaction
sys_enter_rt_sigaction
sys_enter_rt_sigaction
sys_enter_rt_sigaction
sys_enter_rt_sigaction
sys_enter_rt_sigaction
sys_enter_rt_sigaction
sys_enter_rt_sigaction
sys_enter_rt_sigaction
sys_enter_rt_sigaction
sys_enter_rt_sigaction
sys_enter_rt_sigaction
sys_enter_rt_sigaction
sys_enter_rt_sigaction
sys_enter_rt_sigaction
sys_enter_rt_sigaction
sys_enter_rt_sigaction
sys_enter_rt_sigaction
sys_enter_rt_sigaction
sys_enter_rt_sigaction
sys_enter_rt_sigaction
sys_enter_rt_sigaction
sys_enter_rt_sigaction
sys_enter_rt_sigaction
sys_enter_rt_sigaction
sys_enter_rt_sigaction
sys_enter_rt_sigaction
sys_enter_rt_sigaction
sys_enter_rt_sigaction
sys_enter_rt_sigaction
sys_enter_rt_sigaction
sys_enter_rt_sigaction
sys_enter_rt_sigaction
sys_enter_rt_sigaction
sys_enter_rt_sigaction
sys_enter_rt_sigaction
sys_enter_rt_sigaction
sys_enter_rt_sigaction
sys_enter_rt_sigaction
sys_enter_rt_sigaction
sys_enter_rt_sigaction
sys_enter_rt_sigaction
sys_enter_rt_sigaction
sys_enter_rt_sigaction
sys_enter_rt_sigaction
sys_enter_rt_sigaction
sys_enter_rt_sigaction
sys_enter_rt_sigaction
sys_enter_rt_sigaction
sys_enter_rt_sigaction
sys_enter_rt_sigaction
sys_enter_rt_sigaction
sys_enter_rt_sigaction
sys_enter_rt_sigaction
sys_enter_rt_sigprocmask
sys_enter_clone
sys_enter_rt_sigprocmask
sys_enter_gettid
sys_enter_sigaltstack
sys_enter_sigaltstack
sys_enter_gettid
sys_enter_rt_sigprocmask
sys_enter_rt_sigprocmask
sys_enter_clone
sys_enter_rt_sigprocmask
sys_enter_rt_sigprocmask
sys_enter_clone
sys_enter_rt_sigprocmask
sys_enter_futex
sys_enter_gettid
sys_enter_sigaltstack
sys_enter_sigaltstack
sys_enter_gettid
sys_enter_rt_sigprocmask
sys_enter_rt_sigprocmask
sys_enter_clone
sys_enter_rt_sigprocmask
sys_enter_futex
sys_enter_futex
sys_enter_gettid
sys_enter_sigaltstack
sys_enter_sigaltstack
sys_enter_gettid
sys_enter_rt_sigprocmask
sys_enter_futex
sys_enter_gettid
sys_enter_sigaltstack
sys_enter_sigaltstack
sys_enter_gettid
sys_enter_rt_sigprocmask
sys_enter_futex
sys_enter_futex
sys_enter_futex
sys_enter_futex
sys_enter_futex
sys_enter_futex
sys_enter_futex
sys_enter_futex
sys_enter_futex
sys_enter_futex
sys_enter_mmap
sys_enter_futex
sys_enter_futex
sys_enter_futex
sys_enter_openat
sys_enter_read
sys_enter_read
sys_enter_close
sys_enter_socket
sys_enter_close
sys_enter_socket
sys_enter_setsockopt
sys_enter_bind
sys_enter_socket
sys_enter_setsockopt
sys_enter_bind
sys_enter_close
sys_enter_close
sys_enter_getpid
sys_enter_getppid
sys_enter_mmap
sys_enter_mmap
sys_enter_getppid
sys_enter_openat
sys_enter_pipe2
sys_enter_getpid
sys_enter_clone
sys_enter_setsid
sys_enter_close
sys_enter_read
sys_enter_chdir
sys_enter_execve
sys_enter_close
sys_enter_mmap
sys_enter_mmap
sys_enter_exit_group
sys_enter_mprotect
sys_enter_mmap
sys_enter_mmap
sys_enter_mprotect
sys_enter_mmap
sys_enter_mprotect
sys_enter_mmap
sys_enter_mprotect
sys_enter_mmap
sys_enter_mmap
sys_enter_close
sys_enter_munmap
sys_enter_sched_getaffinity
sys_enter_mmap
sys_enter_munmap
sys_enter_mmap
sys_enter_mmap
sys_enter_mmap
sys_enter_mmap
sys_enter_mmap
sys_enter_mmap
sys_enter_rt_sigprocmask
sys_enter_sigaltstack
sys_enter_sigaltstack
sys_enter_gettid
sys_enter_rt_sigprocmask
sys_enter_rt_sigaction
sys_enter_rt_sigaction
sys_enter_rt_sigaction
sys_enter_rt_sigaction
sys_enter_rt_sigaction
sys_enter_rt_sigaction
sys_enter_rt_sigaction
sys_enter_rt_sigaction
sys_enter_rt_sigaction
sys_enter_rt_sigaction
sys_enter_rt_sigaction
sys_enter_rt_sigaction
sys_enter_rt_sigaction
sys_enter_rt_sigaction
sys_enter_rt_sigaction
sys_enter_rt_sigaction
sys_enter_rt_sigaction
sys_enter_rt_sigaction
sys_enter_rt_sigaction
sys_enter_rt_sigaction
sys_enter_rt_sigaction
sys_enter_rt_sigaction
sys_enter_rt_sigaction
sys_enter_rt_sigaction
sys_enter_rt_sigaction
sys_enter_rt_sigaction
sys_enter_rt_sigaction
sys_enter_rt_sigaction
sys_enter_rt_sigaction
sys_enter_rt_sigaction
sys_enter_rt_sigaction
sys_enter_rt_sigaction
sys_enter_rt_sigaction
sys_enter_rt_sigaction
sys_enter_rt_sigaction
sys_enter_rt_sigaction
sys_enter_rt_sigaction
sys_enter_rt_sigaction
sys_enter_rt_sigaction
sys_enter_rt_sigaction
sys_enter_rt_sigaction
sys_enter_rt_sigaction
sys_enter_rt_sigaction
sys_enter_rt_sigaction
sys_enter_rt_sigaction
sys_enter_rt_sigaction
sys_enter_rt_sigaction
sys_enter_rt_sigaction
sys_enter_rt_sigaction
sys_enter_rt_sigaction
sys_enter_rt_sigaction
sys_enter_rt_sigaction
sys_enter_rt_sigaction
sys_enter_rt_sigaction
sys_enter_rt_sigaction
sys_enter_rt_sigaction
sys_enter_rt_sigaction
sys_enter_rt_sigaction
sys_enter_rt_sigaction
sys_enter_rt_sigaction
sys_enter_rt_sigaction
sys_enter_rt_sigaction
sys_enter_rt_sigaction
sys_enter_rt_sigaction
sys_enter_rt_sigaction
sys_enter_rt_sigaction
sys_enter_rt_sigaction
sys_enter_rt_sigaction
sys_enter_rt_sigaction
sys_enter_rt_sigaction
sys_enter_rt_sigaction
sys_enter_rt_sigaction
sys_enter_rt_sigaction
sys_enter_rt_sigaction
sys_enter_rt_sigaction
sys_enter_rt_sigaction
sys_enter_rt_sigaction
sys_enter_rt_sigaction
sys_enter_rt_sigaction
sys_enter_rt_sigaction
sys_enter_rt_sigaction
sys_enter_rt_sigaction
sys_enter_rt_sigaction
sys_enter_rt_sigaction
sys_enter_rt_sigaction
sys_enter_rt_sigaction
sys_enter_rt_sigaction
sys_enter_rt_sigaction
sys_enter_rt_sigaction
sys_enter_rt_sigaction
sys_enter_rt_sigaction
sys_enter_rt_sigaction
sys_enter_rt_sigaction
sys_enter_rt_sigaction
sys_enter_rt_sigaction
sys_enter_rt_sigaction
sys_enter_rt_sigaction
sys_enter_rt_sigaction
sys_enter_rt_sigaction
sys_enter_rt_sigaction
sys_enter_rt_sigaction
sys_enter_rt_sigaction
sys_enter_rt_sigaction
sys_enter_rt_sigaction
sys_enter_rt_sigaction
sys_enter_rt_sigaction
sys_enter_rt_sigaction
sys_enter_rt_sigaction
sys_enter_rt_sigaction
sys_enter_rt_sigaction
sys_enter_rt_sigaction
sys_enter_rt_sigaction
sys_enter_rt_sigaction
sys_enter_rt_sigaction
sys_enter_rt_sigprocmask
sys_enter_clone
sys_enter_rt_sigprocmask
sys_enter_gettid
sys_enter_sigaltstack
sys_enter_sigaltstack
sys_enter_gettid
sys_enter_rt_sigprocmask
sys_enter_rt_sigprocmask
sys_enter_clone
sys_enter_rt_sigprocmask
sys_enter_gettid
sys_enter_sigaltstack
sys_enter_sigaltstack
sys_enter_rt_sigprocmask
sys_enter_clone
sys_enter_gettid
sys_enter_rt_sigprocmask
sys_enter_rt_sigprocmask
sys_enter_clone
sys_enter_rt_sigprocmask
sys_enter_futex
sys_enter_gettid
sys_enter_sigaltstack
sys_enter_sigaltstack
sys_enter_gettid
sys_enter_rt_sigprocmask
sys_enter_futex
sys_enter_futex
sys_enter_rt_sigprocmask
sys_enter_futex
sys_enter_gettid
sys_enter_sigaltstack
sys_enter_sigaltstack
sys_enter_gettid
sys_enter_rt_sigprocmask
sys_enter_futex
sys_enter_futex
sys_enter_mmap
sys_enter_futex
sys_enter_futex
sys_enter_futex
sys_enter_openat
sys_enter_read
sys_enter_read
sys_enter_close
sys_enter_socket
sys_enter_close
sys_enter_socket
sys_enter_setsockopt
sys_enter_bind
sys_enter_socket
sys_enter_setsockopt
sys_enter_bind
sys_enter_close
sys_enter_close
sys_enter_getpid
sys_enter_getppid
sys_enter_mmap
sys_enter_mmap
sys_enter_getppid
sys_enter_openat
sys_enter_pipe2
sys_enter_getpid
sys_enter_clone
sys_enter_setsid
sys_enter_close
sys_enter_read
sys_enter_chdir
sys_enter_execve
sys_enter_close
sys_enter_exit_group
sys_enter_mmap
sys_enter_mmap
sys_enter_mprotect
sys_enter_mmap
sys_enter_mmap
sys_enter_mprotect
sys_enter_mmap
sys_enter_mprotect
sys_enter_mmap
sys_enter_mprotect
sys_enter_mmap
sys_enter_mmap
sys_enter_close
sys_enter_munmap
sys_enter_sched_getaffinity
sys_enter_mmap
sys_enter_munmap
sys_enter_mmap
sys_enter_mmap
sys_enter_mmap
sys_enter_mmap
sys_enter_mmap
sys_enter_mmap
sys_enter_rt_sigprocmask
sys_enter_sigaltstack
sys_enter_sigaltstack
sys_enter_gettid
sys_enter_rt_sigprocmask
sys_enter_rt_sigaction
sys_enter_rt_sigaction
sys_enter_rt_sigaction
sys_enter_rt_sigaction
sys_enter_rt_sigaction
sys_enter_rt_sigaction
sys_enter_rt_sigaction
sys_enter_rt_sigaction
sys_enter_rt_sigaction
sys_enter_rt_sigaction
sys_enter_rt_sigaction
sys_enter_rt_sigaction
sys_enter_rt_sigaction
sys_enter_rt_sigaction
sys_enter_rt_sigaction
sys_enter_rt_sigaction
sys_enter_rt_sigaction
sys_enter_rt_sigaction
sys_enter_rt_sigaction
sys_enter_rt_sigaction
sys_enter_rt_sigaction
sys_enter_rt_sigaction
sys_enter_rt_sigaction
sys_enter_rt_sigaction
sys_enter_rt_sigaction
sys_enter_rt_sigaction
sys_enter_rt_sigaction
sys_enter_rt_sigaction
sys_enter_rt_sigaction
sys_enter_rt_sigaction
sys_enter_rt_sigaction
sys_enter_rt_sigaction
sys_enter_rt_sigaction
sys_enter_rt_sigaction
sys_enter_rt_sigaction
sys_enter_rt_sigaction
sys_enter_rt_sigaction
sys_enter_rt_sigaction
sys_enter_rt_sigaction
sys_enter_rt_sigaction
sys_enter_rt_sigaction
sys_enter_rt_sigaction
sys_enter_rt_sigaction
sys_enter_rt_sigaction
sys_enter_rt_sigaction
sys_enter_rt_sigaction
sys_enter_rt_sigaction
sys_enter_rt_sigaction
sys_enter_rt_sigaction
sys_enter_rt_sigaction
sys_enter_rt_sigaction
sys_enter_rt_sigaction
sys_enter_rt_sigaction
sys_enter_rt_sigaction
sys_enter_rt_sigaction
sys_enter_rt_sigaction
sys_enter_rt_sigaction
sys_enter_rt_sigaction
sys_enter_rt_sigaction
sys_enter_rt_sigaction
sys_enter_rt_sigaction
sys_enter_rt_sigaction
sys_enter_rt_sigaction
sys_enter_rt_sigaction
sys_enter_rt_sigaction
sys_enter_rt_sigaction
sys_enter_rt_sigaction
sys_enter_rt_sigaction
sys_enter_rt_sigaction
sys_enter_rt_sigaction
sys_enter_rt_sigaction
sys_enter_rt_sigaction
sys_enter_rt_sigaction
sys_enter_rt_sigaction
sys_enter_rt_sigaction
sys_enter_rt_sigaction
sys_enter_rt_sigaction
sys_enter_rt_sigaction
sys_enter_rt_sigaction
sys_enter_rt_sigaction
sys_enter_rt_sigaction
sys_enter_rt_sigaction
sys_enter_rt_sigaction
sys_enter_rt_sigaction
sys_enter_rt_sigaction
sys_enter_rt_sigaction
sys_enter_rt_sigaction
sys_enter_rt_sigaction
sys_enter_rt_sigaction
sys_enter_rt_sigaction
sys_enter_rt_sigaction
sys_enter_rt_sigaction
sys_enter_rt_sigaction
sys_enter_rt_sigaction
sys_enter_rt_sigaction
sys_enter_rt_sigaction
sys_enter_rt_sigaction
sys_enter_rt_sigaction
sys_enter_rt_sigaction
sys_enter_rt_sigaction
sys_enter_rt_sigaction
sys_enter_rt_sigaction
sys_enter_rt_sigaction
sys_enter_rt_sigaction
sys_enter_rt_sigaction
sys_enter_rt_sigaction
sys_enter_rt_sigaction
sys_enter_rt_sigaction
sys_enter_rt_sigaction
sys_enter_rt_sigaction
sys_enter_rt_sigaction
sys_enter_rt_sigaction
sys_enter_rt_sigaction
sys_enter_rt_sigaction
sys_enter_rt_sigprocmask
sys_enter_clone
sys_enter_rt_sigprocmask
sys_enter_gettid
sys_enter_sigaltstack
sys_enter_sigaltstack
sys_enter_gettid
sys_enter_rt_sigprocmask
sys_enter_rt_sigprocmask
sys_enter_clone
sys_enter_rt_sigprocmask
sys_enter_gettid
sys_enter_sigaltstack
sys_enter_sigaltstack
sys_enter_gettid
sys_enter_rt_sigprocmask
sys_enter_rt_sigprocmask
sys_enter_clone
sys_enter_rt_sigprocmask
sys_enter_futex
sys_enter_rt_sigprocmask
sys_enter_clone
sys_enter_gettid
sys_enter_sigaltstack
sys_enter_sigaltstack
sys_enter_gettid
sys_enter_rt_sigprocmask
sys_enter_futex
sys_enter_futex
sys_enter_rt_sigprocmask
sys_enter_gettid
sys_enter_sigaltstack
sys_enter_sigaltstack
sys_enter_gettid
sys_enter_rt_sigprocmask
sys_enter_futex
sys_enter_futex
sys_enter_futex
sys_enter_mmap
sys_enter_futex
sys_enter_futex
sys_enter_futex
sys_enter_openat
sys_enter_read
sys_enter_read
sys_enter_close
sys_enter_socket
sys_enter_close
sys_enter_socket
sys_enter_setsockopt
sys_enter_bind
sys_enter_socket
sys_enter_setsockopt
sys_enter_bind
sys_enter_close
sys_enter_close
sys_enter_getpid
sys_enter_getppid
sys_enter_mmap
sys_enter_mmap
sys_enter_getppid
sys_enter_openat
sys_enter_pipe2
sys_enter_getpid
sys_enter_clone
sys_enter_setsid
sys_enter_close
sys_enter_read
sys_enter_chdir
sys_enter_execve
sys_enter_close
sys_enter_exit_group
sys_enter_mmap
sys_enter_mmap
sys_enter_mprotect
sys_enter_mmap
sys_enter_mmap
sys_enter_mprotect
sys_enter_mmap
sys_enter_mprotect
sys_enter_mmap
sys_enter_mprotect
sys_enter_mmap
sys_enter_mmap
sys_enter_close
sys_enter_munmap
sys_enter_sched_getaffinity
sys_enter_mmap
sys_enter_munmap
sys_enter_mmap
sys_enter_mmap
sys_enter_mmap
sys_enter_mmap
sys_enter_mmap
sys_enter_mmap
sys_enter_rt_sigprocmask
sys_enter_sigaltstack
sys_enter_sigaltstack
sys_enter_gettid
sys_enter_rt_sigprocmask
sys_enter_rt_sigaction
sys_enter_rt_sigaction
sys_enter_rt_sigaction
sys_enter_rt_sigaction
sys_enter_rt_sigaction
sys_enter_rt_sigaction
sys_enter_rt_sigaction
sys_enter_rt_sigaction
sys_enter_rt_sigaction
sys_enter_rt_sigaction
sys_enter_rt_sigaction
sys_enter_rt_sigaction
sys_enter_rt_sigaction
sys_enter_rt_sigaction
sys_enter_rt_sigaction
sys_enter_rt_sigaction
sys_enter_rt_sigaction
sys_enter_rt_sigaction
sys_enter_rt_sigaction
sys_enter_rt_sigaction
sys_enter_rt_sigaction
sys_enter_rt_sigaction
sys_enter_rt_sigaction
sys_enter_rt_sigaction
sys_enter_rt_sigaction
sys_enter_rt_sigaction
sys_enter_rt_sigaction
sys_enter_rt_sigaction
sys_enter_rt_sigaction
sys_enter_rt_sigaction
sys_enter_rt_sigaction
sys_enter_rt_sigaction
sys_enter_rt_sigaction
sys_enter_rt_sigaction
sys_enter_rt_sigaction
sys_enter_rt_sigaction
sys_enter_rt_sigaction
sys_enter_rt_sigaction
sys_enter_rt_sigaction
sys_enter_rt_sigaction
sys_enter_rt_sigaction
sys_enter_rt_sigaction
sys_enter_rt_sigaction
sys_enter_rt_sigaction
sys_enter_rt_sigaction
sys_enter_rt_sigaction
sys_enter_rt_sigaction
sys_enter_rt_sigaction
sys_enter_rt_sigaction
sys_enter_rt_sigaction
sys_enter_rt_sigaction
sys_enter_rt_sigaction
sys_enter_rt_sigaction
sys_enter_rt_sigaction
sys_enter_rt_sigaction
sys_enter_rt_sigaction
sys_enter_rt_sigaction
sys_enter_rt_sigaction
sys_enter_rt_sigaction
sys_enter_rt_sigaction
sys_enter_rt_sigaction
sys_enter_rt_sigaction
sys_enter_rt_sigaction
sys_enter_rt_sigaction
sys_enter_rt_sigaction
sys_enter_rt_sigaction
sys_enter_rt_sigaction
sys_enter_rt_sigaction
sys_enter_rt_sigaction
sys_enter_rt_sigaction
sys_enter_rt_sigaction
sys_enter_rt_sigaction
sys_enter_rt_sigaction
sys_enter_rt_sigaction
sys_enter_rt_sigaction
sys_enter_rt_sigaction
sys_enter_rt_sigaction
sys_enter_rt_sigaction
sys_enter_rt_sigaction
sys_enter_rt_sigaction
sys_enter_rt_sigaction
sys_enter_rt_sigaction
sys_enter_rt_sigaction
sys_enter_rt_sigaction
sys_enter_rt_sigaction
sys_enter_rt_sigaction
sys_enter_rt_sigaction
sys_enter_rt_sigaction
sys_enter_rt_sigaction
sys_enter_rt_sigaction
sys_enter_rt_sigaction
sys_enter_rt_sigaction
sys_enter_rt_sigaction
sys_enter_rt_sigaction
sys_enter_rt_sigaction
sys_enter_rt_sigaction
sys_enter_rt_sigaction
sys_enter_rt_sigaction
sys_enter_rt_sigaction
sys_enter_rt_sigaction
sys_enter_rt_sigaction
sys_enter_rt_sigaction
sys_enter_rt_sigaction
sys_enter_rt_sigaction
sys_enter_rt_sigaction
sys_enter_rt_sigaction
sys_enter_rt_sigaction
sys_enter_rt_sigaction
sys_enter_rt_sigaction
sys_enter_rt_sigaction
sys_enter_rt_sigaction
sys_enter_rt_sigaction
sys_enter_rt_sigaction
sys_enter_rt_sigaction
sys_enter_rt_sigprocmask
sys_enter_clone
sys_enter_rt_sigprocmask
sys_enter_gettid
sys_enter_sigaltstack
sys_enter_sigaltstack
sys_enter_gettid
sys_enter_rt_sigprocmask
sys_enter_rt_sigprocmask
sys_enter_clone
sys_enter_rt_sigprocmask
sys_enter_gettid
sys_enter_sigaltstack
sys_enter_sigaltstack
sys_enter_gettid
sys_enter_rt_sigprocmask
sys_enter_rt_sigprocmask
sys_enter_clone
sys_enter_rt_sigprocmask
sys_enter_futex
sys_enter_gettid
sys_enter_rt_sigprocmask
sys_enter_clone
sys_enter_sigaltstack
sys_enter_sigaltstack
sys_enter_gettid
sys_enter_rt_sigprocmask
sys_enter_rt_sigprocmask
sys_enter_gettid
sys_enter_futex
sys_enter_futex
sys_enter_sigaltstack
sys_enter_futex
sys_enter_mmap
sys_enter_openat
sys_enter_futex
sys_enter_futex
sys_enter_read
sys_enter_read
sys_enter_sigaltstack
sys_enter_gettid
sys_enter_rt_sigprocmask
sys_enter_close
sys_enter_futex
sys_enter_socket
sys_enter_close
sys_enter_socket
sys_enter_setsockopt
sys_enter_bind
sys_enter_socket
sys_enter_setsockopt
sys_enter_bind
sys_enter_close
sys_enter_close
sys_enter_getpid
sys_enter_getppid
sys_enter_mmap
sys_enter_mmap
sys_enter_getppid
sys_enter_openat
sys_enter_pipe2
sys_enter_getpid
sys_enter_clone
sys_enter_setsid
sys_enter_close
sys_enter_read
sys_enter_chdir
sys_enter_execve
sys_enter_close
sys_enter_exit_group
sys_enter_mmap
sys_enter_mmap
sys_enter_mprotect
sys_enter_mmap
sys_enter_mmap
sys_enter_mprotect
sys_enter_mmap
sys_enter_mprotect
sys_enter_mmap
sys_enter_mprotect
sys_enter_mmap
sys_enter_mmap
sys_enter_close
sys_enter_munmap
sys_enter_sched_getaffinity
sys_enter_mmap
sys_enter_munmap
sys_enter_mmap
sys_enter_mmap
sys_enter_mmap
sys_enter_mmap
sys_enter_mmap
sys_enter_mmap
sys_enter_rt_sigprocmask
sys_enter_sigaltstack
sys_enter_sigaltstack
sys_enter_gettid
sys_enter_rt_sigprocmask
sys_enter_rt_sigaction
sys_enter_rt_sigaction
sys_enter_rt_sigaction
sys_enter_rt_sigaction
sys_enter_rt_sigaction
sys_enter_rt_sigaction
sys_enter_rt_sigaction
sys_enter_rt_sigaction
sys_enter_rt_sigaction
sys_enter_rt_sigaction
sys_enter_rt_sigaction
sys_enter_rt_sigaction
sys_enter_rt_sigaction
sys_enter_rt_sigaction
sys_enter_rt_sigaction
sys_enter_rt_sigaction
sys_enter_rt_sigaction
sys_enter_rt_sigaction
sys_enter_rt_sigaction
sys_enter_rt_sigaction
sys_enter_rt_sigaction
sys_enter_rt_sigaction
sys_enter_rt_sigaction
sys_enter_rt_sigaction
sys_enter_rt_sigaction
sys_enter_rt_sigaction
sys_enter_rt_sigaction
sys_enter_rt_sigaction
sys_enter_rt_sigaction
sys_enter_rt_sigaction
sys_enter_rt_sigaction
sys_enter_rt_sigaction
sys_enter_rt_sigaction
sys_enter_rt_sigaction
sys_enter_rt_sigaction
sys_enter_rt_sigaction
sys_enter_rt_sigaction
sys_enter_rt_sigaction
sys_enter_rt_sigaction
sys_enter_rt_sigaction
sys_enter_rt_sigaction
sys_enter_rt_sigaction
sys_enter_rt_sigaction
sys_enter_rt_sigaction
sys_enter_rt_sigaction
sys_enter_rt_sigaction
sys_enter_rt_sigaction
sys_enter_rt_sigaction
sys_enter_rt_sigaction
sys_enter_rt_sigaction
sys_enter_rt_sigaction
sys_enter_rt_sigaction
sys_enter_rt_sigaction
sys_enter_rt_sigaction
sys_enter_rt_sigaction
sys_enter_rt_sigaction
sys_enter_rt_sigaction
sys_enter_rt_sigaction
sys_enter_rt_sigaction
sys_enter_rt_sigaction
sys_enter_rt_sigaction
sys_enter_rt_sigaction
sys_enter_rt_sigaction
sys_enter_rt_sigaction
sys_enter_rt_sigaction
sys_enter_rt_sigaction
sys_enter_rt_sigaction
sys_enter_rt_sigaction
sys_enter_rt_sigaction
sys_enter_rt_sigaction
sys_enter_rt_sigaction
sys_enter_rt_sigaction
sys_enter_rt_sigaction
sys_enter_rt_sigaction
sys_enter_rt_sigaction
sys_enter_rt_sigaction
sys_enter_rt_sigaction
sys_enter_rt_sigaction
sys_enter_rt_sigaction
sys_enter_rt_sigaction
sys_enter_rt_sigaction
sys_enter_rt_sigaction
sys_enter_rt_sigaction
sys_enter_rt_sigaction
sys_enter_rt_sigaction
sys_enter_rt_sigaction
sys_enter_rt_sigaction
sys_enter_rt_sigaction
sys_enter_rt_sigaction
sys_enter_rt_sigaction
sys_enter_rt_sigaction
sys_enter_rt_sigaction
sys_enter_rt_sigaction
sys_enter_rt_sigaction
sys_enter_rt_sigaction
sys_enter_rt_sigaction
sys_enter_rt_sigaction
sys_enter_rt_sigaction
sys_enter_rt_sigaction
sys_enter_rt_sigaction
sys_enter_rt_sigaction
sys_enter_rt_sigaction
sys_enter_rt_sigaction
sys_enter_rt_sigaction
sys_enter_rt_sigaction
sys_enter_rt_sigaction
sys_enter_rt_sigaction
sys_enter_rt_sigaction
sys_enter_rt_sigaction
sys_enter_rt_sigaction
sys_enter_rt_sigaction
sys_enter_rt_sigaction
sys_enter_rt_sigaction
sys_enter_rt_sigaction
sys_enter_rt_sigprocmask
sys_enter_clone
sys_enter_rt_sigprocmask
sys_enter_gettid
sys_enter_sigaltstack
sys_enter_sigaltstack
sys_enter_gettid
sys_enter_rt_sigprocmask
sys_enter_rt_sigprocmask
sys_enter_clone
sys_enter_rt_sigprocmask
sys_enter_gettid
sys_enter_sigaltstack
sys_enter_sigaltstack
sys_enter_gettid
sys_enter_rt_sigprocmask
sys_enter_clone
sys_enter_rt_sigprocmask
sys_enter_rt_sigprocmask
sys_enter_sched_yield
sys_enter_gettid
sys_enter_futex
sys_enter_futex
sys_enter_sigaltstack
sys_enter_sigaltstack
sys_enter_futex
sys_enter_gettid
sys_enter_futex
sys_enter_rt_sigprocmask
sys_enter_futex
sys_enter_rt_sigprocmask
sys_enter_clone
sys_enter_futex
sys_enter_rt_sigprocmask
sys_enter_futex
sys_enter_gettid
sys_enter_sigaltstack
sys_enter_sigaltstack
sys_enter_gettid
sys_enter_rt_sigprocmask
sys_enter_futex
sys_enter_futex
sys_enter_mmap
sys_enter_futex
sys_enter_futex
sys_enter_futex
sys_enter_openat
sys_enter_read
sys_enter_read
sys_enter_close
sys_enter_socket
sys_enter_close
sys_enter_socket
sys_enter_setsockopt
sys_enter_bind
sys_enter_socket
sys_enter_setsockopt
sys_enter_bind
sys_enter_close
sys_enter_close
sys_enter_getpid
sys_enter_getppid
sys_enter_mmap
sys_enter_mmap
sys_enter_getppid
sys_enter_openat
sys_enter_pipe2
sys_enter_getpid
sys_enter_clone
sys_enter_setsid
sys_enter_close
sys_enter_read
sys_enter_chdir
sys_enter_execve
sys_enter_close
sys_enter_exit_group
sys_enter_mmap
sys_enter_mmap
sys_enter_mprotect
sys_enter_mmap
sys_enter_mmap
sys_enter_mprotect
sys_enter_mmap
sys_enter_mprotect
sys_enter_mmap
sys_enter_mprotect
sys_enter_mmap
sys_enter_mmap
sys_enter_close
sys_enter_munmap
sys_enter_sched_getaffinity
sys_enter_mmap
sys_enter_munmap
sys_enter_mmap
sys_enter_mmap
sys_enter_mmap
sys_enter_mmap
sys_enter_mmap
sys_enter_mmap
sys_enter_rt_sigprocmask
sys_enter_sigaltstack
sys_enter_sigaltstack
sys_enter_gettid
sys_enter_rt_sigprocmask
sys_enter_rt_sigaction
sys_enter_rt_sigaction
sys_enter_rt_sigaction
sys_enter_rt_sigaction
sys_enter_rt_sigaction
sys_enter_rt_sigaction
sys_enter_rt_sigaction
sys_enter_rt_sigaction
sys_enter_rt_sigaction
sys_enter_rt_sigaction
sys_enter_rt_sigaction
sys_enter_rt_sigaction
sys_enter_rt_sigaction
sys_enter_rt_sigaction
sys_enter_rt_sigaction
sys_enter_rt_sigaction
sys_enter_rt_sigaction
sys_enter_rt_sigaction
sys_enter_rt_sigaction
sys_enter_rt_sigaction
sys_enter_rt_sigaction
sys_enter_rt_sigaction
sys_enter_rt_sigaction
sys_enter_rt_sigaction
sys_enter_rt_sigaction
sys_enter_rt_sigaction
sys_enter_rt_sigaction
sys_enter_rt_sigaction
sys_enter_rt_sigaction
sys_enter_rt_sigaction
sys_enter_rt_sigaction
sys_enter_rt_sigaction
sys_enter_rt_sigaction
sys_enter_rt_sigaction
sys_enter_rt_sigaction
sys_enter_rt_sigaction
sys_enter_rt_sigaction
sys_enter_rt_sigaction
sys_enter_rt_sigaction
sys_enter_rt_sigaction
sys_enter_rt_sigaction
sys_enter_rt_sigaction
sys_enter_rt_sigaction
sys_enter_rt_sigaction
sys_enter_rt_sigaction
sys_enter_rt_sigaction
sys_enter_rt_sigaction
sys_enter_rt_sigaction
sys_enter_rt_sigaction
sys_enter_rt_sigaction
sys_enter_rt_sigaction
sys_enter_rt_sigaction
sys_enter_rt_sigaction
sys_enter_rt_sigaction
sys_enter_rt_sigaction
sys_enter_rt_sigaction
sys_enter_rt_sigaction
sys_enter_rt_sigaction
sys_enter_rt_sigaction
sys_enter_rt_sigaction
sys_enter_rt_sigaction
sys_enter_rt_sigaction
sys_enter_rt_sigaction
sys_enter_rt_sigaction
sys_enter_rt_sigaction
sys_enter_rt_sigaction
sys_enter_rt_sigaction
sys_enter_rt_sigaction
sys_enter_rt_sigaction
sys_enter_rt_sigaction
sys_enter_rt_sigaction
sys_enter_rt_sigaction
sys_enter_rt_sigaction
sys_enter_rt_sigaction
sys_enter_rt_sigaction
sys_enter_rt_sigaction
sys_enter_rt_sigaction
sys_enter_rt_sigaction
sys_enter_rt_sigaction
sys_enter_rt_sigaction
sys_enter_rt_sigaction
sys_enter_rt_sigaction
sys_enter_rt_sigaction
sys_enter_rt_sigaction
sys_enter_rt_sigaction
sys_enter_rt_sigaction
sys_enter_rt_sigaction
sys_enter_rt_sigaction
sys_enter_rt_sigaction
sys_enter_rt_sigaction
sys_enter_rt_sigaction
sys_enter_rt_sigaction
sys_enter_rt_sigaction
sys_enter_rt_sigaction
sys_enter_rt_sigaction
sys_enter_rt_sigaction
sys_enter_rt_sigaction
sys_enter_rt_sigaction
sys_enter_rt_sigaction
sys_enter_rt_sigaction
sys_enter_rt_sigaction
sys_enter_rt_sigaction
sys_enter_rt_sigaction
sys_enter_rt_sigaction
sys_enter_rt_sigaction
sys_enter_rt_sigaction
sys_enter_rt_sigaction
sys_enter_rt_sigaction
sys_enter_rt_sigaction
sys_enter_rt_sigaction
sys_enter_rt_sigaction
sys_enter_rt_sigaction
sys_enter_rt_sigaction
sys_enter_rt_sigaction
sys_enter_rt_sigprocmask
sys_enter_clone
sys_enter_rt_sigprocmask
sys_enter_gettid
sys_enter_sigaltstack
sys_enter_sigaltstack
sys_enter_gettid
sys_enter_rt_sigprocmask
sys_enter_rt_sigprocmask
sys_enter_clone
sys_enter_rt_sigprocmask
sys_enter_gettid
sys_enter_sigaltstack
sys_enter_sigaltstack
sys_enter_gettid
sys_enter_rt_sigprocmask
sys_enter_rt_sigprocmask
sys_enter_clone
sys_enter_rt_sigprocmask
sys_enter_sched_yield
sys_enter_futex
sys_enter_futex
sys_enter_futex
sys_enter_gettid
sys_enter_sigaltstack
sys_enter_sigaltstack
sys_enter_gettid
sys_enter_rt_sigprocmask
sys_enter_futex
sys_enter_futex
sys_enter_futex
sys_enter_rt_sigprocmask
sys_enter_clone
sys_enter_rt_sigprocmask
sys_enter_futex
sys_enter_gettid
sys_enter_sigaltstack
sys_enter_sigaltstack
sys_enter_gettid
sys_enter_rt_sigprocmask
sys_enter_mmap
sys_enter_futex
sys_enter_futex
sys_enter_futex
sys_enter_openat
sys_enter_read
sys_enter_read
sys_enter_close
sys_enter_socket
sys_enter_close
sys_enter_socket
sys_enter_setsockopt
sys_enter_bind
sys_enter_socket
sys_enter_setsockopt
sys_enter_bind
sys_enter_close
sys_enter_close
sys_enter_getpid
sys_enter_getppid
sys_enter_mmap
sys_enter_mmap
sys_enter_getppid
sys_enter_openat
sys_enter_pipe2
sys_enter_getpid
sys_enter_clone
sys_enter_setsid
sys_enter_close
sys_enter_read
sys_enter_chdir
sys_enter_execve
sys_enter_close
sys_enter_exit_group
sys_enter_mmap
sys_enter_mmap
sys_enter_mprotect
sys_enter_mmap
sys_enter_mmap
sys_enter_mprotect
sys_enter_mmap
sys_enter_mprotect
sys_enter_mmap
sys_enter_mprotect
sys_enter_mmap
sys_enter_mmap
sys_enter_close
sys_enter_munmap
sys_enter_sched_getaffinity
sys_enter_mmap
sys_enter_munmap
sys_enter_mmap
sys_enter_mmap
sys_enter_mmap
sys_enter_mmap
sys_enter_mmap
sys_enter_mmap
sys_enter_rt_sigprocmask
sys_enter_sigaltstack
sys_enter_sigaltstack
sys_enter_gettid
sys_enter_rt_sigprocmask
sys_enter_rt_sigaction
sys_enter_rt_sigaction
sys_enter_rt_sigaction
sys_enter_rt_sigaction
sys_enter_rt_sigaction
sys_enter_rt_sigaction
sys_enter_rt_sigaction
sys_enter_rt_sigaction
sys_enter_rt_sigaction
sys_enter_rt_sigaction
sys_enter_rt_sigaction
sys_enter_rt_sigaction
sys_enter_rt_sigaction
sys_enter_rt_sigaction
sys_enter_rt_sigaction
sys_enter_rt_sigaction
sys_enter_rt_sigaction
sys_enter_rt_sigaction
sys_enter_rt_sigaction
sys_enter_rt_sigaction
sys_enter_rt_sigaction
sys_enter_rt_sigaction
sys_enter_rt_sigaction
sys_enter_rt_sigaction
sys_enter_rt_sigaction
sys_enter_rt_sigaction
sys_enter_rt_sigaction
sys_enter_rt_sigaction
sys_enter_rt_sigaction
sys_enter_rt_sigaction
sys_enter_rt_sigaction
sys_enter_rt_sigaction
sys_enter_rt_sigaction
sys_enter_rt_sigaction
sys_enter_rt_sigaction
sys_enter_rt_sigaction
sys_enter_rt_sigaction
sys_enter_rt_sigaction
sys_enter_rt_sigaction
sys_enter_rt_sigaction
sys_enter_rt_sigaction
sys_enter_rt_sigaction
sys_enter_rt_sigaction
sys_enter_rt_sigaction
sys_enter_rt_sigaction
sys_enter_rt_sigaction
sys_enter_rt_sigaction
sys_enter_rt_sigaction
sys_enter_rt_sigaction
sys_enter_rt_sigaction
sys_enter_rt_sigaction
sys_enter_rt_sigaction
sys_enter_rt_sigaction
sys_enter_rt_sigaction
sys_enter_rt_sigaction
sys_enter_rt_sigaction
sys_enter_rt_sigaction
sys_enter_rt_sigaction
sys_enter_rt_sigaction
sys_enter_rt_sigaction
sys_enter_rt_sigaction
sys_enter_rt_sigaction
sys_enter_rt_sigaction
sys_enter_rt_sigaction
sys_enter_rt_sigaction
sys_enter_rt_sigaction
sys_enter_rt_sigaction
sys_enter_rt_sigaction
sys_enter_rt_sigaction
sys_enter_rt_sigaction
sys_enter_rt_sigaction
sys_enter_rt_sigaction
sys_enter_rt_sigaction
sys_enter_rt_sigaction
sys_enter_rt_sigaction
sys_enter_rt_sigaction
sys_enter_rt_sigaction
sys_enter_rt_sigaction
sys_enter_rt_sigaction
sys_enter_rt_sigaction
sys_enter_rt_sigaction
sys_enter_rt_sigaction
sys_enter_rt_sigaction
sys_enter_rt_sigaction
sys_enter_rt_sigaction
sys_enter_rt_sigaction
sys_enter_rt_sigaction
sys_enter_rt_sigaction
sys_enter_rt_sigaction
sys_enter_rt_sigaction
sys_enter_rt_sigaction
sys_enter_rt_sigaction
sys_enter_rt_sigaction
sys_enter_rt_sigaction
sys_enter_rt_sigaction
sys_enter_rt_sigaction
sys_enter_rt_sigaction
sys_enter_rt_sigaction
sys_enter_rt_sigaction
sys_enter_rt_sigaction
sys_enter_rt_sigaction
sys_enter_rt_sigaction
sys_enter_rt_sigaction
sys_enter_rt_sigaction
sys_enter_rt_sigaction
sys_enter_rt_sigaction
sys_enter_rt_sigaction
sys_enter_rt_sigaction
sys_enter_rt_sigaction
sys_enter_rt_sigaction
sys_enter_rt_sigaction
sys_enter_rt_sigaction
sys_enter_rt_sigaction
sys_enter_rt_sigaction
sys_enter_rt_sigprocmask
sys_enter_clone
sys_enter_rt_sigprocmask
sys_enter_gettid
sys_enter_sigaltstack
sys_enter_sigaltstack
sys_enter_gettid
sys_enter_rt_sigprocmask
sys_enter_rt_sigprocmask
sys_enter_clone
sys_enter_rt_sigprocmask
sys_enter_gettid
sys_enter_sigaltstack
sys_enter_sigaltstack
sys_enter_gettid
sys_enter_rt_sigprocmask
sys_enter_rt_sigprocmask
sys_enter_clone
sys_enter_rt_sigprocmask
sys_enter_clone
sys_enter_rt_sigprocmask
sys_enter_futex
sys_enter_gettid
sys_enter_sigaltstack
sys_enter_sigaltstack
sys_enter_gettid
sys_enter_rt_sigprocmask
sys_enter_rt_sigprocmask
sys_enter_futex
sys_enter_gettid
sys_enter_futex
sys_enter_futex
sys_enter_sigaltstack
sys_enter_sigaltstack
sys_enter_gettid
sys_enter_rt_sigprocmask
sys_enter_futex
sys_enter_futex
sys_enter_mmap
sys_enter_futex
sys_enter_futex
sys_enter_futex
sys_enter_openat
sys_enter_read
sys_enter_read
sys_enter_close
sys_enter_socket
sys_enter_close
sys_enter_socket
sys_enter_setsockopt
sys_enter_bind
sys_enter_socket
sys_enter_setsockopt
sys_enter_bind
sys_enter_close
sys_enter_close
sys_enter_getpid
sys_enter_getppid
sys_enter_mmap
sys_enter_mmap
sys_enter_getppid
sys_enter_openat
sys_enter_pipe2
sys_enter_getpid
sys_enter_clone
sys_enter_setsid
sys_enter_close
sys_enter_read
sys_enter_chdir
sys_enter_execve
sys_enter_close
sys_enter_exit_group
sys_enter_mmap
sys_enter_mmap
sys_enter_mprotect
sys_enter_mmap
sys_enter_mmap
sys_enter_mprotect
sys_enter_mmap
sys_enter_mprotect
sys_enter_mmap
sys_enter_mprotect
sys_enter_mmap
sys_enter_mmap
sys_enter_close
sys_enter_munmap
sys_enter_sched_getaffinity
sys_enter_mmap
sys_enter_munmap
sys_enter_mmap
sys_enter_mmap
sys_enter_mmap
sys_enter_mmap
sys_enter_mmap
sys_enter_mmap
sys_enter_rt_sigprocmask
sys_enter_sigaltstack
sys_enter_sigaltstack
sys_enter_gettid
sys_enter_rt_sigprocmask
sys_enter_rt_sigaction
sys_enter_rt_sigaction
sys_enter_rt_sigaction
sys_enter_rt_sigaction
sys_enter_rt_sigaction
sys_enter_rt_sigaction
sys_enter_rt_sigaction
sys_enter_rt_sigaction
sys_enter_rt_sigaction
sys_enter_rt_sigaction
sys_enter_rt_sigaction
sys_enter_rt_sigaction
sys_enter_rt_sigaction
sys_enter_rt_sigaction
sys_enter_rt_sigaction
sys_enter_rt_sigaction
sys_enter_rt_sigaction
sys_enter_rt_sigaction
sys_enter_rt_sigaction
sys_enter_rt_sigaction
sys_enter_rt_sigaction
sys_enter_rt_sigaction
sys_enter_rt_sigaction
sys_enter_rt_sigaction
sys_enter_rt_sigaction
sys_enter_rt_sigaction
sys_enter_rt_sigaction
sys_enter_rt_sigaction
sys_enter_rt_sigaction
sys_enter_rt_sigaction
sys_enter_rt_sigaction
sys_enter_rt_sigaction
sys_enter_rt_sigaction
sys_enter_rt_sigaction
sys_enter_rt_sigaction
sys_enter_rt_sigaction
sys_enter_rt_sigaction
sys_enter_rt_sigaction
sys_enter_rt_sigaction
sys_enter_rt_sigaction
sys_enter_rt_sigaction
sys_enter_rt_sigaction
sys_enter_rt_sigaction
sys_enter_rt_sigaction
sys_enter_rt_sigaction
sys_enter_rt_sigaction
sys_enter_rt_sigaction
sys_enter_rt_sigaction
sys_enter_rt_sigaction
sys_enter_rt_sigaction
sys_enter_rt_sigaction
sys_enter_rt_sigaction
sys_enter_rt_sigaction
sys_enter_rt_sigaction
sys_enter_rt_sigaction
sys_enter_rt_sigaction
sys_enter_rt_sigaction
sys_enter_rt_sigaction
sys_enter_rt_sigaction
sys_enter_rt_sigaction
sys_enter_rt_sigaction
sys_enter_rt_sigaction
sys_enter_rt_sigaction
sys_enter_rt_sigaction
sys_enter_rt_sigaction
sys_enter_rt_sigaction
sys_enter_rt_sigaction
sys_enter_rt_sigaction
sys_enter_rt_sigaction
sys_enter_rt_sigaction
sys_enter_rt_sigaction
sys_enter_rt_sigaction
sys_enter_rt_sigaction
sys_enter_rt_sigaction
sys_enter_rt_sigaction
sys_enter_rt_sigaction
sys_enter_rt_sigaction
sys_enter_rt_sigaction
sys_enter_rt_sigaction
sys_enter_rt_sigaction
sys_enter_rt_sigaction
sys_enter_rt_sigaction
sys_enter_rt_sigaction
sys_enter_rt_sigaction
sys_enter_rt_sigaction
sys_enter_rt_sigaction
sys_enter_rt_sigaction
sys_enter_rt_sigaction
sys_enter_rt_sigaction
sys_enter_rt_sigaction
sys_enter_rt_sigaction
sys_enter_rt_sigaction
sys_enter_rt_sigaction
sys_enter_rt_sigaction
sys_enter_rt_sigaction
sys_enter_rt_sigaction
sys_enter_rt_sigaction
sys_enter_rt_sigaction
sys_enter_rt_sigaction
sys_enter_rt_sigaction
sys_enter_rt_sigaction
sys_enter_rt_sigaction
sys_enter_rt_sigaction
sys_enter_rt_sigaction
sys_enter_rt_sigaction
sys_enter_rt_sigaction
sys_enter_rt_sigaction
sys_enter_rt_sigaction
sys_enter_rt_sigaction
sys_enter_rt_sigaction
sys_enter_rt_sigaction
sys_enter_rt_sigaction
sys_enter_rt_sigaction
sys_enter_rt_sigaction
sys_enter_rt_sigprocmask
sys_enter_clone
sys_enter_rt_sigprocmask
sys_enter_gettid
sys_enter_sigaltstack
sys_enter_sigaltstack
sys_enter_gettid
sys_enter_rt_sigprocmask
sys_enter_rt_sigprocmask
sys_enter_clone
sys_enter_rt_sigprocmask
sys_enter_gettid
sys_enter_sigaltstack
sys_enter_sigaltstack
sys_enter_gettid
sys_enter_rt_sigprocmask
sys_enter_rt_sigprocmask
sys_enter_clone
sys_enter_rt_sigprocmask
sys_enter_futex
sys_enter_rt_sigprocmask
sys_enter_clone
sys_enter_rt_sigprocmask
sys_enter_gettid
sys_enter_sigaltstack
sys_enter_sigaltstack
sys_enter_gettid
sys_enter_rt_sigprocmask
sys_enter_futex
sys_enter_futex
sys_enter_gettid
sys_enter_futex
sys_enter_sigaltstack
sys_enter_sigaltstack
sys_enter_gettid
sys_enter_rt_sigprocmask
sys_enter_futex
sys_enter_futex
sys_enter_mmap
sys_enter_futex
sys_enter_futex
sys_enter_futex
sys_enter_openat
sys_enter_read
sys_enter_read
sys_enter_close
sys_enter_socket
sys_enter_close
sys_enter_socket
sys_enter_setsockopt
sys_enter_bind
sys_enter_socket
sys_enter_setsockopt
sys_enter_bind
sys_enter_close
sys_enter_close
sys_enter_getpid
sys_enter_getppid
sys_enter_mmap
sys_enter_mmap
sys_enter_getppid
sys_enter_openat
sys_enter_pipe2
sys_enter_getpid
sys_enter_clone
sys_enter_setsid
sys_enter_close
sys_enter_read
sys_enter_chdir
sys_enter_execve
sys_enter_close
sys_enter_exit_group
sys_enter_mmap
sys_enter_mmap
sys_enter_mprotect
sys_enter_mmap
sys_enter_mmap
sys_enter_mprotect
sys_enter_mmap
sys_enter_mprotect
sys_enter_mmap
sys_enter_mprotect
sys_enter_mmap
sys_enter_mmap
sys_enter_close
sys_enter_munmap
sys_enter_sched_getaffinity
sys_enter_mmap
sys_enter_munmap
sys_enter_mmap
sys_enter_mmap
sys_enter_mmap
sys_enter_mmap
sys_enter_mmap
sys_enter_mmap
sys_enter_rt_sigprocmask
sys_enter_sigaltstack
sys_enter_sigaltstack
sys_enter_gettid
sys_enter_rt_sigprocmask
sys_enter_rt_sigaction
sys_enter_rt_sigaction
sys_enter_rt_sigaction
sys_enter_rt_sigaction
sys_enter_rt_sigaction
sys_enter_rt_sigaction
sys_enter_rt_sigaction
sys_enter_rt_sigaction
sys_enter_rt_sigaction
sys_enter_rt_sigaction
sys_enter_rt_sigaction
sys_enter_rt_sigaction
sys_enter_rt_sigaction
sys_enter_rt_sigaction
sys_enter_rt_sigaction
sys_enter_rt_sigaction
sys_enter_rt_sigaction
sys_enter_rt_sigaction
sys_enter_rt_sigaction
sys_enter_rt_sigaction
sys_enter_rt_sigaction
sys_enter_rt_sigaction
sys_enter_rt_sigaction
sys_enter_rt_sigaction
sys_enter_rt_sigaction
sys_enter_rt_sigaction
sys_enter_rt_sigaction
sys_enter_rt_sigaction
sys_enter_rt_sigaction
sys_enter_rt_sigaction
sys_enter_rt_sigaction
sys_enter_rt_sigaction
sys_enter_rt_sigaction
sys_enter_rt_sigaction
sys_enter_rt_sigaction
sys_enter_rt_sigaction
sys_enter_rt_sigaction
sys_enter_rt_sigaction
sys_enter_rt_sigaction
sys_enter_rt_sigaction
sys_enter_rt_sigaction
sys_enter_rt_sigaction
sys_enter_rt_sigaction
sys_enter_rt_sigaction
sys_enter_rt_sigaction
sys_enter_rt_sigaction
sys_enter_rt_sigaction
sys_enter_rt_sigaction
sys_enter_rt_sigaction
sys_enter_rt_sigaction
sys_enter_rt_sigaction
sys_enter_rt_sigaction
sys_enter_rt_sigaction
sys_enter_rt_sigaction
sys_enter_rt_sigaction
sys_enter_rt_sigaction
sys_enter_rt_sigaction
sys_enter_rt_sigaction
sys_enter_rt_sigaction
sys_enter_rt_sigaction
sys_enter_rt_sigaction
sys_enter_rt_sigaction
sys_enter_rt_sigaction
sys_enter_rt_sigaction
sys_enter_rt_sigaction
sys_enter_rt_sigaction
sys_enter_rt_sigaction
sys_enter_rt_sigaction
sys_enter_rt_sigaction
sys_enter_rt_sigaction
sys_enter_rt_sigaction
sys_enter_rt_sigaction
sys_enter_rt_sigaction
sys_enter_rt_sigaction
sys_enter_rt_sigaction
sys_enter_rt_sigaction
sys_enter_rt_sigaction
sys_enter_rt_sigaction
sys_enter_rt_sigaction
sys_enter_rt_sigaction
sys_enter_rt_sigaction
sys_enter_rt_sigaction
sys_enter_rt_sigaction
sys_enter_rt_sigaction
sys_enter_rt_sigaction
sys_enter_rt_sigaction
sys_enter_rt_sigaction
sys_enter_rt_sigaction
sys_enter_rt_sigaction
sys_enter_rt_sigaction
sys_enter_rt_sigaction
sys_enter_rt_sigaction
sys_enter_rt_sigaction
sys_enter_rt_sigaction
sys_enter_rt_sigaction
sys_enter_rt_sigaction
sys_enter_rt_sigaction
sys_enter_rt_sigaction
sys_enter_rt_sigaction
sys_enter_rt_sigaction
sys_enter_rt_sigaction
sys_enter_rt_sigaction
sys_enter_rt_sigaction
sys_enter_rt_sigaction
sys_enter_rt_sigaction
sys_enter_rt_sigaction
sys_enter_rt_sigaction
sys_enter_rt_sigaction
sys_enter_rt_sigaction
sys_enter_rt_sigaction
sys_enter_rt_sigaction
sys_enter_rt_sigaction
sys_enter_rt_sigaction
sys_enter_rt_sigaction
sys_enter_rt_sigprocmask
sys_enter_clone
sys_enter_rt_sigprocmask
sys_enter_gettid
sys_enter_sigaltstack
sys_enter_sigaltstack
sys_enter_gettid
sys_enter_rt_sigprocmask
sys_enter_rt_sigprocmask
sys_enter_clone
sys_enter_rt_sigprocmask
sys_enter_gettid
sys_enter_sigaltstack
sys_enter_sigaltstack
sys_enter_rt_sigprocmask
sys_enter_gettid
sys_enter_clone
sys_enter_rt_sigprocmask
sys_enter_rt_sigprocmask
sys_enter_sched_yield
sys_enter_gettid
sys_enter_futex
sys_enter_sigaltstack
sys_enter_sigaltstack
sys_enter_futex
sys_enter_gettid
sys_enter_rt_sigprocmask
sys_enter_rt_sigprocmask
sys_enter_futex
sys_enter_clone
sys_enter_futex
sys_enter_rt_sigprocmask
sys_enter_futex
sys_enter_gettid
sys_enter_sigaltstack
sys_enter_sigaltstack
sys_enter_gettid
sys_enter_rt_sigprocmask
sys_enter_futex
sys_enter_futex
sys_enter_mmap
sys_enter_futex
sys_enter_futex
sys_enter_futex
sys_enter_openat
sys_enter_futex
sys_enter_futex
sys_enter_read
sys_enter_read
sys_enter_close
sys_enter_socket
sys_enter_close
sys_enter_socket
sys_enter_setsockopt
sys_enter_bind
sys_enter_socket
sys_enter_setsockopt
sys_enter_bind
sys_enter_close
sys_enter_close
sys_enter_getpid
sys_enter_getppid
sys_enter_mmap
sys_enter_mmap
sys_enter_getppid
sys_enter_openat
sys_enter_pipe2
sys_enter_getpid
sys_enter_clone
sys_enter_setsid
sys_enter_close
sys_enter_read
sys_enter_chdir
sys_enter_execve
sys_enter_close
sys_enter_mmap
sys_enter_mmap
sys_enter_exit_group
sys_enter_mprotect
sys_enter_mmap
sys_enter_mmap
sys_enter_mprotect
sys_enter_mmap
sys_enter_mprotect
sys_enter_mmap
sys_enter_mprotect
sys_enter_mmap
sys_enter_mmap
sys_enter_close
sys_enter_munmap
sys_enter_sched_getaffinity
sys_enter_mmap
sys_enter_munmap
sys_enter_mmap
sys_enter_mmap
sys_enter_mmap
sys_enter_mmap
sys_enter_mmap
sys_enter_mmap
sys_enter_rt_sigprocmask
sys_enter_sigaltstack
sys_enter_sigaltstack
sys_enter_gettid
sys_enter_rt_sigprocmask
sys_enter_rt_sigaction
sys_enter_rt_sigaction
sys_enter_rt_sigaction
sys_enter_rt_sigaction
sys_enter_rt_sigaction
sys_enter_rt_sigaction
sys_enter_rt_sigaction
sys_enter_rt_sigaction
sys_enter_rt_sigaction
sys_enter_rt_sigaction
sys_enter_rt_sigaction
sys_enter_rt_sigaction
sys_enter_rt_sigaction
sys_enter_rt_sigaction
sys_enter_rt_sigaction
sys_enter_rt_sigaction
sys_enter_rt_sigaction
sys_enter_rt_sigaction
sys_enter_rt_sigaction
sys_enter_rt_sigaction
sys_enter_rt_sigaction
sys_enter_rt_sigaction
sys_enter_rt_sigaction
sys_enter_rt_sigaction
sys_enter_rt_sigaction
sys_enter_rt_sigaction
sys_enter_rt_sigaction
sys_enter_rt_sigaction
sys_enter_rt_sigaction
sys_enter_rt_sigaction
sys_enter_rt_sigaction
sys_enter_rt_sigaction
sys_enter_rt_sigaction
sys_enter_rt_sigaction
sys_enter_rt_sigaction
sys_enter_rt_sigaction
sys_enter_rt_sigaction
sys_enter_rt_sigaction
sys_enter_rt_sigaction
sys_enter_rt_sigaction
sys_enter_rt_sigaction
sys_enter_rt_sigaction
sys_enter_rt_sigaction
sys_enter_rt_sigaction
sys_enter_rt_sigaction
sys_enter_rt_sigaction
sys_enter_rt_sigaction
sys_enter_rt_sigaction
sys_enter_rt_sigaction
sys_enter_rt_sigaction
sys_enter_rt_sigaction
sys_enter_rt_sigaction
sys_enter_rt_sigaction
sys_enter_rt_sigaction
sys_enter_rt_sigaction
sys_enter_rt_sigaction
sys_enter_rt_sigaction
sys_enter_rt_sigaction
sys_enter_rt_sigaction
sys_enter_rt_sigaction
sys_enter_rt_sigaction
sys_enter_rt_sigaction
sys_enter_rt_sigaction
sys_enter_rt_sigaction
sys_enter_rt_sigaction
sys_enter_rt_sigaction
sys_enter_rt_sigaction
sys_enter_rt_sigaction
sys_enter_rt_sigaction
sys_enter_rt_sigaction
sys_enter_rt_sigaction
sys_enter_rt_sigaction
sys_enter_rt_sigaction
sys_enter_rt_sigaction
sys_enter_rt_sigaction
sys_enter_rt_sigaction
sys_enter_rt_sigaction
sys_enter_rt_sigaction
sys_enter_rt_sigaction
sys_enter_rt_sigaction
sys_enter_rt_sigaction
sys_enter_rt_sigaction
sys_enter_rt_sigaction
sys_enter_rt_sigaction
sys_enter_rt_sigaction
sys_enter_rt_sigaction
sys_enter_rt_sigaction
sys_enter_rt_sigaction
sys_enter_rt_sigaction
sys_enter_rt_sigaction
sys_enter_rt_sigaction
sys_enter_rt_sigaction
sys_enter_rt_sigaction
sys_enter_rt_sigaction
sys_enter_rt_sigaction
sys_enter_rt_sigaction
sys_enter_rt_sigaction
sys_enter_rt_sigaction
sys_enter_rt_sigaction
sys_enter_rt_sigaction
sys_enter_rt_sigaction
sys_enter_rt_sigaction
sys_enter_rt_sigaction
sys_enter_rt_sigaction
sys_enter_rt_sigaction
sys_enter_rt_sigaction
sys_enter_rt_sigaction
sys_enter_rt_sigaction
sys_enter_rt_sigaction
sys_enter_rt_sigaction
sys_enter_rt_sigaction
sys_enter_rt_sigaction
sys_enter_rt_sigaction
sys_enter_rt_sigaction
sys_enter_rt_sigprocmask
sys_enter_clone
sys_enter_rt_sigprocmask
sys_enter_gettid
sys_enter_sigaltstack
sys_enter_sigaltstack
sys_enter_gettid
sys_enter_rt_sigprocmask
sys_enter_rt_sigprocmask
sys_enter_clone
sys_enter_rt_sigprocmask
sys_enter_gettid
sys_enter_sigaltstack
sys_enter_sigaltstack
sys_enter_rt_sigprocmask
sys_enter_gettid
sys_enter_clone
sys_enter_rt_sigprocmask
sys_enter_rt_sigprocmask
sys_enter_futex
sys_enter_gettid
sys_enter_sigaltstack
sys_enter_sigaltstack
sys_enter_gettid
sys_enter_rt_sigprocmask
sys_enter_clone
sys_enter_rt_sigprocmask
sys_enter_futex
sys_enter_futex
sys_enter_rt_sigprocmask
sys_enter_futex
sys_enter_gettid
sys_enter_sigaltstack
sys_enter_sigaltstack
sys_enter_gettid
sys_enter_rt_sigprocmask
sys_enter_futex
sys_enter_futex
sys_enter_mmap
sys_enter_futex
sys_enter_futex
sys_enter_futex
sys_enter_openat
sys_enter_futex
sys_enter_futex
sys_enter_read
sys_enter_read
sys_enter_close
sys_enter_socket
sys_enter_close
sys_enter_socket
sys_enter_setsockopt
sys_enter_bind
sys_enter_socket
sys_enter_setsockopt
sys_enter_bind
sys_enter_close
sys_enter_close
sys_enter_mmap
sys_enter_getpid
sys_enter_getppid
sys_enter_mmap
sys_enter_mmap
sys_enter_mmap
sys_enter_getppid
sys_enter_openat
sys_enter_pipe2
sys_enter_getpid
sys_enter_clone
sys_enter_setsid
sys_enter_close
sys_enter_read
sys_enter_chdir
sys_enter_execve
sys_enter_close
sys_enter_exit_group
sys_enter_mmap
sys_enter_mmap
sys_enter_mprotect
sys_enter_mmap
sys_enter_mmap
sys_enter_mprotect
sys_enter_mmap
sys_enter_mprotect
sys_enter_mmap
sys_enter_mprotect
sys_enter_mmap
sys_enter_mmap
sys_enter_close
sys_enter_munmap
sys_enter_sched_getaffinity
sys_enter_mmap
sys_enter_munmap
sys_enter_mmap
sys_enter_mmap
sys_enter_mmap
sys_enter_mmap
sys_enter_mmap
sys_enter_mmap
sys_enter_rt_sigprocmask
sys_enter_sigaltstack
sys_enter_sigaltstack
sys_enter_gettid
sys_enter_rt_sigprocmask
sys_enter_rt_sigaction
sys_enter_rt_sigaction
sys_enter_rt_sigaction
sys_enter_rt_sigaction
sys_enter_rt_sigaction
sys_enter_rt_sigaction
sys_enter_rt_sigaction
sys_enter_rt_sigaction
sys_enter_rt_sigaction
sys_enter_rt_sigaction
sys_enter_rt_sigaction
sys_enter_rt_sigaction
sys_enter_rt_sigaction
sys_enter_rt_sigaction
sys_enter_rt_sigaction
sys_enter_rt_sigaction
sys_enter_rt_sigaction
sys_enter_rt_sigaction
sys_enter_rt_sigaction
sys_enter_rt_sigaction
sys_enter_rt_sigaction
sys_enter_rt_sigaction
sys_enter_rt_sigaction
sys_enter_rt_sigaction
sys_enter_rt_sigaction
sys_enter_rt_sigaction
sys_enter_rt_sigaction
sys_enter_rt_sigaction
sys_enter_rt_sigaction
sys_enter_rt_sigaction
sys_enter_rt_sigaction
sys_enter_rt_sigaction
sys_enter_rt_sigaction
sys_enter_rt_sigaction
sys_enter_rt_sigaction
sys_enter_rt_sigaction
sys_enter_rt_sigaction
sys_enter_rt_sigaction
sys_enter_rt_sigaction
sys_enter_rt_sigaction
sys_enter_rt_sigaction
sys_enter_rt_sigaction
sys_enter_rt_sigaction
sys_enter_rt_sigaction
sys_enter_rt_sigaction
sys_enter_rt_sigaction
sys_enter_rt_sigaction
sys_enter_rt_sigaction
sys_enter_rt_sigaction
sys_enter_rt_sigaction
sys_enter_rt_sigaction
sys_enter_rt_sigaction
sys_enter_rt_sigaction
sys_enter_rt_sigaction
sys_enter_rt_sigaction
sys_enter_rt_sigaction
sys_enter_rt_sigaction
sys_enter_rt_sigaction
sys_enter_rt_sigaction
sys_enter_rt_sigaction
sys_enter_rt_sigaction
sys_enter_rt_sigaction
sys_enter_rt_sigaction
sys_enter_rt_sigaction
sys_enter_rt_sigaction
sys_enter_rt_sigaction
sys_enter_rt_sigaction
sys_enter_rt_sigaction
sys_enter_rt_sigaction
sys_enter_rt_sigaction
sys_enter_rt_sigaction
sys_enter_rt_sigaction
sys_enter_rt_sigaction
sys_enter_rt_sigaction
sys_enter_rt_sigaction
sys_enter_rt_sigaction
sys_enter_rt_sigaction
sys_enter_rt_sigaction
sys_enter_rt_sigaction
sys_enter_rt_sigaction
sys_enter_rt_sigaction
sys_enter_rt_sigaction
sys_enter_rt_sigaction
sys_enter_rt_sigaction
sys_enter_rt_sigaction
sys_enter_rt_sigaction
sys_enter_rt_sigaction
sys_enter_rt_sigaction
sys_enter_rt_sigaction
sys_enter_rt_sigaction
sys_enter_rt_sigaction
sys_enter_rt_sigaction
sys_enter_rt_sigaction
sys_enter_rt_sigaction
sys_enter_rt_sigaction
sys_enter_rt_sigaction
sys_enter_rt_sigaction
sys_enter_rt_sigaction
sys_enter_rt_sigaction
sys_enter_rt_sigaction
sys_enter_rt_sigaction
sys_enter_rt_sigaction
sys_enter_rt_sigaction
sys_enter_rt_sigaction
sys_enter_rt_sigaction
sys_enter_rt_sigaction
sys_enter_rt_sigaction
sys_enter_rt_sigaction
sys_enter_rt_sigaction
sys_enter_rt_sigaction
sys_enter_rt_sigaction
sys_enter_rt_sigaction
sys_enter_rt_sigaction
sys_enter_rt_sigaction
sys_enter_rt_sigprocmask
sys_enter_clone
sys_enter_rt_sigprocmask
sys_enter_gettid
sys_enter_sigaltstack
sys_enter_sigaltstack
sys_enter_gettid
sys_enter_rt_sigprocmask
sys_enter_rt_sigprocmask
sys_enter_clone
sys_enter_rt_sigprocmask
sys_enter_gettid
sys_enter_sigaltstack
sys_enter_sigaltstack
sys_enter_gettid
sys_enter_rt_sigprocmask
sys_enter_rt_sigprocmask
sys_enter_clone
sys_enter_rt_sigprocmask
sys_enter_clone
sys_enter_rt_sigprocmask
sys_enter_futex
sys_enter_rt_sigprocmask
sys_enter_gettid
sys_enter_sigaltstack
sys_enter_sigaltstack
sys_enter_gettid
sys_enter_rt_sigprocmask
sys_enter_futex
sys_enter_futex
sys_enter_gettid
sys_enter_sigaltstack
sys_enter_sigaltstack
sys_enter_gettid
sys_enter_rt_sigprocmask
sys_enter_futex
sys_enter_futex
sys_enter_futex
sys_enter_mmap
sys_enter_futex
sys_enter_futex
sys_enter_futex
sys_enter_openat
sys_enter_futex
sys_enter_futex
sys_enter_read
sys_enter_read
sys_enter_close
sys_enter_socket
sys_enter_futex
sys_enter_futex
sys_enter_futex
sys_enter_futex
sys_enter_close
sys_enter_socket
sys_enter_setsockopt
sys_enter_bind
sys_enter_socket
sys_enter_setsockopt
sys_enter_bind
sys_enter_close
sys_enter_close
sys_enter_mmap
sys_enter_getpid
sys_enter_getppid
sys_enter_mmap
sys_enter_mmap
sys_enter_getppid
sys_enter_openat
sys_enter_pipe2
sys_enter_getpid
sys_enter_clone
sys_enter_setsid
sys_enter_close
sys_enter_read
sys_enter_chdir
sys_enter_execve
sys_enter_close
sys_enter_exit_group
sys_enter_mmap
sys_enter_mmap
sys_enter_mprotect
sys_enter_mmap
sys_enter_mmap
sys_enter_mprotect
sys_enter_mmap
sys_enter_mprotect
sys_enter_mmap
sys_enter_mprotect
sys_enter_mmap
sys_enter_mmap
sys_enter_close
sys_enter_munmap
sys_enter_sched_getaffinity
sys_enter_mmap
sys_enter_munmap
sys_enter_mmap
sys_enter_mmap
sys_enter_mmap
sys_enter_mmap
sys_enter_mmap
sys_enter_mmap
sys_enter_rt_sigprocmask
sys_enter_sigaltstack
sys_enter_sigaltstack
sys_enter_gettid
sys_enter_rt_sigprocmask
sys_enter_rt_sigaction
sys_enter_rt_sigaction
sys_enter_rt_sigaction
sys_enter_rt_sigaction
sys_enter_rt_sigaction
sys_enter_rt_sigaction
sys_enter_rt_sigaction
sys_enter_rt_sigaction
sys_enter_rt_sigaction
sys_enter_rt_sigaction
sys_enter_rt_sigaction
sys_enter_rt_sigaction
sys_enter_rt_sigaction
sys_enter_rt_sigaction
sys_enter_rt_sigaction
sys_enter_rt_sigaction
sys_enter_rt_sigaction
sys_enter_rt_sigaction
sys_enter_rt_sigaction
sys_enter_rt_sigaction
sys_enter_rt_sigaction
sys_enter_rt_sigaction
sys_enter_rt_sigaction
sys_enter_rt_sigaction
sys_enter_rt_sigaction
sys_enter_rt_sigaction
sys_enter_rt_sigaction
sys_enter_rt_sigaction
sys_enter_rt_sigaction
sys_enter_rt_sigaction
sys_enter_rt_sigaction
sys_enter_rt_sigaction
sys_enter_rt_sigaction
sys_enter_rt_sigaction
sys_enter_rt_sigaction
sys_enter_rt_sigaction
sys_enter_rt_sigaction
sys_enter_rt_sigaction
sys_enter_rt_sigaction
sys_enter_rt_sigaction
sys_enter_rt_sigaction
sys_enter_rt_sigaction
sys_enter_rt_sigaction
sys_enter_rt_sigaction
sys_enter_rt_sigaction
sys_enter_rt_sigaction
sys_enter_rt_sigaction
sys_enter_rt_sigaction
sys_enter_rt_sigaction
sys_enter_rt_sigaction
sys_enter_rt_sigaction
sys_enter_rt_sigaction
sys_enter_rt_sigaction
sys_enter_rt_sigaction
sys_enter_rt_sigaction
sys_enter_rt_sigaction
sys_enter_rt_sigaction
sys_enter_rt_sigaction
sys_enter_rt_sigaction
sys_enter_rt_sigaction
sys_enter_rt_sigaction
sys_enter_rt_sigaction
sys_enter_rt_sigaction
sys_enter_rt_sigaction
sys_enter_rt_sigaction
sys_enter_rt_sigaction
sys_enter_rt_sigaction
sys_enter_rt_sigaction
sys_enter_rt_sigaction
sys_enter_rt_sigaction
sys_enter_rt_sigaction
sys_enter_rt_sigaction
sys_enter_rt_sigaction
sys_enter_rt_sigaction
sys_enter_rt_sigaction
sys_enter_rt_sigaction
sys_enter_rt_sigaction
sys_enter_rt_sigaction
sys_enter_rt_sigaction
sys_enter_rt_sigaction
sys_enter_rt_sigaction
sys_enter_rt_sigaction
sys_enter_rt_sigaction
sys_enter_rt_sigaction
sys_enter_rt_sigaction
sys_enter_rt_sigaction
sys_enter_rt_sigaction
sys_enter_rt_sigaction
sys_enter_rt_sigaction
sys_enter_rt_sigaction
sys_enter_rt_sigaction
sys_enter_rt_sigaction
sys_enter_rt_sigaction
sys_enter_rt_sigaction
sys_enter_rt_sigaction
sys_enter_rt_sigaction
sys_enter_rt_sigaction
sys_enter_rt_sigaction
sys_enter_rt_sigaction
sys_enter_rt_sigaction
sys_enter_rt_sigaction
sys_enter_rt_sigaction
sys_enter_rt_sigaction
sys_enter_rt_sigaction
sys_enter_rt_sigaction
sys_enter_rt_sigaction
sys_enter_rt_sigaction
sys_enter_rt_sigaction
sys_enter_rt_sigaction
sys_enter_rt_sigaction
sys_enter_rt_sigaction
sys_enter_rt_sigaction
sys_enter_rt_sigaction
sys_enter_rt_sigaction
sys_enter_rt_sigprocmask
sys_enter_clone
sys_enter_rt_sigprocmask
sys_enter_gettid
sys_enter_sigaltstack
sys_enter_sigaltstack
sys_enter_gettid
sys_enter_rt_sigprocmask
sys_enter_rt_sigprocmask
sys_enter_clone
sys_enter_rt_sigprocmask
sys_enter_rt_sigprocmask
sys_enter_clone
sys_enter_gettid
sys_enter_sigaltstack
sys_enter_sigaltstack
sys_enter_gettid
sys_enter_rt_sigprocmask
sys_enter_rt_sigprocmask
sys_enter_clone
sys_enter_rt_sigprocmask
sys_enter_futex
sys_enter_rt_sigprocmask
sys_enter_futex
sys_enter_mmap
sys_enter_gettid
sys_enter_sigaltstack
sys_enter_sigaltstack
sys_enter_gettid
sys_enter_rt_sigprocmask
sys_enter_futex
sys_enter_futex
sys_enter_gettid
sys_enter_sigaltstack
sys_enter_sigaltstack
sys_enter_gettid
sys_enter_rt_sigprocmask
sys_enter_futex
sys_enter_futex
sys_enter_futex
sys_enter_openat
sys_enter_read
sys_enter_read
sys_enter_close
sys_enter_socket
sys_enter_close
sys_enter_socket
sys_enter_setsockopt
sys_enter_bind
sys_enter_socket
sys_enter_setsockopt
sys_enter_bind
sys_enter_close
sys_enter_close
sys_enter_getpid
sys_enter_getppid
sys_enter_mmap
sys_enter_mmap
sys_enter_getppid
sys_enter_openat
sys_enter_pipe2
sys_enter_getpid
sys_enter_clone
sys_enter_setsid
sys_enter_close
sys_enter_read
sys_enter_chdir
sys_enter_execve
sys_enter_close
sys_enter_exit_group
sys_enter_mmap
sys_enter_mmap
sys_enter_mprotect
sys_enter_mmap
sys_enter_mmap
sys_enter_mprotect
sys_enter_mmap
sys_enter_mprotect
sys_enter_mmap
sys_enter_mprotect
sys_enter_mmap
sys_enter_mmap
sys_enter_close
sys_enter_munmap
sys_enter_sched_getaffinity
sys_enter_mmap
sys_enter_munmap
sys_enter_mmap
sys_enter_mmap
sys_enter_mmap
sys_enter_mmap
sys_enter_mmap
sys_enter_mmap
sys_enter_rt_sigprocmask
sys_enter_sigaltstack
sys_enter_sigaltstack
sys_enter_gettid
sys_enter_rt_sigprocmask
sys_enter_rt_sigaction
sys_enter_rt_sigaction
sys_enter_rt_sigaction
sys_enter_rt_sigaction
sys_enter_rt_sigaction
sys_enter_rt_sigaction
sys_enter_rt_sigaction
sys_enter_rt_sigaction
sys_enter_rt_sigaction
sys_enter_rt_sigaction
sys_enter_rt_sigaction
sys_enter_rt_sigaction
sys_enter_rt_sigaction
sys_enter_rt_sigaction
sys_enter_rt_sigaction
sys_enter_rt_sigaction
sys_enter_rt_sigaction
sys_enter_rt_sigaction
sys_enter_rt_sigaction
sys_enter_rt_sigaction
sys_enter_rt_sigaction
sys_enter_rt_sigaction
sys_enter_rt_sigaction
sys_enter_rt_sigaction
sys_enter_rt_sigaction
sys_enter_rt_sigaction
sys_enter_rt_sigaction
sys_enter_rt_sigaction
sys_enter_rt_sigaction
sys_enter_rt_sigaction
sys_enter_rt_sigaction
sys_enter_rt_sigaction
sys_enter_rt_sigaction
sys_enter_rt_sigaction
sys_enter_rt_sigaction
sys_enter_rt_sigaction
sys_enter_rt_sigaction
sys_enter_rt_sigaction
sys_enter_rt_sigaction
sys_enter_rt_sigaction
sys_enter_rt_sigaction
sys_enter_rt_sigaction
sys_enter_rt_sigaction
sys_enter_rt_sigaction
sys_enter_rt_sigaction
sys_enter_rt_sigaction
sys_enter_rt_sigaction
sys_enter_rt_sigaction
sys_enter_rt_sigaction
sys_enter_rt_sigaction
sys_enter_rt_sigaction
sys_enter_rt_sigaction
sys_enter_rt_sigaction
sys_enter_rt_sigaction
sys_enter_rt_sigaction
sys_enter_rt_sigaction
sys_enter_rt_sigaction
sys_enter_rt_sigaction
sys_enter_rt_sigaction
sys_enter_rt_sigaction
sys_enter_rt_sigaction
sys_enter_rt_sigaction
sys_enter_rt_sigaction
sys_enter_rt_sigaction
sys_enter_rt_sigaction
sys_enter_rt_sigaction
sys_enter_rt_sigaction
sys_enter_rt_sigaction
sys_enter_rt_sigaction
sys_enter_rt_sigaction
sys_enter_rt_sigaction
sys_enter_rt_sigaction
sys_enter_rt_sigaction
sys_enter_rt_sigaction
sys_enter_rt_sigaction
sys_enter_rt_sigaction
sys_enter_rt_sigaction
sys_enter_rt_sigaction
sys_enter_rt_sigaction
sys_enter_rt_sigaction
sys_enter_rt_sigaction
sys_enter_rt_sigaction
sys_enter_rt_sigaction
sys_enter_rt_sigaction
sys_enter_rt_sigaction
sys_enter_rt_sigaction
sys_enter_rt_sigaction
sys_enter_rt_sigaction
sys_enter_rt_sigaction
sys_enter_rt_sigaction
sys_enter_rt_sigaction
sys_enter_rt_sigaction
sys_enter_rt_sigaction
sys_enter_rt_sigaction
sys_enter_rt_sigaction
sys_enter_rt_sigaction
sys_enter_rt_sigaction
sys_enter_rt_sigaction
sys_enter_rt_sigaction
sys_enter_rt_sigaction
sys_enter_rt_sigaction
sys_enter_rt_sigaction
sys_enter_rt_sigaction
sys_enter_rt_sigaction
sys_enter_rt_sigaction
sys_enter_rt_sigaction
sys_enter_rt_sigaction
sys_enter_rt_sigaction
sys_enter_rt_sigaction
sys_enter_rt_sigaction
sys_enter_rt_sigaction
sys_enter_rt_sigaction
sys_enter_rt_sigaction
sys_enter_rt_sigaction
sys_enter_rt_sigprocmask
sys_enter_clone
sys_enter_rt_sigprocmask
sys_enter_gettid
sys_enter_sigaltstack
sys_enter_sigaltstack
sys_enter_gettid
sys_enter_rt_sigprocmask
sys_enter_rt_sigprocmask
sys_enter_clone
sys_enter_rt_sigprocmask
sys_enter_gettid
sys_enter_sigaltstack
sys_enter_sigaltstack
sys_enter_rt_sigprocmask
sys_enter_clone
sys_enter_gettid
sys_enter_rt_sigprocmask
sys_enter_rt_sigprocmask
sys_enter_futex
sys_enter_gettid
sys_enter_sigaltstack
sys_enter_sigaltstack
sys_enter_gettid
sys_enter_rt_sigprocmask
sys_enter_futex
sys_enter_rt_sigprocmask
sys_enter_clone
sys_enter_futex
sys_enter_rt_sigprocmask
sys_enter_futex
sys_enter_gettid
sys_enter_sigaltstack
sys_enter_sigaltstack
sys_enter_gettid
sys_enter_rt_sigprocmask
sys_enter_futex
sys_enter_futex
sys_enter_mmap
sys_enter_futex
sys_enter_futex
sys_enter_futex
sys_enter_openat
sys_enter_read
sys_enter_read
sys_enter_close
sys_enter_socket
sys_enter_close
sys_enter_socket
sys_enter_setsockopt
sys_enter_bind
sys_enter_socket
sys_enter_setsockopt
sys_enter_bind
sys_enter_close
sys_enter_close
sys_enter_getpid
sys_enter_getppid
sys_enter_mmap
sys_enter_mmap
sys_enter_getppid
sys_enter_openat
sys_enter_pipe2
sys_enter_getpid
sys_enter_clone
sys_enter_setsid
sys_enter_close
sys_enter_read
sys_enter_chdir
sys_enter_execve
sys_enter_close
sys_enter_mmap
sys_enter_mmap
sys_enter_exit_group
sys_enter_mprotect
sys_enter_mmap
sys_enter_mmap
sys_enter_mprotect
sys_enter_mmap
sys_enter_mprotect
sys_enter_mmap
sys_enter_mprotect
sys_enter_mmap
sys_enter_mmap
sys_enter_close
sys_enter_munmap
sys_enter_sched_getaffinity
sys_enter_mmap
sys_enter_munmap
sys_enter_mmap
sys_enter_mmap
sys_enter_mmap
sys_enter_mmap
sys_enter_mmap
sys_enter_mmap
sys_enter_rt_sigprocmask
sys_enter_sigaltstack
sys_enter_sigaltstack
sys_enter_gettid
sys_enter_rt_sigprocmask
sys_enter_rt_sigaction
sys_enter_rt_sigaction
sys_enter_rt_sigaction
sys_enter_rt_sigaction
sys_enter_rt_sigaction
sys_enter_rt_sigaction
sys_enter_rt_sigaction
sys_enter_rt_sigaction
sys_enter_rt_sigaction
sys_enter_rt_sigaction
sys_enter_rt_sigaction
sys_enter_rt_sigaction
sys_enter_rt_sigaction
sys_enter_rt_sigaction
sys_enter_rt_sigaction
sys_enter_rt_sigaction
sys_enter_rt_sigaction
sys_enter_rt_sigaction
sys_enter_rt_sigaction
sys_enter_rt_sigaction
sys_enter_rt_sigaction
sys_enter_rt_sigaction
sys_enter_rt_sigaction
sys_enter_rt_sigaction
sys_enter_rt_sigaction
sys_enter_rt_sigaction
sys_enter_rt_sigaction
sys_enter_rt_sigaction
sys_enter_rt_sigaction
sys_enter_rt_sigaction
sys_enter_rt_sigaction
sys_enter_rt_sigaction
sys_enter_rt_sigaction
sys_enter_rt_sigaction
sys_enter_rt_sigaction
sys_enter_rt_sigaction
sys_enter_rt_sigaction
sys_enter_rt_sigaction
sys_enter_rt_sigaction
sys_enter_rt_sigaction
sys_enter_rt_sigaction
sys_enter_rt_sigaction
sys_enter_rt_sigaction
sys_enter_rt_sigaction
sys_enter_rt_sigaction
sys_enter_rt_sigaction
sys_enter_rt_sigaction
sys_enter_rt_sigaction
sys_enter_rt_sigaction
sys_enter_rt_sigaction
sys_enter_rt_sigaction
sys_enter_rt_sigaction
sys_enter_rt_sigaction
sys_enter_rt_sigaction
sys_enter_rt_sigaction
sys_enter_rt_sigaction
sys_enter_rt_sigaction
sys_enter_rt_sigaction
sys_enter_rt_sigaction
sys_enter_rt_sigaction
sys_enter_rt_sigaction
sys_enter_rt_sigaction
sys_enter_rt_sigaction
sys_enter_rt_sigaction
sys_enter_rt_sigaction
sys_enter_rt_sigaction
sys_enter_rt_sigaction
sys_enter_rt_sigaction
sys_enter_rt_sigaction
sys_enter_rt_sigaction
sys_enter_rt_sigaction
sys_enter_rt_sigaction
sys_enter_rt_sigaction
sys_enter_rt_sigaction
sys_enter_rt_sigaction
sys_enter_rt_sigaction
sys_enter_rt_sigaction
sys_enter_rt_sigaction
sys_enter_rt_sigaction
sys_enter_rt_sigaction
sys_enter_rt_sigaction
sys_enter_rt_sigaction
sys_enter_rt_sigaction
sys_enter_rt_sigaction
sys_enter_rt_sigaction
sys_enter_rt_sigaction
sys_enter_rt_sigaction
sys_enter_rt_sigaction
sys_enter_rt_sigaction
sys_enter_rt_sigaction
sys_enter_rt_sigaction
sys_enter_rt_sigaction
sys_enter_rt_sigaction
sys_enter_rt_sigaction
sys_enter_rt_sigaction
sys_enter_rt_sigaction
sys_enter_rt_sigaction
sys_enter_rt_sigaction
sys_enter_rt_sigaction
sys_enter_rt_sigaction
sys_enter_rt_sigaction
sys_enter_rt_sigaction
sys_enter_rt_sigaction
sys_enter_rt_sigaction
sys_enter_rt_sigaction
sys_enter_rt_sigaction
sys_enter_rt_sigaction
sys_enter_rt_sigaction
sys_enter_rt_sigaction
sys_enter_rt_sigaction
sys_enter_rt_sigaction
sys_enter_rt_sigaction
sys_enter_rt_sigaction
sys_enter_rt_sigaction
sys_enter_rt_sigprocmask
sys_enter_clone
sys_enter_rt_sigprocmask
sys_enter_gettid
sys_enter_sigaltstack
sys_enter_sigaltstack
sys_enter_gettid
sys_enter_rt_sigprocmask
sys_enter_rt_sigprocmask
sys_enter_clone
sys_enter_rt_sigprocmask
sys_enter_gettid
sys_enter_sigaltstack
sys_enter_sigaltstack
sys_enter_gettid
sys_enter_rt_sigprocmask
sys_enter_rt_sigprocmask
sys_enter_clone
sys_enter_rt_sigprocmask
sys_enter_clone
sys_enter_rt_sigprocmask
sys_enter_futex
sys_enter_gettid
sys_enter_rt_sigprocmask
sys_enter_sigaltstack
sys_enter_gettid
sys_enter_sigaltstack
sys_enter_gettid
sys_enter_rt_sigprocmask
sys_enter_sigaltstack
sys_enter_sigaltstack
sys_enter_gettid
sys_enter_rt_sigprocmask
sys_enter_futex
sys_enter_futex
sys_enter_futex
sys_enter_futex
sys_enter_futex
sys_enter_mmap
sys_enter_futex
sys_enter_futex
sys_enter_futex
sys_enter_openat
sys_enter_read
sys_enter_read
sys_enter_close
sys_enter_socket
sys_enter_close
sys_enter_socket
sys_enter_setsockopt
sys_enter_bind
sys_enter_socket
sys_enter_setsockopt
sys_enter_bind
sys_enter_close
sys_enter_close
sys_enter_getpid
sys_enter_getppid
sys_enter_mmap
sys_enter_mmap
sys_enter_getppid
sys_enter_openat
sys_enter_pipe2
sys_enter_getpid
sys_enter_clone
sys_enter_setsid
sys_enter_close
sys_enter_read
sys_enter_chdir
sys_enter_execve
sys_enter_close
sys_enter_mmap
sys_enter_exit_group
sys_enter_mmap
sys_enter_mprotect
sys_enter_mmap
sys_enter_mmap
sys_enter_mprotect
sys_enter_mmap
sys_enter_mprotect
sys_enter_mmap
sys_enter_mprotect
sys_enter_mmap
sys_enter_mmap
sys_enter_close
sys_enter_munmap
sys_enter_sched_getaffinity
sys_enter_mmap
sys_enter_munmap
sys_enter_mmap
sys_enter_mmap
sys_enter_mmap
sys_enter_mmap
sys_enter_mmap
sys_enter_mmap
sys_enter_rt_sigprocmask
sys_enter_sigaltstack
sys_enter_sigaltstack
sys_enter_gettid
sys_enter_rt_sigprocmask
sys_enter_rt_sigaction
sys_enter_rt_sigaction
sys_enter_rt_sigaction
sys_enter_rt_sigaction
sys_enter_rt_sigaction
sys_enter_rt_sigaction
sys_enter_rt_sigaction
sys_enter_rt_sigaction
sys_enter_rt_sigaction
sys_enter_rt_sigaction
sys_enter_rt_sigaction
sys_enter_rt_sigaction
sys_enter_rt_sigaction
sys_enter_rt_sigaction
sys_enter_rt_sigaction
sys_enter_rt_sigaction
sys_enter_rt_sigaction
sys_enter_rt_sigaction
sys_enter_rt_sigaction
sys_enter_rt_sigaction
sys_enter_rt_sigaction
sys_enter_rt_sigaction
sys_enter_rt_sigaction
sys_enter_rt_sigaction
sys_enter_rt_sigaction
sys_enter_rt_sigaction
sys_enter_rt_sigaction
sys_enter_rt_sigaction
sys_enter_rt_sigaction
sys_enter_rt_sigaction
sys_enter_rt_sigaction
sys_enter_rt_sigaction
sys_enter_rt_sigaction
sys_enter_rt_sigaction
sys_enter_rt_sigaction
sys_enter_rt_sigaction
sys_enter_rt_sigaction
sys_enter_rt_sigaction
sys_enter_rt_sigaction
sys_enter_rt_sigaction
sys_enter_rt_sigaction
sys_enter_rt_sigaction
sys_enter_rt_sigaction
sys_enter_rt_sigaction
sys_enter_rt_sigaction
sys_enter_rt_sigaction
sys_enter_rt_sigaction
sys_enter_rt_sigaction
sys_enter_rt_sigaction
sys_enter_rt_sigaction
sys_enter_rt_sigaction
sys_enter_rt_sigaction
sys_enter_rt_sigaction
sys_enter_rt_sigaction
sys_enter_rt_sigaction
sys_enter_rt_sigaction
sys_enter_rt_sigaction
sys_enter_rt_sigaction
sys_enter_rt_sigaction
sys_enter_rt_sigaction
sys_enter_rt_sigaction
sys_enter_rt_sigaction
sys_enter_rt_sigaction
sys_enter_rt_sigaction
sys_enter_rt_sigaction
sys_enter_rt_sigaction
sys_enter_rt_sigaction
sys_enter_rt_sigaction
sys_enter_rt_sigaction
sys_enter_rt_sigaction
sys_enter_rt_sigaction
sys_enter_rt_sigaction
sys_enter_rt_sigaction
sys_enter_rt_sigaction
sys_enter_rt_sigaction
sys_enter_rt_sigaction
sys_enter_rt_sigaction
sys_enter_rt_sigaction
sys_enter_rt_sigaction
sys_enter_rt_sigaction
sys_enter_rt_sigaction
sys_enter_rt_sigaction
sys_enter_rt_sigaction
sys_enter_rt_sigaction
sys_enter_rt_sigaction
sys_enter_rt_sigaction
sys_enter_rt_sigaction
sys_enter_rt_sigaction
sys_enter_rt_sigaction
sys_enter_rt_sigaction
sys_enter_rt_sigaction
sys_enter_rt_sigaction
sys_enter_rt_sigaction
sys_enter_rt_sigaction
sys_enter_rt_sigaction
sys_enter_rt_sigaction
sys_enter_rt_sigaction
sys_enter_rt_sigaction
sys_enter_rt_sigaction
sys_enter_rt_sigaction
sys_enter_rt_sigaction
sys_enter_rt_sigaction
sys_enter_rt_sigaction
sys_enter_rt_sigaction
sys_enter_rt_sigaction
sys_enter_rt_sigaction
sys_enter_rt_sigaction
sys_enter_rt_sigaction
sys_enter_rt_sigaction
sys_enter_rt_sigaction
sys_enter_rt_sigaction
sys_enter_rt_sigaction
sys_enter_rt_sigaction
sys_enter_rt_sigaction
sys_enter_rt_sigprocmask
sys_enter_clone
sys_enter_rt_sigprocmask
sys_enter_gettid
sys_enter_sigaltstack
sys_enter_sigaltstack
sys_enter_gettid
sys_enter_rt_sigprocmask
sys_enter_rt_sigprocmask
sys_enter_clone
sys_enter_rt_sigprocmask
sys_enter_gettid
sys_enter_sigaltstack
sys_enter_sigaltstack
sys_enter_gettid
sys_enter_rt_sigprocmask
sys_enter_rt_sigprocmask
sys_enter_clone
sys_enter_rt_sigprocmask
sys_enter_clone
sys_enter_rt_sigprocmask
sys_enter_futex
sys_enter_gettid
sys_enter_sigaltstack
sys_enter_sigaltstack
sys_enter_rt_sigprocmask
sys_enter_gettid
sys_enter_rt_sigprocmask
sys_enter_gettid
sys_enter_futex
sys_enter_futex
sys_enter_sigaltstack
sys_enter_sigaltstack
sys_enter_gettid
sys_enter_rt_sigprocmask
sys_enter_futex
sys_enter_futex
sys_enter_futex
sys_enter_mmap
sys_enter_futex
sys_enter_futex
sys_enter_futex
sys_enter_openat
sys_enter_futex
sys_enter_futex
sys_enter_read
sys_enter_read
sys_enter_close
sys_enter_socket
sys_enter_close
sys_enter_socket
sys_enter_setsockopt
sys_enter_bind
sys_enter_socket
sys_enter_setsockopt
sys_enter_bind
sys_enter_close
sys_enter_close
sys_enter_getpid
sys_enter_getppid
sys_enter_mmap
sys_enter_mmap
sys_enter_getppid
sys_enter_openat
sys_enter_pipe2
sys_enter_getpid
sys_enter_clone
sys_enter_setsid
sys_enter_close
sys_enter_read
sys_enter_chdir
sys_enter_execve
sys_enter_close
sys_enter_mmap
sys_enter_mmap
sys_enter_exit_group
sys_enter_mprotect
sys_enter_mmap
sys_enter_mmap
sys_enter_mprotect
sys_enter_mmap
sys_enter_mprotect
sys_enter_mmap
sys_enter_mprotect
sys_enter_mmap
sys_enter_mmap
sys_enter_close
sys_enter_munmap
sys_enter_sched_getaffinity
sys_enter_mmap
sys_enter_munmap
sys_enter_mmap
sys_enter_mmap
sys_enter_mmap
sys_enter_mmap
sys_enter_mmap
sys_enter_mmap
sys_enter_rt_sigprocmask
sys_enter_sigaltstack
sys_enter_sigaltstack
sys_enter_gettid
sys_enter_rt_sigprocmask
sys_enter_rt_sigaction
sys_enter_rt_sigaction
sys_enter_rt_sigaction
sys_enter_rt_sigaction
sys_enter_rt_sigaction
sys_enter_rt_sigaction
sys_enter_rt_sigaction
sys_enter_rt_sigaction
sys_enter_rt_sigaction
sys_enter_rt_sigaction
sys_enter_rt_sigaction
sys_enter_rt_sigaction
sys_enter_rt_sigaction
sys_enter_rt_sigaction
sys_enter_rt_sigaction
sys_enter_rt_sigaction
sys_enter_rt_sigaction
sys_enter_rt_sigaction
sys_enter_rt_sigaction
sys_enter_rt_sigaction
sys_enter_rt_sigaction
sys_enter_rt_sigaction
sys_enter_rt_sigaction
sys_enter_rt_sigaction
sys_enter_rt_sigaction
sys_enter_rt_sigaction
sys_enter_rt_sigaction
sys_enter_rt_sigaction
sys_enter_rt_sigaction
sys_enter_rt_sigaction
sys_enter_rt_sigaction
sys_enter_rt_sigaction
sys_enter_rt_sigaction
sys_enter_rt_sigaction
sys_enter_rt_sigaction
sys_enter_rt_sigaction
sys_enter_rt_sigaction
sys_enter_rt_sigaction
sys_enter_rt_sigaction
sys_enter_rt_sigaction
sys_enter_rt_sigaction
sys_enter_rt_sigaction
sys_enter_rt_sigaction
sys_enter_rt_sigaction
sys_enter_rt_sigaction
sys_enter_rt_sigaction
sys_enter_rt_sigaction
sys_enter_rt_sigaction
sys_enter_rt_sigaction
sys_enter_rt_sigaction
sys_enter_rt_sigaction
sys_enter_rt_sigaction
sys_enter_rt_sigaction
sys_enter_rt_sigaction
sys_enter_rt_sigaction
sys_enter_rt_sigaction
sys_enter_rt_sigaction
sys_enter_rt_sigaction
sys_enter_rt_sigaction
sys_enter_rt_sigaction
sys_enter_rt_sigaction
sys_enter_rt_sigaction
sys_enter_rt_sigaction
sys_enter_rt_sigaction
sys_enter_rt_sigaction
sys_enter_rt_sigaction
sys_enter_rt_sigaction
sys_enter_rt_sigaction
sys_enter_rt_sigaction
sys_enter_rt_sigaction
sys_enter_rt_sigaction
sys_enter_rt_sigaction
sys_enter_rt_sigaction
sys_enter_rt_sigaction
sys_enter_rt_sigaction
sys_enter_rt_sigaction
sys_enter_rt_sigaction
sys_enter_rt_sigaction
sys_enter_rt_sigaction
sys_enter_rt_sigaction
sys_enter_rt_sigaction
sys_enter_rt_sigaction
sys_enter_rt_sigaction
sys_enter_rt_sigaction
sys_enter_rt_sigaction
sys_enter_rt_sigaction
sys_enter_rt_sigaction
sys_enter_rt_sigaction
sys_enter_rt_sigaction
sys_enter_rt_sigaction
sys_enter_rt_sigaction
sys_enter_rt_sigaction
sys_enter_rt_sigaction
sys_enter_rt_sigaction
sys_enter_rt_sigaction
sys_enter_rt_sigaction
sys_enter_rt_sigaction
sys_enter_rt_sigaction
sys_enter_rt_sigaction
sys_enter_rt_sigaction
sys_enter_rt_sigaction
sys_enter_rt_sigaction
sys_enter_rt_sigaction
sys_enter_rt_sigaction
sys_enter_rt_sigaction
sys_enter_rt_sigaction
sys_enter_rt_sigaction
sys_enter_rt_sigaction
sys_enter_rt_sigaction
sys_enter_rt_sigaction
sys_enter_rt_sigaction
sys_enter_rt_sigaction
sys_enter_rt_sigaction
sys_enter_rt_sigaction
sys_enter_rt_sigprocmask
sys_enter_clone
sys_enter_rt_sigprocmask
sys_enter_rt_sigprocmask
sys_enter_gettid
sys_enter_sigaltstack
sys_enter_sigaltstack
sys_enter_gettid
sys_enter_rt_sigprocmask
sys_enter_clone
sys_enter_rt_sigprocmask
sys_enter_gettid
sys_enter_sigaltstack
sys_enter_sigaltstack
sys_enter_rt_sigprocmask
sys_enter_gettid
sys_enter_clone
sys_enter_rt_sigprocmask
sys_enter_rt_sigprocmask
sys_enter_sched_yield
sys_enter_futex
sys_enter_futex
sys_enter_gettid
sys_enter_sigaltstack
sys_enter_sigaltstack
sys_enter_gettid
sys_enter_rt_sigprocmask
sys_enter_rt_sigprocmask
sys_enter_clone
sys_enter_futex
sys_enter_futex
sys_enter_rt_sigprocmask
sys_enter_futex
sys_enter_gettid
sys_enter_sigaltstack
sys_enter_sigaltstack
sys_enter_gettid
sys_enter_rt_sigprocmask
sys_enter_futex
sys_enter_futex
sys_enter_mmap
sys_enter_futex
sys_enter_futex
sys_enter_futex
sys_enter_openat
sys_enter_read
sys_enter_read
sys_enter_close
sys_enter_socket
sys_enter_close
sys_enter_socket
sys_enter_setsockopt
sys_enter_bind
sys_enter_socket
sys_enter_setsockopt
sys_enter_bind
sys_enter_close
sys_enter_close
sys_enter_getpid
sys_enter_getppid
sys_enter_mmap
sys_enter_mmap
sys_enter_getppid
sys_enter_openat
sys_enter_pipe2
sys_enter_getpid
sys_enter_clone
sys_enter_setsid
sys_enter_close
sys_enter_read
sys_enter_chdir
sys_enter_execve
sys_enter_close
sys_enter_mmap
sys_enter_mmap
sys_enter_exit_group
sys_enter_mprotect
sys_enter_mmap
sys_enter_mmap
sys_enter_mprotect
sys_enter_mmap
sys_enter_mprotect
sys_enter_mmap
sys_enter_mprotect
sys_enter_mmap
sys_enter_mmap
sys_enter_close
sys_enter_munmap
sys_enter_sched_getaffinity
sys_enter_mmap
sys_enter_munmap
sys_enter_mmap
sys_enter_mmap
sys_enter_mmap
sys_enter_mmap
sys_enter_mmap
sys_enter_mmap
sys_enter_rt_sigprocmask
sys_enter_sigaltstack
sys_enter_sigaltstack
sys_enter_gettid
sys_enter_rt_sigprocmask
sys_enter_rt_sigaction
sys_enter_rt_sigaction
sys_enter_rt_sigaction
sys_enter_rt_sigaction
sys_enter_rt_sigaction
sys_enter_rt_sigaction
sys_enter_rt_sigaction
sys_enter_rt_sigaction
sys_enter_rt_sigaction
sys_enter_rt_sigaction
sys_enter_rt_sigaction
sys_enter_rt_sigaction
sys_enter_rt_sigaction
sys_enter_rt_sigaction
sys_enter_rt_sigaction
sys_enter_rt_sigaction
sys_enter_rt_sigaction
sys_enter_rt_sigaction
sys_enter_rt_sigaction
sys_enter_rt_sigaction
sys_enter_rt_sigaction
sys_enter_rt_sigaction
sys_enter_rt_sigaction
sys_enter_rt_sigaction
sys_enter_rt_sigaction
sys_enter_rt_sigaction
sys_enter_rt_sigaction
sys_enter_rt_sigaction
sys_enter_rt_sigaction
sys_enter_rt_sigaction
sys_enter_rt_sigaction
sys_enter_rt_sigaction
sys_enter_rt_sigaction
sys_enter_rt_sigaction
sys_enter_rt_sigaction
sys_enter_rt_sigaction
sys_enter_rt_sigaction
sys_enter_rt_sigaction
sys_enter_rt_sigaction
sys_enter_rt_sigaction
sys_enter_rt_sigaction
sys_enter_rt_sigaction
sys_enter_rt_sigaction
sys_enter_rt_sigaction
sys_enter_rt_sigaction
sys_enter_rt_sigaction
sys_enter_rt_sigaction
sys_enter_rt_sigaction
sys_enter_rt_sigaction
sys_enter_rt_sigaction
sys_enter_rt_sigaction
sys_enter_rt_sigaction
sys_enter_rt_sigaction
sys_enter_rt_sigaction
sys_enter_rt_sigaction
sys_enter_rt_sigaction
sys_enter_rt_sigaction
sys_enter_rt_sigaction
sys_enter_rt_sigaction
sys_enter_rt_sigaction
sys_enter_rt_sigaction
sys_enter_rt_sigaction
sys_enter_rt_sigaction
sys_enter_rt_sigaction
sys_enter_rt_sigaction
sys_enter_rt_sigaction
sys_enter_rt_sigaction
sys_enter_rt_sigaction
sys_enter_rt_sigaction
sys_enter_rt_sigaction
sys_enter_rt_sigaction
sys_enter_rt_sigaction
sys_enter_rt_sigaction
sys_enter_rt_sigaction
sys_enter_rt_sigaction
sys_enter_rt_sigaction
sys_enter_rt_sigaction
sys_enter_rt_sigaction
sys_enter_rt_sigaction
sys_enter_rt_sigaction
sys_enter_rt_sigaction
sys_enter_rt_sigaction
sys_enter_rt_sigaction
sys_enter_rt_sigaction
sys_enter_rt_sigaction
sys_enter_rt_sigaction
sys_enter_rt_sigaction
sys_enter_rt_sigaction
sys_enter_rt_sigaction
sys_enter_rt_sigaction
sys_enter_rt_sigaction
sys_enter_rt_sigaction
sys_enter_rt_sigaction
sys_enter_rt_sigaction
sys_enter_rt_sigaction
sys_enter_rt_sigaction
sys_enter_rt_sigaction
sys_enter_rt_sigaction
sys_enter_rt_sigaction
sys_enter_rt_sigaction
sys_enter_rt_sigaction
sys_enter_rt_sigaction
sys_enter_rt_sigaction
sys_enter_rt_sigaction
sys_enter_rt_sigaction
sys_enter_rt_sigaction
sys_enter_rt_sigaction
sys_enter_rt_sigaction
sys_enter_rt_sigaction
sys_enter_rt_sigaction
sys_enter_rt_sigaction
sys_enter_rt_sigaction
sys_enter_rt_sigaction
sys_enter_rt_sigaction
sys_enter_rt_sigprocmask
sys_enter_clone
sys_enter_rt_sigprocmask
sys_enter_gettid
sys_enter_sigaltstack
sys_enter_sigaltstack
sys_enter_gettid
sys_enter_rt_sigprocmask
sys_enter_rt_sigprocmask
sys_enter_clone
sys_enter_rt_sigprocmask
sys_enter_gettid
sys_enter_sigaltstack
sys_enter_sigaltstack
sys_enter_rt_sigprocmask
sys_enter_clone
sys_enter_gettid
sys_enter_rt_sigprocmask
sys_enter_rt_sigprocmask
sys_enter_futex
sys_enter_gettid
sys_enter_sigaltstack
sys_enter_sigaltstack
sys_enter_gettid
sys_enter_rt_sigprocmask
sys_enter_futex
sys_enter_rt_sigprocmask
sys_enter_clone
sys_enter_futex
sys_enter_rt_sigprocmask
sys_enter_futex
sys_enter_gettid
sys_enter_sigaltstack
sys_enter_sigaltstack
sys_enter_gettid
sys_enter_rt_sigprocmask
sys_enter_futex
sys_enter_futex
sys_enter_mmap
sys_enter_futex
sys_enter_futex
sys_enter_futex
sys_enter_openat
sys_enter_read
sys_enter_read
sys_enter_close
sys_enter_socket
sys_enter_close
sys_enter_socket
sys_enter_setsockopt
sys_enter_bind
sys_enter_socket
sys_enter_setsockopt
sys_enter_bind
sys_enter_close
sys_enter_close
sys_enter_getpid
sys_enter_getppid
sys_enter_mmap
sys_enter_mmap
sys_enter_getppid
sys_enter_openat
sys_enter_pipe2
sys_enter_getpid
sys_enter_clone
sys_enter_setsid
sys_enter_close
sys_enter_read
sys_enter_chdir
sys_enter_execve
sys_enter_close
sys_enter_exit_group
sys_enter_mmap
sys_enter_mmap
sys_enter_mprotect
sys_enter_mmap
sys_enter_mmap
sys_enter_mprotect
sys_enter_mmap
sys_enter_mprotect
sys_enter_mmap
sys_enter_mprotect
sys_enter_mmap
sys_enter_mmap
sys_enter_close
sys_enter_munmap
sys_enter_sched_getaffinity
sys_enter_mmap
sys_enter_munmap
sys_enter_mmap
sys_enter_mmap
sys_enter_mmap
sys_enter_mmap
sys_enter_mmap
sys_enter_mmap
sys_enter_rt_sigprocmask
sys_enter_sigaltstack
sys_enter_sigaltstack
sys_enter_gettid
sys_enter_rt_sigprocmask
sys_enter_rt_sigaction
sys_enter_rt_sigaction
sys_enter_rt_sigaction
sys_enter_rt_sigaction
sys_enter_rt_sigaction
sys_enter_rt_sigaction
sys_enter_rt_sigaction
sys_enter_rt_sigaction
sys_enter_rt_sigaction
sys_enter_rt_sigaction
sys_enter_rt_sigaction
sys_enter_rt_sigaction
sys_enter_rt_sigaction
sys_enter_rt_sigaction
sys_enter_rt_sigaction
sys_enter_rt_sigaction
sys_enter_rt_sigaction
sys_enter_rt_sigaction
sys_enter_rt_sigaction
sys_enter_rt_sigaction
sys_enter_rt_sigaction
sys_enter_rt_sigaction
sys_enter_rt_sigaction
sys_enter_rt_sigaction
sys_enter_rt_sigaction
sys_enter_rt_sigaction
sys_enter_rt_sigaction
sys_enter_rt_sigaction
sys_enter_rt_sigaction
sys_enter_rt_sigaction
sys_enter_rt_sigaction
sys_enter_rt_sigaction
sys_enter_rt_sigaction
sys_enter_rt_sigaction
sys_enter_rt_sigaction
sys_enter_rt_sigaction
sys_enter_rt_sigaction
sys_enter_rt_sigaction
sys_enter_rt_sigaction
sys_enter_rt_sigaction
sys_enter_rt_sigaction
sys_enter_rt_sigaction
sys_enter_rt_sigaction
sys_enter_rt_sigaction
sys_enter_rt_sigaction
sys_enter_rt_sigaction
sys_enter_rt_sigaction
sys_enter_rt_sigaction
sys_enter_rt_sigaction
sys_enter_rt_sigaction
sys_enter_rt_sigaction
sys_enter_rt_sigaction
sys_enter_rt_sigaction
sys_enter_rt_sigaction
sys_enter_rt_sigaction
sys_enter_rt_sigaction
sys_enter_rt_sigaction
sys_enter_rt_sigaction
sys_enter_rt_sigaction
sys_enter_rt_sigaction
sys_enter_rt_sigaction
sys_enter_rt_sigaction
sys_enter_rt_sigaction
sys_enter_rt_sigaction
sys_enter_rt_sigaction
sys_enter_rt_sigaction
sys_enter_rt_sigaction
sys_enter_rt_sigaction
sys_enter_rt_sigaction
sys_enter_rt_sigaction
sys_enter_rt_sigaction
sys_enter_rt_sigaction
sys_enter_rt_sigaction
sys_enter_rt_sigaction
sys_enter_rt_sigaction
sys_enter_rt_sigaction
sys_enter_rt_sigaction
sys_enter_rt_sigaction
sys_enter_rt_sigaction
sys_enter_rt_sigaction
sys_enter_rt_sigaction
sys_enter_rt_sigaction
sys_enter_rt_sigaction
sys_enter_rt_sigaction
sys_enter_rt_sigaction
sys_enter_rt_sigaction
sys_enter_rt_sigaction
sys_enter_rt_sigaction
sys_enter_rt_sigaction
sys_enter_rt_sigaction
sys_enter_rt_sigaction
sys_enter_rt_sigaction
sys_enter_rt_sigaction
sys_enter_rt_sigaction
sys_enter_rt_sigaction
sys_enter_rt_sigaction
sys_enter_rt_sigaction
sys_enter_rt_sigaction
sys_enter_rt_sigaction
sys_enter_rt_sigaction
sys_enter_rt_sigaction
sys_enter_rt_sigaction
sys_enter_rt_sigaction
sys_enter_rt_sigaction
sys_enter_rt_sigaction
sys_enter_rt_sigaction
sys_enter_rt_sigaction
sys_enter_rt_sigaction
sys_enter_rt_sigaction
sys_enter_rt_sigaction
sys_enter_rt_sigaction
sys_enter_rt_sigaction
sys_enter_rt_sigaction
sys_enter_rt_sigaction
sys_enter_rt_sigprocmask
sys_enter_clone
sys_enter_rt_sigprocmask
sys_enter_gettid
sys_enter_sigaltstack
sys_enter_sigaltstack
sys_enter_gettid
sys_enter_rt_sigprocmask
sys_enter_rt_sigprocmask
sys_enter_clone
sys_enter_rt_sigprocmask
sys_enter_gettid
sys_enter_sigaltstack
sys_enter_sigaltstack
sys_enter_gettid
sys_enter_rt_sigprocmask
sys_enter_rt_sigprocmask
sys_enter_clone
sys_enter_rt_sigprocmask
sys_enter_clone
sys_enter_rt_sigprocmask
sys_enter_futex
sys_enter_gettid
sys_enter_sigaltstack
sys_enter_sigaltstack
sys_enter_gettid
sys_enter_rt_sigprocmask
sys_enter_futex
sys_enter_futex
sys_enter_rt_sigprocmask
sys_enter_gettid
sys_enter_sigaltstack
sys_enter_sigaltstack
sys_enter_gettid
sys_enter_rt_sigprocmask
sys_enter_futex
sys_enter_futex
sys_enter_futex
sys_enter_mmap
sys_enter_futex
sys_enter_futex
sys_enter_futex
sys_enter_openat
sys_enter_read
sys_enter_read
sys_enter_close
sys_enter_socket
sys_enter_close
sys_enter_socket
sys_enter_setsockopt
sys_enter_bind
sys_enter_socket
sys_enter_setsockopt
sys_enter_bind
sys_enter_close
sys_enter_close
sys_enter_getpid
sys_enter_getppid
sys_enter_mmap
sys_enter_mmap
sys_enter_getppid
sys_enter_openat
sys_enter_pipe2
sys_enter_getpid
sys_enter_clone
sys_enter_setsid
sys_enter_close
sys_enter_read
sys_enter_chdir
sys_enter_execve
sys_enter_close
sys_enter_mmap
sys_enter_exit_group
sys_enter_mmap
sys_enter_mprotect
sys_enter_mmap
sys_enter_mmap
sys_enter_mprotect
sys_enter_mmap
sys_enter_mprotect
sys_enter_mmap
sys_enter_mprotect
sys_enter_mmap
sys_enter_mmap
sys_enter_close
sys_enter_munmap
sys_enter_sched_getaffinity
sys_enter_mmap
sys_enter_munmap
sys_enter_mmap
sys_enter_mmap
sys_enter_mmap
sys_enter_mmap
sys_enter_mmap
sys_enter_mmap
sys_enter_rt_sigprocmask
sys_enter_sigaltstack
sys_enter_sigaltstack
sys_enter_gettid
sys_enter_rt_sigprocmask
sys_enter_rt_sigaction
sys_enter_rt_sigaction
sys_enter_rt_sigaction
sys_enter_rt_sigaction
sys_enter_rt_sigaction
sys_enter_rt_sigaction
sys_enter_rt_sigaction
sys_enter_rt_sigaction
sys_enter_rt_sigaction
sys_enter_rt_sigaction
sys_enter_rt_sigaction
sys_enter_rt_sigaction
sys_enter_rt_sigaction
sys_enter_rt_sigaction
sys_enter_rt_sigaction
sys_enter_rt_sigaction
sys_enter_rt_sigaction
sys_enter_rt_sigaction
sys_enter_rt_sigaction
sys_enter_rt_sigaction
sys_enter_rt_sigaction
sys_enter_rt_sigaction
sys_enter_rt_sigaction
sys_enter_rt_sigaction
sys_enter_rt_sigaction
sys_enter_rt_sigaction
sys_enter_rt_sigaction
sys_enter_rt_sigaction
sys_enter_rt_sigaction
sys_enter_rt_sigaction
sys_enter_rt_sigaction
sys_enter_rt_sigaction
sys_enter_rt_sigaction
sys_enter_rt_sigaction
sys_enter_rt_sigaction
sys_enter_rt_sigaction
sys_enter_rt_sigaction
sys_enter_rt_sigaction
sys_enter_rt_sigaction
sys_enter_rt_sigaction
sys_enter_rt_sigaction
sys_enter_rt_sigaction
sys_enter_rt_sigaction
sys_enter_rt_sigaction
sys_enter_rt_sigaction
sys_enter_rt_sigaction
sys_enter_rt_sigaction
sys_enter_rt_sigaction
sys_enter_rt_sigaction
sys_enter_rt_sigaction
sys_enter_rt_sigaction
sys_enter_rt_sigaction
sys_enter_rt_sigaction
sys_enter_rt_sigaction
sys_enter_rt_sigaction
sys_enter_rt_sigaction
sys_enter_rt_sigaction
sys_enter_rt_sigaction
sys_enter_rt_sigaction
sys_enter_rt_sigaction
sys_enter_rt_sigaction
sys_enter_rt_sigaction
sys_enter_rt_sigaction
sys_enter_rt_sigaction
sys_enter_rt_sigaction
sys_enter_rt_sigaction
sys_enter_rt_sigaction
sys_enter_rt_sigaction
sys_enter_rt_sigaction
sys_enter_rt_sigaction
sys_enter_rt_sigaction
sys_enter_rt_sigaction
sys_enter_rt_sigaction
sys_enter_rt_sigaction
sys_enter_rt_sigaction
sys_enter_rt_sigaction
sys_enter_rt_sigaction
sys_enter_rt_sigaction
sys_enter_rt_sigaction
sys_enter_rt_sigaction
sys_enter_rt_sigaction
sys_enter_rt_sigaction
sys_enter_rt_sigaction
sys_enter_rt_sigaction
sys_enter_rt_sigaction
sys_enter_rt_sigaction
sys_enter_rt_sigaction
sys_enter_rt_sigaction
sys_enter_rt_sigaction
sys_enter_rt_sigaction
sys_enter_rt_sigaction
sys_enter_rt_sigaction
sys_enter_rt_sigaction
sys_enter_rt_sigaction
sys_enter_rt_sigaction
sys_enter_rt_sigaction
sys_enter_rt_sigaction
sys_enter_rt_sigaction
sys_enter_rt_sigaction
sys_enter_rt_sigaction
sys_enter_rt_sigaction
sys_enter_rt_sigaction
sys_enter_rt_sigaction
sys_enter_rt_sigaction
sys_enter_rt_sigaction
sys_enter_rt_sigaction
sys_enter_rt_sigaction
sys_enter_rt_sigaction
sys_enter_rt_sigaction
sys_enter_rt_sigaction
sys_enter_rt_sigaction
sys_enter_rt_sigaction
sys_enter_rt_sigaction
sys_enter_rt_sigaction
sys_enter_rt_sigprocmask
sys_enter_clone
sys_enter_rt_sigprocmask
sys_enter_gettid
sys_enter_sigaltstack
sys_enter_sigaltstack
sys_enter_gettid
sys_enter_rt_sigprocmask
sys_enter_rt_sigprocmask
sys_enter_clone
sys_enter_rt_sigprocmask
sys_enter_gettid
sys_enter_sigaltstack
sys_enter_sigaltstack
sys_enter_gettid
sys_enter_rt_sigprocmask
sys_enter_rt_sigprocmask
sys_enter_clone
sys_enter_rt_sigprocmask
sys_enter_clone
sys_enter_rt_sigprocmask
sys_enter_futex
sys_enter_gettid
sys_enter_sigaltstack
sys_enter_sigaltstack
sys_enter_gettid
sys_enter_rt_sigprocmask
sys_enter_rt_sigprocmask
sys_enter_gettid
sys_enter_futex
sys_enter_futex
sys_enter_sigaltstack
sys_enter_futex
sys_enter_sigaltstack
sys_enter_gettid
sys_enter_rt_sigprocmask
sys_enter_futex
sys_enter_futex
sys_enter_mmap
sys_enter_futex
sys_enter_futex
sys_enter_futex
sys_enter_openat
sys_enter_read
sys_enter_read
sys_enter_close
sys_enter_socket
sys_enter_close
sys_enter_socket
sys_enter_setsockopt
sys_enter_bind
sys_enter_socket
sys_enter_setsockopt
sys_enter_bind
sys_enter_close
sys_enter_close
sys_enter_getpid
sys_enter_getppid
sys_enter_mmap
sys_enter_mmap
sys_enter_getppid
sys_enter_openat
sys_enter_pipe2
sys_enter_getpid
sys_enter_clone
sys_enter_setsid
sys_enter_close
sys_enter_read
sys_enter_chdir
sys_enter_execve
sys_enter_close
sys_enter_exit_group
sys_enter_mmap
sys_enter_mmap
sys_enter_mprotect
sys_enter_mmap
sys_enter_mmap
sys_enter_mprotect
sys_enter_mmap
sys_enter_mprotect
sys_enter_mmap
sys_enter_mprotect
sys_enter_mmap
sys_enter_mmap
sys_enter_close
sys_enter_munmap
sys_enter_sched_getaffinity
sys_enter_mmap
sys_enter_munmap
sys_enter_mmap
sys_enter_mmap
sys_enter_mmap
sys_enter_mmap
sys_enter_mmap
sys_enter_mmap
sys_enter_rt_sigprocmask
sys_enter_sigaltstack
sys_enter_sigaltstack
sys_enter_gettid
sys_enter_rt_sigprocmask
sys_enter_rt_sigaction
sys_enter_rt_sigaction
sys_enter_rt_sigaction
sys_enter_rt_sigaction
sys_enter_rt_sigaction
sys_enter_rt_sigaction
sys_enter_rt_sigaction
sys_enter_rt_sigaction
sys_enter_rt_sigaction
sys_enter_rt_sigaction
sys_enter_rt_sigaction
sys_enter_rt_sigaction
sys_enter_rt_sigaction
sys_enter_rt_sigaction
sys_enter_rt_sigaction
sys_enter_rt_sigaction
sys_enter_rt_sigaction
sys_enter_rt_sigaction
sys_enter_rt_sigaction
sys_enter_rt_sigaction
sys_enter_rt_sigaction
sys_enter_rt_sigaction
sys_enter_rt_sigaction
sys_enter_rt_sigaction
sys_enter_rt_sigaction
sys_enter_rt_sigaction
sys_enter_rt_sigaction
sys_enter_rt_sigaction
sys_enter_rt_sigaction
sys_enter_rt_sigaction
sys_enter_rt_sigaction
sys_enter_rt_sigaction
sys_enter_rt_sigaction
sys_enter_rt_sigaction
sys_enter_rt_sigaction
sys_enter_rt_sigaction
sys_enter_rt_sigaction
sys_enter_rt_sigaction
sys_enter_rt_sigaction
sys_enter_rt_sigaction
sys_enter_rt_sigaction
sys_enter_rt_sigaction
sys_enter_rt_sigaction
sys_enter_rt_sigaction
sys_enter_rt_sigaction
sys_enter_rt_sigaction
sys_enter_rt_sigaction
sys_enter_rt_sigaction
sys_enter_rt_sigaction
sys_enter_rt_sigaction
sys_enter_rt_sigaction
sys_enter_rt_sigaction
sys_enter_rt_sigaction
sys_enter_rt_sigaction
sys_enter_rt_sigaction
sys_enter_rt_sigaction
sys_enter_rt_sigaction
sys_enter_rt_sigaction
sys_enter_rt_sigaction
sys_enter_rt_sigaction
sys_enter_rt_sigaction
sys_enter_rt_sigaction
sys_enter_rt_sigaction
sys_enter_rt_sigaction
sys_enter_rt_sigaction
sys_enter_rt_sigaction
sys_enter_rt_sigaction
sys_enter_rt_sigaction
sys_enter_rt_sigaction
sys_enter_rt_sigaction
sys_enter_rt_sigaction
sys_enter_rt_sigaction
sys_enter_rt_sigaction
sys_enter_rt_sigaction
sys_enter_rt_sigaction
sys_enter_rt_sigaction
sys_enter_rt_sigaction
sys_enter_rt_sigaction
sys_enter_rt_sigaction
sys_enter_rt_sigaction
sys_enter_rt_sigaction
sys_enter_rt_sigaction
sys_enter_rt_sigaction
sys_enter_rt_sigaction
sys_enter_rt_sigaction
sys_enter_rt_sigaction
sys_enter_rt_sigaction
sys_enter_rt_sigaction
sys_enter_rt_sigaction
sys_enter_rt_sigaction
sys_enter_rt_sigaction
sys_enter_rt_sigaction
sys_enter_rt_sigaction
sys_enter_rt_sigaction
sys_enter_rt_sigaction
sys_enter_rt_sigaction
sys_enter_rt_sigaction
sys_enter_rt_sigaction
sys_enter_rt_sigaction
sys_enter_rt_sigaction
sys_enter_rt_sigaction
sys_enter_rt_sigaction
sys_enter_rt_sigaction
sys_enter_rt_sigaction
sys_enter_rt_sigaction
sys_enter_rt_sigaction
sys_enter_rt_sigaction
sys_enter_rt_sigaction
sys_enter_rt_sigaction
sys_enter_rt_sigaction
sys_enter_rt_sigaction
sys_enter_rt_sigaction
sys_enter_rt_sigaction
sys_enter_rt_sigaction
sys_enter_rt_sigprocmask
sys_enter_clone
sys_enter_rt_sigprocmask
sys_enter_gettid
sys_enter_sigaltstack
sys_enter_sigaltstack
sys_enter_gettid
sys_enter_rt_sigprocmask
sys_enter_rt_sigprocmask
sys_enter_clone
sys_enter_rt_sigprocmask
sys_enter_gettid
sys_enter_sigaltstack
sys_enter_sigaltstack
sys_enter_gettid
sys_enter_rt_sigprocmask
sys_enter_rt_sigprocmask
sys_enter_clone
sys_enter_rt_sigprocmask
sys_enter_clone
sys_enter_rt_sigprocmask
sys_enter_futex
sys_enter_rt_sigprocmask
sys_enter_gettid
sys_enter_gettid
sys_enter_sigaltstack
sys_enter_sigaltstack
sys_enter_gettid
sys_enter_sigaltstack
sys_enter_sigaltstack
sys_enter_rt_sigprocmask
sys_enter_gettid
sys_enter_rt_sigprocmask
sys_enter_futex
sys_enter_futex
sys_enter_futex
sys_enter_futex
sys_enter_futex
sys_enter_mmap
sys_enter_futex
sys_enter_futex
sys_enter_futex
sys_enter_openat
sys_enter_read
sys_enter_read
sys_enter_close
sys_enter_socket
sys_enter_close
sys_enter_socket
sys_enter_setsockopt
sys_enter_bind
sys_enter_socket
sys_enter_setsockopt
sys_enter_bind
sys_enter_close
sys_enter_close
sys_enter_getpid
sys_enter_getppid
sys_enter_mmap
sys_enter_mmap
sys_enter_getppid
sys_enter_openat
sys_enter_pipe2
sys_enter_getpid
sys_enter_clone
sys_enter_setsid
sys_enter_close
sys_enter_read
sys_enter_chdir
sys_enter_execve
sys_enter_close
sys_enter_exit_group
sys_enter_mmap
sys_enter_mmap
sys_enter_mprotect
sys_enter_mmap
sys_enter_mmap
sys_enter_mprotect
sys_enter_mmap
sys_enter_mprotect
sys_enter_mmap
sys_enter_mprotect
sys_enter_mmap
sys_enter_mmap
sys_enter_close
sys_enter_munmap
sys_enter_sched_getaffinity
sys_enter_mmap
sys_enter_munmap
sys_enter_mmap
sys_enter_mmap
sys_enter_mmap
sys_enter_mmap
sys_enter_mmap
sys_enter_mmap
sys_enter_rt_sigprocmask
sys_enter_sigaltstack
sys_enter_sigaltstack
sys_enter_gettid
sys_enter_rt_sigprocmask
sys_enter_rt_sigaction
sys_enter_rt_sigaction
sys_enter_rt_sigaction
sys_enter_rt_sigaction
sys_enter_rt_sigaction
sys_enter_rt_sigaction
sys_enter_rt_sigaction
sys_enter_rt_sigaction
sys_enter_rt_sigaction
sys_enter_rt_sigaction
sys_enter_rt_sigaction
sys_enter_rt_sigaction
sys_enter_rt_sigaction
sys_enter_rt_sigaction
sys_enter_rt_sigaction
sys_enter_rt_sigaction
sys_enter_rt_sigaction
sys_enter_rt_sigaction
sys_enter_rt_sigaction
sys_enter_rt_sigaction
sys_enter_rt_sigaction
sys_enter_rt_sigaction
sys_enter_rt_sigaction
sys_enter_rt_sigaction
sys_enter_rt_sigaction
sys_enter_rt_sigaction
sys_enter_rt_sigaction
sys_enter_rt_sigaction
sys_enter_rt_sigaction
sys_enter_rt_sigaction
sys_enter_rt_sigaction
sys_enter_rt_sigaction
sys_enter_rt_sigaction
sys_enter_rt_sigaction
sys_enter_rt_sigaction
sys_enter_rt_sigaction
sys_enter_rt_sigaction
sys_enter_rt_sigaction
sys_enter_rt_sigaction
sys_enter_rt_sigaction
sys_enter_rt_sigaction
sys_enter_rt_sigaction
sys_enter_rt_sigaction
sys_enter_rt_sigaction
sys_enter_rt_sigaction
sys_enter_rt_sigaction
sys_enter_rt_sigaction
sys_enter_rt_sigaction
sys_enter_rt_sigaction
sys_enter_rt_sigaction
sys_enter_rt_sigaction
sys_enter_rt_sigaction
sys_enter_rt_sigaction
sys_enter_rt_sigaction
sys_enter_rt_sigaction
sys_enter_rt_sigaction
sys_enter_rt_sigaction
sys_enter_rt_sigaction
sys_enter_rt_sigaction
sys_enter_rt_sigaction
sys_enter_rt_sigaction
sys_enter_rt_sigaction
sys_enter_rt_sigaction
sys_enter_rt_sigaction
sys_enter_rt_sigaction
sys_enter_rt_sigaction
sys_enter_rt_sigaction
sys_enter_rt_sigaction
sys_enter_rt_sigaction
sys_enter_rt_sigaction
sys_enter_rt_sigaction
sys_enter_rt_sigaction
sys_enter_rt_sigaction
sys_enter_rt_sigaction
sys_enter_rt_sigaction
sys_enter_rt_sigaction
sys_enter_rt_sigaction
sys_enter_rt_sigaction
sys_enter_rt_sigaction
sys_enter_rt_sigaction
sys_enter_rt_sigaction
sys_enter_rt_sigaction
sys_enter_rt_sigaction
sys_enter_rt_sigaction
sys_enter_rt_sigaction
sys_enter_rt_sigaction
sys_enter_rt_sigaction
sys_enter_rt_sigaction
sys_enter_rt_sigaction
sys_enter_rt_sigaction
sys_enter_rt_sigaction
sys_enter_rt_sigaction
sys_enter_rt_sigaction
sys_enter_rt_sigaction
sys_enter_rt_sigaction
sys_enter_rt_sigaction
sys_enter_rt_sigaction
sys_enter_rt_sigaction
sys_enter_rt_sigaction
sys_enter_rt_sigaction
sys_enter_rt_sigaction
sys_enter_rt_sigaction
sys_enter_rt_sigaction
sys_enter_rt_sigaction
sys_enter_rt_sigaction
sys_enter_rt_sigaction
sys_enter_rt_sigaction
sys_enter_rt_sigaction
sys_enter_rt_sigaction
sys_enter_rt_sigaction
sys_enter_rt_sigaction
sys_enter_rt_sigaction
sys_enter_rt_sigaction
sys_enter_rt_sigaction
sys_enter_rt_sigprocmask
sys_enter_clone
sys_enter_rt_sigprocmask
sys_enter_gettid
sys_enter_sigaltstack
sys_enter_sigaltstack
sys_enter_gettid
sys_enter_rt_sigprocmask
sys_enter_rt_sigprocmask
sys_enter_clone
sys_enter_rt_sigprocmask
sys_enter_gettid
sys_enter_sigaltstack
sys_enter_sigaltstack
sys_enter_gettid
sys_enter_rt_sigprocmask
sys_enter_rt_sigprocmask
sys_enter_clone
sys_enter_rt_sigprocmask
sys_enter_futex
sys_enter_rt_sigprocmask
sys_enter_clone
sys_enter_rt_sigprocmask
sys_enter_futex
sys_enter_gettid
sys_enter_sigaltstack
sys_enter_sigaltstack
sys_enter_gettid
sys_enter_rt_sigprocmask
sys_enter_futex
sys_enter_futex
sys_enter_gettid
sys_enter_sigaltstack
sys_enter_sigaltstack
sys_enter_gettid
sys_enter_rt_sigprocmask
sys_enter_futex
sys_enter_futex
sys_enter_mmap
sys_enter_futex
sys_enter_futex
sys_enter_futex
sys_enter_openat
sys_enter_read
sys_enter_read
sys_enter_close
sys_enter_socket
sys_enter_close
sys_enter_socket
sys_enter_setsockopt
sys_enter_bind
sys_enter_socket
sys_enter_setsockopt
sys_enter_bind
sys_enter_close
sys_enter_close
sys_enter_getpid
sys_enter_getppid
sys_enter_mmap
sys_enter_mmap
sys_enter_getppid
sys_enter_openat
sys_enter_pipe2
sys_enter_getpid
sys_enter_clone
sys_enter_setsid
sys_enter_close
sys_enter_read
sys_enter_chdir
sys_enter_execve
sys_enter_close
sys_enter_exit_group
sys_enter_mmap
sys_enter_mmap
sys_enter_mprotect
sys_enter_mmap
sys_enter_mmap
sys_enter_mprotect
sys_enter_mmap
sys_enter_mprotect
sys_enter_mmap
sys_enter_mprotect
sys_enter_mmap
sys_enter_mmap
sys_enter_close
sys_enter_munmap
sys_enter_sched_getaffinity
sys_enter_mmap
sys_enter_munmap
sys_enter_mmap
sys_enter_mmap
sys_enter_mmap
sys_enter_mmap
sys_enter_mmap
sys_enter_mmap
sys_enter_rt_sigprocmask
sys_enter_sigaltstack
sys_enter_sigaltstack
sys_enter_gettid
sys_enter_rt_sigprocmask
sys_enter_rt_sigaction
sys_enter_rt_sigaction
sys_enter_rt_sigaction
sys_enter_rt_sigaction
sys_enter_rt_sigaction
sys_enter_rt_sigaction
sys_enter_rt_sigaction
sys_enter_rt_sigaction
sys_enter_rt_sigaction
sys_enter_rt_sigaction
sys_enter_rt_sigaction
sys_enter_rt_sigaction
sys_enter_rt_sigaction
sys_enter_rt_sigaction
sys_enter_rt_sigaction
sys_enter_rt_sigaction
sys_enter_rt_sigaction
sys_enter_rt_sigaction
sys_enter_rt_sigaction
sys_enter_rt_sigaction
sys_enter_rt_sigaction
sys_enter_rt_sigaction
sys_enter_rt_sigaction
sys_enter_rt_sigaction
sys_enter_rt_sigaction
sys_enter_rt_sigaction
sys_enter_rt_sigaction
sys_enter_rt_sigaction
sys_enter_rt_sigaction
sys_enter_rt_sigaction
sys_enter_rt_sigaction
sys_enter_rt_sigaction
sys_enter_rt_sigaction
sys_enter_rt_sigaction
sys_enter_rt_sigaction
sys_enter_rt_sigaction
sys_enter_rt_sigaction
sys_enter_rt_sigaction
sys_enter_rt_sigaction
sys_enter_rt_sigaction
sys_enter_rt_sigaction
sys_enter_rt_sigaction
sys_enter_rt_sigaction
sys_enter_rt_sigaction
sys_enter_rt_sigaction
sys_enter_rt_sigaction
sys_enter_rt_sigaction
sys_enter_rt_sigaction
sys_enter_rt_sigaction
sys_enter_rt_sigaction
sys_enter_rt_sigaction
sys_enter_rt_sigaction
sys_enter_rt_sigaction
sys_enter_rt_sigaction
sys_enter_rt_sigaction
sys_enter_rt_sigaction
sys_enter_rt_sigaction
sys_enter_rt_sigaction
sys_enter_rt_sigaction
sys_enter_rt_sigaction
sys_enter_rt_sigaction
sys_enter_rt_sigaction
sys_enter_rt_sigaction
sys_enter_rt_sigaction
sys_enter_rt_sigaction
sys_enter_rt_sigaction
sys_enter_rt_sigaction
sys_enter_rt_sigaction
sys_enter_rt_sigaction
sys_enter_rt_sigaction
sys_enter_rt_sigaction
sys_enter_rt_sigaction
sys_enter_rt_sigaction
sys_enter_rt_sigaction
sys_enter_rt_sigaction
sys_enter_rt_sigaction
sys_enter_rt_sigaction
sys_enter_rt_sigaction
sys_enter_rt_sigaction
sys_enter_rt_sigaction
sys_enter_rt_sigaction
sys_enter_rt_sigaction
sys_enter_rt_sigaction
sys_enter_rt_sigaction
sys_enter_rt_sigaction
sys_enter_rt_sigaction
sys_enter_rt_sigaction
sys_enter_rt_sigaction
sys_enter_rt_sigaction
sys_enter_rt_sigaction
sys_enter_rt_sigaction
sys_enter_rt_sigaction
sys_enter_rt_sigaction
sys_enter_rt_sigaction
sys_enter_rt_sigaction
sys_enter_rt_sigaction
sys_enter_rt_sigaction
sys_enter_rt_sigaction
sys_enter_rt_sigaction
sys_enter_rt_sigaction
sys_enter_rt_sigaction
sys_enter_rt_sigaction
sys_enter_rt_sigaction
sys_enter_rt_sigaction
sys_enter_rt_sigaction
sys_enter_rt_sigaction
sys_enter_rt_sigaction
sys_enter_rt_sigaction
sys_enter_rt_sigaction
sys_enter_rt_sigaction
sys_enter_rt_sigaction
sys_enter_rt_sigaction
sys_enter_rt_sigaction
sys_enter_rt_sigaction
sys_enter_rt_sigprocmask
sys_enter_clone
sys_enter_rt_sigprocmask
sys_enter_gettid
sys_enter_sigaltstack
sys_enter_sigaltstack
sys_enter_gettid
sys_enter_rt_sigprocmask
sys_enter_rt_sigprocmask
sys_enter_clone
sys_enter_rt_sigprocmask
sys_enter_gettid
sys_enter_sigaltstack
sys_enter_sigaltstack
sys_enter_gettid
sys_enter_rt_sigprocmask
sys_enter_rt_sigprocmask
sys_enter_clone
sys_enter_rt_sigprocmask
sys_enter_futex
sys_enter_gettid
sys_enter_rt_sigprocmask
sys_enter_clone
sys_enter_rt_sigprocmask
sys_enter_gettid
sys_enter_sigaltstack
sys_enter_sigaltstack
sys_enter_gettid
sys_enter_sigaltstack
sys_enter_rt_sigprocmask
sys_enter_sigaltstack
sys_enter_gettid
sys_enter_rt_sigprocmask
sys_enter_futex
sys_enter_sched_yield
sys_enter_futex
sys_enter_sched_yield
sys_enter_futex
sys_enter_mmap
sys_enter_futex
sys_enter_futex
sys_enter_futex
sys_enter_futex
sys_enter_futex
sys_enter_futex
sys_enter_futex
sys_enter_futex
sys_enter_openat
sys_enter_read
sys_enter_read
sys_enter_close
sys_enter_socket
sys_enter_close
sys_enter_socket
sys_enter_setsockopt
sys_enter_bind
sys_enter_socket
sys_enter_setsockopt
sys_enter_bind
sys_enter_close
sys_enter_close
sys_enter_getpid
sys_enter_getppid
sys_enter_mmap
sys_enter_mmap
sys_enter_getppid
sys_enter_openat
sys_enter_pipe2
sys_enter_getpid
sys_enter_clone
sys_enter_setsid
sys_enter_close
sys_enter_read
sys_enter_chdir
sys_enter_execve
sys_enter_close
sys_enter_exit_group
sys_enter_mmap
sys_enter_mmap
sys_enter_mprotect
sys_enter_mmap
sys_enter_mmap
sys_enter_mprotect
sys_enter_mmap
sys_enter_mprotect
sys_enter_mmap
sys_enter_mprotect
sys_enter_mmap
sys_enter_mmap
sys_enter_close
sys_enter_munmap
sys_enter_sched_getaffinity
sys_enter_mmap
sys_enter_munmap
sys_enter_mmap
sys_enter_mmap
sys_enter_mmap
sys_enter_mmap
sys_enter_mmap
sys_enter_mmap
sys_enter_rt_sigprocmask
sys_enter_sigaltstack
sys_enter_sigaltstack
sys_enter_gettid
sys_enter_rt_sigprocmask
sys_enter_rt_sigaction
sys_enter_rt_sigaction
sys_enter_rt_sigaction
sys_enter_rt_sigaction
sys_enter_rt_sigaction
sys_enter_rt_sigaction
sys_enter_rt_sigaction
sys_enter_rt_sigaction
sys_enter_rt_sigaction
sys_enter_rt_sigaction
sys_enter_rt_sigaction
sys_enter_rt_sigaction
sys_enter_rt_sigaction
sys_enter_rt_sigaction
sys_enter_rt_sigaction
sys_enter_rt_sigaction
sys_enter_rt_sigaction
sys_enter_rt_sigaction
sys_enter_rt_sigaction
sys_enter_rt_sigaction
sys_enter_rt_sigaction
sys_enter_rt_sigaction
sys_enter_rt_sigaction
sys_enter_rt_sigaction
sys_enter_rt_sigaction
sys_enter_rt_sigaction
sys_enter_rt_sigaction
sys_enter_rt_sigaction
sys_enter_rt_sigaction
sys_enter_rt_sigaction
sys_enter_rt_sigaction
sys_enter_rt_sigaction
sys_enter_rt_sigaction
sys_enter_rt_sigaction
sys_enter_rt_sigaction
sys_enter_rt_sigaction
sys_enter_rt_sigaction
sys_enter_rt_sigaction
sys_enter_rt_sigaction
sys_enter_rt_sigaction
sys_enter_rt_sigaction
sys_enter_rt_sigaction
sys_enter_rt_sigaction
sys_enter_rt_sigaction
sys_enter_rt_sigaction
sys_enter_rt_sigaction
sys_enter_rt_sigaction
sys_enter_rt_sigaction
sys_enter_rt_sigaction
sys_enter_rt_sigaction
sys_enter_rt_sigaction
sys_enter_rt_sigaction
sys_enter_rt_sigaction
sys_enter_rt_sigaction
sys_enter_rt_sigaction
sys_enter_rt_sigaction
sys_enter_rt_sigaction
sys_enter_rt_sigaction
sys_enter_rt_sigaction
sys_enter_rt_sigaction
sys_enter_rt_sigaction
sys_enter_rt_sigaction
sys_enter_rt_sigaction
sys_enter_rt_sigaction
sys_enter_rt_sigaction
sys_enter_rt_sigaction
sys_enter_rt_sigaction
sys_enter_rt_sigaction
sys_enter_rt_sigaction
sys_enter_rt_sigaction
sys_enter_rt_sigaction
sys_enter_rt_sigaction
sys_enter_rt_sigaction
sys_enter_rt_sigaction
sys_enter_rt_sigaction
sys_enter_rt_sigaction
sys_enter_rt_sigaction
sys_enter_rt_sigaction
sys_enter_rt_sigaction
sys_enter_rt_sigaction
sys_enter_rt_sigaction
sys_enter_rt_sigaction
sys_enter_rt_sigaction
sys_enter_rt_sigaction
sys_enter_rt_sigaction
sys_enter_rt_sigaction
sys_enter_rt_sigaction
sys_enter_rt_sigaction
sys_enter_rt_sigaction
sys_enter_rt_sigaction
sys_enter_rt_sigaction
sys_enter_rt_sigaction
sys_enter_rt_sigaction
sys_enter_rt_sigaction
sys_enter_rt_sigaction
sys_enter_rt_sigaction
sys_enter_rt_sigaction
sys_enter_rt_sigaction
sys_enter_rt_sigaction
sys_enter_rt_sigaction
sys_enter_rt_sigaction
sys_enter_rt_sigaction
sys_enter_rt_sigaction
sys_enter_rt_sigaction
sys_enter_rt_sigaction
sys_enter_rt_sigaction
sys_enter_rt_sigaction
sys_enter_rt_sigaction
sys_enter_rt_sigaction
sys_enter_rt_sigaction
sys_enter_rt_sigaction
sys_enter_rt_sigaction
sys_enter_rt_sigaction
sys_enter_rt_sigaction
sys_enter_rt_sigprocmask
sys_enter_clone
sys_enter_rt_sigprocmask
sys_enter_gettid
sys_enter_sigaltstack
sys_enter_sigaltstack
sys_enter_gettid
sys_enter_rt_sigprocmask
sys_enter_rt_sigprocmask
sys_enter_clone
sys_enter_rt_sigprocmask
sys_enter_gettid
sys_enter_sigaltstack
sys_enter_sigaltstack
sys_enter_gettid
sys_enter_rt_sigprocmask
sys_enter_rt_sigprocmask
sys_enter_clone
sys_enter_rt_sigprocmask
sys_enter_futex
sys_enter_gettid
sys_enter_sigaltstack
sys_enter_sigaltstack
sys_enter_gettid
sys_enter_rt_sigprocmask
sys_enter_futex
sys_enter_futex
sys_enter_rt_sigprocmask
sys_enter_clone
sys_enter_rt_sigprocmask
sys_enter_futex
sys_enter_gettid
sys_enter_sigaltstack
sys_enter_sigaltstack
sys_enter_gettid
sys_enter_rt_sigprocmask
sys_enter_futex
sys_enter_futex
sys_enter_mmap
sys_enter_futex
sys_enter_futex
sys_enter_futex
sys_enter_openat
sys_enter_read
sys_enter_read
sys_enter_close
sys_enter_socket
sys_enter_close
sys_enter_socket
sys_enter_setsockopt
sys_enter_bind
sys_enter_socket
sys_enter_setsockopt
sys_enter_bind
sys_enter_close
sys_enter_close
sys_enter_getpid
sys_enter_getppid
sys_enter_mmap
sys_enter_mmap
sys_enter_getppid
sys_enter_openat
sys_enter_pipe2
sys_enter_getpid
sys_enter_clone
sys_enter_setsid
sys_enter_close
sys_enter_read
sys_enter_chdir
sys_enter_execve
sys_enter_close
sys_enter_exit_group
sys_enter_mmap
sys_enter_mmap
sys_enter_mprotect
sys_enter_mmap
sys_enter_mmap
sys_enter_mprotect
sys_enter_mmap
sys_enter_mprotect
sys_enter_mmap
sys_enter_mprotect
sys_enter_mmap
sys_enter_mmap
sys_enter_close
sys_enter_munmap
sys_enter_sched_getaffinity
sys_enter_mmap
sys_enter_munmap
sys_enter_mmap
sys_enter_mmap
sys_enter_mmap
sys_enter_mmap
sys_enter_mmap
sys_enter_mmap
sys_enter_rt_sigprocmask
sys_enter_sigaltstack
sys_enter_sigaltstack
sys_enter_gettid
sys_enter_rt_sigprocmask
sys_enter_rt_sigaction
sys_enter_rt_sigaction
sys_enter_rt_sigaction
sys_enter_rt_sigaction
sys_enter_rt_sigaction
sys_enter_rt_sigaction
sys_enter_rt_sigaction
sys_enter_rt_sigaction
sys_enter_rt_sigaction
sys_enter_rt_sigaction
sys_enter_rt_sigaction
sys_enter_rt_sigaction
sys_enter_rt_sigaction
sys_enter_rt_sigaction
sys_enter_rt_sigaction
sys_enter_rt_sigaction
sys_enter_rt_sigaction
sys_enter_rt_sigaction
sys_enter_rt_sigaction
sys_enter_rt_sigaction
sys_enter_rt_sigaction
sys_enter_rt_sigaction
sys_enter_rt_sigaction
sys_enter_rt_sigaction
sys_enter_rt_sigaction
sys_enter_rt_sigaction
sys_enter_rt_sigaction
sys_enter_rt_sigaction
sys_enter_rt_sigaction
sys_enter_rt_sigaction
sys_enter_rt_sigaction
sys_enter_rt_sigaction
sys_enter_rt_sigaction
sys_enter_rt_sigaction
sys_enter_rt_sigaction
sys_enter_rt_sigaction
sys_enter_rt_sigaction
sys_enter_rt_sigaction
sys_enter_rt_sigaction
sys_enter_rt_sigaction
sys_enter_rt_sigaction
sys_enter_rt_sigaction
sys_enter_rt_sigaction
sys_enter_rt_sigaction
sys_enter_rt_sigaction
sys_enter_rt_sigaction
sys_enter_rt_sigaction
sys_enter_rt_sigaction
sys_enter_rt_sigaction
sys_enter_rt_sigaction
sys_enter_rt_sigaction
sys_enter_rt_sigaction
sys_enter_rt_sigaction
sys_enter_rt_sigaction
sys_enter_rt_sigaction
sys_enter_rt_sigaction
sys_enter_rt_sigaction
sys_enter_rt_sigaction
sys_enter_rt_sigaction
sys_enter_rt_sigaction
sys_enter_rt_sigaction
sys_enter_rt_sigaction
sys_enter_rt_sigaction
sys_enter_rt_sigaction
sys_enter_rt_sigaction
sys_enter_rt_sigaction
sys_enter_rt_sigaction
sys_enter_rt_sigaction
sys_enter_rt_sigaction
sys_enter_rt_sigaction
sys_enter_rt_sigaction
sys_enter_rt_sigaction
sys_enter_rt_sigaction
sys_enter_rt_sigaction
sys_enter_rt_sigaction
sys_enter_rt_sigaction
sys_enter_rt_sigaction
sys_enter_rt_sigaction
sys_enter_rt_sigaction
sys_enter_rt_sigaction
sys_enter_rt_sigaction
sys_enter_rt_sigaction
sys_enter_rt_sigaction
sys_enter_rt_sigaction
sys_enter_rt_sigaction
sys_enter_rt_sigaction
sys_enter_rt_sigaction
sys_enter_rt_sigaction
sys_enter_rt_sigaction
sys_enter_rt_sigaction
sys_enter_rt_sigaction
sys_enter_rt_sigaction
sys_enter_rt_sigaction
sys_enter_rt_sigaction
sys_enter_rt_sigaction
sys_enter_rt_sigaction
sys_enter_rt_sigaction
sys_enter_rt_sigaction
sys_enter_rt_sigaction
sys_enter_rt_sigaction
sys_enter_rt_sigaction
sys_enter_rt_sigaction
sys_enter_rt_sigaction
sys_enter_rt_sigaction
sys_enter_rt_sigaction
sys_enter_rt_sigaction
sys_enter_rt_sigaction
sys_enter_rt_sigaction
sys_enter_rt_sigaction
sys_enter_rt_sigaction
sys_enter_rt_sigaction
sys_enter_rt_sigaction
sys_enter_rt_sigaction
sys_enter_rt_sigaction
sys_enter_rt_sigprocmask
sys_enter_clone
sys_enter_rt_sigprocmask
sys_enter_gettid
sys_enter_sigaltstack
sys_enter_sigaltstack
sys_enter_gettid
sys_enter_rt_sigprocmask
sys_enter_rt_sigprocmask
sys_enter_clone
sys_enter_rt_sigprocmask
sys_enter_gettid
sys_enter_sigaltstack
sys_enter_sigaltstack
sys_enter_gettid
sys_enter_rt_sigprocmask
sys_enter_rt_sigprocmask
sys_enter_clone
sys_enter_rt_sigprocmask
sys_enter_futex
sys_enter_rt_sigprocmask
sys_enter_clone
sys_enter_rt_sigprocmask
sys_enter_futex
sys_enter_gettid
sys_enter_sigaltstack
sys_enter_gettid
sys_enter_sigaltstack
sys_enter_sigaltstack
sys_enter_gettid
sys_enter_rt_sigprocmask
sys_enter_futex
sys_enter_futex
sys_enter_sigaltstack
sys_enter_gettid
sys_enter_rt_sigprocmask
sys_enter_futex
sys_enter_futex
sys_enter_mmap
sys_enter_futex
sys_enter_futex
sys_enter_futex
sys_enter_openat
sys_enter_read
sys_enter_read
sys_enter_close
sys_enter_socket
sys_enter_close
sys_enter_socket
sys_enter_setsockopt
sys_enter_bind
sys_enter_socket
sys_enter_setsockopt
sys_enter_bind
sys_enter_close
sys_enter_close
sys_enter_getpid
sys_enter_getppid
sys_enter_mmap
sys_enter_mmap
sys_enter_getppid
sys_enter_openat
sys_enter_pipe2
sys_enter_getpid
sys_enter_clone
sys_enter_close
sys_enter_read
sys_enter_setsid
sys_enter_chdir
sys_enter_execve
sys_enter_close
sys_enter_mmap
sys_enter_exit_group
sys_enter_mmap
sys_enter_mprotect
sys_enter_mmap
sys_enter_mmap
sys_enter_mprotect
sys_enter_mmap
sys_enter_mprotect
sys_enter_mmap
sys_enter_mprotect
sys_enter_mmap
sys_enter_mmap
sys_enter_close
sys_enter_munmap
sys_enter_sched_getaffinity
sys_enter_mmap
sys_enter_munmap
sys_enter_mmap
sys_enter_mmap
sys_enter_mmap
sys_enter_mmap
sys_enter_mmap
sys_enter_mmap
sys_enter_rt_sigprocmask
sys_enter_sigaltstack
sys_enter_sigaltstack
sys_enter_gettid
sys_enter_rt_sigprocmask
sys_enter_rt_sigaction
sys_enter_rt_sigaction
sys_enter_rt_sigaction
sys_enter_rt_sigaction
sys_enter_rt_sigaction
sys_enter_rt_sigaction
sys_enter_rt_sigaction
sys_enter_rt_sigaction
sys_enter_rt_sigaction
sys_enter_rt_sigaction
sys_enter_rt_sigaction
sys_enter_rt_sigaction
sys_enter_rt_sigaction
sys_enter_rt_sigaction
sys_enter_rt_sigaction
sys_enter_rt_sigaction
sys_enter_rt_sigaction
sys_enter_rt_sigaction
sys_enter_rt_sigaction
sys_enter_rt_sigaction
sys_enter_rt_sigaction
sys_enter_rt_sigaction
sys_enter_rt_sigaction
sys_enter_rt_sigaction
sys_enter_rt_sigaction
sys_enter_rt_sigaction
sys_enter_rt_sigaction
sys_enter_rt_sigaction
sys_enter_rt_sigaction
sys_enter_rt_sigaction
sys_enter_rt_sigaction
sys_enter_rt_sigaction
sys_enter_rt_sigaction
sys_enter_rt_sigaction
sys_enter_rt_sigaction
sys_enter_rt_sigaction
sys_enter_rt_sigaction
sys_enter_rt_sigaction
sys_enter_rt_sigaction
sys_enter_rt_sigaction
sys_enter_rt_sigaction
sys_enter_rt_sigaction
sys_enter_rt_sigaction
sys_enter_rt_sigaction
sys_enter_rt_sigaction
sys_enter_rt_sigaction
sys_enter_rt_sigaction
sys_enter_rt_sigaction
sys_enter_rt_sigaction
sys_enter_rt_sigaction
sys_enter_rt_sigaction
sys_enter_rt_sigaction
sys_enter_rt_sigaction
sys_enter_rt_sigaction
sys_enter_rt_sigaction
sys_enter_rt_sigaction
sys_enter_rt_sigaction
sys_enter_rt_sigaction
sys_enter_rt_sigaction
sys_enter_rt_sigaction
sys_enter_rt_sigaction
sys_enter_rt_sigaction
sys_enter_rt_sigaction
sys_enter_rt_sigaction
sys_enter_rt_sigaction
sys_enter_rt_sigaction
sys_enter_rt_sigaction
sys_enter_rt_sigaction
sys_enter_rt_sigaction
sys_enter_rt_sigaction
sys_enter_rt_sigaction
sys_enter_rt_sigaction
sys_enter_rt_sigaction
sys_enter_rt_sigaction
sys_enter_rt_sigaction
sys_enter_rt_sigaction
sys_enter_rt_sigaction
sys_enter_rt_sigaction
sys_enter_rt_sigaction
sys_enter_rt_sigaction
sys_enter_rt_sigaction
sys_enter_rt_sigaction
sys_enter_rt_sigaction
sys_enter_rt_sigaction
sys_enter_rt_sigaction
sys_enter_rt_sigaction
sys_enter_rt_sigaction
sys_enter_rt_sigaction
sys_enter_rt_sigaction
sys_enter_rt_sigaction
sys_enter_rt_sigaction
sys_enter_rt_sigaction
sys_enter_rt_sigaction
sys_enter_rt_sigaction
sys_enter_rt_sigaction
sys_enter_rt_sigaction
sys_enter_rt_sigaction
sys_enter_rt_sigaction
sys_enter_rt_sigaction
sys_enter_rt_sigaction
sys_enter_rt_sigaction
sys_enter_rt_sigaction
sys_enter_rt_sigaction
sys_enter_rt_sigaction
sys_enter_rt_sigaction
sys_enter_rt_sigaction
sys_enter_rt_sigaction
sys_enter_rt_sigaction
sys_enter_rt_sigaction
sys_enter_rt_sigaction
sys_enter_rt_sigaction
sys_enter_rt_sigaction
sys_enter_rt_sigaction
sys_enter_rt_sigaction
sys_enter_rt_sigprocmask
sys_enter_clone
sys_enter_rt_sigprocmask
sys_enter_gettid
sys_enter_sigaltstack
sys_enter_sigaltstack
sys_enter_gettid
sys_enter_rt_sigprocmask
sys_enter_rt_sigprocmask
sys_enter_clone
sys_enter_rt_sigprocmask
sys_enter_gettid
sys_enter_sigaltstack
sys_enter_sigaltstack
sys_enter_gettid
sys_enter_rt_sigprocmask
sys_enter_rt_sigprocmask
sys_enter_clone
sys_enter_rt_sigprocmask
sys_enter_futex
sys_enter_rt_sigprocmask
sys_enter_clone
sys_enter_gettid
sys_enter_sigaltstack
sys_enter_sigaltstack
sys_enter_gettid
sys_enter_rt_sigprocmask
sys_enter_rt_sigprocmask
sys_enter_futex
sys_enter_futex
sys_enter_gettid
sys_enter_sigaltstack
sys_enter_sigaltstack
sys_enter_gettid
sys_enter_rt_sigprocmask
sys_enter_futex
sys_enter_futex
sys_enter_mmap
sys_enter_futex
sys_enter_futex
sys_enter_futex
sys_enter_futex
sys_enter_openat
sys_enter_read
sys_enter_read
sys_enter_close
sys_enter_socket
sys_enter_close
sys_enter_socket
sys_enter_setsockopt
sys_enter_bind
sys_enter_socket
sys_enter_setsockopt
sys_enter_bind
sys_enter_close
sys_enter_close
sys_enter_getpid
sys_enter_getppid
sys_enter_mmap
sys_enter_mmap
sys_enter_getppid
sys_enter_openat
sys_enter_pipe2
sys_enter_getpid
sys_enter_clone
sys_enter_setsid
sys_enter_close
sys_enter_read
sys_enter_chdir
sys_enter_execve
sys_enter_close
sys_enter_exit_group
sys_enter_mmap
sys_enter_mmap
sys_enter_mprotect
sys_enter_mmap
sys_enter_mmap
sys_enter_mprotect
sys_enter_mmap
sys_enter_mprotect
sys_enter_mmap
sys_enter_mprotect
sys_enter_mmap
sys_enter_mmap
sys_enter_close
sys_enter_munmap
sys_enter_sched_getaffinity
sys_enter_mmap
sys_enter_munmap
sys_enter_mmap
sys_enter_mmap
sys_enter_mmap
sys_enter_mmap
sys_enter_mmap
sys_enter_mmap
sys_enter_rt_sigprocmask
sys_enter_sigaltstack
sys_enter_sigaltstack
sys_enter_gettid
sys_enter_rt_sigprocmask
sys_enter_rt_sigaction
sys_enter_rt_sigaction
sys_enter_rt_sigaction
sys_enter_rt_sigaction
sys_enter_rt_sigaction
sys_enter_rt_sigaction
sys_enter_rt_sigaction
sys_enter_rt_sigaction
sys_enter_rt_sigaction
sys_enter_rt_sigaction
sys_enter_rt_sigaction
sys_enter_rt_sigaction
sys_enter_rt_sigaction
sys_enter_rt_sigaction
sys_enter_rt_sigaction
sys_enter_rt_sigaction
sys_enter_rt_sigaction
sys_enter_rt_sigaction
sys_enter_rt_sigaction
sys_enter_rt_sigaction
sys_enter_rt_sigaction
sys_enter_rt_sigaction
sys_enter_rt_sigaction
sys_enter_rt_sigaction
sys_enter_rt_sigaction
sys_enter_rt_sigaction
sys_enter_rt_sigaction
sys_enter_rt_sigaction
sys_enter_rt_sigaction
sys_enter_rt_sigaction
sys_enter_rt_sigaction
sys_enter_rt_sigaction
sys_enter_rt_sigaction
sys_enter_rt_sigaction
sys_enter_rt_sigaction
sys_enter_rt_sigaction
sys_enter_rt_sigaction
sys_enter_rt_sigaction
sys_enter_rt_sigaction
sys_enter_rt_sigaction
sys_enter_rt_sigaction
sys_enter_rt_sigaction
sys_enter_rt_sigaction
sys_enter_rt_sigaction
sys_enter_rt_sigaction
sys_enter_rt_sigaction
sys_enter_rt_sigaction
sys_enter_rt_sigaction
sys_enter_rt_sigaction
sys_enter_rt_sigaction
sys_enter_rt_sigaction
sys_enter_rt_sigaction
sys_enter_rt_sigaction
sys_enter_rt_sigaction
sys_enter_rt_sigaction
sys_enter_rt_sigaction
sys_enter_rt_sigaction
sys_enter_rt_sigaction
sys_enter_rt_sigaction
sys_enter_rt_sigaction
sys_enter_rt_sigaction
sys_enter_rt_sigaction
sys_enter_rt_sigaction
sys_enter_rt_sigaction
sys_enter_rt_sigaction
sys_enter_rt_sigaction
sys_enter_rt_sigaction
sys_enter_rt_sigaction
sys_enter_rt_sigaction
sys_enter_rt_sigaction
sys_enter_rt_sigaction
sys_enter_rt_sigaction
sys_enter_rt_sigaction
sys_enter_rt_sigaction
sys_enter_rt_sigaction
sys_enter_rt_sigaction
sys_enter_rt_sigaction
sys_enter_rt_sigaction
sys_enter_rt_sigaction
sys_enter_rt_sigaction
sys_enter_rt_sigaction
sys_enter_rt_sigaction
sys_enter_rt_sigaction
sys_enter_rt_sigaction
sys_enter_rt_sigaction
sys_enter_rt_sigaction
sys_enter_rt_sigaction
sys_enter_rt_sigaction
sys_enter_rt_sigaction
sys_enter_rt_sigaction
sys_enter_rt_sigaction
sys_enter_rt_sigaction
sys_enter_rt_sigaction
sys_enter_rt_sigaction
sys_enter_rt_sigaction
sys_enter_rt_sigaction
sys_enter_rt_sigaction
sys_enter_rt_sigaction
sys_enter_rt_sigaction
sys_enter_rt_sigaction
sys_enter_rt_sigaction
sys_enter_rt_sigaction
sys_enter_rt_sigaction
sys_enter_rt_sigaction
sys_enter_rt_sigaction
sys_enter_rt_sigaction
sys_enter_rt_sigaction
sys_enter_rt_sigaction
sys_enter_rt_sigaction
sys_enter_rt_sigaction
sys_enter_rt_sigaction
sys_enter_rt_sigaction
sys_enter_rt_sigaction
sys_enter_rt_sigaction
sys_enter_rt_sigprocmask
sys_enter_clone
sys_enter_rt_sigprocmask
sys_enter_gettid
sys_enter_sigaltstack
sys_enter_sigaltstack
sys_enter_gettid
sys_enter_rt_sigprocmask
sys_enter_rt_sigprocmask
sys_enter_clone
sys_enter_rt_sigprocmask
sys_enter_gettid
sys_enter_sigaltstack
sys_enter_sigaltstack
sys_enter_gettid
sys_enter_rt_sigprocmask
sys_enter_sched_yield
sys_enter_futex
sys_enter_rt_sigprocmask
sys_enter_rt_sigprocmask
sys_enter_clone
sys_enter_clone
sys_enter_rt_sigprocmask
sys_enter_rt_sigprocmask
sys_enter_futex
sys_enter_gettid
sys_enter_sigaltstack
sys_enter_sigaltstack
sys_enter_gettid
sys_enter_rt_sigprocmask
sys_enter_gettid
sys_enter_sigaltstack
sys_enter_futex
sys_enter_futex
sys_enter_sigaltstack
sys_enter_gettid
sys_enter_rt_sigprocmask
sys_enter_futex
sys_enter_futex
sys_enter_futex
sys_enter_mmap
sys_enter_futex
sys_enter_futex
sys_enter_futex
sys_enter_openat
sys_enter_futex
sys_enter_futex
sys_enter_read
sys_enter_read
sys_enter_close
sys_enter_socket
sys_enter_close
sys_enter_socket
sys_enter_setsockopt
sys_enter_bind
sys_enter_socket
sys_enter_setsockopt
sys_enter_bind
sys_enter_close
sys_enter_close
sys_enter_getpid
sys_enter_getppid
sys_enter_mmap
sys_enter_mmap
sys_enter_getppid
sys_enter_openat
sys_enter_pipe2
sys_enter_getpid
sys_enter_clone
sys_enter_setsid
sys_enter_close
sys_enter_read
sys_enter_chdir
sys_enter_execve
sys_enter_close
sys_enter_exit_group
sys_enter_mmap
sys_enter_mmap
sys_enter_mprotect
sys_enter_mmap
sys_enter_mmap
sys_enter_mprotect
sys_enter_mmap
sys_enter_mprotect
sys_enter_mmap
sys_enter_mprotect
sys_enter_mmap
sys_enter_mmap
sys_enter_close
sys_enter_munmap
sys_enter_sched_getaffinity
sys_enter_mmap
sys_enter_munmap
sys_enter_mmap
sys_enter_mmap
sys_enter_mmap
sys_enter_mmap
sys_enter_mmap
sys_enter_mmap
sys_enter_rt_sigprocmask
sys_enter_sigaltstack
sys_enter_sigaltstack
sys_enter_gettid
sys_enter_rt_sigprocmask
sys_enter_rt_sigaction
sys_enter_rt_sigaction
sys_enter_rt_sigaction
sys_enter_rt_sigaction
sys_enter_rt_sigaction
sys_enter_rt_sigaction
sys_enter_rt_sigaction
sys_enter_rt_sigaction
sys_enter_rt_sigaction
sys_enter_rt_sigaction
sys_enter_rt_sigaction
sys_enter_rt_sigaction
sys_enter_rt_sigaction
sys_enter_rt_sigaction
sys_enter_rt_sigaction
sys_enter_rt_sigaction
sys_enter_rt_sigaction
sys_enter_rt_sigaction
sys_enter_rt_sigaction
sys_enter_rt_sigaction
sys_enter_rt_sigaction
sys_enter_rt_sigaction
sys_enter_rt_sigaction
sys_enter_rt_sigaction
sys_enter_rt_sigaction
sys_enter_rt_sigaction
sys_enter_rt_sigaction
sys_enter_rt_sigaction
sys_enter_rt_sigaction
sys_enter_rt_sigaction
sys_enter_rt_sigaction
sys_enter_rt_sigaction
sys_enter_rt_sigaction
sys_enter_rt_sigaction
sys_enter_rt_sigaction
sys_enter_rt_sigaction
sys_enter_rt_sigaction
sys_enter_rt_sigaction
sys_enter_rt_sigaction
sys_enter_rt_sigaction
sys_enter_rt_sigaction
sys_enter_rt_sigaction
sys_enter_rt_sigaction
sys_enter_rt_sigaction
sys_enter_rt_sigaction
sys_enter_rt_sigaction
sys_enter_rt_sigaction
sys_enter_rt_sigaction
sys_enter_rt_sigaction
sys_enter_rt_sigaction
sys_enter_rt_sigaction
sys_enter_rt_sigaction
sys_enter_rt_sigaction
sys_enter_rt_sigaction
sys_enter_rt_sigaction
sys_enter_rt_sigaction
sys_enter_rt_sigaction
sys_enter_rt_sigaction
sys_enter_rt_sigaction
sys_enter_rt_sigaction
sys_enter_rt_sigaction
sys_enter_rt_sigaction
sys_enter_rt_sigaction
sys_enter_rt_sigaction
sys_enter_rt_sigaction
sys_enter_rt_sigaction
sys_enter_rt_sigaction
sys_enter_rt_sigaction
sys_enter_rt_sigaction
sys_enter_rt_sigaction
sys_enter_rt_sigaction
sys_enter_rt_sigaction
sys_enter_rt_sigaction
sys_enter_rt_sigaction
sys_enter_rt_sigaction
sys_enter_rt_sigaction
sys_enter_rt_sigaction
sys_enter_rt_sigaction
sys_enter_rt_sigaction
sys_enter_rt_sigaction
sys_enter_rt_sigaction
sys_enter_rt_sigaction
sys_enter_rt_sigaction
sys_enter_rt_sigaction
sys_enter_rt_sigaction
sys_enter_rt_sigaction
sys_enter_rt_sigaction
sys_enter_rt_sigaction
sys_enter_rt_sigaction
sys_enter_rt_sigaction
sys_enter_rt_sigaction
sys_enter_rt_sigaction
sys_enter_rt_sigaction
sys_enter_rt_sigaction
sys_enter_rt_sigaction
sys_enter_rt_sigaction
sys_enter_rt_sigaction
sys_enter_rt_sigaction
sys_enter_rt_sigaction
sys_enter_rt_sigaction
sys_enter_rt_sigaction
sys_enter_rt_sigaction
sys_enter_rt_sigaction
sys_enter_rt_sigaction
sys_enter_rt_sigaction
sys_enter_rt_sigaction
sys_enter_rt_sigaction
sys_enter_rt_sigaction
sys_enter_rt_sigaction
sys_enter_rt_sigaction
sys_enter_rt_sigaction
sys_enter_rt_sigaction
sys_enter_rt_sigaction
sys_enter_rt_sigaction
sys_enter_rt_sigprocmask
sys_enter_clone
sys_enter_rt_sigprocmask
sys_enter_gettid
sys_enter_sigaltstack
sys_enter_sigaltstack
sys_enter_gettid
sys_enter_rt_sigprocmask
sys_enter_rt_sigprocmask
sys_enter_clone
sys_enter_rt_sigprocmask
sys_enter_gettid
sys_enter_sigaltstack
sys_enter_sigaltstack
sys_enter_gettid
sys_enter_rt_sigprocmask
sys_enter_clone
sys_enter_rt_sigprocmask
sys_enter_rt_sigprocmask
sys_enter_futex
sys_enter_gettid
sys_enter_rt_sigprocmask
sys_enter_clone
sys_enter_sigaltstack
sys_enter_sigaltstack
sys_enter_gettid
sys_enter_rt_sigprocmask
sys_enter_rt_sigprocmask
sys_enter_gettid
sys_enter_futex
sys_enter_futex
sys_enter_futex
sys_enter_futex
sys_enter_sigaltstack
sys_enter_sigaltstack
sys_enter_gettid
sys_enter_rt_sigprocmask
sys_enter_futex
sys_enter_futex
sys_enter_futex
sys_enter_futex
sys_enter_mmap
sys_enter_openat
sys_enter_read
sys_enter_read
sys_enter_close
sys_enter_socket
sys_enter_close
sys_enter_socket
sys_enter_setsockopt
sys_enter_bind
sys_enter_socket
sys_enter_setsockopt
sys_enter_bind
sys_enter_close
sys_enter_close
sys_enter_getpid
sys_enter_getppid
sys_enter_mmap
sys_enter_mmap
sys_enter_getppid
sys_enter_openat
sys_enter_pipe2
sys_enter_getpid
sys_enter_clone
sys_enter_setsid
sys_enter_close
sys_enter_read
sys_enter_chdir
sys_enter_execve
sys_enter_close
sys_enter_mmap
sys_enter_mmap
sys_enter_exit_group
sys_enter_mprotect
sys_enter_mmap
sys_enter_mmap
sys_enter_mprotect
sys_enter_mmap
sys_enter_mprotect
sys_enter_mmap
sys_enter_mprotect
sys_enter_mmap
sys_enter_mmap
sys_enter_close
sys_enter_munmap
sys_enter_sched_getaffinity
sys_enter_mmap
sys_enter_munmap
sys_enter_mmap
sys_enter_mmap
sys_enter_mmap
sys_enter_mmap
sys_enter_mmap
sys_enter_mmap
sys_enter_rt_sigprocmask
sys_enter_sigaltstack
sys_enter_sigaltstack
sys_enter_gettid
sys_enter_rt_sigprocmask
sys_enter_rt_sigaction
sys_enter_rt_sigaction
sys_enter_rt_sigaction
sys_enter_rt_sigaction
sys_enter_rt_sigaction
sys_enter_rt_sigaction
sys_enter_rt_sigaction
sys_enter_rt_sigaction
sys_enter_rt_sigaction
sys_enter_rt_sigaction
sys_enter_rt_sigaction
sys_enter_rt_sigaction
sys_enter_rt_sigaction
sys_enter_rt_sigaction
sys_enter_rt_sigaction
sys_enter_rt_sigaction
sys_enter_rt_sigaction
sys_enter_rt_sigaction
sys_enter_rt_sigaction
sys_enter_rt_sigaction
sys_enter_rt_sigaction
sys_enter_rt_sigaction
sys_enter_rt_sigaction
sys_enter_rt_sigaction
sys_enter_rt_sigaction
sys_enter_rt_sigaction
sys_enter_rt_sigaction
sys_enter_rt_sigaction
sys_enter_rt_sigaction
sys_enter_rt_sigaction
sys_enter_rt_sigaction
sys_enter_rt_sigaction
sys_enter_rt_sigaction
sys_enter_rt_sigaction
sys_enter_rt_sigaction
sys_enter_rt_sigaction
sys_enter_rt_sigaction
sys_enter_rt_sigaction
sys_enter_rt_sigaction
sys_enter_rt_sigaction
sys_enter_rt_sigaction
sys_enter_rt_sigaction
sys_enter_rt_sigaction
sys_enter_rt_sigaction
sys_enter_rt_sigaction
sys_enter_rt_sigaction
sys_enter_rt_sigaction
sys_enter_rt_sigaction
sys_enter_rt_sigaction
sys_enter_rt_sigaction
sys_enter_rt_sigaction
sys_enter_rt_sigaction
sys_enter_rt_sigaction
sys_enter_rt_sigaction
sys_enter_rt_sigaction
sys_enter_rt_sigaction
sys_enter_rt_sigaction
sys_enter_rt_sigaction
sys_enter_rt_sigaction
sys_enter_rt_sigaction
sys_enter_rt_sigaction
sys_enter_rt_sigaction
sys_enter_rt_sigaction
sys_enter_rt_sigaction
sys_enter_rt_sigaction
sys_enter_rt_sigaction
sys_enter_rt_sigaction
sys_enter_rt_sigaction
sys_enter_rt_sigaction
sys_enter_rt_sigaction
sys_enter_rt_sigaction
sys_enter_rt_sigaction
sys_enter_rt_sigaction
sys_enter_rt_sigaction
sys_enter_rt_sigaction
sys_enter_rt_sigaction
sys_enter_rt_sigaction
sys_enter_rt_sigaction
sys_enter_rt_sigaction
sys_enter_rt_sigaction
sys_enter_rt_sigaction
sys_enter_rt_sigaction
sys_enter_rt_sigaction
sys_enter_rt_sigaction
sys_enter_rt_sigaction
sys_enter_rt_sigaction
sys_enter_rt_sigaction
sys_enter_rt_sigaction
sys_enter_rt_sigaction
sys_enter_rt_sigaction
sys_enter_rt_sigaction
sys_enter_rt_sigaction
sys_enter_rt_sigaction
sys_enter_rt_sigaction
sys_enter_rt_sigaction
sys_enter_rt_sigaction
sys_enter_rt_sigaction
sys_enter_rt_sigaction
sys_enter_rt_sigaction
sys_enter_rt_sigaction
sys_enter_rt_sigaction
sys_enter_rt_sigaction
sys_enter_rt_sigaction
sys_enter_rt_sigaction
sys_enter_rt_sigaction
sys_enter_rt_sigaction
sys_enter_rt_sigaction
sys_enter_rt_sigaction
sys_enter_rt_sigaction
sys_enter_rt_sigaction
sys_enter_rt_sigaction
sys_enter_rt_sigaction
sys_enter_rt_sigaction
sys_enter_rt_sigaction
sys_enter_rt_sigprocmask
sys_enter_clone
sys_enter_rt_sigprocmask
sys_enter_gettid
sys_enter_sigaltstack
sys_enter_sigaltstack
sys_enter_gettid
sys_enter_rt_sigprocmask
sys_enter_rt_sigprocmask
sys_enter_clone
sys_enter_rt_sigprocmask
sys_enter_gettid
sys_enter_sigaltstack
sys_enter_sigaltstack
sys_enter_gettid
sys_enter_rt_sigprocmask
sys_enter_clone
sys_enter_rt_sigprocmask
sys_enter_rt_sigprocmask
sys_enter_futex
sys_enter_gettid
sys_enter_sigaltstack
sys_enter_sigaltstack
sys_enter_gettid
sys_enter_rt_sigprocmask
sys_enter_futex
sys_enter_futex
sys_enter_rt_sigprocmask
sys_enter_clone
sys_enter_rt_sigprocmask
sys_enter_futex
sys_enter_gettid
sys_enter_sigaltstack
sys_enter_sigaltstack
sys_enter_gettid
sys_enter_rt_sigprocmask
sys_enter_futex
sys_enter_futex
sys_enter_mmap
sys_enter_futex
sys_enter_futex
sys_enter_futex
sys_enter_openat
sys_enter_futex
sys_enter_futex
sys_enter_read
sys_enter_read
sys_enter_close
sys_enter_socket
sys_enter_close
sys_enter_socket
sys_enter_setsockopt
sys_enter_bind
sys_enter_socket
sys_enter_setsockopt
sys_enter_bind
sys_enter_close
sys_enter_close
sys_enter_getpid
sys_enter_getppid
sys_enter_mmap
sys_enter_mmap
sys_enter_getppid
sys_enter_openat
sys_enter_pipe2
sys_enter_getpid
sys_enter_clone
sys_enter_setsid
sys_enter_close
sys_enter_read
sys_enter_chdir
sys_enter_execve
sys_enter_close
sys_enter_exit_group
sys_enter_mmap
sys_enter_mmap
sys_enter_mprotect
sys_enter_mmap
sys_enter_mmap
sys_enter_mprotect
sys_enter_mmap
sys_enter_mprotect
sys_enter_mmap
sys_enter_mprotect
sys_enter_mmap
sys_enter_mmap
sys_enter_close
sys_enter_munmap
sys_enter_sched_getaffinity
sys_enter_mmap
sys_enter_munmap
sys_enter_mmap
sys_enter_mmap
sys_enter_mmap
sys_enter_mmap
sys_enter_mmap
sys_enter_mmap
sys_enter_rt_sigprocmask
sys_enter_sigaltstack
sys_enter_sigaltstack
sys_enter_gettid
sys_enter_rt_sigprocmask
sys_enter_rt_sigaction
sys_enter_rt_sigaction
sys_enter_rt_sigaction
sys_enter_rt_sigaction
sys_enter_rt_sigaction
sys_enter_rt_sigaction
sys_enter_rt_sigaction
sys_enter_rt_sigaction
sys_enter_rt_sigaction
sys_enter_rt_sigaction
sys_enter_rt_sigaction
sys_enter_rt_sigaction
sys_enter_rt_sigaction
sys_enter_rt_sigaction
sys_enter_rt_sigaction
sys_enter_rt_sigaction
sys_enter_rt_sigaction
sys_enter_rt_sigaction
sys_enter_rt_sigaction
sys_enter_rt_sigaction
sys_enter_rt_sigaction
sys_enter_rt_sigaction
sys_enter_rt_sigaction
sys_enter_rt_sigaction
sys_enter_rt_sigaction
sys_enter_rt_sigaction
sys_enter_rt_sigaction
sys_enter_rt_sigaction
sys_enter_rt_sigaction
sys_enter_rt_sigaction
sys_enter_rt_sigaction
sys_enter_rt_sigaction
sys_enter_rt_sigaction
sys_enter_rt_sigaction
sys_enter_rt_sigaction
sys_enter_rt_sigaction
sys_enter_rt_sigaction
sys_enter_rt_sigaction
sys_enter_rt_sigaction
sys_enter_rt_sigaction
sys_enter_rt_sigaction
sys_enter_rt_sigaction
sys_enter_rt_sigaction
sys_enter_rt_sigaction
sys_enter_rt_sigaction
sys_enter_rt_sigaction
sys_enter_rt_sigaction
sys_enter_rt_sigaction
sys_enter_rt_sigaction
sys_enter_rt_sigaction
sys_enter_rt_sigaction
sys_enter_rt_sigaction
sys_enter_rt_sigaction
sys_enter_rt_sigaction
sys_enter_rt_sigaction
sys_enter_rt_sigaction
sys_enter_rt_sigaction
sys_enter_rt_sigaction
sys_enter_rt_sigaction
sys_enter_rt_sigaction
sys_enter_rt_sigaction
sys_enter_rt_sigaction
sys_enter_rt_sigaction
sys_enter_rt_sigaction
sys_enter_rt_sigaction
sys_enter_rt_sigaction
sys_enter_rt_sigaction
sys_enter_rt_sigaction
sys_enter_rt_sigaction
sys_enter_rt_sigaction
sys_enter_rt_sigaction
sys_enter_rt_sigaction
sys_enter_rt_sigaction
sys_enter_rt_sigaction
sys_enter_rt_sigaction
sys_enter_rt_sigaction
sys_enter_rt_sigaction
sys_enter_rt_sigaction
sys_enter_rt_sigaction
sys_enter_rt_sigaction
sys_enter_rt_sigaction
sys_enter_rt_sigaction
sys_enter_rt_sigaction
sys_enter_rt_sigaction
sys_enter_rt_sigaction
sys_enter_rt_sigaction
sys_enter_rt_sigaction
sys_enter_rt_sigaction
sys_enter_rt_sigaction
sys_enter_rt_sigaction
sys_enter_rt_sigaction
sys_enter_rt_sigaction
sys_enter_rt_sigaction
sys_enter_rt_sigaction
sys_enter_rt_sigaction
sys_enter_rt_sigaction
sys_enter_rt_sigaction
sys_enter_rt_sigaction
sys_enter_rt_sigaction
sys_enter_rt_sigaction
sys_enter_rt_sigaction
sys_enter_rt_sigaction
sys_enter_rt_sigaction
sys_enter_rt_sigaction
sys_enter_rt_sigaction
sys_enter_rt_sigaction
sys_enter_rt_sigaction
sys_enter_rt_sigaction
sys_enter_rt_sigaction
sys_enter_rt_sigaction
sys_enter_rt_sigaction
sys_enter_rt_sigaction
sys_enter_rt_sigaction
sys_enter_rt_sigaction
sys_enter_rt_sigprocmask
sys_enter_clone
sys_enter_rt_sigprocmask
sys_enter_gettid
sys_enter_sigaltstack
sys_enter_sigaltstack
sys_enter_gettid
sys_enter_rt_sigprocmask
sys_enter_rt_sigprocmask
sys_enter_clone
sys_enter_rt_sigprocmask
sys_enter_gettid
sys_enter_sigaltstack
sys_enter_sigaltstack
sys_enter_gettid
sys_enter_rt_sigprocmask
sys_enter_sched_yield
sys_enter_sched_yield
sys_enter_futex
sys_enter_futex
sys_enter_futex
sys_enter_rt_sigprocmask
sys_enter_clone
sys_enter_futex
sys_enter_rt_sigprocmask
sys_enter_clone
sys_enter_rt_sigprocmask
sys_enter_futex
sys_enter_gettid
sys_enter_sigaltstack
sys_enter_sigaltstack
sys_enter_gettid
sys_enter_rt_sigprocmask
sys_enter_rt_sigprocmask
sys_enter_gettid
sys_enter_futex
sys_enter_futex
sys_enter_sigaltstack
sys_enter_futex
sys_enter_mmap
sys_enter_openat
sys_enter_read
sys_enter_read
sys_enter_close
sys_enter_socket
sys_enter_close
sys_enter_socket
sys_enter_setsockopt
sys_enter_bind
sys_enter_socket
sys_enter_setsockopt
sys_enter_bind
sys_enter_sigaltstack
sys_enter_gettid
sys_enter_rt_sigprocmask
sys_enter_close
sys_enter_close
sys_enter_futex
sys_enter_futex
sys_enter_futex
sys_enter_getpid
sys_enter_getppid
sys_enter_mmap
sys_enter_mmap
sys_enter_getppid
sys_enter_openat
sys_enter_pipe2
sys_enter_getpid
sys_enter_clone
sys_enter_setsid
sys_enter_close
sys_enter_read
sys_enter_chdir
sys_enter_execve
sys_enter_close
sys_enter_mmap
sys_enter_exit_group
sys_enter_mmap
sys_enter_mprotect
sys_enter_mmap
sys_enter_mmap
sys_enter_mprotect
sys_enter_mmap
sys_enter_mprotect
sys_enter_mmap
sys_enter_mprotect
sys_enter_mmap
sys_enter_mmap
sys_enter_close
sys_enter_munmap
sys_enter_sched_getaffinity
sys_enter_mmap
sys_enter_munmap
sys_enter_mmap
sys_enter_mmap
sys_enter_mmap
sys_enter_mmap
sys_enter_mmap
sys_enter_mmap
sys_enter_rt_sigprocmask
sys_enter_sigaltstack
sys_enter_sigaltstack
sys_enter_gettid
sys_enter_rt_sigprocmask
sys_enter_rt_sigaction
sys_enter_rt_sigaction
sys_enter_rt_sigaction
sys_enter_rt_sigaction
sys_enter_rt_sigaction
sys_enter_rt_sigaction
sys_enter_rt_sigaction
sys_enter_rt_sigaction
sys_enter_rt_sigaction
sys_enter_rt_sigaction
sys_enter_rt_sigaction
sys_enter_rt_sigaction
sys_enter_rt_sigaction
sys_enter_rt_sigaction
sys_enter_rt_sigaction
sys_enter_rt_sigaction
sys_enter_rt_sigaction
sys_enter_rt_sigaction
sys_enter_rt_sigaction
sys_enter_rt_sigaction
sys_enter_rt_sigaction
sys_enter_rt_sigaction
sys_enter_rt_sigaction
sys_enter_rt_sigaction
sys_enter_rt_sigaction
sys_enter_rt_sigaction
sys_enter_rt_sigaction
sys_enter_rt_sigaction
sys_enter_rt_sigaction
sys_enter_rt_sigaction
sys_enter_rt_sigaction
sys_enter_rt_sigaction
sys_enter_rt_sigaction
sys_enter_rt_sigaction
sys_enter_rt_sigaction
sys_enter_rt_sigaction
sys_enter_rt_sigaction
sys_enter_rt_sigaction
sys_enter_rt_sigaction
sys_enter_rt_sigaction
sys_enter_rt_sigaction
sys_enter_rt_sigaction
sys_enter_rt_sigaction
sys_enter_rt_sigaction
sys_enter_rt_sigaction
sys_enter_rt_sigaction
sys_enter_rt_sigaction
sys_enter_rt_sigaction
sys_enter_rt_sigaction
sys_enter_rt_sigaction
sys_enter_rt_sigaction
sys_enter_rt_sigaction
sys_enter_rt_sigaction
sys_enter_rt_sigaction
sys_enter_rt_sigaction
sys_enter_rt_sigaction
sys_enter_rt_sigaction
sys_enter_rt_sigaction
sys_enter_rt_sigaction
sys_enter_rt_sigaction
sys_enter_rt_sigaction
sys_enter_rt_sigaction
sys_enter_rt_sigaction
sys_enter_rt_sigaction
sys_enter_rt_sigaction
sys_enter_rt_sigaction
sys_enter_rt_sigaction
sys_enter_rt_sigaction
sys_enter_rt_sigaction
sys_enter_rt_sigaction
sys_enter_rt_sigaction
sys_enter_rt_sigaction
sys_enter_rt_sigaction
sys_enter_rt_sigaction
sys_enter_rt_sigaction
sys_enter_rt_sigaction
sys_enter_rt_sigaction
sys_enter_rt_sigaction
sys_enter_rt_sigaction
sys_enter_rt_sigaction
sys_enter_rt_sigaction
sys_enter_rt_sigaction
sys_enter_rt_sigaction
sys_enter_rt_sigaction
sys_enter_rt_sigaction
sys_enter_rt_sigaction
sys_enter_rt_sigaction
sys_enter_rt_sigaction
sys_enter_rt_sigaction
sys_enter_rt_sigaction
sys_enter_rt_sigaction
sys_enter_rt_sigaction
sys_enter_rt_sigaction
sys_enter_rt_sigaction
sys_enter_rt_sigaction
sys_enter_rt_sigaction
sys_enter_rt_sigaction
sys_enter_rt_sigaction
sys_enter_rt_sigaction
sys_enter_rt_sigaction
sys_enter_rt_sigaction
sys_enter_rt_sigaction
sys_enter_rt_sigaction
sys_enter_rt_sigaction
sys_enter_rt_sigaction
sys_enter_rt_sigaction
sys_enter_rt_sigaction
sys_enter_rt_sigaction
sys_enter_rt_sigaction
sys_enter_rt_sigaction
sys_enter_rt_sigaction
sys_enter_rt_sigaction
sys_enter_rt_sigaction
sys_enter_rt_sigaction
sys_enter_rt_sigprocmask
sys_enter_clone
sys_enter_rt_sigprocmask
sys_enter_gettid
sys_enter_sigaltstack
sys_enter_sigaltstack
sys_enter_gettid
sys_enter_rt_sigprocmask
sys_enter_rt_sigprocmask
sys_enter_clone
sys_enter_rt_sigprocmask
sys_enter_gettid
sys_enter_sigaltstack
sys_enter_sigaltstack
sys_enter_gettid
sys_enter_rt_sigprocmask
sys_enter_rt_sigprocmask
sys_enter_clone
sys_enter_rt_sigprocmask
sys_enter_clone
sys_enter_rt_sigprocmask
sys_enter_futex
sys_enter_gettid
sys_enter_sigaltstack
sys_enter_sigaltstack
sys_enter_gettid
sys_enter_rt_sigprocmask
sys_enter_rt_sigprocmask
sys_enter_gettid
sys_enter_futex
sys_enter_sigaltstack
sys_enter_sigaltstack
sys_enter_gettid
sys_enter_futex
sys_enter_rt_sigprocmask
sys_enter_futex
sys_enter_futex
sys_enter_futex
sys_enter_mmap
sys_enter_futex
sys_enter_futex
sys_enter_futex
sys_enter_openat
sys_enter_read
sys_enter_read
sys_enter_close
sys_enter_socket
sys_enter_close
sys_enter_socket
sys_enter_setsockopt
sys_enter_bind
sys_enter_socket
sys_enter_setsockopt
sys_enter_bind
sys_enter_close
sys_enter_close
sys_enter_getpid
sys_enter_getppid
sys_enter_mmap
sys_enter_mmap
sys_enter_getppid
sys_enter_openat
sys_enter_pipe2
sys_enter_getpid
sys_enter_clone
sys_enter_setsid
sys_enter_close
sys_enter_read
sys_enter_chdir
sys_enter_execve
sys_enter_close
sys_enter_mmap
sys_enter_mmap
sys_enter_exit_group
sys_enter_mprotect
sys_enter_mmap
sys_enter_mmap
sys_enter_mprotect
sys_enter_mmap
sys_enter_mprotect
sys_enter_mmap
sys_enter_mprotect
sys_enter_mmap
sys_enter_mmap
sys_enter_close
sys_enter_munmap
sys_enter_sched_getaffinity
sys_enter_mmap
sys_enter_munmap
sys_enter_mmap
sys_enter_mmap
sys_enter_mmap
sys_enter_mmap
sys_enter_mmap
sys_enter_mmap
sys_enter_rt_sigprocmask
sys_enter_sigaltstack
sys_enter_sigaltstack
sys_enter_gettid
sys_enter_rt_sigprocmask
sys_enter_rt_sigaction
sys_enter_rt_sigaction
sys_enter_rt_sigaction
sys_enter_rt_sigaction
sys_enter_rt_sigaction
sys_enter_rt_sigaction
sys_enter_rt_sigaction
sys_enter_rt_sigaction
sys_enter_rt_sigaction
sys_enter_rt_sigaction
sys_enter_rt_sigaction
sys_enter_rt_sigaction
sys_enter_rt_sigaction
sys_enter_rt_sigaction
sys_enter_rt_sigaction
sys_enter_rt_sigaction
sys_enter_rt_sigaction
sys_enter_rt_sigaction
sys_enter_rt_sigaction
sys_enter_rt_sigaction
sys_enter_rt_sigaction
sys_enter_rt_sigaction
sys_enter_rt_sigaction
sys_enter_rt_sigaction
sys_enter_rt_sigaction
sys_enter_rt_sigaction
sys_enter_rt_sigaction
sys_enter_rt_sigaction
sys_enter_rt_sigaction
sys_enter_rt_sigaction
sys_enter_rt_sigaction
sys_enter_rt_sigaction
sys_enter_rt_sigaction
sys_enter_rt_sigaction
sys_enter_rt_sigaction
sys_enter_rt_sigaction
sys_enter_rt_sigaction
sys_enter_rt_sigaction
sys_enter_rt_sigaction
sys_enter_rt_sigaction
sys_enter_rt_sigaction
sys_enter_rt_sigaction
sys_enter_rt_sigaction
sys_enter_rt_sigaction
sys_enter_rt_sigaction
sys_enter_rt_sigaction
sys_enter_rt_sigaction
sys_enter_rt_sigaction
sys_enter_rt_sigaction
sys_enter_rt_sigaction
sys_enter_rt_sigaction
sys_enter_rt_sigaction
sys_enter_rt_sigaction
sys_enter_rt_sigaction
sys_enter_rt_sigaction
sys_enter_rt_sigaction
sys_enter_rt_sigaction
sys_enter_rt_sigaction
sys_enter_rt_sigaction
sys_enter_rt_sigaction
sys_enter_rt_sigaction
sys_enter_rt_sigaction
sys_enter_rt_sigaction
sys_enter_rt_sigaction
sys_enter_rt_sigaction
sys_enter_rt_sigaction
sys_enter_rt_sigaction
sys_enter_rt_sigaction
sys_enter_rt_sigaction
sys_enter_rt_sigaction
sys_enter_rt_sigaction
sys_enter_rt_sigaction
sys_enter_rt_sigaction
sys_enter_rt_sigaction
sys_enter_rt_sigaction
sys_enter_rt_sigaction
sys_enter_rt_sigaction
sys_enter_rt_sigaction
sys_enter_rt_sigaction
sys_enter_rt_sigaction
sys_enter_rt_sigaction
sys_enter_rt_sigaction
sys_enter_rt_sigaction
sys_enter_rt_sigaction
sys_enter_rt_sigaction
sys_enter_rt_sigaction
sys_enter_rt_sigaction
sys_enter_rt_sigaction
sys_enter_rt_sigaction
sys_enter_rt_sigaction
sys_enter_rt_sigaction
sys_enter_rt_sigaction
sys_enter_rt_sigaction
sys_enter_rt_sigaction
sys_enter_rt_sigaction
sys_enter_rt_sigaction
sys_enter_rt_sigaction
sys_enter_rt_sigaction
sys_enter_rt_sigaction
sys_enter_rt_sigaction
sys_enter_rt_sigaction
sys_enter_rt_sigaction
sys_enter_rt_sigaction
sys_enter_rt_sigaction
sys_enter_rt_sigaction
sys_enter_rt_sigaction
sys_enter_rt_sigaction
sys_enter_rt_sigaction
sys_enter_rt_sigaction
sys_enter_rt_sigaction
sys_enter_rt_sigaction
sys_enter_rt_sigaction
sys_enter_rt_sigaction
sys_enter_rt_sigaction
sys_enter_rt_sigprocmask
sys_enter_clone
sys_enter_rt_sigprocmask
sys_enter_rt_sigprocmask
sys_enter_clone
sys_enter_rt_sigprocmask
sys_enter_rt_sigprocmask
sys_enter_clone
sys_enter_rt_sigprocmask
sys_enter_sched_yield
sys_enter_futex
sys_enter_futex
sys_enter_gettid
sys_enter_sigaltstack
sys_enter_sigaltstack
sys_enter_gettid
sys_enter_rt_sigprocmask
sys_enter_gettid
sys_enter_sigaltstack
sys_enter_sigaltstack
sys_enter_gettid
sys_enter_rt_sigprocmask
sys_enter_futex
sys_enter_futex
sys_enter_gettid
sys_enter_sigaltstack
sys_enter_sigaltstack
sys_enter_gettid
sys_enter_rt_sigprocmask
sys_enter_gettid
sys_enter_sigaltstack
sys_enter_sigaltstack
sys_enter_gettid
sys_enter_rt_sigprocmask
sys_enter_rt_sigprocmask
sys_enter_clone
sys_enter_rt_sigprocmask
sys_enter_futex
sys_enter_futex
sys_enter_futex
sys_enter_mmap
sys_enter_futex
sys_enter_futex
sys_enter_futex
sys_enter_openat
sys_enter_read
sys_enter_read
sys_enter_close
sys_enter_socket
sys_enter_close
sys_enter_socket
sys_enter_setsockopt
sys_enter_bind
sys_enter_socket
sys_enter_setsockopt
sys_enter_bind
sys_enter_close
sys_enter_close
sys_enter_getpid
sys_enter_getppid
sys_enter_mmap
sys_enter_mmap
sys_enter_getppid
sys_enter_openat
sys_enter_pipe2
sys_enter_getpid
sys_enter_clone
sys_enter_setsid
sys_enter_chdir
sys_enter_close
sys_enter_read
sys_enter_execve
sys_enter_close
sys_enter_exit_group
sys_enter_mmap
sys_enter_mmap
sys_enter_mprotect
sys_enter_mmap
sys_enter_mmap
sys_enter_mprotect
sys_enter_mmap
sys_enter_mprotect
sys_enter_mmap
sys_enter_mprotect
sys_enter_mmap
sys_enter_mmap
sys_enter_close
sys_enter_munmap
sys_enter_sched_getaffinity
sys_enter_mmap
sys_enter_munmap
sys_enter_mmap
sys_enter_mmap
sys_enter_mmap
sys_enter_mmap
sys_enter_mmap
sys_enter_mmap
sys_enter_rt_sigprocmask
sys_enter_sigaltstack
sys_enter_sigaltstack
sys_enter_gettid
sys_enter_rt_sigprocmask
sys_enter_rt_sigaction
sys_enter_rt_sigaction
sys_enter_rt_sigaction
sys_enter_rt_sigaction
sys_enter_rt_sigaction
sys_enter_rt_sigaction
sys_enter_rt_sigaction
sys_enter_rt_sigaction
sys_enter_rt_sigaction
sys_enter_rt_sigaction
sys_enter_rt_sigaction
sys_enter_rt_sigaction
sys_enter_rt_sigaction
sys_enter_rt_sigaction
sys_enter_rt_sigaction
sys_enter_rt_sigaction
sys_enter_rt_sigaction
sys_enter_rt_sigaction
sys_enter_rt_sigaction
sys_enter_rt_sigaction
sys_enter_rt_sigaction
sys_enter_rt_sigaction
sys_enter_rt_sigaction
sys_enter_rt_sigaction
sys_enter_rt_sigaction
sys_enter_rt_sigaction
sys_enter_rt_sigaction
sys_enter_rt_sigaction
sys_enter_rt_sigaction
sys_enter_rt_sigaction
sys_enter_rt_sigaction
sys_enter_rt_sigaction
sys_enter_rt_sigaction
sys_enter_rt_sigaction
sys_enter_rt_sigaction
sys_enter_rt_sigaction
sys_enter_rt_sigaction
sys_enter_rt_sigaction
sys_enter_rt_sigaction
sys_enter_rt_sigaction
sys_enter_rt_sigaction
sys_enter_rt_sigaction
sys_enter_rt_sigaction
sys_enter_rt_sigaction
sys_enter_rt_sigaction
sys_enter_rt_sigaction
sys_enter_rt_sigaction
sys_enter_rt_sigaction
sys_enter_rt_sigaction
sys_enter_rt_sigaction
sys_enter_rt_sigaction
sys_enter_rt_sigaction
sys_enter_rt_sigaction
sys_enter_rt_sigaction
sys_enter_rt_sigaction
sys_enter_rt_sigaction
sys_enter_rt_sigaction
sys_enter_rt_sigaction
sys_enter_rt_sigaction
sys_enter_rt_sigaction
sys_enter_rt_sigaction
sys_enter_rt_sigaction
sys_enter_rt_sigaction
sys_enter_rt_sigaction
sys_enter_rt_sigaction
sys_enter_rt_sigaction
sys_enter_rt_sigaction
sys_enter_rt_sigaction
sys_enter_rt_sigaction
sys_enter_rt_sigaction
sys_enter_rt_sigaction
sys_enter_rt_sigaction
sys_enter_rt_sigaction
sys_enter_rt_sigaction
sys_enter_rt_sigaction
sys_enter_rt_sigaction
sys_enter_rt_sigaction
sys_enter_rt_sigaction
sys_enter_rt_sigaction
sys_enter_rt_sigaction
sys_enter_rt_sigaction
sys_enter_rt_sigaction
sys_enter_rt_sigaction
sys_enter_rt_sigaction
sys_enter_rt_sigaction
sys_enter_rt_sigaction
sys_enter_rt_sigaction
sys_enter_rt_sigaction
sys_enter_rt_sigaction
sys_enter_rt_sigaction
sys_enter_rt_sigaction
sys_enter_rt_sigaction
sys_enter_rt_sigaction
sys_enter_rt_sigaction
sys_enter_rt_sigaction
sys_enter_rt_sigaction
sys_enter_rt_sigaction
sys_enter_rt_sigaction
sys_enter_rt_sigaction
sys_enter_rt_sigaction
sys_enter_rt_sigaction
sys_enter_rt_sigaction
sys_enter_rt_sigaction
sys_enter_rt_sigaction
sys_enter_rt_sigaction
sys_enter_rt_sigaction
sys_enter_rt_sigaction
sys_enter_rt_sigaction
sys_enter_rt_sigaction
sys_enter_rt_sigaction
sys_enter_rt_sigaction
sys_enter_rt_sigaction
sys_enter_rt_sigaction
sys_enter_rt_sigaction
sys_enter_rt_sigprocmask
sys_enter_clone
sys_enter_rt_sigprocmask
sys_enter_gettid
sys_enter_sigaltstack
sys_enter_sigaltstack
sys_enter_gettid
sys_enter_rt_sigprocmask
sys_enter_rt_sigprocmask
sys_enter_clone
sys_enter_rt_sigprocmask
sys_enter_gettid
sys_enter_sigaltstack
sys_enter_sigaltstack
sys_enter_rt_sigprocmask
sys_enter_clone
sys_enter_gettid
sys_enter_rt_sigprocmask
sys_enter_rt_sigprocmask
sys_enter_futex
sys_enter_gettid
sys_enter_sigaltstack
sys_enter_sigaltstack
sys_enter_rt_sigprocmask
sys_enter_clone
sys_enter_gettid
sys_enter_rt_sigprocmask
sys_enter_futex
sys_enter_futex
sys_enter_rt_sigprocmask
sys_enter_futex
sys_enter_gettid
sys_enter_sigaltstack
sys_enter_sigaltstack
sys_enter_gettid
sys_enter_rt_sigprocmask
sys_enter_futex
sys_enter_futex
sys_enter_mmap
sys_enter_futex
sys_enter_futex
sys_enter_futex
sys_enter_openat
sys_enter_read
sys_enter_read
sys_enter_close
sys_enter_socket
sys_enter_close
sys_enter_socket
sys_enter_setsockopt
sys_enter_bind
sys_enter_socket
sys_enter_setsockopt
sys_enter_bind
sys_enter_close
sys_enter_close
sys_enter_getpid
sys_enter_getppid
sys_enter_mmap
sys_enter_mmap
sys_enter_getppid
sys_enter_openat
sys_enter_pipe2
sys_enter_getpid
sys_enter_clone
sys_enter_setsid
sys_enter_close
sys_enter_read
sys_enter_chdir
sys_enter_execve
sys_enter_close
sys_enter_exit_group
sys_enter_mmap
sys_enter_mmap
sys_enter_mprotect
sys_enter_mmap
sys_enter_mmap
sys_enter_mprotect
sys_enter_mmap
sys_enter_mprotect
sys_enter_mmap
sys_enter_mprotect
sys_enter_mmap
sys_enter_mmap
sys_enter_close
sys_enter_munmap
sys_enter_sched_getaffinity
sys_enter_mmap
sys_enter_munmap
sys_enter_mmap
sys_enter_mmap
sys_enter_mmap
sys_enter_mmap
sys_enter_mmap
sys_enter_mmap
sys_enter_rt_sigprocmask
sys_enter_sigaltstack
sys_enter_sigaltstack
sys_enter_gettid
sys_enter_rt_sigprocmask
sys_enter_rt_sigaction
sys_enter_rt_sigaction
sys_enter_rt_sigaction
sys_enter_rt_sigaction
sys_enter_rt_sigaction
sys_enter_rt_sigaction
sys_enter_rt_sigaction
sys_enter_rt_sigaction
sys_enter_rt_sigaction
sys_enter_rt_sigaction
sys_enter_rt_sigaction
sys_enter_rt_sigaction
sys_enter_rt_sigaction
sys_enter_rt_sigaction
sys_enter_rt_sigaction
sys_enter_rt_sigaction
sys_enter_rt_sigaction
sys_enter_rt_sigaction
sys_enter_rt_sigaction
sys_enter_rt_sigaction
sys_enter_rt_sigaction
sys_enter_rt_sigaction
sys_enter_rt_sigaction
sys_enter_rt_sigaction
sys_enter_rt_sigaction
sys_enter_rt_sigaction
sys_enter_rt_sigaction
sys_enter_rt_sigaction
sys_enter_rt_sigaction
sys_enter_rt_sigaction
sys_enter_rt_sigaction
sys_enter_rt_sigaction
sys_enter_rt_sigaction
sys_enter_rt_sigaction
sys_enter_rt_sigaction
sys_enter_rt_sigaction
sys_enter_rt_sigaction
sys_enter_rt_sigaction
sys_enter_rt_sigaction
sys_enter_rt_sigaction
sys_enter_rt_sigaction
sys_enter_rt_sigaction
sys_enter_rt_sigaction
sys_enter_rt_sigaction
sys_enter_rt_sigaction
sys_enter_rt_sigaction
sys_enter_rt_sigaction
sys_enter_rt_sigaction
sys_enter_rt_sigaction
sys_enter_rt_sigaction
sys_enter_rt_sigaction
sys_enter_rt_sigaction
sys_enter_rt_sigaction
sys_enter_rt_sigaction
sys_enter_rt_sigaction
sys_enter_rt_sigaction
sys_enter_rt_sigaction
sys_enter_rt_sigaction
sys_enter_rt_sigaction
sys_enter_rt_sigaction
sys_enter_rt_sigaction
sys_enter_rt_sigaction
sys_enter_rt_sigaction
sys_enter_rt_sigaction
sys_enter_rt_sigaction
sys_enter_rt_sigaction
sys_enter_rt_sigaction
sys_enter_rt_sigaction
sys_enter_rt_sigaction
sys_enter_rt_sigaction
sys_enter_rt_sigaction
sys_enter_rt_sigaction
sys_enter_rt_sigaction
sys_enter_rt_sigaction
sys_enter_rt_sigaction
sys_enter_rt_sigaction
sys_enter_rt_sigaction
sys_enter_rt_sigaction
sys_enter_rt_sigaction
sys_enter_rt_sigaction
sys_enter_rt_sigaction
sys_enter_rt_sigaction
sys_enter_rt_sigaction
sys_enter_rt_sigaction
sys_enter_rt_sigaction
sys_enter_rt_sigaction
sys_enter_rt_sigaction
sys_enter_rt_sigaction
sys_enter_rt_sigaction
sys_enter_rt_sigaction
sys_enter_rt_sigaction
sys_enter_rt_sigaction
sys_enter_rt_sigaction
sys_enter_rt_sigaction
sys_enter_rt_sigaction
sys_enter_rt_sigaction
sys_enter_rt_sigaction
sys_enter_rt_sigaction
sys_enter_rt_sigaction
sys_enter_rt_sigaction
sys_enter_rt_sigaction
sys_enter_rt_sigaction
sys_enter_rt_sigaction
sys_enter_rt_sigaction
sys_enter_rt_sigaction
sys_enter_rt_sigaction
sys_enter_rt_sigaction
sys_enter_rt_sigaction
sys_enter_rt_sigaction
sys_enter_rt_sigaction
sys_enter_rt_sigaction
sys_enter_rt_sigaction
sys_enter_rt_sigaction
sys_enter_rt_sigaction
sys_enter_rt_sigprocmask
sys_enter_clone
sys_enter_rt_sigprocmask
sys_enter_gettid
sys_enter_sigaltstack
sys_enter_sigaltstack
sys_enter_gettid
sys_enter_rt_sigprocmask
sys_enter_rt_sigprocmask
sys_enter_clone
sys_enter_rt_sigprocmask
sys_enter_gettid
sys_enter_sigaltstack
sys_enter_sched_yield
sys_enter_futex
sys_enter_rt_sigprocmask
sys_enter_clone
sys_enter_sigaltstack
sys_enter_gettid
sys_enter_rt_sigprocmask
sys_enter_sched_yield
sys_enter_futex
sys_enter_rt_sigprocmask
sys_enter_clone
sys_enter_rt_sigprocmask
sys_enter_futex
sys_enter_gettid
sys_enter_rt_sigprocmask
sys_enter_sigaltstack
sys_enter_sigaltstack
sys_enter_gettid
sys_enter_rt_sigprocmask
sys_enter_futex
sys_enter_futex
sys_enter_gettid
sys_enter_sigaltstack
sys_enter_sigaltstack
sys_enter_gettid
sys_enter_rt_sigprocmask
sys_enter_futex
sys_enter_futex
sys_enter_futex
sys_enter_mmap
sys_enter_futex
sys_enter_futex
sys_enter_futex
sys_enter_openat
sys_enter_read
sys_enter_read
sys_enter_close
sys_enter_socket
sys_enter_close
sys_enter_socket
sys_enter_setsockopt
sys_enter_bind
sys_enter_socket
sys_enter_setsockopt
sys_enter_bind
sys_enter_close
sys_enter_close
sys_enter_getpid
sys_enter_getppid
sys_enter_mmap
sys_enter_mmap
sys_enter_getppid
sys_enter_openat
sys_enter_pipe2
sys_enter_getpid
sys_enter_clone
sys_enter_setsid
sys_enter_close
sys_enter_read
sys_enter_chdir
sys_enter_execve
sys_enter_close
sys_enter_exit_group
sys_enter_mmap
sys_enter_mmap
sys_enter_mprotect
sys_enter_mmap
sys_enter_mmap
sys_enter_mprotect
sys_enter_mmap
sys_enter_mprotect
sys_enter_mmap
sys_enter_mprotect
sys_enter_mmap
sys_enter_mmap
sys_enter_close
sys_enter_munmap
sys_enter_sched_getaffinity
sys_enter_mmap
sys_enter_munmap
sys_enter_mmap
sys_enter_mmap
sys_enter_mmap
sys_enter_mmap
sys_enter_mmap
sys_enter_mmap
sys_enter_rt_sigprocmask
sys_enter_sigaltstack
sys_enter_sigaltstack
sys_enter_gettid
sys_enter_rt_sigprocmask
sys_enter_rt_sigaction
sys_enter_rt_sigaction
sys_enter_rt_sigaction
sys_enter_rt_sigaction
sys_enter_rt_sigaction
sys_enter_rt_sigaction
sys_enter_rt_sigaction
sys_enter_rt_sigaction
sys_enter_rt_sigaction
sys_enter_rt_sigaction
sys_enter_rt_sigaction
sys_enter_rt_sigaction
sys_enter_rt_sigaction
sys_enter_rt_sigaction
sys_enter_rt_sigaction
sys_enter_rt_sigaction
sys_enter_rt_sigaction
sys_enter_rt_sigaction
sys_enter_rt_sigaction
sys_enter_rt_sigaction
sys_enter_rt_sigaction
sys_enter_rt_sigaction
sys_enter_rt_sigaction
sys_enter_rt_sigaction
sys_enter_rt_sigaction
sys_enter_rt_sigaction
sys_enter_rt_sigaction
sys_enter_rt_sigaction
sys_enter_rt_sigaction
sys_enter_rt_sigaction
sys_enter_rt_sigaction
sys_enter_rt_sigaction
sys_enter_rt_sigaction
sys_enter_rt_sigaction
sys_enter_rt_sigaction
sys_enter_rt_sigaction
sys_enter_rt_sigaction
sys_enter_rt_sigaction
sys_enter_rt_sigaction
sys_enter_rt_sigaction
sys_enter_rt_sigaction
sys_enter_rt_sigaction
sys_enter_rt_sigaction
sys_enter_rt_sigaction
sys_enter_rt_sigaction
sys_enter_rt_sigaction
sys_enter_rt_sigaction
sys_enter_rt_sigaction
sys_enter_rt_sigaction
sys_enter_rt_sigaction
sys_enter_rt_sigaction
sys_enter_rt_sigaction
sys_enter_rt_sigaction
sys_enter_rt_sigaction
sys_enter_rt_sigaction
sys_enter_rt_sigaction
sys_enter_rt_sigaction
sys_enter_rt_sigaction
sys_enter_rt_sigaction
sys_enter_rt_sigaction
sys_enter_rt_sigaction
sys_enter_rt_sigaction
sys_enter_rt_sigaction
sys_enter_rt_sigaction
sys_enter_rt_sigaction
sys_enter_rt_sigaction
sys_enter_rt_sigaction
sys_enter_rt_sigaction
sys_enter_rt_sigaction
sys_enter_rt_sigaction
sys_enter_rt_sigaction
sys_enter_rt_sigaction
sys_enter_rt_sigaction
sys_enter_rt_sigaction
sys_enter_rt_sigaction
sys_enter_rt_sigaction
sys_enter_rt_sigaction
sys_enter_rt_sigaction
sys_enter_rt_sigaction
sys_enter_rt_sigaction
sys_enter_rt_sigaction
sys_enter_rt_sigaction
sys_enter_rt_sigaction
sys_enter_rt_sigaction
sys_enter_rt_sigaction
sys_enter_rt_sigaction
sys_enter_rt_sigaction
sys_enter_rt_sigaction
sys_enter_rt_sigaction
sys_enter_rt_sigaction
sys_enter_rt_sigaction
sys_enter_rt_sigaction
sys_enter_rt_sigaction
sys_enter_rt_sigaction
sys_enter_rt_sigaction
sys_enter_rt_sigaction
sys_enter_rt_sigaction
sys_enter_rt_sigaction
sys_enter_rt_sigaction
sys_enter_rt_sigaction
sys_enter_rt_sigaction
sys_enter_rt_sigaction
sys_enter_rt_sigaction
sys_enter_rt_sigaction
sys_enter_rt_sigaction
sys_enter_rt_sigaction
sys_enter_rt_sigaction
sys_enter_rt_sigaction
sys_enter_rt_sigaction
sys_enter_rt_sigaction
sys_enter_rt_sigaction
sys_enter_rt_sigaction
sys_enter_rt_sigaction
sys_enter_rt_sigaction
sys_enter_rt_sigprocmask
sys_enter_clone
sys_enter_rt_sigprocmask
sys_enter_gettid
sys_enter_sigaltstack
sys_enter_sigaltstack
sys_enter_gettid
sys_enter_rt_sigprocmask
sys_enter_rt_sigprocmask
sys_enter_clone
sys_enter_rt_sigprocmask
sys_enter_gettid
sys_enter_sigaltstack
sys_enter_sigaltstack
sys_enter_gettid
sys_enter_rt_sigprocmask
sys_enter_rt_sigprocmask
sys_enter_clone
sys_enter_rt_sigprocmask
sys_enter_futex
sys_enter_rt_sigprocmask
sys_enter_clone
sys_enter_gettid
sys_enter_sigaltstack
sys_enter_sigaltstack
sys_enter_gettid
sys_enter_rt_sigprocmask
sys_enter_futex
sys_enter_futex
sys_enter_rt_sigprocmask
sys_enter_gettid
sys_enter_sigaltstack
sys_enter_sigaltstack
sys_enter_gettid
sys_enter_rt_sigprocmask
sys_enter_futex
sys_enter_futex
sys_enter_futex
sys_enter_mmap
sys_enter_futex
sys_enter_futex
sys_enter_futex
sys_enter_openat
sys_enter_read
sys_enter_read
sys_enter_close
sys_enter_socket
sys_enter_close
sys_enter_socket
sys_enter_setsockopt
sys_enter_bind
sys_enter_socket
sys_enter_setsockopt
sys_enter_bind
sys_enter_close
sys_enter_close
sys_enter_getpid
sys_enter_getppid
sys_enter_mmap
sys_enter_mmap
sys_enter_getppid
sys_enter_openat
sys_enter_pipe2
sys_enter_getpid
sys_enter_clone
sys_enter_close
sys_enter_read
sys_enter_setsid
sys_enter_chdir
sys_enter_execve
sys_enter_close
sys_enter_exit_group
sys_enter_mmap
sys_enter_mmap
sys_enter_mprotect
sys_enter_mmap
sys_enter_mmap
sys_enter_mprotect
sys_enter_mmap
sys_enter_mprotect
sys_enter_mmap
sys_enter_mprotect
sys_enter_mmap
sys_enter_mmap
sys_enter_close
sys_enter_munmap
sys_enter_sched_getaffinity
sys_enter_mmap
sys_enter_munmap
sys_enter_mmap
sys_enter_mmap
sys_enter_mmap
sys_enter_mmap
sys_enter_mmap
sys_enter_mmap
sys_enter_rt_sigprocmask
sys_enter_sigaltstack
sys_enter_sigaltstack
sys_enter_gettid
sys_enter_rt_sigprocmask
sys_enter_rt_sigaction
sys_enter_rt_sigaction
sys_enter_rt_sigaction
sys_enter_rt_sigaction
sys_enter_rt_sigaction
sys_enter_rt_sigaction
sys_enter_rt_sigaction
sys_enter_rt_sigaction
sys_enter_rt_sigaction
sys_enter_rt_sigaction
sys_enter_rt_sigaction
sys_enter_rt_sigaction
sys_enter_rt_sigaction
sys_enter_rt_sigaction
sys_enter_rt_sigaction
sys_enter_rt_sigaction
sys_enter_rt_sigaction
sys_enter_rt_sigaction
sys_enter_rt_sigaction
sys_enter_rt_sigaction
sys_enter_rt_sigaction
sys_enter_rt_sigaction
sys_enter_rt_sigaction
sys_enter_rt_sigaction
sys_enter_rt_sigaction
sys_enter_rt_sigaction
sys_enter_rt_sigaction
sys_enter_rt_sigaction
sys_enter_rt_sigaction
sys_enter_rt_sigaction
sys_enter_rt_sigaction
sys_enter_rt_sigaction
sys_enter_rt_sigaction
sys_enter_rt_sigaction
sys_enter_rt_sigaction
sys_enter_rt_sigaction
sys_enter_rt_sigaction
sys_enter_rt_sigaction
sys_enter_rt_sigaction
sys_enter_rt_sigaction
sys_enter_rt_sigaction
sys_enter_rt_sigaction
sys_enter_rt_sigaction
sys_enter_rt_sigaction
sys_enter_rt_sigaction
sys_enter_rt_sigaction
sys_enter_rt_sigaction
sys_enter_rt_sigaction
sys_enter_rt_sigaction
sys_enter_rt_sigaction
sys_enter_rt_sigaction
sys_enter_rt_sigaction
sys_enter_rt_sigaction
sys_enter_rt_sigaction
sys_enter_rt_sigaction
sys_enter_rt_sigaction
sys_enter_rt_sigaction
sys_enter_rt_sigaction
sys_enter_rt_sigaction
sys_enter_rt_sigaction
sys_enter_rt_sigaction
sys_enter_rt_sigaction
sys_enter_rt_sigaction
sys_enter_rt_sigaction
sys_enter_rt_sigaction
sys_enter_rt_sigaction
sys_enter_rt_sigaction
sys_enter_rt_sigaction
sys_enter_rt_sigaction
sys_enter_rt_sigaction
sys_enter_rt_sigaction
sys_enter_rt_sigaction
sys_enter_rt_sigaction
sys_enter_rt_sigaction
sys_enter_rt_sigaction
sys_enter_rt_sigaction
sys_enter_rt_sigaction
sys_enter_rt_sigaction
sys_enter_rt_sigaction
sys_enter_rt_sigaction
sys_enter_rt_sigaction
sys_enter_rt_sigaction
sys_enter_rt_sigaction
sys_enter_rt_sigaction
sys_enter_rt_sigaction
sys_enter_rt_sigaction
sys_enter_rt_sigaction
sys_enter_rt_sigaction
sys_enter_rt_sigaction
sys_enter_rt_sigaction
sys_enter_rt_sigaction
sys_enter_rt_sigaction
sys_enter_rt_sigaction
sys_enter_rt_sigaction
sys_enter_rt_sigaction
sys_enter_rt_sigaction
sys_enter_rt_sigaction
sys_enter_rt_sigaction
sys_enter_rt_sigaction
sys_enter_rt_sigaction
sys_enter_rt_sigaction
sys_enter_rt_sigaction
sys_enter_rt_sigaction
sys_enter_rt_sigaction
sys_enter_rt_sigaction
sys_enter_rt_sigaction
sys_enter_rt_sigaction
sys_enter_rt_sigaction
sys_enter_rt_sigaction
sys_enter_rt_sigaction
sys_enter_rt_sigaction
sys_enter_rt_sigaction
sys_enter_rt_sigaction
sys_enter_rt_sigaction
sys_enter_rt_sigprocmask
sys_enter_clone
sys_enter_rt_sigprocmask
sys_enter_gettid
sys_enter_sigaltstack
sys_enter_sigaltstack
sys_enter_gettid
sys_enter_rt_sigprocmask
sys_enter_rt_sigprocmask
sys_enter_clone
sys_enter_rt_sigprocmask
sys_enter_gettid
sys_enter_sigaltstack
sys_enter_sigaltstack
sys_enter_rt_sigprocmask
sys_enter_clone
sys_enter_gettid
sys_enter_rt_sigprocmask
sys_enter_rt_sigprocmask
sys_enter_futex
sys_enter_gettid
sys_enter_sigaltstack
sys_enter_sigaltstack
sys_enter_gettid
sys_enter_rt_sigprocmask
sys_enter_futex
sys_enter_futex
sys_enter_rt_sigprocmask
sys_enter_clone
sys_enter_rt_sigprocmask
sys_enter_futex
sys_enter_gettid
sys_enter_sigaltstack
sys_enter_sigaltstack
sys_enter_gettid
sys_enter_rt_sigprocmask
sys_enter_futex
sys_enter_futex
sys_enter_mmap
sys_enter_futex
sys_enter_futex
sys_enter_futex
sys_enter_openat
sys_enter_read
sys_enter_read
sys_enter_close
sys_enter_socket
sys_enter_close
sys_enter_socket
sys_enter_setsockopt
sys_enter_bind
sys_enter_socket
sys_enter_setsockopt
sys_enter_bind
sys_enter_close
sys_enter_close
sys_enter_getpid
sys_enter_getppid
sys_enter_mmap
sys_enter_mmap
sys_enter_getppid
sys_enter_openat
sys_enter_pipe2
sys_enter_getpid
sys_enter_clone
sys_enter_setsid
sys_enter_close
sys_enter_read
sys_enter_chdir
sys_enter_execve
sys_enter_close
sys_enter_mmap
sys_enter_mmap
sys_enter_exit_group
sys_enter_mprotect
sys_enter_mmap
sys_enter_mmap
sys_enter_mprotect
sys_enter_mmap
sys_enter_mprotect
sys_enter_mmap
sys_enter_mprotect
sys_enter_mmap
sys_enter_mmap
sys_enter_close
sys_enter_munmap
sys_enter_sched_getaffinity
sys_enter_mmap
sys_enter_munmap
sys_enter_mmap
sys_enter_mmap
sys_enter_mmap
sys_enter_mmap
sys_enter_mmap
sys_enter_mmap
sys_enter_rt_sigprocmask
sys_enter_sigaltstack
sys_enter_sigaltstack
sys_enter_gettid
sys_enter_rt_sigprocmask
sys_enter_rt_sigaction
sys_enter_rt_sigaction
sys_enter_rt_sigaction
sys_enter_rt_sigaction
sys_enter_rt_sigaction
sys_enter_rt_sigaction
sys_enter_rt_sigaction
sys_enter_rt_sigaction
sys_enter_rt_sigaction
sys_enter_rt_sigaction
sys_enter_rt_sigaction
sys_enter_rt_sigaction
sys_enter_rt_sigaction
sys_enter_rt_sigaction
sys_enter_rt_sigaction
sys_enter_rt_sigaction
sys_enter_rt_sigaction
sys_enter_rt_sigaction
sys_enter_rt_sigaction
sys_enter_rt_sigaction
sys_enter_rt_sigaction
sys_enter_rt_sigaction
sys_enter_rt_sigaction
sys_enter_rt_sigaction
sys_enter_rt_sigaction
sys_enter_rt_sigaction
sys_enter_rt_sigaction
sys_enter_rt_sigaction
sys_enter_rt_sigaction
sys_enter_rt_sigaction
sys_enter_rt_sigaction
sys_enter_rt_sigaction
sys_enter_rt_sigaction
sys_enter_rt_sigaction
sys_enter_rt_sigaction
sys_enter_rt_sigaction
sys_enter_rt_sigaction
sys_enter_rt_sigaction
sys_enter_rt_sigaction
sys_enter_rt_sigaction
sys_enter_rt_sigaction
sys_enter_rt_sigaction
sys_enter_rt_sigaction
sys_enter_rt_sigaction
sys_enter_rt_sigaction
sys_enter_rt_sigaction
sys_enter_rt_sigaction
sys_enter_rt_sigaction
sys_enter_rt_sigaction
sys_enter_rt_sigaction
sys_enter_rt_sigaction
sys_enter_rt_sigaction
sys_enter_rt_sigaction
sys_enter_rt_sigaction
sys_enter_rt_sigaction
sys_enter_rt_sigaction
sys_enter_rt_sigaction
sys_enter_rt_sigaction
sys_enter_rt_sigaction
sys_enter_rt_sigaction
sys_enter_rt_sigaction
sys_enter_rt_sigaction
sys_enter_rt_sigaction
sys_enter_rt_sigaction
sys_enter_rt_sigaction
sys_enter_rt_sigaction
sys_enter_rt_sigaction
sys_enter_rt_sigaction
sys_enter_rt_sigaction
sys_enter_rt_sigaction
sys_enter_rt_sigaction
sys_enter_rt_sigaction
sys_enter_rt_sigaction
sys_enter_rt_sigaction
sys_enter_rt_sigaction
sys_enter_rt_sigaction
sys_enter_rt_sigaction
sys_enter_rt_sigaction
sys_enter_rt_sigaction
sys_enter_rt_sigaction
sys_enter_rt_sigaction
sys_enter_rt_sigaction
sys_enter_rt_sigaction
sys_enter_rt_sigaction
sys_enter_rt_sigaction
sys_enter_rt_sigaction
sys_enter_rt_sigaction
sys_enter_rt_sigaction
sys_enter_rt_sigaction
sys_enter_rt_sigaction
sys_enter_rt_sigaction
sys_enter_rt_sigaction
sys_enter_rt_sigaction
sys_enter_rt_sigaction
sys_enter_rt_sigaction
sys_enter_rt_sigaction
sys_enter_rt_sigaction
sys_enter_rt_sigaction
sys_enter_rt_sigaction
sys_enter_rt_sigaction
sys_enter_rt_sigaction
sys_enter_rt_sigaction
sys_enter_rt_sigaction
sys_enter_rt_sigaction
sys_enter_rt_sigaction
sys_enter_rt_sigaction
sys_enter_rt_sigaction
sys_enter_rt_sigaction
sys_enter_rt_sigaction
sys_enter_rt_sigaction
sys_enter_rt_sigaction
sys_enter_rt_sigaction
sys_enter_rt_sigaction
sys_enter_rt_sigaction
sys_enter_rt_sigprocmask
sys_enter_clone
sys_enter_rt_sigprocmask
sys_enter_gettid
sys_enter_sigaltstack
sys_enter_sigaltstack
sys_enter_gettid
sys_enter_rt_sigprocmask
sys_enter_rt_sigprocmask
sys_enter_clone
sys_enter_rt_sigprocmask
sys_enter_gettid
sys_enter_sigaltstack
sys_enter_sigaltstack
sys_enter_gettid
sys_enter_rt_sigprocmask
sys_enter_rt_sigprocmask
sys_enter_clone
sys_enter_rt_sigprocmask
sys_enter_sched_yield
sys_enter_futex
sys_enter_futex
sys_enter_futex
sys_enter_gettid
sys_enter_sigaltstack
sys_enter_sigaltstack
sys_enter_gettid
sys_enter_rt_sigprocmask
sys_enter_futex
sys_enter_futex
sys_enter_futex
sys_enter_rt_sigprocmask
sys_enter_clone
sys_enter_rt_sigprocmask
sys_enter_futex
sys_enter_gettid
sys_enter_sigaltstack
sys_enter_sigaltstack
sys_enter_gettid
sys_enter_rt_sigprocmask
sys_enter_futex
sys_enter_futex
sys_enter_mmap
sys_enter_futex
sys_enter_futex
sys_enter_futex
sys_enter_openat
sys_enter_futex
sys_enter_futex
sys_enter_read
sys_enter_read
sys_enter_close
sys_enter_socket
sys_enter_close
sys_enter_socket
sys_enter_setsockopt
sys_enter_bind
sys_enter_socket
sys_enter_setsockopt
sys_enter_bind
sys_enter_close
sys_enter_close
sys_enter_mmap
sys_enter_getpid
sys_enter_getppid
sys_enter_mmap
sys_enter_mmap
sys_enter_getppid
sys_enter_openat
sys_enter_pipe2
sys_enter_getpid
sys_enter_clone
sys_enter_setsid
sys_enter_close
sys_enter_read
sys_enter_chdir
sys_enter_execve
sys_enter_close
sys_enter_exit_group
sys_enter_mmap
sys_enter_mmap
sys_enter_mprotect
sys_enter_mmap
sys_enter_mmap
sys_enter_mprotect
sys_enter_mmap
sys_enter_mprotect
sys_enter_mmap
sys_enter_mprotect
sys_enter_mmap
sys_enter_mmap
sys_enter_close
sys_enter_munmap
sys_enter_sched_getaffinity
sys_enter_mmap
sys_enter_munmap
sys_enter_mmap
sys_enter_mmap
sys_enter_mmap
sys_enter_mmap
sys_enter_mmap
sys_enter_mmap
sys_enter_rt_sigprocmask
sys_enter_sigaltstack
sys_enter_sigaltstack
sys_enter_gettid
sys_enter_rt_sigprocmask
sys_enter_rt_sigaction
sys_enter_rt_sigaction
sys_enter_rt_sigaction
sys_enter_rt_sigaction
sys_enter_rt_sigaction
sys_enter_rt_sigaction
sys_enter_rt_sigaction
sys_enter_rt_sigaction
sys_enter_rt_sigaction
sys_enter_rt_sigaction
sys_enter_rt_sigaction
sys_enter_rt_sigaction
sys_enter_rt_sigaction
sys_enter_rt_sigaction
sys_enter_rt_sigaction
sys_enter_rt_sigaction
sys_enter_rt_sigaction
sys_enter_rt_sigaction
sys_enter_rt_sigaction
sys_enter_rt_sigaction
sys_enter_rt_sigaction
sys_enter_rt_sigaction
sys_enter_rt_sigaction
sys_enter_rt_sigaction
sys_enter_rt_sigaction
sys_enter_rt_sigaction
sys_enter_rt_sigaction
sys_enter_rt_sigaction
sys_enter_rt_sigaction
sys_enter_rt_sigaction
sys_enter_rt_sigaction
sys_enter_rt_sigaction
sys_enter_rt_sigaction
sys_enter_rt_sigaction
sys_enter_rt_sigaction
sys_enter_rt_sigaction
sys_enter_rt_sigaction
sys_enter_rt_sigaction
sys_enter_rt_sigaction
sys_enter_rt_sigaction
sys_enter_rt_sigaction
sys_enter_rt_sigaction
sys_enter_rt_sigaction
sys_enter_rt_sigaction
sys_enter_rt_sigaction
sys_enter_rt_sigaction
sys_enter_rt_sigaction
sys_enter_rt_sigaction
sys_enter_rt_sigaction
sys_enter_rt_sigaction
sys_enter_rt_sigaction
sys_enter_rt_sigaction
sys_enter_rt_sigaction
sys_enter_rt_sigaction
sys_enter_rt_sigaction
sys_enter_rt_sigaction
sys_enter_rt_sigaction
sys_enter_rt_sigaction
sys_enter_rt_sigaction
sys_enter_rt_sigaction
sys_enter_rt_sigaction
sys_enter_rt_sigaction
sys_enter_rt_sigaction
sys_enter_rt_sigaction
sys_enter_rt_sigaction
sys_enter_rt_sigaction
sys_enter_rt_sigaction
sys_enter_rt_sigaction
sys_enter_rt_sigaction
sys_enter_rt_sigaction
sys_enter_rt_sigaction
sys_enter_rt_sigaction
sys_enter_rt_sigaction
sys_enter_rt_sigaction
sys_enter_rt_sigaction
sys_enter_rt_sigaction
sys_enter_rt_sigaction
sys_enter_rt_sigaction
sys_enter_rt_sigaction
sys_enter_rt_sigaction
sys_enter_rt_sigaction
sys_enter_rt_sigaction
sys_enter_rt_sigaction
sys_enter_rt_sigaction
sys_enter_rt_sigaction
sys_enter_rt_sigaction
sys_enter_rt_sigaction
sys_enter_rt_sigaction
sys_enter_rt_sigaction
sys_enter_rt_sigaction
sys_enter_rt_sigaction
sys_enter_rt_sigaction
sys_enter_rt_sigaction
sys_enter_rt_sigaction
sys_enter_rt_sigaction
sys_enter_rt_sigaction
sys_enter_rt_sigaction
sys_enter_rt_sigaction
sys_enter_rt_sigaction
sys_enter_rt_sigaction
sys_enter_rt_sigaction
sys_enter_rt_sigaction
sys_enter_rt_sigaction
sys_enter_rt_sigaction
sys_enter_rt_sigaction
sys_enter_rt_sigaction
sys_enter_rt_sigaction
sys_enter_rt_sigaction
sys_enter_rt_sigaction
sys_enter_rt_sigaction
sys_enter_rt_sigaction
sys_enter_rt_sigaction
sys_enter_rt_sigaction
sys_enter_rt_sigaction
sys_enter_rt_sigprocmask
sys_enter_clone
sys_enter_rt_sigprocmask
sys_enter_gettid
sys_enter_sigaltstack
sys_enter_sigaltstack
sys_enter_gettid
sys_enter_rt_sigprocmask
sys_enter_rt_sigprocmask
sys_enter_clone
sys_enter_rt_sigprocmask
sys_enter_gettid
sys_enter_sigaltstack
sys_enter_sigaltstack
sys_enter_gettid
sys_enter_rt_sigprocmask
sys_enter_rt_sigprocmask
sys_enter_clone
sys_enter_rt_sigprocmask
sys_enter_clone
sys_enter_rt_sigprocmask
sys_enter_gettid
sys_enter_sigaltstack
sys_enter_sigaltstack
sys_enter_gettid
sys_enter_rt_sigprocmask
sys_enter_futex
sys_enter_futex
sys_enter_futex
sys_enter_rt_sigprocmask
sys_enter_gettid
sys_enter_sigaltstack
sys_enter_sigaltstack
sys_enter_gettid
sys_enter_rt_sigprocmask
sys_enter_futex
sys_enter_futex
sys_enter_futex
sys_enter_mmap
sys_enter_futex
sys_enter_futex
sys_enter_futex
sys_enter_openat
sys_enter_read
sys_enter_read
sys_enter_close
sys_enter_socket
sys_enter_close
sys_enter_socket
sys_enter_setsockopt
sys_enter_bind
sys_enter_socket
sys_enter_setsockopt
sys_enter_bind
sys_enter_close
sys_enter_close
sys_enter_getpid
sys_enter_getppid
sys_enter_mmap
sys_enter_mmap
sys_enter_getppid
sys_enter_openat
sys_enter_pipe2
sys_enter_getpid
sys_enter_clone
sys_enter_setsid
sys_enter_close
sys_enter_read
sys_enter_chdir
sys_enter_execve
sys_enter_close
sys_enter_exit_group
sys_enter_mmap
sys_enter_mmap
sys_enter_mprotect
sys_enter_mmap
sys_enter_mmap
sys_enter_mprotect
sys_enter_mmap
sys_enter_mprotect
sys_enter_mmap
sys_enter_mprotect
sys_enter_mmap
sys_enter_mmap
sys_enter_close
sys_enter_munmap
sys_enter_sched_getaffinity
sys_enter_mmap
sys_enter_munmap
sys_enter_mmap
sys_enter_mmap
sys_enter_mmap
sys_enter_mmap
sys_enter_mmap
sys_enter_mmap
sys_enter_rt_sigprocmask
sys_enter_sigaltstack
sys_enter_sigaltstack
sys_enter_gettid
sys_enter_rt_sigprocmask
sys_enter_rt_sigaction
sys_enter_rt_sigaction
sys_enter_rt_sigaction
sys_enter_rt_sigaction
sys_enter_rt_sigaction
sys_enter_rt_sigaction
sys_enter_rt_sigaction
sys_enter_rt_sigaction
sys_enter_rt_sigaction
sys_enter_rt_sigaction
sys_enter_rt_sigaction
sys_enter_rt_sigaction
sys_enter_rt_sigaction
sys_enter_rt_sigaction
sys_enter_rt_sigaction
sys_enter_rt_sigaction
sys_enter_rt_sigaction
sys_enter_rt_sigaction
sys_enter_rt_sigaction
sys_enter_rt_sigaction
sys_enter_rt_sigaction
sys_enter_rt_sigaction
sys_enter_rt_sigaction
sys_enter_rt_sigaction
sys_enter_rt_sigaction
sys_enter_rt_sigaction
sys_enter_rt_sigaction
sys_enter_rt_sigaction
sys_enter_rt_sigaction
sys_enter_rt_sigaction
sys_enter_rt_sigaction
sys_enter_rt_sigaction
sys_enter_rt_sigaction
sys_enter_rt_sigaction
sys_enter_rt_sigaction
sys_enter_rt_sigaction
sys_enter_rt_sigaction
sys_enter_rt_sigaction
sys_enter_rt_sigaction
sys_enter_rt_sigaction
sys_enter_rt_sigaction
sys_enter_rt_sigaction
sys_enter_rt_sigaction
sys_enter_rt_sigaction
sys_enter_rt_sigaction
sys_enter_rt_sigaction
sys_enter_rt_sigaction
sys_enter_rt_sigaction
sys_enter_rt_sigaction
sys_enter_rt_sigaction
sys_enter_rt_sigaction
sys_enter_rt_sigaction
sys_enter_rt_sigaction
sys_enter_rt_sigaction
sys_enter_rt_sigaction
sys_enter_rt_sigaction
sys_enter_rt_sigaction
sys_enter_rt_sigaction
sys_enter_rt_sigaction
sys_enter_rt_sigaction
sys_enter_rt_sigaction
sys_enter_rt_sigaction
sys_enter_rt_sigaction
sys_enter_rt_sigaction
sys_enter_rt_sigaction
sys_enter_rt_sigaction
sys_enter_rt_sigaction
sys_enter_rt_sigaction
sys_enter_rt_sigaction
sys_enter_rt_sigaction
sys_enter_rt_sigaction
sys_enter_rt_sigaction
sys_enter_rt_sigaction
sys_enter_rt_sigaction
sys_enter_rt_sigaction
sys_enter_rt_sigaction
sys_enter_rt_sigaction
sys_enter_rt_sigaction
sys_enter_rt_sigaction
sys_enter_rt_sigaction
sys_enter_rt_sigaction
sys_enter_rt_sigaction
sys_enter_rt_sigaction
sys_enter_rt_sigaction
sys_enter_rt_sigaction
sys_enter_rt_sigaction
sys_enter_rt_sigaction
sys_enter_rt_sigaction
sys_enter_rt_sigaction
sys_enter_rt_sigaction
sys_enter_rt_sigaction
sys_enter_rt_sigaction
sys_enter_rt_sigaction
sys_enter_rt_sigaction
sys_enter_rt_sigaction
sys_enter_rt_sigaction
sys_enter_rt_sigaction
sys_enter_rt_sigaction
sys_enter_rt_sigaction
sys_enter_rt_sigaction
sys_enter_rt_sigaction
sys_enter_rt_sigaction
sys_enter_rt_sigaction
sys_enter_rt_sigaction
sys_enter_rt_sigaction
sys_enter_rt_sigaction
sys_enter_rt_sigaction
sys_enter_rt_sigaction
sys_enter_rt_sigaction
sys_enter_rt_sigaction
sys_enter_rt_sigaction
sys_enter_rt_sigaction
sys_enter_rt_sigaction
sys_enter_rt_sigaction
sys_enter_rt_sigprocmask
sys_enter_clone
sys_enter_rt_sigprocmask
sys_enter_gettid
sys_enter_sigaltstack
sys_enter_sigaltstack
sys_enter_gettid
sys_enter_rt_sigprocmask
sys_enter_rt_sigprocmask
sys_enter_clone
sys_enter_rt_sigprocmask
sys_enter_gettid
sys_enter_sigaltstack
sys_enter_sigaltstack
sys_enter_gettid
sys_enter_rt_sigprocmask
sys_enter_clone
sys_enter_rt_sigprocmask
sys_enter_rt_sigprocmask
sys_enter_sched_yield
sys_enter_futex
sys_enter_futex
sys_enter_gettid
sys_enter_sigaltstack
sys_enter_sigaltstack
sys_enter_gettid
sys_enter_rt_sigprocmask
sys_enter_futex
sys_enter_futex
sys_enter_rt_sigprocmask
sys_enter_clone
sys_enter_rt_sigprocmask
sys_enter_futex
sys_enter_gettid
sys_enter_sigaltstack
sys_enter_sigaltstack
sys_enter_gettid
sys_enter_rt_sigprocmask
sys_enter_futex
sys_enter_futex
sys_enter_mmap
sys_enter_futex
sys_enter_futex
sys_enter_futex
sys_enter_openat
sys_enter_read
sys_enter_read
sys_enter_close
sys_enter_socket
sys_enter_close
sys_enter_socket
sys_enter_setsockopt
sys_enter_bind
sys_enter_socket
sys_enter_setsockopt
sys_enter_bind
sys_enter_close
sys_enter_close
sys_enter_getpid
sys_enter_getppid
sys_enter_mmap
sys_enter_mmap
sys_enter_getppid
sys_enter_openat
sys_enter_pipe2
sys_enter_getpid
sys_enter_clone
sys_enter_setsid
sys_enter_close
sys_enter_read
sys_enter_chdir
sys_enter_execve
sys_enter_close
sys_enter_exit_group
sys_enter_mmap
sys_enter_mmap
sys_enter_mprotect
sys_enter_mmap
sys_enter_mmap
sys_enter_mprotect
sys_enter_mmap
sys_enter_mprotect
sys_enter_mmap
sys_enter_mprotect
sys_enter_mmap
sys_enter_mmap
sys_enter_close
sys_enter_munmap
sys_enter_sched_getaffinity
sys_enter_mmap
sys_enter_munmap
sys_enter_mmap
sys_enter_mmap
sys_enter_mmap
sys_enter_mmap
sys_enter_mmap
sys_enter_mmap
sys_enter_rt_sigprocmask
sys_enter_sigaltstack
sys_enter_sigaltstack
sys_enter_gettid
sys_enter_rt_sigprocmask
sys_enter_rt_sigaction
sys_enter_rt_sigaction
sys_enter_rt_sigaction
sys_enter_rt_sigaction
sys_enter_rt_sigaction
sys_enter_rt_sigaction
sys_enter_rt_sigaction
sys_enter_rt_sigaction
sys_enter_rt_sigaction
sys_enter_rt_sigaction
sys_enter_rt_sigaction
sys_enter_rt_sigaction
sys_enter_rt_sigaction
sys_enter_rt_sigaction
sys_enter_rt_sigaction
sys_enter_rt_sigaction
sys_enter_rt_sigaction
sys_enter_rt_sigaction
sys_enter_rt_sigaction
sys_enter_rt_sigaction
sys_enter_rt_sigaction
sys_enter_rt_sigaction
sys_enter_rt_sigaction
sys_enter_rt_sigaction
sys_enter_rt_sigaction
sys_enter_rt_sigaction
sys_enter_rt_sigaction
sys_enter_rt_sigaction
sys_enter_rt_sigaction
sys_enter_rt_sigaction
sys_enter_rt_sigaction
sys_enter_rt_sigaction
sys_enter_rt_sigaction
sys_enter_rt_sigaction
sys_enter_rt_sigaction
sys_enter_rt_sigaction
sys_enter_rt_sigaction
sys_enter_rt_sigaction
sys_enter_rt_sigaction
sys_enter_rt_sigaction
sys_enter_rt_sigaction
sys_enter_rt_sigaction
sys_enter_rt_sigaction
sys_enter_rt_sigaction
sys_enter_rt_sigaction
sys_enter_rt_sigaction
sys_enter_rt_sigaction
sys_enter_rt_sigaction
sys_enter_rt_sigaction
sys_enter_rt_sigaction
sys_enter_rt_sigaction
sys_enter_rt_sigaction
sys_enter_rt_sigaction
sys_enter_rt_sigaction
sys_enter_rt_sigaction
sys_enter_rt_sigaction
sys_enter_rt_sigaction
sys_enter_rt_sigaction
sys_enter_rt_sigaction
sys_enter_rt_sigaction
sys_enter_rt_sigaction
sys_enter_rt_sigaction
sys_enter_rt_sigaction
sys_enter_rt_sigaction
sys_enter_rt_sigaction
sys_enter_rt_sigaction
sys_enter_rt_sigaction
sys_enter_rt_sigaction
sys_enter_rt_sigaction
sys_enter_rt_sigaction
sys_enter_rt_sigaction
sys_enter_rt_sigaction
sys_enter_rt_sigaction
sys_enter_rt_sigaction
sys_enter_rt_sigaction
sys_enter_rt_sigaction
sys_enter_rt_sigaction
sys_enter_rt_sigaction
sys_enter_rt_sigaction
sys_enter_rt_sigaction
sys_enter_rt_sigaction
sys_enter_rt_sigaction
sys_enter_rt_sigaction
sys_enter_rt_sigaction
sys_enter_rt_sigaction
sys_enter_rt_sigaction
sys_enter_rt_sigaction
sys_enter_rt_sigaction
sys_enter_rt_sigaction
sys_enter_rt_sigaction
sys_enter_rt_sigaction
sys_enter_rt_sigaction
sys_enter_rt_sigaction
sys_enter_rt_sigaction
sys_enter_rt_sigaction
sys_enter_rt_sigaction
sys_enter_rt_sigaction
sys_enter_rt_sigaction
sys_enter_rt_sigaction
sys_enter_rt_sigaction
sys_enter_rt_sigaction
sys_enter_rt_sigaction
sys_enter_rt_sigaction
sys_enter_rt_sigaction
sys_enter_rt_sigaction
sys_enter_rt_sigaction
sys_enter_rt_sigaction
sys_enter_rt_sigaction
sys_enter_rt_sigaction
sys_enter_rt_sigaction
sys_enter_rt_sigaction
sys_enter_rt_sigaction
sys_enter_rt_sigaction
sys_enter_rt_sigaction
sys_enter_rt_sigprocmask
sys_enter_clone
sys_enter_rt_sigprocmask
sys_enter_gettid
sys_enter_sigaltstack
sys_enter_sigaltstack
sys_enter_gettid
sys_enter_rt_sigprocmask
sys_enter_rt_sigprocmask
sys_enter_clone
sys_enter_rt_sigprocmask
sys_enter_gettid
sys_enter_sigaltstack
sys_enter_sigaltstack
sys_enter_gettid
sys_enter_rt_sigprocmask
sys_enter_rt_sigprocmask
sys_enter_clone
sys_enter_rt_sigprocmask
sys_enter_clone
sys_enter_rt_sigprocmask
sys_enter_rt_sigprocmask
sys_enter_futex
sys_enter_gettid
sys_enter_sigaltstack
sys_enter_sigaltstack
sys_enter_gettid
sys_enter_rt_sigprocmask
sys_enter_gettid
sys_enter_futex
sys_enter_sigaltstack
sys_enter_sigaltstack
sys_enter_futex
sys_enter_gettid
sys_enter_rt_sigprocmask
sys_enter_futex
sys_enter_futex
sys_enter_futex
sys_enter_mmap
sys_enter_futex
sys_enter_futex
sys_enter_futex
sys_enter_openat
sys_enter_read
sys_enter_read
sys_enter_close
sys_enter_socket
sys_enter_close
sys_enter_socket
sys_enter_setsockopt
sys_enter_bind
sys_enter_socket
sys_enter_setsockopt
sys_enter_bind
sys_enter_close
sys_enter_close
sys_enter_getpid
sys_enter_getppid
sys_enter_mmap
sys_enter_mmap
sys_enter_getppid
sys_enter_openat
sys_enter_pipe2
sys_enter_getpid
sys_enter_clone
sys_enter_setsid
sys_enter_close
sys_enter_read
sys_enter_chdir
sys_enter_execve
sys_enter_close
sys_enter_exit_group
sys_enter_mmap
sys_enter_mmap
sys_enter_mprotect
sys_enter_mmap
sys_enter_mmap
sys_enter_mprotect
sys_enter_mmap
sys_enter_mprotect
sys_enter_mmap
sys_enter_mprotect
sys_enter_mmap
sys_enter_mmap
sys_enter_close
sys_enter_munmap
sys_enter_sched_getaffinity
sys_enter_mmap
sys_enter_munmap
sys_enter_mmap
sys_enter_mmap
sys_enter_mmap
sys_enter_mmap
sys_enter_mmap
sys_enter_mmap
sys_enter_rt_sigprocmask
sys_enter_sigaltstack
sys_enter_sigaltstack
sys_enter_gettid
sys_enter_rt_sigprocmask
sys_enter_rt_sigaction
sys_enter_rt_sigaction
sys_enter_rt_sigaction
sys_enter_rt_sigaction
sys_enter_rt_sigaction
sys_enter_rt_sigaction
sys_enter_rt_sigaction
sys_enter_rt_sigaction
sys_enter_rt_sigaction
sys_enter_rt_sigaction
sys_enter_rt_sigaction
sys_enter_rt_sigaction
sys_enter_rt_sigaction
sys_enter_rt_sigaction
sys_enter_rt_sigaction
sys_enter_rt_sigaction
sys_enter_rt_sigaction
sys_enter_rt_sigaction
sys_enter_rt_sigaction
sys_enter_rt_sigaction
sys_enter_rt_sigaction
sys_enter_rt_sigaction
sys_enter_rt_sigaction
sys_enter_rt_sigaction
sys_enter_rt_sigaction
sys_enter_rt_sigaction
sys_enter_rt_sigaction
sys_enter_rt_sigaction
sys_enter_rt_sigaction
sys_enter_rt_sigaction
sys_enter_rt_sigaction
sys_enter_rt_sigaction
sys_enter_rt_sigaction
sys_enter_rt_sigaction
sys_enter_rt_sigaction
sys_enter_rt_sigaction
sys_enter_rt_sigaction
sys_enter_rt_sigaction
sys_enter_rt_sigaction
sys_enter_rt_sigaction
sys_enter_rt_sigaction
sys_enter_rt_sigaction
sys_enter_rt_sigaction
sys_enter_rt_sigaction
sys_enter_rt_sigaction
sys_enter_rt_sigaction
sys_enter_rt_sigaction
sys_enter_rt_sigaction
sys_enter_rt_sigaction
sys_enter_rt_sigaction
sys_enter_rt_sigaction
sys_enter_rt_sigaction
sys_enter_rt_sigaction
sys_enter_rt_sigaction
sys_enter_rt_sigaction
sys_enter_rt_sigaction
sys_enter_rt_sigaction
sys_enter_rt_sigaction
sys_enter_rt_sigaction
sys_enter_rt_sigaction
sys_enter_rt_sigaction
sys_enter_rt_sigaction
sys_enter_rt_sigaction
sys_enter_rt_sigaction
sys_enter_rt_sigaction
sys_enter_rt_sigaction
sys_enter_rt_sigaction
sys_enter_rt_sigaction
sys_enter_rt_sigaction
sys_enter_rt_sigaction
sys_enter_rt_sigaction
sys_enter_rt_sigaction
sys_enter_rt_sigaction
sys_enter_rt_sigaction
sys_enter_rt_sigaction
sys_enter_rt_sigaction
sys_enter_rt_sigaction
sys_enter_rt_sigaction
sys_enter_rt_sigaction
sys_enter_rt_sigaction
sys_enter_rt_sigaction
sys_enter_rt_sigaction
sys_enter_rt_sigaction
sys_enter_rt_sigaction
sys_enter_rt_sigaction
sys_enter_rt_sigaction
sys_enter_rt_sigaction
sys_enter_rt_sigaction
sys_enter_rt_sigaction
sys_enter_rt_sigaction
sys_enter_rt_sigaction
sys_enter_rt_sigaction
sys_enter_rt_sigaction
sys_enter_rt_sigaction
sys_enter_rt_sigaction
sys_enter_rt_sigaction
sys_enter_rt_sigaction
sys_enter_rt_sigaction
sys_enter_rt_sigaction
sys_enter_rt_sigaction
sys_enter_rt_sigaction
sys_enter_rt_sigaction
sys_enter_rt_sigaction
sys_enter_rt_sigaction
sys_enter_rt_sigaction
sys_enter_rt_sigaction
sys_enter_rt_sigaction
sys_enter_rt_sigaction
sys_enter_rt_sigaction
sys_enter_rt_sigaction
sys_enter_rt_sigaction
sys_enter_rt_sigaction
sys_enter_rt_sigaction
sys_enter_rt_sigaction
sys_enter_rt_sigprocmask
sys_enter_clone
sys_enter_rt_sigprocmask
sys_enter_gettid
sys_enter_sigaltstack
sys_enter_sigaltstack
sys_enter_gettid
sys_enter_rt_sigprocmask
sys_enter_rt_sigprocmask
sys_enter_clone
sys_enter_rt_sigprocmask
sys_enter_gettid
sys_enter_sigaltstack
sys_enter_sigaltstack
sys_enter_rt_sigprocmask
sys_enter_clone
sys_enter_gettid
sys_enter_rt_sigprocmask
sys_enter_rt_sigprocmask
sys_enter_sched_yield
sys_enter_futex
sys_enter_futex
sys_enter_gettid
sys_enter_sigaltstack
sys_enter_sigaltstack
sys_enter_rt_sigprocmask
sys_enter_clone
sys_enter_gettid
sys_enter_rt_sigprocmask
sys_enter_futex
sys_enter_futex
sys_enter_rt_sigprocmask
sys_enter_futex
sys_enter_gettid
sys_enter_sigaltstack
sys_enter_sigaltstack
sys_enter_gettid
sys_enter_rt_sigprocmask
sys_enter_futex
sys_enter_futex
sys_enter_mmap
sys_enter_futex
sys_enter_futex
sys_enter_futex
sys_enter_openat
sys_enter_futex
sys_enter_futex
sys_enter_read
sys_enter_read
sys_enter_close
sys_enter_socket
sys_enter_close
sys_enter_socket
sys_enter_setsockopt
sys_enter_bind
sys_enter_socket
sys_enter_setsockopt
sys_enter_bind
sys_enter_close
sys_enter_close
sys_enter_getpid
sys_enter_getppid
sys_enter_mmap
sys_enter_mmap
sys_enter_getppid
sys_enter_openat
sys_enter_pipe2
sys_enter_getpid
sys_enter_clone
sys_enter_setsid
sys_enter_close
sys_enter_read
sys_enter_chdir
sys_enter_execve
sys_enter_close
sys_enter_exit_group
sys_enter_mmap
sys_enter_mmap
sys_enter_mprotect
sys_enter_mmap
sys_enter_mmap
sys_enter_mprotect
sys_enter_mmap
sys_enter_mprotect
sys_enter_mmap
sys_enter_mprotect
sys_enter_mmap
sys_enter_mmap
sys_enter_close
sys_enter_munmap
sys_enter_sched_getaffinity
sys_enter_mmap
sys_enter_munmap
sys_enter_mmap
sys_enter_mmap
sys_enter_mmap
sys_enter_mmap
sys_enter_mmap
sys_enter_mmap
sys_enter_rt_sigprocmask
sys_enter_sigaltstack
sys_enter_sigaltstack
sys_enter_gettid
sys_enter_rt_sigprocmask
sys_enter_rt_sigaction
sys_enter_rt_sigaction
sys_enter_rt_sigaction
sys_enter_rt_sigaction
sys_enter_rt_sigaction
sys_enter_rt_sigaction
sys_enter_rt_sigaction
sys_enter_rt_sigaction
sys_enter_rt_sigaction
sys_enter_rt_sigaction
sys_enter_rt_sigaction
sys_enter_rt_sigaction
sys_enter_rt_sigaction
sys_enter_rt_sigaction
sys_enter_rt_sigaction
sys_enter_rt_sigaction
sys_enter_rt_sigaction
sys_enter_rt_sigaction
sys_enter_rt_sigaction
sys_enter_rt_sigaction
sys_enter_rt_sigaction
sys_enter_rt_sigaction
sys_enter_rt_sigaction
sys_enter_rt_sigaction
sys_enter_rt_sigaction
sys_enter_rt_sigaction
sys_enter_rt_sigaction
sys_enter_rt_sigaction
sys_enter_rt_sigaction
sys_enter_rt_sigaction
sys_enter_rt_sigaction
sys_enter_rt_sigaction
sys_enter_rt_sigaction
sys_enter_rt_sigaction
sys_enter_rt_sigaction
sys_enter_rt_sigaction
sys_enter_rt_sigaction
sys_enter_rt_sigaction
sys_enter_rt_sigaction
sys_enter_rt_sigaction
sys_enter_rt_sigaction
sys_enter_rt_sigaction
sys_enter_rt_sigaction
sys_enter_rt_sigaction
sys_enter_rt_sigaction
sys_enter_rt_sigaction
sys_enter_rt_sigaction
sys_enter_rt_sigaction
sys_enter_rt_sigaction
sys_enter_rt_sigaction
sys_enter_rt_sigaction
sys_enter_rt_sigaction
sys_enter_rt_sigaction
sys_enter_rt_sigaction
sys_enter_rt_sigaction
sys_enter_rt_sigaction
sys_enter_rt_sigaction
sys_enter_rt_sigaction
sys_enter_rt_sigaction
sys_enter_rt_sigaction
sys_enter_rt_sigaction
sys_enter_rt_sigaction
sys_enter_rt_sigaction
sys_enter_rt_sigaction
sys_enter_rt_sigaction
sys_enter_rt_sigaction
sys_enter_rt_sigaction
sys_enter_rt_sigaction
sys_enter_rt_sigaction
sys_enter_rt_sigaction
sys_enter_rt_sigaction
sys_enter_rt_sigaction
sys_enter_rt_sigaction
sys_enter_rt_sigaction
sys_enter_rt_sigaction
sys_enter_rt_sigaction
sys_enter_rt_sigaction
sys_enter_rt_sigaction
sys_enter_rt_sigaction
sys_enter_rt_sigaction
sys_enter_rt_sigaction
sys_enter_rt_sigaction
sys_enter_rt_sigaction
sys_enter_rt_sigaction
sys_enter_rt_sigaction
sys_enter_rt_sigaction
sys_enter_rt_sigaction
sys_enter_rt_sigaction
sys_enter_rt_sigaction
sys_enter_rt_sigaction
sys_enter_rt_sigaction
sys_enter_rt_sigaction
sys_enter_rt_sigaction
sys_enter_rt_sigaction
sys_enter_rt_sigaction
sys_enter_rt_sigaction
sys_enter_rt_sigaction
sys_enter_rt_sigaction
sys_enter_rt_sigaction
sys_enter_rt_sigaction
sys_enter_rt_sigaction
sys_enter_rt_sigaction
sys_enter_rt_sigaction
sys_enter_rt_sigaction
sys_enter_rt_sigaction
sys_enter_rt_sigaction
sys_enter_rt_sigaction
sys_enter_rt_sigaction
sys_enter_rt_sigaction
sys_enter_rt_sigaction
sys_enter_rt_sigaction
sys_enter_rt_sigaction
sys_enter_rt_sigaction
sys_enter_rt_sigaction
sys_enter_rt_sigprocmask
sys_enter_clone
sys_enter_rt_sigprocmask
sys_enter_gettid
sys_enter_sigaltstack
sys_enter_sigaltstack
sys_enter_gettid
sys_enter_rt_sigprocmask
sys_enter_rt_sigprocmask
sys_enter_clone
sys_enter_rt_sigprocmask
sys_enter_gettid
sys_enter_sigaltstack
sys_enter_sigaltstack
sys_enter_gettid
sys_enter_rt_sigprocmask
sys_enter_rt_sigprocmask
sys_enter_clone
sys_enter_rt_sigprocmask
sys_enter_clone
sys_enter_rt_sigprocmask
sys_enter_rt_sigprocmask
sys_enter_futex
sys_enter_gettid
sys_enter_sigaltstack
sys_enter_sigaltstack
sys_enter_gettid
sys_enter_gettid
sys_enter_rt_sigprocmask
sys_enter_futex
sys_enter_futex
sys_enter_sigaltstack
sys_enter_sigaltstack
sys_enter_gettid
sys_enter_rt_sigprocmask
sys_enter_futex
sys_enter_futex
sys_enter_futex
sys_enter_mmap
sys_enter_futex
sys_enter_futex
sys_enter_futex
sys_enter_openat
sys_enter_read
sys_enter_read
sys_enter_close
sys_enter_socket
sys_enter_close
sys_enter_socket
sys_enter_setsockopt
sys_enter_bind
sys_enter_socket
sys_enter_setsockopt
sys_enter_bind
sys_enter_close
sys_enter_close
sys_enter_getpid
sys_enter_getppid
sys_enter_mmap
sys_enter_mmap
sys_enter_getppid
sys_enter_openat
sys_enter_pipe2
sys_enter_getpid
sys_enter_clone
sys_enter_setsid
sys_enter_close
sys_enter_read
sys_enter_chdir
sys_enter_execve
sys_enter_close
sys_enter_exit_group
sys_enter_mmap
sys_enter_mmap
sys_enter_mprotect
sys_enter_mmap
sys_enter_mmap
sys_enter_mprotect
sys_enter_mmap
sys_enter_mprotect
sys_enter_mmap
sys_enter_mprotect
sys_enter_mmap
sys_enter_mmap
sys_enter_close
sys_enter_munmap
sys_enter_sched_getaffinity
sys_enter_mmap
sys_enter_munmap
sys_enter_mmap
sys_enter_mmap
sys_enter_mmap
sys_enter_mmap
sys_enter_mmap
sys_enter_mmap
sys_enter_rt_sigprocmask
sys_enter_sigaltstack
sys_enter_sigaltstack
sys_enter_gettid
sys_enter_rt_sigprocmask
sys_enter_rt_sigaction
sys_enter_rt_sigaction
sys_enter_rt_sigaction
sys_enter_rt_sigaction
sys_enter_rt_sigaction
sys_enter_rt_sigaction
sys_enter_rt_sigaction
sys_enter_rt_sigaction
sys_enter_rt_sigaction
sys_enter_rt_sigaction
sys_enter_rt_sigaction
sys_enter_rt_sigaction
sys_enter_rt_sigaction
sys_enter_rt_sigaction
sys_enter_rt_sigaction
sys_enter_rt_sigaction
sys_enter_rt_sigaction
sys_enter_rt_sigaction
sys_enter_rt_sigaction
sys_enter_rt_sigaction
sys_enter_rt_sigaction
sys_enter_rt_sigaction
sys_enter_rt_sigaction
sys_enter_rt_sigaction
sys_enter_rt_sigaction
sys_enter_rt_sigaction
sys_enter_rt_sigaction
sys_enter_rt_sigaction
sys_enter_rt_sigaction
sys_enter_rt_sigaction
sys_enter_rt_sigaction
sys_enter_rt_sigaction
sys_enter_rt_sigaction
sys_enter_rt_sigaction
sys_enter_rt_sigaction
sys_enter_rt_sigaction
sys_enter_rt_sigaction
sys_enter_rt_sigaction
sys_enter_rt_sigaction
sys_enter_rt_sigaction
sys_enter_rt_sigaction
sys_enter_rt_sigaction
sys_enter_rt_sigaction
sys_enter_rt_sigaction
sys_enter_rt_sigaction
sys_enter_rt_sigaction
sys_enter_rt_sigaction
sys_enter_rt_sigaction
sys_enter_rt_sigaction
sys_enter_rt_sigaction
sys_enter_rt_sigaction
sys_enter_rt_sigaction
sys_enter_rt_sigaction
sys_enter_rt_sigaction
sys_enter_rt_sigaction
sys_enter_rt_sigaction
sys_enter_rt_sigaction
sys_enter_rt_sigaction
sys_enter_rt_sigaction
sys_enter_rt_sigaction
sys_enter_rt_sigaction
sys_enter_rt_sigaction
sys_enter_rt_sigaction
sys_enter_rt_sigaction
sys_enter_rt_sigaction
sys_enter_rt_sigaction
sys_enter_rt_sigaction
sys_enter_rt_sigaction
sys_enter_rt_sigaction
sys_enter_rt_sigaction
sys_enter_rt_sigaction
sys_enter_rt_sigaction
sys_enter_rt_sigaction
sys_enter_rt_sigaction
sys_enter_rt_sigaction
sys_enter_rt_sigaction
sys_enter_rt_sigaction
sys_enter_rt_sigaction
sys_enter_rt_sigaction
sys_enter_rt_sigaction
sys_enter_rt_sigaction
sys_enter_rt_sigaction
sys_enter_rt_sigaction
sys_enter_rt_sigaction
sys_enter_rt_sigaction
sys_enter_rt_sigaction
sys_enter_rt_sigaction
sys_enter_rt_sigaction
sys_enter_rt_sigaction
sys_enter_rt_sigaction
sys_enter_rt_sigaction
sys_enter_rt_sigaction
sys_enter_rt_sigaction
sys_enter_rt_sigaction
sys_enter_rt_sigaction
sys_enter_rt_sigaction
sys_enter_rt_sigaction
sys_enter_rt_sigaction
sys_enter_rt_sigaction
sys_enter_rt_sigaction
sys_enter_rt_sigaction
sys_enter_rt_sigaction
sys_enter_rt_sigaction
sys_enter_rt_sigaction
sys_enter_rt_sigaction
sys_enter_rt_sigaction
sys_enter_rt_sigaction
sys_enter_rt_sigaction
sys_enter_rt_sigaction
sys_enter_rt_sigaction
sys_enter_rt_sigaction
sys_enter_rt_sigaction
sys_enter_rt_sigaction
sys_enter_rt_sigaction
sys_enter_rt_sigprocmask
sys_enter_clone
sys_enter_rt_sigprocmask
sys_enter_gettid
sys_enter_sigaltstack
sys_enter_sigaltstack
sys_enter_gettid
sys_enter_rt_sigprocmask
sys_enter_rt_sigprocmask
sys_enter_clone
sys_enter_rt_sigprocmask
sys_enter_gettid
sys_enter_sigaltstack
sys_enter_sigaltstack
sys_enter_gettid
sys_enter_rt_sigprocmask
sys_enter_rt_sigprocmask
sys_enter_clone
sys_enter_rt_sigprocmask
sys_enter_futex
sys_enter_rt_sigprocmask
sys_enter_clone
sys_enter_gettid
sys_enter_sigaltstack
sys_enter_sigaltstack
sys_enter_gettid
sys_enter_rt_sigprocmask
sys_enter_gettid
sys_enter_rt_sigprocmask
sys_enter_sigaltstack
sys_enter_sigaltstack
sys_enter_gettid
sys_enter_futex
sys_enter_rt_sigprocmask
sys_enter_futex
sys_enter_futex
sys_enter_futex
sys_enter_futex
sys_enter_mmap
sys_enter_futex
sys_enter_futex
sys_enter_futex
sys_enter_openat
sys_enter_read
sys_enter_read
sys_enter_close
sys_enter_socket
sys_enter_close
sys_enter_socket
sys_enter_setsockopt
sys_enter_bind
sys_enter_socket
sys_enter_setsockopt
sys_enter_bind
sys_enter_close
sys_enter_close
sys_enter_getpid
sys_enter_getppid
sys_enter_mmap
sys_enter_mmap
sys_enter_getppid
sys_enter_openat
sys_enter_pipe2
sys_enter_getpid
sys_enter_clone
sys_enter_setsid
sys_enter_close
sys_enter_read
sys_enter_chdir
sys_enter_execve
sys_enter_close
sys_enter_mmap
sys_enter_exit_group
sys_enter_mmap
sys_enter_mprotect
sys_enter_mmap
sys_enter_mmap
sys_enter_mprotect
sys_enter_mmap
sys_enter_mprotect
sys_enter_mmap
sys_enter_mprotect
sys_enter_mmap
sys_enter_mmap
sys_enter_close
sys_enter_munmap
sys_enter_sched_getaffinity
sys_enter_mmap
sys_enter_munmap
sys_enter_mmap
sys_enter_mmap
sys_enter_mmap
sys_enter_mmap
sys_enter_mmap
sys_enter_mmap
sys_enter_rt_sigprocmask
sys_enter_sigaltstack
sys_enter_sigaltstack
sys_enter_gettid
sys_enter_rt_sigprocmask
sys_enter_rt_sigaction
sys_enter_rt_sigaction
sys_enter_rt_sigaction
sys_enter_rt_sigaction
sys_enter_rt_sigaction
sys_enter_rt_sigaction
sys_enter_rt_sigaction
sys_enter_rt_sigaction
sys_enter_rt_sigaction
sys_enter_rt_sigaction
sys_enter_rt_sigaction
sys_enter_rt_sigaction
sys_enter_rt_sigaction
sys_enter_rt_sigaction
sys_enter_rt_sigaction
sys_enter_rt_sigaction
sys_enter_rt_sigaction
sys_enter_rt_sigaction
sys_enter_rt_sigaction
sys_enter_rt_sigaction
sys_enter_rt_sigaction
sys_enter_rt_sigaction
sys_enter_rt_sigaction
sys_enter_rt_sigaction
sys_enter_rt_sigaction
sys_enter_rt_sigaction
sys_enter_rt_sigaction
sys_enter_rt_sigaction
sys_enter_rt_sigaction
sys_enter_rt_sigaction
sys_enter_rt_sigaction
sys_enter_rt_sigaction
sys_enter_rt_sigaction
sys_enter_rt_sigaction
sys_enter_rt_sigaction
sys_enter_rt_sigaction
sys_enter_rt_sigaction
sys_enter_rt_sigaction
sys_enter_rt_sigaction
sys_enter_rt_sigaction
sys_enter_rt_sigaction
sys_enter_rt_sigaction
sys_enter_rt_sigaction
sys_enter_rt_sigaction
sys_enter_rt_sigaction
sys_enter_rt_sigaction
sys_enter_rt_sigaction
sys_enter_rt_sigaction
sys_enter_rt_sigaction
sys_enter_rt_sigaction
sys_enter_rt_sigaction
sys_enter_rt_sigaction
sys_enter_rt_sigaction
sys_enter_rt_sigaction
sys_enter_rt_sigaction
sys_enter_rt_sigaction
sys_enter_rt_sigaction
sys_enter_rt_sigaction
sys_enter_rt_sigaction
sys_enter_rt_sigaction
sys_enter_rt_sigaction
sys_enter_rt_sigaction
sys_enter_rt_sigaction
sys_enter_rt_sigaction
sys_enter_rt_sigaction
sys_enter_rt_sigaction
sys_enter_rt_sigaction
sys_enter_rt_sigaction
sys_enter_rt_sigaction
sys_enter_rt_sigaction
sys_enter_rt_sigaction
sys_enter_rt_sigaction
sys_enter_rt_sigaction
sys_enter_rt_sigaction
sys_enter_rt_sigaction
sys_enter_rt_sigaction
sys_enter_rt_sigaction
sys_enter_rt_sigaction
sys_enter_rt_sigaction
sys_enter_rt_sigaction
sys_enter_rt_sigaction
sys_enter_rt_sigaction
sys_enter_rt_sigaction
sys_enter_rt_sigaction
sys_enter_rt_sigaction
sys_enter_rt_sigaction
sys_enter_rt_sigaction
sys_enter_rt_sigaction
sys_enter_rt_sigaction
sys_enter_rt_sigaction
sys_enter_rt_sigaction
sys_enter_rt_sigaction
sys_enter_rt_sigaction
sys_enter_rt_sigaction
sys_enter_rt_sigaction
sys_enter_rt_sigaction
sys_enter_rt_sigaction
sys_enter_rt_sigaction
sys_enter_rt_sigaction
sys_enter_rt_sigaction
sys_enter_rt_sigaction
sys_enter_rt_sigaction
sys_enter_rt_sigaction
sys_enter_rt_sigaction
sys_enter_rt_sigaction
sys_enter_rt_sigaction
sys_enter_rt_sigaction
sys_enter_rt_sigaction
sys_enter_rt_sigaction
sys_enter_rt_sigaction
sys_enter_rt_sigaction
sys_enter_rt_sigaction
sys_enter_rt_sigaction
sys_enter_rt_sigaction
sys_enter_rt_sigprocmask
sys_enter_clone
sys_enter_rt_sigprocmask
sys_enter_gettid
sys_enter_sigaltstack
sys_enter_sigaltstack
sys_enter_gettid
sys_enter_rt_sigprocmask
sys_enter_rt_sigprocmask
sys_enter_clone
sys_enter_rt_sigprocmask
sys_enter_gettid
sys_enter_sigaltstack
sys_enter_sigaltstack
sys_enter_rt_sigprocmask
sys_enter_gettid
sys_enter_rt_sigprocmask
sys_enter_clone
sys_enter_rt_sigprocmask
sys_enter_sched_yield
sys_enter_gettid
sys_enter_futex
sys_enter_sigaltstack
sys_enter_sigaltstack
sys_enter_gettid
sys_enter_futex
sys_enter_rt_sigprocmask
sys_enter_futex
sys_enter_futex
sys_enter_gettid
sys_enter_sigaltstack
sys_enter_sigaltstack
sys_enter_futex
sys_enter_rt_sigprocmask
sys_enter_clone
sys_enter_rt_sigprocmask
sys_enter_futex
sys_enter_gettid
sys_enter_rt_sigprocmask
sys_enter_mmap
sys_enter_futex
sys_enter_futex
sys_enter_futex
sys_enter_openat
sys_enter_futex
sys_enter_futex
sys_enter_read
sys_enter_read
sys_enter_close
sys_enter_socket
sys_enter_close
sys_enter_socket
sys_enter_setsockopt
sys_enter_bind
sys_enter_socket
sys_enter_setsockopt
sys_enter_bind
sys_enter_close
sys_enter_close
sys_enter_getpid
sys_enter_getppid
sys_enter_mmap
sys_enter_mmap
sys_enter_getppid
sys_enter_openat
sys_enter_pipe2
sys_enter_getpid
sys_enter_clone
sys_enter_setsid
sys_enter_close
sys_enter_read
sys_enter_chdir
sys_enter_execve
sys_enter_close
sys_enter_mmap
sys_enter_exit_group
sys_enter_mmap
sys_enter_mprotect
sys_enter_mmap
sys_enter_mmap
sys_enter_mprotect
sys_enter_mmap
sys_enter_mprotect
sys_enter_mmap
sys_enter_mprotect
sys_enter_mmap
sys_enter_mmap
sys_enter_close
sys_enter_munmap
sys_enter_sched_getaffinity
sys_enter_mmap
sys_enter_munmap
sys_enter_mmap
sys_enter_mmap
sys_enter_mmap
sys_enter_mmap
sys_enter_mmap
sys_enter_mmap
sys_enter_rt_sigprocmask
sys_enter_sigaltstack
sys_enter_sigaltstack
sys_enter_gettid
sys_enter_rt_sigprocmask
sys_enter_rt_sigaction
sys_enter_rt_sigaction
sys_enter_rt_sigaction
sys_enter_rt_sigaction
sys_enter_rt_sigaction
sys_enter_rt_sigaction
sys_enter_rt_sigaction
sys_enter_rt_sigaction
sys_enter_rt_sigaction
sys_enter_rt_sigaction
sys_enter_rt_sigaction
sys_enter_rt_sigaction
sys_enter_rt_sigaction
sys_enter_rt_sigaction
sys_enter_rt_sigaction
sys_enter_rt_sigaction
sys_enter_rt_sigaction
sys_enter_rt_sigaction
sys_enter_rt_sigaction
sys_enter_rt_sigaction
sys_enter_rt_sigaction
sys_enter_rt_sigaction
sys_enter_rt_sigaction
sys_enter_rt_sigaction
sys_enter_rt_sigaction
sys_enter_rt_sigaction
sys_enter_rt_sigaction
sys_enter_rt_sigaction
sys_enter_rt_sigaction
sys_enter_rt_sigaction
sys_enter_rt_sigaction
sys_enter_rt_sigaction
sys_enter_rt_sigaction
sys_enter_rt_sigaction
sys_enter_rt_sigaction
sys_enter_rt_sigaction
sys_enter_rt_sigaction
sys_enter_rt_sigaction
sys_enter_rt_sigaction
sys_enter_rt_sigaction
sys_enter_rt_sigaction
sys_enter_rt_sigaction
sys_enter_rt_sigaction
sys_enter_rt_sigaction
sys_enter_rt_sigaction
sys_enter_rt_sigaction
sys_enter_rt_sigaction
sys_enter_rt_sigaction
sys_enter_rt_sigaction
sys_enter_rt_sigaction
sys_enter_rt_sigaction
sys_enter_rt_sigaction
sys_enter_rt_sigaction
sys_enter_rt_sigaction
sys_enter_rt_sigaction
sys_enter_rt_sigaction
sys_enter_rt_sigaction
sys_enter_rt_sigaction
sys_enter_rt_sigaction
sys_enter_rt_sigaction
sys_enter_rt_sigaction
sys_enter_rt_sigaction
sys_enter_rt_sigaction
sys_enter_rt_sigaction
sys_enter_rt_sigaction
sys_enter_rt_sigaction
sys_enter_rt_sigaction
sys_enter_rt_sigaction
sys_enter_rt_sigaction
sys_enter_rt_sigaction
sys_enter_rt_sigaction
sys_enter_rt_sigaction
sys_enter_rt_sigaction
sys_enter_rt_sigaction
sys_enter_rt_sigaction
sys_enter_rt_sigaction
sys_enter_rt_sigaction
sys_enter_rt_sigaction
sys_enter_rt_sigaction
sys_enter_rt_sigaction
sys_enter_rt_sigaction
sys_enter_rt_sigaction
sys_enter_rt_sigaction
sys_enter_rt_sigaction
sys_enter_rt_sigaction
sys_enter_rt_sigaction
sys_enter_rt_sigaction
sys_enter_rt_sigaction
sys_enter_rt_sigaction
sys_enter_rt_sigaction
sys_enter_rt_sigaction
sys_enter_rt_sigaction
sys_enter_rt_sigaction
sys_enter_rt_sigaction
sys_enter_rt_sigaction
sys_enter_rt_sigaction
sys_enter_rt_sigaction
sys_enter_rt_sigaction
sys_enter_rt_sigaction
sys_enter_rt_sigaction
sys_enter_rt_sigaction
sys_enter_rt_sigaction
sys_enter_rt_sigaction
sys_enter_rt_sigaction
sys_enter_rt_sigaction
sys_enter_rt_sigaction
sys_enter_rt_sigaction
sys_enter_rt_sigaction
sys_enter_rt_sigaction
sys_enter_rt_sigaction
sys_enter_rt_sigaction
sys_enter_rt_sigaction
sys_enter_rt_sigaction
sys_enter_rt_sigaction
sys_enter_rt_sigprocmask
sys_enter_clone
sys_enter_rt_sigprocmask
sys_enter_gettid
sys_enter_sigaltstack
sys_enter_sigaltstack
sys_enter_gettid
sys_enter_rt_sigprocmask
sys_enter_rt_sigprocmask
sys_enter_clone
sys_enter_rt_sigprocmask
sys_enter_rt_sigprocmask
sys_enter_clone
sys_enter_rt_sigprocmask
sys_enter_sched_yield
sys_enter_futex
sys_enter_futex
sys_enter_gettid
sys_enter_sigaltstack
sys_enter_sigaltstack
sys_enter_gettid
sys_enter_rt_sigprocmask
sys_enter_rt_sigprocmask
sys_enter_clone
sys_enter_rt_sigprocmask
sys_enter_gettid
sys_enter_sigaltstack
sys_enter_sigaltstack
sys_enter_gettid
sys_enter_rt_sigprocmask
sys_enter_futex
sys_enter_futex
sys_enter_futex
sys_enter_gettid
sys_enter_sigaltstack
sys_enter_sigaltstack
sys_enter_gettid
sys_enter_rt_sigprocmask
sys_enter_futex
sys_enter_futex
sys_enter_mmap
sys_enter_futex
sys_enter_futex
sys_enter_futex
sys_enter_openat
sys_enter_read
sys_enter_read
sys_enter_close
sys_enter_socket
sys_enter_close
sys_enter_socket
sys_enter_setsockopt
sys_enter_bind
sys_enter_socket
sys_enter_setsockopt
sys_enter_bind
sys_enter_close
sys_enter_close
sys_enter_getpid
sys_enter_getppid
sys_enter_mmap
sys_enter_mmap
sys_enter_getppid
sys_enter_openat
sys_enter_pipe2
sys_enter_getpid
sys_enter_clone
sys_enter_setsid
sys_enter_close
sys_enter_read
sys_enter_chdir
sys_enter_execve
sys_enter_close
sys_enter_exit_group
sys_enter_mmap
sys_enter_mmap
sys_enter_mprotect
sys_enter_mmap
sys_enter_mmap
sys_enter_mprotect
sys_enter_mmap
sys_enter_mprotect
sys_enter_mmap
sys_enter_mprotect
sys_enter_mmap
sys_enter_mmap
sys_enter_close
sys_enter_munmap
sys_enter_sched_getaffinity
sys_enter_mmap
sys_enter_munmap
sys_enter_mmap
sys_enter_mmap
sys_enter_mmap
sys_enter_mmap
sys_enter_mmap
sys_enter_mmap
sys_enter_rt_sigprocmask
sys_enter_sigaltstack
sys_enter_sigaltstack
sys_enter_gettid
sys_enter_rt_sigprocmask
sys_enter_rt_sigaction
sys_enter_rt_sigaction
sys_enter_rt_sigaction
sys_enter_rt_sigaction
sys_enter_rt_sigaction
sys_enter_rt_sigaction
sys_enter_rt_sigaction
sys_enter_rt_sigaction
sys_enter_rt_sigaction
sys_enter_rt_sigaction
sys_enter_rt_sigaction
sys_enter_rt_sigaction
sys_enter_rt_sigaction
sys_enter_rt_sigaction
sys_enter_rt_sigaction
sys_enter_rt_sigaction
sys_enter_rt_sigaction
sys_enter_rt_sigaction
sys_enter_rt_sigaction
sys_enter_rt_sigaction
sys_enter_rt_sigaction
sys_enter_rt_sigaction
sys_enter_rt_sigaction
sys_enter_rt_sigaction
sys_enter_rt_sigaction
sys_enter_rt_sigaction
sys_enter_rt_sigaction
sys_enter_rt_sigaction
sys_enter_rt_sigaction
sys_enter_rt_sigaction
sys_enter_rt_sigaction
sys_enter_rt_sigaction
sys_enter_rt_sigaction
sys_enter_rt_sigaction
sys_enter_rt_sigaction
sys_enter_rt_sigaction
sys_enter_rt_sigaction
sys_enter_rt_sigaction
sys_enter_rt_sigaction
sys_enter_rt_sigaction
sys_enter_rt_sigaction
sys_enter_rt_sigaction
sys_enter_rt_sigaction
sys_enter_rt_sigaction
sys_enter_rt_sigaction
sys_enter_rt_sigaction
sys_enter_rt_sigaction
sys_enter_rt_sigaction
sys_enter_rt_sigaction
sys_enter_rt_sigaction
sys_enter_rt_sigaction
sys_enter_rt_sigaction
sys_enter_rt_sigaction
sys_enter_rt_sigaction
sys_enter_rt_sigaction
sys_enter_rt_sigaction
sys_enter_rt_sigaction
sys_enter_rt_sigaction
sys_enter_rt_sigaction
sys_enter_rt_sigaction
sys_enter_rt_sigaction
sys_enter_rt_sigaction
sys_enter_rt_sigaction
sys_enter_rt_sigaction
sys_enter_rt_sigaction
sys_enter_rt_sigaction
sys_enter_rt_sigaction
sys_enter_rt_sigaction
sys_enter_rt_sigaction
sys_enter_rt_sigaction
sys_enter_rt_sigaction
sys_enter_rt_sigaction
sys_enter_rt_sigaction
sys_enter_rt_sigaction
sys_enter_rt_sigaction
sys_enter_rt_sigaction
sys_enter_rt_sigaction
sys_enter_rt_sigaction
sys_enter_rt_sigaction
sys_enter_rt_sigaction
sys_enter_rt_sigaction
sys_enter_rt_sigaction
sys_enter_rt_sigaction
sys_enter_rt_sigaction
sys_enter_rt_sigaction
sys_enter_rt_sigaction
sys_enter_rt_sigaction
sys_enter_rt_sigaction
sys_enter_rt_sigaction
sys_enter_rt_sigaction
sys_enter_rt_sigaction
sys_enter_rt_sigaction
sys_enter_rt_sigaction
sys_enter_rt_sigaction
sys_enter_rt_sigaction
sys_enter_rt_sigaction
sys_enter_rt_sigaction
sys_enter_rt_sigaction
sys_enter_rt_sigaction
sys_enter_rt_sigaction
sys_enter_rt_sigaction
sys_enter_rt_sigaction
sys_enter_rt_sigaction
sys_enter_rt_sigaction
sys_enter_rt_sigaction
sys_enter_rt_sigaction
sys_enter_rt_sigaction
sys_enter_rt_sigaction
sys_enter_rt_sigaction
sys_enter_rt_sigaction
sys_enter_rt_sigaction
sys_enter_rt_sigaction
sys_enter_rt_sigaction
sys_enter_rt_sigaction
sys_enter_rt_sigprocmask
sys_enter_clone
sys_enter_rt_sigprocmask
sys_enter_gettid
sys_enter_sigaltstack
sys_enter_sigaltstack
sys_enter_gettid
sys_enter_rt_sigprocmask
sys_enter_rt_sigprocmask
sys_enter_clone
sys_enter_rt_sigprocmask
sys_enter_gettid
sys_enter_sigaltstack
sys_enter_sigaltstack
sys_enter_gettid
sys_enter_rt_sigprocmask
sys_enter_rt_sigprocmask
sys_enter_clone
sys_enter_rt_sigprocmask
sys_enter_clone
sys_enter_rt_sigprocmask
sys_enter_futex
sys_enter_gettid
sys_enter_sigaltstack
sys_enter_sigaltstack
sys_enter_rt_sigprocmask
sys_enter_gettid
sys_enter_rt_sigprocmask
sys_enter_futex
sys_enter_gettid
sys_enter_sigaltstack
sys_enter_sigaltstack
sys_enter_gettid
sys_enter_rt_sigprocmask
sys_enter_futex
sys_enter_futex
sys_enter_futex
sys_enter_futex
sys_enter_mmap
sys_enter_futex
sys_enter_futex
sys_enter_futex
sys_enter_openat
sys_enter_read
sys_enter_read
sys_enter_close
sys_enter_socket
sys_enter_close
sys_enter_socket
sys_enter_setsockopt
sys_enter_bind
sys_enter_socket
sys_enter_setsockopt
sys_enter_bind
sys_enter_close
sys_enter_close
sys_enter_getpid
sys_enter_getppid
sys_enter_mmap
sys_enter_mmap
sys_enter_getppid
sys_enter_openat
sys_enter_pipe2
sys_enter_getpid
sys_enter_clone
sys_enter_setsid
sys_enter_close
sys_enter_read
sys_enter_chdir
sys_enter_execve
sys_enter_close
sys_enter_mmap
sys_enter_mmap
sys_enter_exit_group
sys_enter_mprotect
sys_enter_mmap
sys_enter_mmap
sys_enter_mprotect
sys_enter_mmap
sys_enter_mprotect
sys_enter_mmap
sys_enter_mprotect
sys_enter_mmap
sys_enter_mmap
sys_enter_close
sys_enter_munmap
sys_enter_sched_getaffinity
sys_enter_mmap
sys_enter_munmap
sys_enter_mmap
sys_enter_mmap
sys_enter_mmap
sys_enter_mmap
sys_enter_mmap
sys_enter_mmap
sys_enter_rt_sigprocmask
sys_enter_sigaltstack
sys_enter_sigaltstack
sys_enter_gettid
sys_enter_rt_sigprocmask
sys_enter_rt_sigaction
sys_enter_rt_sigaction
sys_enter_rt_sigaction
sys_enter_rt_sigaction
sys_enter_rt_sigaction
sys_enter_rt_sigaction
sys_enter_rt_sigaction
sys_enter_rt_sigaction
sys_enter_rt_sigaction
sys_enter_rt_sigaction
sys_enter_rt_sigaction
sys_enter_rt_sigaction
sys_enter_rt_sigaction
sys_enter_rt_sigaction
sys_enter_rt_sigaction
sys_enter_rt_sigaction
sys_enter_rt_sigaction
sys_enter_rt_sigaction
sys_enter_rt_sigaction
sys_enter_rt_sigaction
sys_enter_rt_sigaction
sys_enter_rt_sigaction
sys_enter_rt_sigaction
sys_enter_rt_sigaction
sys_enter_rt_sigaction
sys_enter_rt_sigaction
sys_enter_rt_sigaction
sys_enter_rt_sigaction
sys_enter_rt_sigaction
sys_enter_rt_sigaction
sys_enter_rt_sigaction
sys_enter_rt_sigaction
sys_enter_rt_sigaction
sys_enter_rt_sigaction
sys_enter_rt_sigaction
sys_enter_rt_sigaction
sys_enter_rt_sigaction
sys_enter_rt_sigaction
sys_enter_rt_sigaction
sys_enter_rt_sigaction
sys_enter_rt_sigaction
sys_enter_rt_sigaction
sys_enter_rt_sigaction
sys_enter_rt_sigaction
sys_enter_rt_sigaction
sys_enter_rt_sigaction
sys_enter_rt_sigaction
sys_enter_rt_sigaction
sys_enter_rt_sigaction
sys_enter_rt_sigaction
sys_enter_rt_sigaction
sys_enter_rt_sigaction
sys_enter_rt_sigaction
sys_enter_rt_sigaction
sys_enter_rt_sigaction
sys_enter_rt_sigaction
sys_enter_rt_sigaction
sys_enter_rt_sigaction
sys_enter_rt_sigaction
sys_enter_rt_sigaction
sys_enter_rt_sigaction
sys_enter_rt_sigaction
sys_enter_rt_sigaction
sys_enter_rt_sigaction
sys_enter_rt_sigaction
sys_enter_rt_sigaction
sys_enter_rt_sigaction
sys_enter_rt_sigaction
sys_enter_rt_sigaction
sys_enter_rt_sigaction
sys_enter_rt_sigaction
sys_enter_rt_sigaction
sys_enter_rt_sigaction
sys_enter_rt_sigaction
sys_enter_rt_sigaction
sys_enter_rt_sigaction
sys_enter_rt_sigaction
sys_enter_rt_sigaction
sys_enter_rt_sigaction
sys_enter_rt_sigaction
sys_enter_rt_sigaction
sys_enter_rt_sigaction
sys_enter_rt_sigaction
sys_enter_rt_sigaction
sys_enter_rt_sigaction
sys_enter_rt_sigaction
sys_enter_rt_sigaction
sys_enter_rt_sigaction
sys_enter_rt_sigaction
sys_enter_rt_sigaction
sys_enter_rt_sigaction
sys_enter_rt_sigaction
sys_enter_rt_sigaction
sys_enter_rt_sigaction
sys_enter_rt_sigaction
sys_enter_rt_sigaction
sys_enter_rt_sigaction
sys_enter_rt_sigaction
sys_enter_rt_sigaction
sys_enter_rt_sigaction
sys_enter_rt_sigaction
sys_enter_rt_sigaction
sys_enter_rt_sigaction
sys_enter_rt_sigaction
sys_enter_rt_sigaction
sys_enter_rt_sigaction
sys_enter_rt_sigaction
sys_enter_rt_sigaction
sys_enter_rt_sigaction
sys_enter_rt_sigaction
sys_enter_rt_sigaction
sys_enter_rt_sigaction
sys_enter_rt_sigaction
sys_enter_rt_sigaction
sys_enter_rt_sigprocmask
sys_enter_clone
sys_enter_rt_sigprocmask
sys_enter_gettid
sys_enter_sigaltstack
sys_enter_sigaltstack
sys_enter_gettid
sys_enter_rt_sigprocmask
sys_enter_rt_sigprocmask
sys_enter_clone
sys_enter_rt_sigprocmask
sys_enter_gettid
sys_enter_sigaltstack
sys_enter_sigaltstack
sys_enter_gettid
sys_enter_rt_sigprocmask
sys_enter_rt_sigprocmask
sys_enter_clone
sys_enter_rt_sigprocmask
sys_enter_clone
sys_enter_rt_sigprocmask
sys_enter_futex
sys_enter_gettid
sys_enter_sigaltstack
sys_enter_sigaltstack
sys_enter_gettid
sys_enter_rt_sigprocmask
sys_enter_gettid
sys_enter_rt_sigprocmask
sys_enter_sigaltstack
sys_enter_sigaltstack
sys_enter_gettid
sys_enter_futex
sys_enter_futex
sys_enter_rt_sigprocmask
sys_enter_futex
sys_enter_futex
sys_enter_futex
sys_enter_mmap
sys_enter_futex
sys_enter_futex
sys_enter_futex
sys_enter_openat
sys_enter_futex
sys_enter_futex
sys_enter_read
sys_enter_read
sys_enter_close
sys_enter_socket
sys_enter_close
sys_enter_socket
sys_enter_setsockopt
sys_enter_bind
sys_enter_socket
sys_enter_setsockopt
sys_enter_bind
sys_enter_close
sys_enter_close
sys_enter_getpid
sys_enter_getppid
sys_enter_mmap
sys_enter_mmap
sys_enter_getppid
sys_enter_openat
sys_enter_pipe2
sys_enter_getpid
sys_enter_clone
sys_enter_setsid
sys_enter_chdir
sys_enter_close
sys_enter_read
sys_enter_execve
sys_enter_close
sys_enter_exit_group
sys_enter_mmap
sys_enter_mmap
sys_enter_mprotect
sys_enter_mmap
sys_enter_mmap
sys_enter_mprotect
sys_enter_mmap
sys_enter_mprotect
sys_enter_mmap
sys_enter_mprotect
sys_enter_mmap
sys_enter_mmap
sys_enter_close
sys_enter_munmap
sys_enter_sched_getaffinity
sys_enter_mmap
sys_enter_munmap
sys_enter_mmap
sys_enter_mmap
sys_enter_mmap
sys_enter_mmap
sys_enter_mmap
sys_enter_mmap
sys_enter_rt_sigprocmask
sys_enter_sigaltstack
sys_enter_sigaltstack
sys_enter_gettid
sys_enter_rt_sigprocmask
sys_enter_rt_sigaction
sys_enter_rt_sigaction
sys_enter_rt_sigaction
sys_enter_rt_sigaction
sys_enter_rt_sigaction
sys_enter_rt_sigaction
sys_enter_rt_sigaction
sys_enter_rt_sigaction
sys_enter_rt_sigaction
sys_enter_rt_sigaction
sys_enter_rt_sigaction
sys_enter_rt_sigaction
sys_enter_rt_sigaction
sys_enter_rt_sigaction
sys_enter_rt_sigaction
sys_enter_rt_sigaction
sys_enter_rt_sigaction
sys_enter_rt_sigaction
sys_enter_rt_sigaction
sys_enter_rt_sigaction
sys_enter_rt_sigaction
sys_enter_rt_sigaction
sys_enter_rt_sigaction
sys_enter_rt_sigaction
sys_enter_rt_sigaction
sys_enter_rt_sigaction
sys_enter_rt_sigaction
sys_enter_rt_sigaction
sys_enter_rt_sigaction
sys_enter_rt_sigaction
sys_enter_rt_sigaction
sys_enter_rt_sigaction
sys_enter_rt_sigaction
sys_enter_rt_sigaction
sys_enter_rt_sigaction
sys_enter_rt_sigaction
sys_enter_rt_sigaction
sys_enter_rt_sigaction
sys_enter_rt_sigaction
sys_enter_rt_sigaction
sys_enter_rt_sigaction
sys_enter_rt_sigaction
sys_enter_rt_sigaction
sys_enter_rt_sigaction
sys_enter_rt_sigaction
sys_enter_rt_sigaction
sys_enter_rt_sigaction
sys_enter_rt_sigaction
sys_enter_rt_sigaction
sys_enter_rt_sigaction
sys_enter_rt_sigaction
sys_enter_rt_sigaction
sys_enter_rt_sigaction
sys_enter_rt_sigaction
sys_enter_rt_sigaction
sys_enter_rt_sigaction
sys_enter_rt_sigaction
sys_enter_rt_sigaction
sys_enter_rt_sigaction
sys_enter_rt_sigaction
sys_enter_rt_sigaction
sys_enter_rt_sigaction
sys_enter_rt_sigaction
sys_enter_rt_sigaction
sys_enter_rt_sigaction
sys_enter_rt_sigaction
sys_enter_rt_sigaction
sys_enter_rt_sigaction
sys_enter_rt_sigaction
sys_enter_rt_sigaction
sys_enter_rt_sigaction
sys_enter_rt_sigaction
sys_enter_rt_sigaction
sys_enter_rt_sigaction
sys_enter_rt_sigaction
sys_enter_rt_sigaction
sys_enter_rt_sigaction
sys_enter_rt_sigaction
sys_enter_rt_sigaction
sys_enter_rt_sigaction
sys_enter_rt_sigaction
sys_enter_rt_sigaction
sys_enter_rt_sigaction
sys_enter_rt_sigaction
sys_enter_rt_sigaction
sys_enter_rt_sigaction
sys_enter_rt_sigaction
sys_enter_rt_sigaction
sys_enter_rt_sigaction
sys_enter_rt_sigaction
sys_enter_rt_sigaction
sys_enter_rt_sigaction
sys_enter_rt_sigaction
sys_enter_rt_sigaction
sys_enter_rt_sigaction
sys_enter_rt_sigaction
sys_enter_rt_sigaction
sys_enter_rt_sigaction
sys_enter_rt_sigaction
sys_enter_rt_sigaction
sys_enter_rt_sigaction
sys_enter_rt_sigaction
sys_enter_rt_sigaction
sys_enter_rt_sigaction
sys_enter_rt_sigaction
sys_enter_rt_sigaction
sys_enter_rt_sigaction
sys_enter_rt_sigaction
sys_enter_rt_sigaction
sys_enter_rt_sigaction
sys_enter_rt_sigaction
sys_enter_rt_sigaction
sys_enter_rt_sigaction
sys_enter_rt_sigaction
sys_enter_rt_sigprocmask
sys_enter_clone
sys_enter_rt_sigprocmask
sys_enter_gettid
sys_enter_sigaltstack
sys_enter_sigaltstack
sys_enter_gettid
sys_enter_rt_sigprocmask
sys_enter_rt_sigprocmask
sys_enter_clone
sys_enter_rt_sigprocmask
sys_enter_gettid
sys_enter_sigaltstack
sys_enter_sigaltstack
sys_enter_gettid
sys_enter_rt_sigprocmask
sys_enter_sched_yield
sys_enter_futex
sys_enter_rt_sigprocmask
sys_enter_rt_sigprocmask
sys_enter_clone
sys_enter_clone
sys_enter_rt_sigprocmask
sys_enter_rt_sigprocmask
sys_enter_futex
sys_enter_gettid
sys_enter_sigaltstack
sys_enter_sigaltstack
sys_enter_gettid
sys_enter_gettid
sys_enter_rt_sigprocmask
sys_enter_sigaltstack
sys_enter_sigaltstack
sys_enter_gettid
sys_enter_rt_sigprocmask
sys_enter_futex
sys_enter_futex
sys_enter_futex
sys_enter_futex
sys_enter_futex
sys_enter_mmap
sys_enter_futex
sys_enter_futex
sys_enter_futex
sys_enter_futex
sys_enter_openat
sys_enter_futex
sys_enter_read
sys_enter_read
sys_enter_close
sys_enter_socket
sys_enter_close
sys_enter_socket
sys_enter_setsockopt
sys_enter_bind
sys_enter_socket
sys_enter_setsockopt
sys_enter_bind
sys_enter_close
sys_enter_close
sys_enter_getpid
sys_enter_getppid
sys_enter_mmap
sys_enter_mmap
sys_enter_getppid
sys_enter_openat
sys_enter_pipe2
sys_enter_getpid
sys_enter_clone
sys_enter_setsid
sys_enter_close
sys_enter_read
sys_enter_chdir
sys_enter_execve
sys_enter_close
sys_enter_exit_group
sys_enter_mmap
sys_enter_mmap
sys_enter_mprotect
sys_enter_mmap
sys_enter_mmap
sys_enter_mprotect
sys_enter_mmap
sys_enter_mprotect
sys_enter_mmap
sys_enter_mprotect
sys_enter_mmap
sys_enter_mmap
sys_enter_close
sys_enter_munmap
sys_enter_sched_getaffinity
sys_enter_mmap
sys_enter_munmap
sys_enter_mmap
sys_enter_mmap
sys_enter_mmap
sys_enter_mmap
sys_enter_mmap
sys_enter_mmap
sys_enter_rt_sigprocmask
sys_enter_sigaltstack
sys_enter_sigaltstack
sys_enter_gettid
sys_enter_rt_sigprocmask
sys_enter_rt_sigaction
sys_enter_rt_sigaction
sys_enter_rt_sigaction
sys_enter_rt_sigaction
sys_enter_rt_sigaction
sys_enter_rt_sigaction
sys_enter_rt_sigaction
sys_enter_rt_sigaction
sys_enter_rt_sigaction
sys_enter_rt_sigaction
sys_enter_rt_sigaction
sys_enter_rt_sigaction
sys_enter_rt_sigaction
sys_enter_rt_sigaction
sys_enter_rt_sigaction
sys_enter_rt_sigaction
sys_enter_rt_sigaction
sys_enter_rt_sigaction
sys_enter_rt_sigaction
sys_enter_rt_sigaction
sys_enter_rt_sigaction
sys_enter_rt_sigaction
sys_enter_rt_sigaction
sys_enter_rt_sigaction
sys_enter_rt_sigaction
sys_enter_rt_sigaction
sys_enter_rt_sigaction
sys_enter_rt_sigaction
sys_enter_rt_sigaction
sys_enter_rt_sigaction
sys_enter_rt_sigaction
sys_enter_rt_sigaction
sys_enter_rt_sigaction
sys_enter_rt_sigaction
sys_enter_rt_sigaction
sys_enter_rt_sigaction
sys_enter_rt_sigaction
sys_enter_rt_sigaction
sys_enter_rt_sigaction
sys_enter_rt_sigaction
sys_enter_rt_sigaction
sys_enter_rt_sigaction
sys_enter_rt_sigaction
sys_enter_rt_sigaction
sys_enter_rt_sigaction
sys_enter_rt_sigaction
sys_enter_rt_sigaction
sys_enter_rt_sigaction
sys_enter_rt_sigaction
sys_enter_rt_sigaction
sys_enter_rt_sigaction
sys_enter_rt_sigaction
sys_enter_rt_sigaction
sys_enter_rt_sigaction
sys_enter_rt_sigaction
sys_enter_rt_sigaction
sys_enter_rt_sigaction
sys_enter_rt_sigaction
sys_enter_rt_sigaction
sys_enter_rt_sigaction
sys_enter_rt_sigaction
sys_enter_rt_sigaction
sys_enter_rt_sigaction
sys_enter_rt_sigaction
sys_enter_rt_sigaction
sys_enter_rt_sigaction
sys_enter_rt_sigaction
sys_enter_rt_sigaction
sys_enter_rt_sigaction
sys_enter_rt_sigaction
sys_enter_rt_sigaction
sys_enter_rt_sigaction
sys_enter_rt_sigaction
sys_enter_rt_sigaction
sys_enter_rt_sigaction
sys_enter_rt_sigaction
sys_enter_rt_sigaction
sys_enter_rt_sigaction
sys_enter_rt_sigaction
sys_enter_rt_sigaction
sys_enter_rt_sigaction
sys_enter_rt_sigaction
sys_enter_rt_sigaction
sys_enter_rt_sigaction
sys_enter_rt_sigaction
sys_enter_rt_sigaction
sys_enter_rt_sigaction
sys_enter_rt_sigaction
sys_enter_rt_sigaction
sys_enter_rt_sigaction
sys_enter_rt_sigaction
sys_enter_rt_sigaction
sys_enter_rt_sigaction
sys_enter_rt_sigaction
sys_enter_rt_sigaction
sys_enter_rt_sigaction
sys_enter_rt_sigaction
sys_enter_rt_sigaction
sys_enter_rt_sigaction
sys_enter_rt_sigaction
sys_enter_rt_sigaction
sys_enter_rt_sigaction
sys_enter_rt_sigaction
sys_enter_rt_sigaction
sys_enter_rt_sigaction
sys_enter_rt_sigaction
sys_enter_rt_sigaction
sys_enter_rt_sigaction
sys_enter_rt_sigaction
sys_enter_rt_sigaction
sys_enter_rt_sigaction
sys_enter_rt_sigaction
sys_enter_rt_sigaction
sys_enter_rt_sigaction
sys_enter_rt_sigprocmask
sys_enter_clone
sys_enter_rt_sigprocmask
sys_enter_gettid
sys_enter_sigaltstack
sys_enter_sigaltstack
sys_enter_gettid
sys_enter_rt_sigprocmask
sys_enter_rt_sigprocmask
sys_enter_clone
sys_enter_rt_sigprocmask
sys_enter_gettid
sys_enter_sigaltstack
sys_enter_sigaltstack
sys_enter_rt_sigprocmask
sys_enter_clone
sys_enter_gettid
sys_enter_rt_sigprocmask
sys_enter_rt_sigprocmask
sys_enter_futex
sys_enter_rt_sigprocmask
sys_enter_clone
sys_enter_gettid
sys_enter_sigaltstack
sys_enter_sigaltstack
sys_enter_rt_sigprocmask
sys_enter_gettid
sys_enter_gettid
sys_enter_rt_sigprocmask
sys_enter_sigaltstack
sys_enter_sigaltstack
sys_enter_gettid
sys_enter_rt_sigprocmask
sys_enter_futex
sys_enter_futex
sys_enter_futex
sys_enter_futex
sys_enter_futex
sys_enter_mmap
sys_enter_futex
sys_enter_futex
sys_enter_futex
sys_enter_openat
sys_enter_read
sys_enter_read
sys_enter_close
sys_enter_socket
sys_enter_close
sys_enter_socket
sys_enter_setsockopt
sys_enter_bind
sys_enter_socket
sys_enter_setsockopt
sys_enter_bind
sys_enter_close
sys_enter_close
sys_enter_getpid
sys_enter_getppid
sys_enter_mmap
sys_enter_mmap
sys_enter_getppid
sys_enter_openat
sys_enter_pipe2
sys_enter_getpid
sys_enter_clone
sys_enter_setsid
sys_enter_close
sys_enter_read
sys_enter_chdir
sys_enter_execve
sys_enter_close
sys_enter_exit_group
sys_enter_mmap
sys_enter_mmap
sys_enter_mprotect
sys_enter_mmap
sys_enter_mmap
sys_enter_mprotect
sys_enter_mmap
sys_enter_mprotect
sys_enter_mmap
sys_enter_mprotect
sys_enter_mmap
sys_enter_mmap
sys_enter_close
sys_enter_munmap
sys_enter_sched_getaffinity
sys_enter_mmap
sys_enter_munmap
sys_enter_mmap
sys_enter_mmap
sys_enter_mmap
sys_enter_mmap
sys_enter_mmap
sys_enter_mmap
sys_enter_rt_sigprocmask
sys_enter_sigaltstack
sys_enter_sigaltstack
sys_enter_gettid
sys_enter_rt_sigprocmask
sys_enter_rt_sigaction
sys_enter_rt_sigaction
sys_enter_rt_sigaction
sys_enter_rt_sigaction
sys_enter_rt_sigaction
sys_enter_rt_sigaction
sys_enter_rt_sigaction
sys_enter_rt_sigaction
sys_enter_rt_sigaction
sys_enter_rt_sigaction
sys_enter_rt_sigaction
sys_enter_rt_sigaction
sys_enter_rt_sigaction
sys_enter_rt_sigaction
sys_enter_rt_sigaction
sys_enter_rt_sigaction
sys_enter_rt_sigaction
sys_enter_rt_sigaction
sys_enter_rt_sigaction
sys_enter_rt_sigaction
sys_enter_rt_sigaction
sys_enter_rt_sigaction
sys_enter_rt_sigaction
sys_enter_rt_sigaction
sys_enter_rt_sigaction
sys_enter_rt_sigaction
sys_enter_rt_sigaction
sys_enter_rt_sigaction
sys_enter_rt_sigaction
sys_enter_rt_sigaction
sys_enter_rt_sigaction
sys_enter_rt_sigaction
sys_enter_rt_sigaction
sys_enter_rt_sigaction
sys_enter_rt_sigaction
sys_enter_rt_sigaction
sys_enter_rt_sigaction
sys_enter_rt_sigaction
sys_enter_rt_sigaction
sys_enter_rt_sigaction
sys_enter_rt_sigaction
sys_enter_rt_sigaction
sys_enter_rt_sigaction
sys_enter_rt_sigaction
sys_enter_rt_sigaction
sys_enter_rt_sigaction
sys_enter_rt_sigaction
sys_enter_rt_sigaction
sys_enter_rt_sigaction
sys_enter_rt_sigaction
sys_enter_rt_sigaction
sys_enter_rt_sigaction
sys_enter_rt_sigaction
sys_enter_rt_sigaction
sys_enter_rt_sigaction
sys_enter_rt_sigaction
sys_enter_rt_sigaction
sys_enter_rt_sigaction
sys_enter_rt_sigaction
sys_enter_rt_sigaction
sys_enter_rt_sigaction
sys_enter_rt_sigaction
sys_enter_rt_sigaction
sys_enter_rt_sigaction
sys_enter_rt_sigaction
sys_enter_rt_sigaction
sys_enter_rt_sigaction
sys_enter_rt_sigaction
sys_enter_rt_sigaction
sys_enter_rt_sigaction
sys_enter_rt_sigaction
sys_enter_rt_sigaction
sys_enter_rt_sigaction
sys_enter_rt_sigaction
sys_enter_rt_sigaction
sys_enter_rt_sigaction
sys_enter_rt_sigaction
sys_enter_rt_sigaction
sys_enter_rt_sigaction
sys_enter_rt_sigaction
sys_enter_rt_sigaction
sys_enter_rt_sigaction
sys_enter_rt_sigaction
sys_enter_rt_sigaction
sys_enter_rt_sigaction
sys_enter_rt_sigaction
sys_enter_rt_sigaction
sys_enter_rt_sigaction
sys_enter_rt_sigaction
sys_enter_rt_sigaction
sys_enter_rt_sigaction
sys_enter_rt_sigaction
sys_enter_rt_sigaction
sys_enter_rt_sigaction
sys_enter_rt_sigaction
sys_enter_rt_sigaction
sys_enter_rt_sigaction
sys_enter_rt_sigaction
sys_enter_rt_sigaction
sys_enter_rt_sigaction
sys_enter_rt_sigaction
sys_enter_rt_sigaction
sys_enter_rt_sigaction
sys_enter_rt_sigaction
sys_enter_rt_sigaction
sys_enter_rt_sigaction
sys_enter_rt_sigaction
sys_enter_rt_sigaction
sys_enter_rt_sigaction
sys_enter_rt_sigaction
sys_enter_rt_sigaction
sys_enter_rt_sigaction
sys_enter_rt_sigaction
sys_enter_rt_sigaction
sys_enter_rt_sigprocmask
sys_enter_clone
sys_enter_rt_sigprocmask
sys_enter_gettid
sys_enter_sigaltstack
sys_enter_sigaltstack
sys_enter_gettid
sys_enter_rt_sigprocmask
sys_enter_rt_sigprocmask
sys_enter_clone
sys_enter_rt_sigprocmask
sys_enter_gettid
sys_enter_sigaltstack
sys_enter_sigaltstack
sys_enter_gettid
sys_enter_rt_sigprocmask
sys_enter_rt_sigprocmask
sys_enter_clone
sys_enter_rt_sigprocmask
sys_enter_futex
sys_enter_rt_sigprocmask
sys_enter_clone
sys_enter_rt_sigprocmask
sys_enter_futex
sys_enter_gettid
sys_enter_sigaltstack
sys_enter_sigaltstack
sys_enter_gettid
sys_enter_rt_sigprocmask
sys_enter_futex
sys_enter_gettid
sys_enter_futex
sys_enter_sigaltstack
sys_enter_sigaltstack
sys_enter_gettid
sys_enter_rt_sigprocmask
sys_enter_futex
sys_enter_futex
sys_enter_mmap
sys_enter_futex
sys_enter_futex
sys_enter_futex
sys_enter_openat
sys_enter_read
sys_enter_read
sys_enter_close
sys_enter_socket
sys_enter_close
sys_enter_socket
sys_enter_setsockopt
sys_enter_bind
sys_enter_socket
sys_enter_setsockopt
sys_enter_bind
sys_enter_close
sys_enter_close
sys_enter_getpid
sys_enter_getppid
sys_enter_mmap
sys_enter_mmap
sys_enter_getppid
sys_enter_openat
sys_enter_pipe2
sys_enter_getpid
sys_enter_clone
sys_enter_setsid
sys_enter_close
sys_enter_read
sys_enter_chdir
sys_enter_execve
sys_enter_close
sys_enter_exit_group
sys_enter_mmap
sys_enter_mmap
sys_enter_mprotect
sys_enter_mmap
sys_enter_mmap
sys_enter_mprotect
sys_enter_mmap
sys_enter_mprotect
sys_enter_mmap
sys_enter_mprotect
sys_enter_mmap
sys_enter_mmap
sys_enter_close
sys_enter_munmap
sys_enter_sched_getaffinity
sys_enter_mmap
sys_enter_munmap
sys_enter_mmap
sys_enter_mmap
sys_enter_mmap
sys_enter_mmap
sys_enter_mmap
sys_enter_mmap
sys_enter_rt_sigprocmask
sys_enter_sigaltstack
sys_enter_sigaltstack
sys_enter_gettid
sys_enter_rt_sigprocmask
sys_enter_rt_sigaction
sys_enter_rt_sigaction
sys_enter_rt_sigaction
sys_enter_rt_sigaction
sys_enter_rt_sigaction
sys_enter_rt_sigaction
sys_enter_rt_sigaction
sys_enter_rt_sigaction
sys_enter_rt_sigaction
sys_enter_rt_sigaction
sys_enter_rt_sigaction
sys_enter_rt_sigaction
sys_enter_rt_sigaction
sys_enter_rt_sigaction
sys_enter_rt_sigaction
sys_enter_rt_sigaction
sys_enter_rt_sigaction
sys_enter_rt_sigaction
sys_enter_rt_sigaction
sys_enter_rt_sigaction
sys_enter_rt_sigaction
sys_enter_rt_sigaction
sys_enter_rt_sigaction
sys_enter_rt_sigaction
sys_enter_rt_sigaction
sys_enter_rt_sigaction
sys_enter_rt_sigaction
sys_enter_rt_sigaction
sys_enter_rt_sigaction
sys_enter_rt_sigaction
sys_enter_rt_sigaction
sys_enter_rt_sigaction
sys_enter_rt_sigaction
sys_enter_rt_sigaction
sys_enter_rt_sigaction
sys_enter_rt_sigaction
sys_enter_rt_sigaction
sys_enter_rt_sigaction
sys_enter_rt_sigaction
sys_enter_rt_sigaction
sys_enter_rt_sigaction
sys_enter_rt_sigaction
sys_enter_rt_sigaction
sys_enter_rt_sigaction
sys_enter_rt_sigaction
sys_enter_rt_sigaction
sys_enter_rt_sigaction
sys_enter_rt_sigaction
sys_enter_rt_sigaction
sys_enter_rt_sigaction
sys_enter_rt_sigaction
sys_enter_rt_sigaction
sys_enter_rt_sigaction
sys_enter_rt_sigaction
sys_enter_rt_sigaction
sys_enter_rt_sigaction
sys_enter_rt_sigaction
sys_enter_rt_sigaction
sys_enter_rt_sigaction
sys_enter_rt_sigaction
sys_enter_rt_sigaction
sys_enter_rt_sigaction
sys_enter_rt_sigaction
sys_enter_rt_sigaction
sys_enter_rt_sigaction
sys_enter_rt_sigaction
sys_enter_rt_sigaction
sys_enter_rt_sigaction
sys_enter_rt_sigaction
sys_enter_rt_sigaction
sys_enter_rt_sigaction
sys_enter_rt_sigaction
sys_enter_rt_sigaction
sys_enter_rt_sigaction
sys_enter_rt_sigaction
sys_enter_rt_sigaction
sys_enter_rt_sigaction
sys_enter_rt_sigaction
sys_enter_rt_sigaction
sys_enter_rt_sigaction
sys_enter_rt_sigaction
sys_enter_rt_sigaction
sys_enter_rt_sigaction
sys_enter_rt_sigaction
sys_enter_rt_sigaction
sys_enter_rt_sigaction
sys_enter_rt_sigaction
sys_enter_rt_sigaction
sys_enter_rt_sigaction
sys_enter_rt_sigaction
sys_enter_rt_sigaction
sys_enter_rt_sigaction
sys_enter_rt_sigaction
sys_enter_rt_sigaction
sys_enter_rt_sigaction
sys_enter_rt_sigaction
sys_enter_rt_sigaction
sys_enter_rt_sigaction
sys_enter_rt_sigaction
sys_enter_rt_sigaction
sys_enter_rt_sigaction
sys_enter_rt_sigaction
sys_enter_rt_sigaction
sys_enter_rt_sigaction
sys_enter_rt_sigaction
sys_enter_rt_sigaction
sys_enter_rt_sigaction
sys_enter_rt_sigaction
sys_enter_rt_sigaction
sys_enter_rt_sigaction
sys_enter_rt_sigaction
sys_enter_rt_sigaction
sys_enter_rt_sigaction
sys_enter_rt_sigaction
sys_enter_rt_sigprocmask
sys_enter_clone
sys_enter_rt_sigprocmask
sys_enter_gettid
sys_enter_sigaltstack
sys_enter_sigaltstack
sys_enter_gettid
sys_enter_rt_sigprocmask
sys_enter_rt_sigprocmask
sys_enter_clone
sys_enter_rt_sigprocmask
sys_enter_gettid
sys_enter_sigaltstack
sys_enter_sigaltstack
sys_enter_gettid
sys_enter_rt_sigprocmask
sys_enter_rt_sigprocmask
sys_enter_clone
sys_enter_rt_sigprocmask
sys_enter_futex
sys_enter_rt_sigprocmask
sys_enter_clone
sys_enter_gettid
sys_enter_sigaltstack
sys_enter_sigaltstack
sys_enter_gettid
sys_enter_rt_sigprocmask
sys_enter_futex
sys_enter_rt_sigprocmask
sys_enter_futex
sys_enter_gettid
sys_enter_sigaltstack
sys_enter_sigaltstack
sys_enter_gettid
sys_enter_rt_sigprocmask
sys_enter_futex
sys_enter_futex
sys_enter_futex
sys_enter_mmap
sys_enter_futex
sys_enter_futex
sys_enter_futex
sys_enter_futex
sys_enter_openat
sys_enter_futex
sys_enter_read
sys_enter_read
sys_enter_close
sys_enter_socket
sys_enter_close
sys_enter_socket
sys_enter_setsockopt
sys_enter_bind
sys_enter_socket
sys_enter_setsockopt
sys_enter_bind
sys_enter_close
sys_enter_close
sys_enter_getpid
sys_enter_getppid
sys_enter_mmap
sys_enter_mmap
sys_enter_getppid
sys_enter_openat
sys_enter_pipe2
sys_enter_getpid
sys_enter_clone
sys_enter_setsid
sys_enter_close
sys_enter_read
sys_enter_chdir
sys_enter_execve
sys_enter_close
sys_enter_exit_group
sys_enter_mmap
sys_enter_mmap
sys_enter_mprotect
sys_enter_mmap
sys_enter_mmap
sys_enter_mprotect
sys_enter_mmap
sys_enter_mprotect
sys_enter_mmap
sys_enter_mprotect
sys_enter_mmap
sys_enter_mmap
sys_enter_close
sys_enter_munmap
sys_enter_sched_getaffinity
sys_enter_mmap
sys_enter_munmap
sys_enter_mmap
sys_enter_mmap
sys_enter_mmap
sys_enter_mmap
sys_enter_mmap
sys_enter_mmap
sys_enter_rt_sigprocmask
sys_enter_sigaltstack
sys_enter_sigaltstack
sys_enter_gettid
sys_enter_rt_sigprocmask
sys_enter_rt_sigaction
sys_enter_rt_sigaction
sys_enter_rt_sigaction
sys_enter_rt_sigaction
sys_enter_rt_sigaction
sys_enter_rt_sigaction
sys_enter_rt_sigaction
sys_enter_rt_sigaction
sys_enter_rt_sigaction
sys_enter_rt_sigaction
sys_enter_rt_sigaction
sys_enter_rt_sigaction
sys_enter_rt_sigaction
sys_enter_rt_sigaction
sys_enter_rt_sigaction
sys_enter_rt_sigaction
sys_enter_rt_sigaction
sys_enter_rt_sigaction
sys_enter_rt_sigaction
sys_enter_rt_sigaction
sys_enter_rt_sigaction
sys_enter_rt_sigaction
sys_enter_rt_sigaction
sys_enter_rt_sigaction
sys_enter_rt_sigaction
sys_enter_rt_sigaction
sys_enter_rt_sigaction
sys_enter_rt_sigaction
sys_enter_rt_sigaction
sys_enter_rt_sigaction
sys_enter_rt_sigaction
sys_enter_rt_sigaction
sys_enter_rt_sigaction
sys_enter_rt_sigaction
sys_enter_rt_sigaction
sys_enter_rt_sigaction
sys_enter_rt_sigaction
sys_enter_rt_sigaction
sys_enter_rt_sigaction
sys_enter_rt_sigaction
sys_enter_rt_sigaction
sys_enter_rt_sigaction
sys_enter_rt_sigaction
sys_enter_rt_sigaction
sys_enter_rt_sigaction
sys_enter_rt_sigaction
sys_enter_rt_sigaction
sys_enter_rt_sigaction
sys_enter_rt_sigaction
sys_enter_rt_sigaction
sys_enter_rt_sigaction
sys_enter_rt_sigaction
sys_enter_rt_sigaction
sys_enter_rt_sigaction
sys_enter_rt_sigaction
sys_enter_rt_sigaction
sys_enter_rt_sigaction
sys_enter_rt_sigaction
sys_enter_rt_sigaction
sys_enter_rt_sigaction
sys_enter_rt_sigaction
sys_enter_rt_sigaction
sys_enter_rt_sigaction
sys_enter_rt_sigaction
sys_enter_rt_sigaction
sys_enter_rt_sigaction
sys_enter_rt_sigaction
sys_enter_rt_sigaction
sys_enter_rt_sigaction
sys_enter_rt_sigaction
sys_enter_rt_sigaction
sys_enter_rt_sigaction
sys_enter_rt_sigaction
sys_enter_rt_sigaction
sys_enter_rt_sigaction
sys_enter_rt_sigaction
sys_enter_rt_sigaction
sys_enter_rt_sigaction
sys_enter_rt_sigaction
sys_enter_rt_sigaction
sys_enter_rt_sigaction
sys_enter_rt_sigaction
sys_enter_rt_sigaction
sys_enter_rt_sigaction
sys_enter_rt_sigaction
sys_enter_rt_sigaction
sys_enter_rt_sigaction
sys_enter_rt_sigaction
sys_enter_rt_sigaction
sys_enter_rt_sigaction
sys_enter_rt_sigaction
sys_enter_rt_sigaction
sys_enter_rt_sigaction
sys_enter_rt_sigaction
sys_enter_rt_sigaction
sys_enter_rt_sigaction
sys_enter_rt_sigaction
sys_enter_rt_sigaction
sys_enter_rt_sigaction
sys_enter_rt_sigaction
sys_enter_rt_sigaction
sys_enter_rt_sigaction
sys_enter_rt_sigaction
sys_enter_rt_sigaction
sys_enter_rt_sigaction
sys_enter_rt_sigaction
sys_enter_rt_sigaction
sys_enter_rt_sigaction
sys_enter_rt_sigaction
sys_enter_rt_sigaction
sys_enter_rt_sigaction
sys_enter_rt_sigaction
sys_enter_rt_sigaction
sys_enter_rt_sigaction
sys_enter_rt_sigprocmask
sys_enter_clone
sys_enter_rt_sigprocmask
sys_enter_gettid
sys_enter_sigaltstack
sys_enter_sigaltstack
sys_enter_gettid
sys_enter_rt_sigprocmask
sys_enter_rt_sigprocmask
sys_enter_clone
sys_enter_rt_sigprocmask
sys_enter_rt_sigprocmask
sys_enter_clone
sys_enter_rt_sigprocmask
sys_enter_futex
sys_enter_gettid
sys_enter_sigaltstack
sys_enter_sigaltstack
sys_enter_gettid
sys_enter_rt_sigprocmask
sys_enter_rt_sigprocmask
sys_enter_clone
sys_enter_gettid
sys_enter_sigaltstack
sys_enter_sigaltstack
sys_enter_gettid
sys_enter_rt_sigprocmask
sys_enter_futex
sys_enter_futex
sys_enter_rt_sigprocmask
sys_enter_futex
sys_enter_gettid
sys_enter_sigaltstack
sys_enter_sigaltstack
sys_enter_gettid
sys_enter_rt_sigprocmask
sys_enter_futex
sys_enter_futex
sys_enter_mmap
sys_enter_futex
sys_enter_futex
sys_enter_futex
sys_enter_openat
sys_enter_read
sys_enter_read
sys_enter_close
sys_enter_socket
sys_enter_close
sys_enter_socket
sys_enter_setsockopt
sys_enter_bind
sys_enter_socket
sys_enter_setsockopt
sys_enter_bind
sys_enter_close
sys_enter_close
sys_enter_getpid
sys_enter_getppid
sys_enter_mmap
sys_enter_mmap
sys_enter_getppid
sys_enter_openat
sys_enter_pipe2
sys_enter_getpid
sys_enter_clone
sys_enter_setsid
sys_enter_close
sys_enter_read
sys_enter_chdir
sys_enter_execve
sys_enter_close
sys_enter_exit_group
sys_enter_mmap
sys_enter_mmap
sys_enter_mprotect
sys_enter_mmap
sys_enter_mmap
sys_enter_mprotect
sys_enter_mmap
sys_enter_mprotect
sys_enter_mmap
sys_enter_mprotect
sys_enter_mmap
sys_enter_mmap
sys_enter_close
sys_enter_munmap
sys_enter_sched_getaffinity
sys_enter_mmap
sys_enter_munmap
sys_enter_mmap
sys_enter_mmap
sys_enter_mmap
sys_enter_mmap
sys_enter_mmap
sys_enter_mmap
sys_enter_rt_sigprocmask
sys_enter_sigaltstack
sys_enter_sigaltstack
sys_enter_gettid
sys_enter_rt_sigprocmask
sys_enter_rt_sigaction
sys_enter_rt_sigaction
sys_enter_rt_sigaction
sys_enter_rt_sigaction
sys_enter_rt_sigaction
sys_enter_rt_sigaction
sys_enter_rt_sigaction
sys_enter_rt_sigaction
sys_enter_rt_sigaction
sys_enter_rt_sigaction
sys_enter_rt_sigaction
sys_enter_rt_sigaction
sys_enter_rt_sigaction
sys_enter_rt_sigaction
sys_enter_rt_sigaction
sys_enter_rt_sigaction
sys_enter_rt_sigaction
sys_enter_rt_sigaction
sys_enter_rt_sigaction
sys_enter_rt_sigaction
sys_enter_rt_sigaction
sys_enter_rt_sigaction
sys_enter_rt_sigaction
sys_enter_rt_sigaction
sys_enter_rt_sigaction
sys_enter_rt_sigaction
sys_enter_rt_sigaction
sys_enter_rt_sigaction
sys_enter_rt_sigaction
sys_enter_rt_sigaction
sys_enter_rt_sigaction
sys_enter_rt_sigaction
sys_enter_rt_sigaction
sys_enter_rt_sigaction
sys_enter_rt_sigaction
sys_enter_rt_sigaction
sys_enter_rt_sigaction
sys_enter_rt_sigaction
sys_enter_rt_sigaction
sys_enter_rt_sigaction
sys_enter_rt_sigaction
sys_enter_rt_sigaction
sys_enter_rt_sigaction
sys_enter_rt_sigaction
sys_enter_rt_sigaction
sys_enter_rt_sigaction
sys_enter_rt_sigaction
sys_enter_rt_sigaction
sys_enter_rt_sigaction
sys_enter_rt_sigaction
sys_enter_rt_sigaction
sys_enter_rt_sigaction
sys_enter_rt_sigaction
sys_enter_rt_sigaction
sys_enter_rt_sigaction
sys_enter_rt_sigaction
sys_enter_rt_sigaction
sys_enter_rt_sigaction
sys_enter_rt_sigaction
sys_enter_rt_sigaction
sys_enter_rt_sigaction
sys_enter_rt_sigaction
sys_enter_rt_sigaction
sys_enter_rt_sigaction
sys_enter_rt_sigaction
sys_enter_rt_sigaction
sys_enter_rt_sigaction
sys_enter_rt_sigaction
sys_enter_rt_sigaction
sys_enter_rt_sigaction
sys_enter_rt_sigaction
sys_enter_rt_sigaction
sys_enter_rt_sigaction
sys_enter_rt_sigaction
sys_enter_rt_sigaction
sys_enter_rt_sigaction
sys_enter_rt_sigaction
sys_enter_rt_sigaction
sys_enter_rt_sigaction
sys_enter_rt_sigaction
sys_enter_rt_sigaction
sys_enter_rt_sigaction
sys_enter_rt_sigaction
sys_enter_rt_sigaction
sys_enter_rt_sigaction
sys_enter_rt_sigaction
sys_enter_rt_sigaction
sys_enter_rt_sigaction
sys_enter_rt_sigaction
sys_enter_rt_sigaction
sys_enter_rt_sigaction
sys_enter_rt_sigaction
sys_enter_rt_sigaction
sys_enter_rt_sigaction
sys_enter_rt_sigaction
sys_enter_rt_sigaction
sys_enter_rt_sigaction
sys_enter_rt_sigaction
sys_enter_rt_sigaction
sys_enter_rt_sigaction
sys_enter_rt_sigaction
sys_enter_rt_sigaction
sys_enter_rt_sigaction
sys_enter_rt_sigaction
sys_enter_rt_sigaction
sys_enter_rt_sigaction
sys_enter_rt_sigaction
sys_enter_rt_sigaction
sys_enter_rt_sigaction
sys_enter_rt_sigaction
sys_enter_rt_sigaction
sys_enter_rt_sigaction
sys_enter_rt_sigaction
sys_enter_rt_sigaction
sys_enter_rt_sigprocmask
sys_enter_clone
sys_enter_rt_sigprocmask
sys_enter_gettid
sys_enter_sigaltstack
sys_enter_sigaltstack
sys_enter_gettid
sys_enter_rt_sigprocmask
sys_enter_rt_sigprocmask
sys_enter_clone
sys_enter_rt_sigprocmask
sys_enter_gettid
sys_enter_sigaltstack
sys_enter_sigaltstack
sys_enter_gettid
sys_enter_rt_sigprocmask
sys_enter_rt_sigprocmask
sys_enter_clone
sys_enter_rt_sigprocmask
sys_enter_clone
sys_enter_rt_sigprocmask
sys_enter_rt_sigprocmask
sys_enter_futex
sys_enter_gettid
sys_enter_sigaltstack
sys_enter_sigaltstack
sys_enter_gettid
sys_enter_rt_sigprocmask
sys_enter_futex
sys_enter_gettid
sys_enter_sigaltstack
sys_enter_futex
sys_enter_sigaltstack
sys_enter_gettid
sys_enter_rt_sigprocmask
sys_enter_futex
sys_enter_futex
sys_enter_futex
sys_enter_mmap
sys_enter_futex
sys_enter_futex
sys_enter_futex
sys_enter_openat
sys_enter_read
sys_enter_read
sys_enter_close
sys_enter_socket
sys_enter_close
sys_enter_socket
sys_enter_setsockopt
sys_enter_bind
sys_enter_socket
sys_enter_setsockopt
sys_enter_bind
sys_enter_close
sys_enter_close
sys_enter_getpid
sys_enter_getppid
sys_enter_mmap
sys_enter_mmap
sys_enter_getppid
sys_enter_openat
sys_enter_pipe2
sys_enter_getpid
sys_enter_clone
sys_enter_setsid
sys_enter_close
sys_enter_read
sys_enter_chdir
sys_enter_execve
sys_enter_close
sys_enter_exit_group
sys_enter_mmap
sys_enter_mmap
sys_enter_mprotect
sys_enter_mmap
sys_enter_mmap
sys_enter_mprotect
sys_enter_mmap
sys_enter_mprotect
sys_enter_mmap
sys_enter_mprotect
sys_enter_mmap
sys_enter_mmap
sys_enter_close
sys_enter_munmap
sys_enter_sched_getaffinity
sys_enter_mmap
sys_enter_munmap
sys_enter_mmap
sys_enter_mmap
sys_enter_mmap
sys_enter_mmap
sys_enter_mmap
sys_enter_mmap
sys_enter_rt_sigprocmask
sys_enter_sigaltstack
sys_enter_sigaltstack
sys_enter_gettid
sys_enter_rt_sigprocmask
sys_enter_rt_sigaction
sys_enter_rt_sigaction
sys_enter_rt_sigaction
sys_enter_rt_sigaction
sys_enter_rt_sigaction
sys_enter_rt_sigaction
sys_enter_rt_sigaction
sys_enter_rt_sigaction
sys_enter_rt_sigaction
sys_enter_rt_sigaction
sys_enter_rt_sigaction
sys_enter_rt_sigaction
sys_enter_rt_sigaction
sys_enter_rt_sigaction
sys_enter_rt_sigaction
sys_enter_rt_sigaction
sys_enter_rt_sigaction
sys_enter_rt_sigaction
sys_enter_rt_sigaction
sys_enter_rt_sigaction
sys_enter_rt_sigaction
sys_enter_rt_sigaction
sys_enter_rt_sigaction
sys_enter_rt_sigaction
sys_enter_rt_sigaction
sys_enter_rt_sigaction
sys_enter_rt_sigaction
sys_enter_rt_sigaction
sys_enter_rt_sigaction
sys_enter_rt_sigaction
sys_enter_rt_sigaction
sys_enter_rt_sigaction
sys_enter_rt_sigaction
sys_enter_rt_sigaction
sys_enter_rt_sigaction
sys_enter_rt_sigaction
sys_enter_rt_sigaction
sys_enter_rt_sigaction
sys_enter_rt_sigaction
sys_enter_rt_sigaction
sys_enter_rt_sigaction
sys_enter_rt_sigaction
sys_enter_rt_sigaction
sys_enter_rt_sigaction
sys_enter_rt_sigaction
sys_enter_rt_sigaction
sys_enter_rt_sigaction
sys_enter_rt_sigaction
sys_enter_rt_sigaction
sys_enter_rt_sigaction
sys_enter_rt_sigaction
sys_enter_rt_sigaction
sys_enter_rt_sigaction
sys_enter_rt_sigaction
sys_enter_rt_sigaction
sys_enter_rt_sigaction
sys_enter_rt_sigaction
sys_enter_rt_sigaction
sys_enter_rt_sigaction
sys_enter_rt_sigaction
sys_enter_rt_sigaction
sys_enter_rt_sigaction
sys_enter_rt_sigaction
sys_enter_rt_sigaction
sys_enter_rt_sigaction
sys_enter_rt_sigaction
sys_enter_rt_sigaction
sys_enter_rt_sigaction
sys_enter_rt_sigaction
sys_enter_rt_sigaction
sys_enter_rt_sigaction
sys_enter_rt_sigaction
sys_enter_rt_sigaction
sys_enter_rt_sigaction
sys_enter_rt_sigaction
sys_enter_rt_sigaction
sys_enter_rt_sigaction
sys_enter_rt_sigaction
sys_enter_rt_sigaction
sys_enter_rt_sigaction
sys_enter_rt_sigaction
sys_enter_rt_sigaction
sys_enter_rt_sigaction
sys_enter_rt_sigaction
sys_enter_rt_sigaction
sys_enter_rt_sigaction
sys_enter_rt_sigaction
sys_enter_rt_sigaction
sys_enter_rt_sigaction
sys_enter_rt_sigaction
sys_enter_rt_sigaction
sys_enter_rt_sigaction
sys_enter_rt_sigaction
sys_enter_rt_sigaction
sys_enter_rt_sigaction
sys_enter_rt_sigaction
sys_enter_rt_sigaction
sys_enter_rt_sigaction
sys_enter_rt_sigaction
sys_enter_rt_sigaction
sys_enter_rt_sigaction
sys_enter_rt_sigaction
sys_enter_rt_sigaction
sys_enter_rt_sigaction
sys_enter_rt_sigaction
sys_enter_rt_sigaction
sys_enter_rt_sigaction
sys_enter_rt_sigaction
sys_enter_rt_sigaction
sys_enter_rt_sigaction
sys_enter_rt_sigaction
sys_enter_rt_sigaction
sys_enter_rt_sigaction
sys_enter_rt_sigaction
sys_enter_rt_sigprocmask
sys_enter_clone
sys_enter_rt_sigprocmask
sys_enter_gettid
sys_enter_sigaltstack
sys_enter_sigaltstack
sys_enter_gettid
sys_enter_rt_sigprocmask
sys_enter_rt_sigprocmask
sys_enter_clone
sys_enter_rt_sigprocmask
sys_enter_gettid
sys_enter_sigaltstack
sys_enter_sigaltstack
sys_enter_gettid
sys_enter_rt_sigprocmask
sys_enter_rt_sigprocmask
sys_enter_clone
sys_enter_rt_sigprocmask
sys_enter_clone
sys_enter_rt_sigprocmask
sys_enter_futex
sys_enter_gettid
sys_enter_sigaltstack
sys_enter_rt_sigprocmask
sys_enter_gettid
sys_enter_sigaltstack
sys_enter_gettid
sys_enter_rt_sigprocmask
sys_enter_sigaltstack
sys_enter_sigaltstack
sys_enter_futex
sys_enter_gettid
sys_enter_rt_sigprocmask
sys_enter_futex
sys_enter_futex
sys_enter_futex
sys_enter_futex
sys_enter_mmap
sys_enter_futex
sys_enter_futex
sys_enter_futex
sys_enter_openat
sys_enter_read
sys_enter_read
sys_enter_close
sys_enter_socket
sys_enter_close
sys_enter_socket
sys_enter_setsockopt
sys_enter_bind
sys_enter_socket
sys_enter_setsockopt
sys_enter_bind
sys_enter_close
sys_enter_close
sys_enter_getpid
sys_enter_getppid
sys_enter_mmap
sys_enter_mmap
sys_enter_getppid
sys_enter_openat
sys_enter_pipe2
sys_enter_getpid
sys_enter_clone
sys_enter_setsid
sys_enter_close
sys_enter_read
sys_enter_chdir
sys_enter_execve
sys_enter_close
sys_enter_exit_group
sys_enter_mmap
sys_enter_mmap
sys_enter_mprotect
sys_enter_mmap
sys_enter_mmap
sys_enter_mprotect
sys_enter_mmap
sys_enter_mprotect
sys_enter_mmap
sys_enter_mprotect
sys_enter_mmap
sys_enter_mmap
sys_enter_close
sys_enter_munmap
sys_enter_sched_getaffinity
sys_enter_mmap
sys_enter_munmap
sys_enter_mmap
sys_enter_mmap
sys_enter_mmap
sys_enter_mmap
sys_enter_mmap
sys_enter_mmap
sys_enter_rt_sigprocmask
sys_enter_sigaltstack
sys_enter_sigaltstack
sys_enter_gettid
sys_enter_rt_sigprocmask
sys_enter_rt_sigaction
sys_enter_rt_sigaction
sys_enter_rt_sigaction
sys_enter_rt_sigaction
sys_enter_rt_sigaction
sys_enter_rt_sigaction
sys_enter_rt_sigaction
sys_enter_rt_sigaction
sys_enter_rt_sigaction
sys_enter_rt_sigaction
sys_enter_rt_sigaction
sys_enter_rt_sigaction
sys_enter_rt_sigaction
sys_enter_rt_sigaction
sys_enter_rt_sigaction
sys_enter_rt_sigaction
sys_enter_rt_sigaction
sys_enter_rt_sigaction
sys_enter_rt_sigaction
sys_enter_rt_sigaction
sys_enter_rt_sigaction
sys_enter_rt_sigaction
sys_enter_rt_sigaction
sys_enter_rt_sigaction
sys_enter_rt_sigaction
sys_enter_rt_sigaction
sys_enter_rt_sigaction
sys_enter_rt_sigaction
sys_enter_rt_sigaction
sys_enter_rt_sigaction
sys_enter_rt_sigaction
sys_enter_rt_sigaction
sys_enter_rt_sigaction
sys_enter_rt_sigaction
sys_enter_rt_sigaction
sys_enter_rt_sigaction
sys_enter_rt_sigaction
sys_enter_rt_sigaction
sys_enter_rt_sigaction
sys_enter_rt_sigaction
sys_enter_rt_sigaction
sys_enter_rt_sigaction
sys_enter_rt_sigaction
sys_enter_rt_sigaction
sys_enter_rt_sigaction
sys_enter_rt_sigaction
sys_enter_rt_sigaction
sys_enter_rt_sigaction
sys_enter_rt_sigaction
sys_enter_rt_sigaction
sys_enter_rt_sigaction
sys_enter_rt_sigaction
sys_enter_rt_sigaction
sys_enter_rt_sigaction
sys_enter_rt_sigaction
sys_enter_rt_sigaction
sys_enter_rt_sigaction
sys_enter_rt_sigaction
sys_enter_rt_sigaction
sys_enter_rt_sigaction
sys_enter_rt_sigaction
sys_enter_rt_sigaction
sys_enter_rt_sigaction
sys_enter_rt_sigaction
sys_enter_rt_sigaction
sys_enter_rt_sigaction
sys_enter_rt_sigaction
sys_enter_rt_sigaction
sys_enter_rt_sigaction
sys_enter_rt_sigaction
sys_enter_rt_sigaction
sys_enter_rt_sigaction
sys_enter_rt_sigaction
sys_enter_rt_sigaction
sys_enter_rt_sigaction
sys_enter_rt_sigaction
sys_enter_rt_sigaction
sys_enter_rt_sigaction
sys_enter_rt_sigaction
sys_enter_rt_sigaction
sys_enter_rt_sigaction
sys_enter_rt_sigaction
sys_enter_rt_sigaction
sys_enter_rt_sigaction
sys_enter_rt_sigaction
sys_enter_rt_sigaction
sys_enter_rt_sigaction
sys_enter_rt_sigaction
sys_enter_rt_sigaction
sys_enter_rt_sigaction
sys_enter_rt_sigaction
sys_enter_rt_sigaction
sys_enter_rt_sigaction
sys_enter_rt_sigaction
sys_enter_rt_sigaction
sys_enter_rt_sigaction
sys_enter_rt_sigaction
sys_enter_rt_sigaction
sys_enter_rt_sigaction
sys_enter_rt_sigaction
sys_enter_rt_sigaction
sys_enter_rt_sigaction
sys_enter_rt_sigaction
sys_enter_rt_sigaction
sys_enter_rt_sigaction
sys_enter_rt_sigaction
sys_enter_rt_sigaction
sys_enter_rt_sigaction
sys_enter_rt_sigaction
sys_enter_rt_sigaction
sys_enter_rt_sigaction
sys_enter_rt_sigaction
sys_enter_rt_sigaction
sys_enter_rt_sigaction
sys_enter_rt_sigprocmask
sys_enter_clone
sys_enter_rt_sigprocmask
sys_enter_gettid
sys_enter_sigaltstack
sys_enter_sigaltstack
sys_enter_gettid
sys_enter_rt_sigprocmask
sys_enter_rt_sigprocmask
sys_enter_clone
sys_enter_rt_sigprocmask
sys_enter_gettid
sys_enter_sigaltstack
sys_enter_sigaltstack
sys_enter_rt_sigprocmask
sys_enter_clone
sys_enter_gettid
sys_enter_rt_sigprocmask
sys_enter_rt_sigprocmask
sys_enter_futex
sys_enter_gettid
sys_enter_sigaltstack
sys_enter_sigaltstack
sys_enter_gettid
sys_enter_rt_sigprocmask
sys_enter_clone
sys_enter_rt_sigprocmask
sys_enter_futex
sys_enter_rt_sigprocmask
sys_enter_futex
sys_enter_futex
sys_enter_gettid
sys_enter_sigaltstack
sys_enter_sigaltstack
sys_enter_gettid
sys_enter_rt_sigprocmask
sys_enter_futex
sys_enter_futex
sys_enter_mmap
sys_enter_futex
sys_enter_futex
sys_enter_futex
sys_enter_openat
sys_enter_read
sys_enter_read
sys_enter_close
sys_enter_socket
sys_enter_close
sys_enter_socket
sys_enter_setsockopt
sys_enter_bind
sys_enter_socket
sys_enter_setsockopt
sys_enter_bind
sys_enter_close
sys_enter_close
sys_enter_getpid
sys_enter_getppid
sys_enter_mmap
sys_enter_mmap
sys_enter_getppid
sys_enter_openat
sys_enter_pipe2
sys_enter_getpid
sys_enter_clone
sys_enter_setsid
sys_enter_close
sys_enter_read
sys_enter_chdir
sys_enter_execve
sys_enter_close
sys_enter_exit_group
sys_enter_mmap
sys_enter_mmap
sys_enter_mprotect
sys_enter_mmap
sys_enter_mmap
sys_enter_mprotect
sys_enter_mmap
sys_enter_mprotect
sys_enter_mmap
sys_enter_mprotect
sys_enter_mmap
sys_enter_mmap
sys_enter_close
sys_enter_munmap
sys_enter_sched_getaffinity
sys_enter_mmap
sys_enter_munmap
sys_enter_mmap
sys_enter_mmap
sys_enter_mmap
sys_enter_mmap
sys_enter_mmap
sys_enter_mmap
sys_enter_rt_sigprocmask
sys_enter_sigaltstack
sys_enter_sigaltstack
sys_enter_gettid
sys_enter_rt_sigprocmask
sys_enter_rt_sigaction
sys_enter_rt_sigaction
sys_enter_rt_sigaction
sys_enter_rt_sigaction
sys_enter_rt_sigaction
sys_enter_rt_sigaction
sys_enter_rt_sigaction
sys_enter_rt_sigaction
sys_enter_rt_sigaction
sys_enter_rt_sigaction
sys_enter_rt_sigaction
sys_enter_rt_sigaction
sys_enter_rt_sigaction
sys_enter_rt_sigaction
sys_enter_rt_sigaction
sys_enter_rt_sigaction
sys_enter_rt_sigaction
sys_enter_rt_sigaction
sys_enter_rt_sigaction
sys_enter_rt_sigaction
sys_enter_rt_sigaction
sys_enter_rt_sigaction
sys_enter_rt_sigaction
sys_enter_rt_sigaction
sys_enter_rt_sigaction
sys_enter_rt_sigaction
sys_enter_rt_sigaction
sys_enter_rt_sigaction
sys_enter_rt_sigaction
sys_enter_rt_sigaction
sys_enter_rt_sigaction
sys_enter_rt_sigaction
sys_enter_rt_sigaction
sys_enter_rt_sigaction
sys_enter_rt_sigaction
sys_enter_rt_sigaction
sys_enter_rt_sigaction
sys_enter_rt_sigaction
sys_enter_rt_sigaction
sys_enter_rt_sigaction
sys_enter_rt_sigaction
sys_enter_rt_sigaction
sys_enter_rt_sigaction
sys_enter_rt_sigaction
sys_enter_rt_sigaction
sys_enter_rt_sigaction
sys_enter_rt_sigaction
sys_enter_rt_sigaction
sys_enter_rt_sigaction
sys_enter_rt_sigaction
sys_enter_rt_sigaction
sys_enter_rt_sigaction
sys_enter_rt_sigaction
sys_enter_rt_sigaction
sys_enter_rt_sigaction
sys_enter_rt_sigaction
sys_enter_rt_sigaction
sys_enter_rt_sigaction
sys_enter_rt_sigaction
sys_enter_rt_sigaction
sys_enter_rt_sigaction
sys_enter_rt_sigaction
sys_enter_rt_sigaction
sys_enter_rt_sigaction
sys_enter_rt_sigaction
sys_enter_rt_sigaction
sys_enter_rt_sigaction
sys_enter_rt_sigaction
sys_enter_rt_sigaction
sys_enter_rt_sigaction
sys_enter_rt_sigaction
sys_enter_rt_sigaction
sys_enter_rt_sigaction
sys_enter_rt_sigaction
sys_enter_rt_sigaction
sys_enter_rt_sigaction
sys_enter_rt_sigaction
sys_enter_rt_sigaction
sys_enter_rt_sigaction
sys_enter_rt_sigaction
sys_enter_rt_sigaction
sys_enter_rt_sigaction
sys_enter_rt_sigaction
sys_enter_rt_sigaction
sys_enter_rt_sigaction
sys_enter_rt_sigaction
sys_enter_rt_sigaction
sys_enter_rt_sigaction
sys_enter_rt_sigaction
sys_enter_rt_sigaction
sys_enter_rt_sigaction
sys_enter_rt_sigaction
sys_enter_rt_sigaction
sys_enter_rt_sigaction
sys_enter_rt_sigaction
sys_enter_rt_sigaction
sys_enter_rt_sigaction
sys_enter_rt_sigaction
sys_enter_rt_sigaction
sys_enter_rt_sigaction
sys_enter_rt_sigaction
sys_enter_rt_sigaction
sys_enter_rt_sigaction
sys_enter_rt_sigaction
sys_enter_rt_sigaction
sys_enter_rt_sigaction
sys_enter_rt_sigaction
sys_enter_rt_sigaction
sys_enter_rt_sigaction
sys_enter_rt_sigaction
sys_enter_rt_sigaction
sys_enter_rt_sigaction
sys_enter_rt_sigaction
sys_enter_rt_sigaction
sys_enter_rt_sigprocmask
sys_enter_clone
sys_enter_rt_sigprocmask
sys_enter_gettid
sys_enter_sigaltstack
sys_enter_sigaltstack
sys_enter_gettid
sys_enter_rt_sigprocmask
sys_enter_rt_sigprocmask
sys_enter_clone
sys_enter_rt_sigprocmask
sys_enter_rt_sigprocmask
sys_enter_clone
sys_enter_gettid
sys_enter_sigaltstack
sys_enter_sigaltstack
sys_enter_gettid
sys_enter_rt_sigprocmask
sys_enter_rt_sigprocmask
sys_enter_futex
sys_enter_gettid
sys_enter_sigaltstack
sys_enter_sigaltstack
sys_enter_gettid
sys_enter_rt_sigprocmask
sys_enter_futex
sys_enter_futex
sys_enter_rt_sigprocmask
sys_enter_clone
sys_enter_rt_sigprocmask
sys_enter_futex
sys_enter_mmap
sys_enter_gettid
sys_enter_sigaltstack
sys_enter_sigaltstack
sys_enter_gettid
sys_enter_rt_sigprocmask
sys_enter_futex
sys_enter_futex
sys_enter_futex
sys_enter_futex
sys_enter_futex
sys_enter_openat
sys_enter_read
sys_enter_read
sys_enter_close
sys_enter_socket
sys_enter_close
sys_enter_socket
sys_enter_setsockopt
sys_enter_bind
sys_enter_socket
sys_enter_setsockopt
sys_enter_bind
sys_enter_close
sys_enter_close
sys_enter_getpid
sys_enter_getppid
sys_enter_mmap
sys_enter_mmap
sys_enter_getppid
sys_enter_openat
sys_enter_pipe2
sys_enter_getpid
sys_enter_clone
sys_enter_setsid
sys_enter_chdir
sys_enter_close
sys_enter_read
sys_enter_execve
sys_enter_close
sys_enter_exit_group
sys_enter_mmap
sys_enter_mmap
sys_enter_mprotect
sys_enter_mmap
sys_enter_mmap
sys_enter_mprotect
sys_enter_mmap
sys_enter_mprotect
sys_enter_mmap
sys_enter_mprotect
sys_enter_mmap
sys_enter_mmap
sys_enter_close
sys_enter_munmap
sys_enter_sched_getaffinity
sys_enter_mmap
sys_enter_munmap
sys_enter_mmap
sys_enter_mmap
sys_enter_mmap
sys_enter_mmap
sys_enter_mmap
sys_enter_mmap
sys_enter_rt_sigprocmask
sys_enter_sigaltstack
sys_enter_sigaltstack
sys_enter_gettid
sys_enter_rt_sigprocmask
sys_enter_rt_sigaction
sys_enter_rt_sigaction
sys_enter_rt_sigaction
sys_enter_rt_sigaction
sys_enter_rt_sigaction
sys_enter_rt_sigaction
sys_enter_rt_sigaction
sys_enter_rt_sigaction
sys_enter_rt_sigaction
sys_enter_rt_sigaction
sys_enter_rt_sigaction
sys_enter_rt_sigaction
sys_enter_rt_sigaction
sys_enter_rt_sigaction
sys_enter_rt_sigaction
sys_enter_rt_sigaction
sys_enter_rt_sigaction
sys_enter_rt_sigaction
sys_enter_rt_sigaction
sys_enter_rt_sigaction
sys_enter_rt_sigaction
sys_enter_rt_sigaction
sys_enter_rt_sigaction
sys_enter_rt_sigaction
sys_enter_rt_sigaction
sys_enter_rt_sigaction
sys_enter_rt_sigaction
sys_enter_rt_sigaction
sys_enter_rt_sigaction
sys_enter_rt_sigaction
sys_enter_rt_sigaction
sys_enter_rt_sigaction
sys_enter_rt_sigaction
sys_enter_rt_sigaction
sys_enter_rt_sigaction
sys_enter_rt_sigaction
sys_enter_rt_sigaction
sys_enter_rt_sigaction
sys_enter_rt_sigaction
sys_enter_rt_sigaction
sys_enter_rt_sigaction
sys_enter_rt_sigaction
sys_enter_rt_sigaction
sys_enter_rt_sigaction
sys_enter_rt_sigaction
sys_enter_rt_sigaction
sys_enter_rt_sigaction
sys_enter_rt_sigaction
sys_enter_rt_sigaction
sys_enter_rt_sigaction
sys_enter_rt_sigaction
sys_enter_rt_sigaction
sys_enter_rt_sigaction
sys_enter_rt_sigaction
sys_enter_rt_sigaction
sys_enter_rt_sigaction
sys_enter_rt_sigaction
sys_enter_rt_sigaction
sys_enter_rt_sigaction
sys_enter_rt_sigaction
sys_enter_rt_sigaction
sys_enter_rt_sigaction
sys_enter_rt_sigaction
sys_enter_rt_sigaction
sys_enter_rt_sigaction
sys_enter_rt_sigaction
sys_enter_rt_sigaction
sys_enter_rt_sigaction
sys_enter_rt_sigaction
sys_enter_rt_sigaction
sys_enter_rt_sigaction
sys_enter_rt_sigaction
sys_enter_rt_sigaction
sys_enter_rt_sigaction
sys_enter_rt_sigaction
sys_enter_rt_sigaction
sys_enter_rt_sigaction
sys_enter_rt_sigaction
sys_enter_rt_sigaction
sys_enter_rt_sigaction
sys_enter_rt_sigaction
sys_enter_rt_sigaction
sys_enter_rt_sigaction
sys_enter_rt_sigaction
sys_enter_rt_sigaction
sys_enter_rt_sigaction
sys_enter_rt_sigaction
sys_enter_rt_sigaction
sys_enter_rt_sigaction
sys_enter_rt_sigaction
sys_enter_rt_sigaction
sys_enter_rt_sigaction
sys_enter_rt_sigaction
sys_enter_rt_sigaction
sys_enter_rt_sigaction
sys_enter_rt_sigaction
sys_enter_rt_sigaction
sys_enter_rt_sigaction
sys_enter_rt_sigaction
sys_enter_rt_sigaction
sys_enter_rt_sigaction
sys_enter_rt_sigaction
sys_enter_rt_sigaction
sys_enter_rt_sigaction
sys_enter_rt_sigaction
sys_enter_rt_sigaction
sys_enter_rt_sigaction
sys_enter_rt_sigaction
sys_enter_rt_sigaction
sys_enter_rt_sigaction
sys_enter_rt_sigaction
sys_enter_rt_sigaction
sys_enter_rt_sigaction
sys_enter_rt_sigaction
sys_enter_rt_sigprocmask
sys_enter_clone
sys_enter_rt_sigprocmask
sys_enter_gettid
sys_enter_sigaltstack
sys_enter_sigaltstack
sys_enter_gettid
sys_enter_rt_sigprocmask
sys_enter_rt_sigprocmask
sys_enter_clone
sys_enter_rt_sigprocmask
sys_enter_gettid
sys_enter_sigaltstack
sys_enter_sigaltstack
sys_enter_gettid
sys_enter_rt_sigprocmask
sys_enter_rt_sigprocmask
sys_enter_clone
sys_enter_rt_sigprocmask
sys_enter_futex
sys_enter_rt_sigprocmask
sys_enter_clone
sys_enter_gettid
sys_enter_sigaltstack
sys_enter_sigaltstack
sys_enter_gettid
sys_enter_rt_sigprocmask
sys_enter_futex
sys_enter_futex
sys_enter_rt_sigprocmask
sys_enter_futex
sys_enter_gettid
sys_enter_sigaltstack
sys_enter_sigaltstack
sys_enter_gettid
sys_enter_rt_sigprocmask
sys_enter_futex
sys_enter_futex
sys_enter_mmap
sys_enter_futex
sys_enter_futex
sys_enter_futex
sys_enter_openat
sys_enter_read
sys_enter_read
sys_enter_close
sys_enter_socket
sys_enter_close
sys_enter_socket
sys_enter_setsockopt
sys_enter_bind
sys_enter_socket
sys_enter_setsockopt
sys_enter_bind
sys_enter_close
sys_enter_close
sys_enter_getpid
sys_enter_getppid
sys_enter_mmap
sys_enter_mmap
sys_enter_getppid
sys_enter_openat
sys_enter_pipe2
sys_enter_getpid
sys_enter_clone
sys_enter_setsid
sys_enter_close
sys_enter_read
sys_enter_chdir
sys_enter_execve
sys_enter_close
sys_enter_exit_group
sys_enter_mmap
sys_enter_mmap
sys_enter_mprotect
sys_enter_mmap
sys_enter_mmap
sys_enter_mprotect
sys_enter_mmap
sys_enter_mprotect
sys_enter_mmap
sys_enter_mprotect
sys_enter_mmap
sys_enter_mmap
sys_enter_close
sys_enter_munmap
sys_enter_sched_getaffinity
sys_enter_mmap
sys_enter_munmap
sys_enter_mmap
sys_enter_mmap
sys_enter_mmap
sys_enter_mmap
sys_enter_mmap
sys_enter_mmap
sys_enter_rt_sigprocmask
sys_enter_sigaltstack
sys_enter_sigaltstack
sys_enter_gettid
sys_enter_rt_sigprocmask
sys_enter_rt_sigaction
sys_enter_rt_sigaction
sys_enter_rt_sigaction
sys_enter_rt_sigaction
sys_enter_rt_sigaction
sys_enter_rt_sigaction
sys_enter_rt_sigaction
sys_enter_rt_sigaction
sys_enter_rt_sigaction
sys_enter_rt_sigaction
sys_enter_rt_sigaction
sys_enter_rt_sigaction
sys_enter_rt_sigaction
sys_enter_rt_sigaction
sys_enter_rt_sigaction
sys_enter_rt_sigaction
sys_enter_rt_sigaction
sys_enter_rt_sigaction
sys_enter_rt_sigaction
sys_enter_rt_sigaction
sys_enter_rt_sigaction
sys_enter_rt_sigaction
sys_enter_rt_sigaction
sys_enter_rt_sigaction
sys_enter_rt_sigaction
sys_enter_rt_sigaction
sys_enter_rt_sigaction
sys_enter_rt_sigaction
sys_enter_rt_sigaction
sys_enter_rt_sigaction
sys_enter_rt_sigaction
sys_enter_rt_sigaction
sys_enter_rt_sigaction
sys_enter_rt_sigaction
sys_enter_rt_sigaction
sys_enter_rt_sigaction
sys_enter_rt_sigaction
sys_enter_rt_sigaction
sys_enter_rt_sigaction
sys_enter_rt_sigaction
sys_enter_rt_sigaction
sys_enter_rt_sigaction
sys_enter_rt_sigaction
sys_enter_rt_sigaction
sys_enter_rt_sigaction
sys_enter_rt_sigaction
sys_enter_rt_sigaction
sys_enter_rt_sigaction
sys_enter_rt_sigaction
sys_enter_rt_sigaction
sys_enter_rt_sigaction
sys_enter_rt_sigaction
sys_enter_rt_sigaction
sys_enter_rt_sigaction
sys_enter_rt_sigaction
sys_enter_rt_sigaction
sys_enter_rt_sigaction
sys_enter_rt_sigaction
sys_enter_rt_sigaction
sys_enter_rt_sigaction
sys_enter_rt_sigaction
sys_enter_rt_sigaction
sys_enter_rt_sigaction
sys_enter_rt_sigaction
sys_enter_rt_sigaction
sys_enter_rt_sigaction
sys_enter_rt_sigaction
sys_enter_rt_sigaction
sys_enter_rt_sigaction
sys_enter_rt_sigaction
sys_enter_rt_sigaction
sys_enter_rt_sigaction
sys_enter_rt_sigaction
sys_enter_rt_sigaction
sys_enter_rt_sigaction
sys_enter_rt_sigaction
sys_enter_rt_sigaction
sys_enter_rt_sigaction
sys_enter_rt_sigaction
sys_enter_rt_sigaction
sys_enter_rt_sigaction
sys_enter_rt_sigaction
sys_enter_rt_sigaction
sys_enter_rt_sigaction
sys_enter_rt_sigaction
sys_enter_rt_sigaction
sys_enter_rt_sigaction
sys_enter_rt_sigaction
sys_enter_rt_sigaction
sys_enter_rt_sigaction
sys_enter_rt_sigaction
sys_enter_rt_sigaction
sys_enter_rt_sigaction
sys_enter_rt_sigaction
sys_enter_rt_sigaction
sys_enter_rt_sigaction
sys_enter_rt_sigaction
sys_enter_rt_sigaction
sys_enter_rt_sigaction
sys_enter_rt_sigaction
sys_enter_rt_sigaction
sys_enter_rt_sigaction
sys_enter_rt_sigaction
sys_enter_rt_sigaction
sys_enter_rt_sigaction
sys_enter_rt_sigaction
sys_enter_rt_sigaction
sys_enter_rt_sigaction
sys_enter_rt_sigaction
sys_enter_rt_sigaction
sys_enter_rt_sigaction
sys_enter_rt_sigaction
sys_enter_rt_sigaction
sys_enter_rt_sigaction
sys_enter_rt_sigprocmask
sys_enter_clone
sys_enter_rt_sigprocmask
sys_enter_gettid
sys_enter_sigaltstack
sys_enter_sigaltstack
sys_enter_gettid
sys_enter_rt_sigprocmask
sys_enter_rt_sigprocmask
sys_enter_clone
sys_enter_rt_sigprocmask
sys_enter_gettid
sys_enter_sigaltstack
sys_enter_sigaltstack
sys_enter_gettid
sys_enter_rt_sigprocmask
sys_enter_rt_sigprocmask
sys_enter_clone
sys_enter_rt_sigprocmask
sys_enter_sched_yield
sys_enter_futex
sys_enter_futex
sys_enter_gettid
sys_enter_sigaltstack
sys_enter_sigaltstack
sys_enter_gettid
sys_enter_rt_sigprocmask
sys_enter_futex
sys_enter_futex
sys_enter_rt_sigprocmask
sys_enter_clone
sys_enter_rt_sigprocmask
sys_enter_gettid
sys_enter_futex
sys_enter_sigaltstack
sys_enter_sigaltstack
sys_enter_gettid
sys_enter_rt_sigprocmask
sys_enter_futex
sys_enter_futex
sys_enter_mmap
sys_enter_futex
sys_enter_futex
sys_enter_futex
sys_enter_openat
sys_enter_read
sys_enter_read
sys_enter_close
sys_enter_socket
sys_enter_close
sys_enter_socket
sys_enter_setsockopt
sys_enter_bind
sys_enter_socket
sys_enter_setsockopt
sys_enter_bind
sys_enter_close
sys_enter_close
sys_enter_getpid
sys_enter_getppid
sys_enter_mmap
sys_enter_mmap
sys_enter_getppid
sys_enter_openat
sys_enter_pipe2
sys_enter_getpid
sys_enter_clone
sys_enter_setsid
sys_enter_close
sys_enter_read
sys_enter_chdir
sys_enter_execve
sys_enter_close
sys_enter_exit_group
sys_enter_mmap
sys_enter_mmap
sys_enter_mprotect
sys_enter_mmap
sys_enter_mmap
sys_enter_mprotect
sys_enter_mmap
sys_enter_mprotect
sys_enter_mmap
sys_enter_mprotect
sys_enter_mmap
sys_enter_mmap
sys_enter_close
sys_enter_munmap
sys_enter_sched_getaffinity
sys_enter_mmap
sys_enter_munmap
sys_enter_mmap
sys_enter_mmap
sys_enter_mmap
sys_enter_mmap
sys_enter_mmap
sys_enter_mmap
sys_enter_rt_sigprocmask
sys_enter_sigaltstack
sys_enter_sigaltstack
sys_enter_gettid
sys_enter_rt_sigprocmask
sys_enter_rt_sigaction
sys_enter_rt_sigaction
sys_enter_rt_sigaction
sys_enter_rt_sigaction
sys_enter_rt_sigaction
sys_enter_rt_sigaction
sys_enter_rt_sigaction
sys_enter_rt_sigaction
sys_enter_rt_sigaction
sys_enter_rt_sigaction
sys_enter_rt_sigaction
sys_enter_rt_sigaction
sys_enter_rt_sigaction
sys_enter_rt_sigaction
sys_enter_rt_sigaction
sys_enter_rt_sigaction
sys_enter_rt_sigaction
sys_enter_rt_sigaction
sys_enter_rt_sigaction
sys_enter_rt_sigaction
sys_enter_rt_sigaction
sys_enter_rt_sigaction
sys_enter_rt_sigaction
sys_enter_rt_sigaction
sys_enter_rt_sigaction
sys_enter_rt_sigaction
sys_enter_rt_sigaction
sys_enter_rt_sigaction
sys_enter_rt_sigaction
sys_enter_rt_sigaction
sys_enter_rt_sigaction
sys_enter_rt_sigaction
sys_enter_rt_sigaction
sys_enter_rt_sigaction
sys_enter_rt_sigaction
sys_enter_rt_sigaction
sys_enter_rt_sigaction
sys_enter_rt_sigaction
sys_enter_rt_sigaction
sys_enter_rt_sigaction
sys_enter_rt_sigaction
sys_enter_rt_sigaction
sys_enter_rt_sigaction
sys_enter_rt_sigaction
sys_enter_rt_sigaction
sys_enter_rt_sigaction
sys_enter_rt_sigaction
sys_enter_rt_sigaction
sys_enter_rt_sigaction
sys_enter_rt_sigaction
sys_enter_rt_sigaction
sys_enter_rt_sigaction
sys_enter_rt_sigaction
sys_enter_rt_sigaction
sys_enter_rt_sigaction
sys_enter_rt_sigaction
sys_enter_rt_sigaction
sys_enter_rt_sigaction
sys_enter_rt_sigaction
sys_enter_rt_sigaction
sys_enter_rt_sigaction
sys_enter_rt_sigaction
sys_enter_rt_sigaction
sys_enter_rt_sigaction
sys_enter_rt_sigaction
sys_enter_rt_sigaction
sys_enter_rt_sigaction
sys_enter_rt_sigaction
sys_enter_rt_sigaction
sys_enter_rt_sigaction
sys_enter_rt_sigaction
sys_enter_rt_sigaction
sys_enter_rt_sigaction
sys_enter_rt_sigaction
sys_enter_rt_sigaction
sys_enter_rt_sigaction
sys_enter_rt_sigaction
sys_enter_rt_sigaction
sys_enter_rt_sigaction
sys_enter_rt_sigaction
sys_enter_rt_sigaction
sys_enter_rt_sigaction
sys_enter_rt_sigaction
sys_enter_rt_sigaction
sys_enter_rt_sigaction
sys_enter_rt_sigaction
sys_enter_rt_sigaction
sys_enter_rt_sigaction
sys_enter_rt_sigaction
sys_enter_rt_sigaction
sys_enter_rt_sigaction
sys_enter_rt_sigaction
sys_enter_rt_sigaction
sys_enter_rt_sigaction
sys_enter_rt_sigaction
sys_enter_rt_sigaction
sys_enter_rt_sigaction
sys_enter_rt_sigaction
sys_enter_rt_sigaction
sys_enter_rt_sigaction
sys_enter_rt_sigaction
sys_enter_rt_sigaction
sys_enter_rt_sigaction
sys_enter_rt_sigaction
sys_enter_rt_sigaction
sys_enter_rt_sigaction
sys_enter_rt_sigaction
sys_enter_rt_sigaction
sys_enter_rt_sigaction
sys_enter_rt_sigaction
sys_enter_rt_sigaction
sys_enter_rt_sigaction
sys_enter_rt_sigaction
sys_enter_rt_sigaction
sys_enter_rt_sigprocmask
sys_enter_clone
sys_enter_rt_sigprocmask
sys_enter_gettid
sys_enter_sigaltstack
sys_enter_sigaltstack
sys_enter_gettid
sys_enter_rt_sigprocmask
sys_enter_rt_sigprocmask
sys_enter_clone
sys_enter_rt_sigprocmask
sys_enter_gettid
sys_enter_sigaltstack
sys_enter_sigaltstack
sys_enter_gettid
sys_enter_rt_sigprocmask
sys_enter_rt_sigprocmask
sys_enter_clone
sys_enter_rt_sigprocmask
sys_enter_futex
sys_enter_rt_sigprocmask
sys_enter_clone
sys_enter_gettid
sys_enter_sigaltstack
sys_enter_sigaltstack
sys_enter_gettid
sys_enter_rt_sigprocmask
sys_enter_futex
sys_enter_rt_sigprocmask
sys_enter_gettid
sys_enter_futex
sys_enter_sigaltstack
sys_enter_sigaltstack
sys_enter_gettid
sys_enter_rt_sigprocmask
sys_enter_futex
sys_enter_futex
sys_enter_futex
sys_enter_mmap
sys_enter_futex
sys_enter_futex
sys_enter_futex
sys_enter_openat
sys_enter_read
sys_enter_read
sys_enter_close
sys_enter_socket
sys_enter_close
sys_enter_socket
sys_enter_setsockopt
sys_enter_bind
sys_enter_socket
sys_enter_setsockopt
sys_enter_bind
sys_enter_close
sys_enter_close
sys_enter_getpid
sys_enter_getppid
sys_enter_mmap
sys_enter_mmap
sys_enter_getppid
sys_enter_openat
sys_enter_pipe2
sys_enter_getpid
sys_enter_clone
sys_enter_setsid
sys_enter_close
sys_enter_read
sys_enter_chdir
sys_enter_execve
sys_enter_close
sys_enter_exit_group
sys_enter_mmap
sys_enter_mmap
sys_enter_mprotect
sys_enter_mmap
sys_enter_mmap
sys_enter_mprotect
sys_enter_mmap
sys_enter_mprotect
sys_enter_mmap
sys_enter_mprotect
sys_enter_mmap
sys_enter_mmap
sys_enter_close
sys_enter_munmap
sys_enter_sched_getaffinity
sys_enter_mmap
sys_enter_munmap
sys_enter_mmap
sys_enter_mmap
sys_enter_mmap
sys_enter_mmap
sys_enter_mmap
sys_enter_mmap
sys_enter_rt_sigprocmask
sys_enter_sigaltstack
sys_enter_sigaltstack
sys_enter_gettid
sys_enter_rt_sigprocmask
sys_enter_rt_sigaction
sys_enter_rt_sigaction
sys_enter_rt_sigaction
sys_enter_rt_sigaction
sys_enter_rt_sigaction
sys_enter_rt_sigaction
sys_enter_rt_sigaction
sys_enter_rt_sigaction
sys_enter_rt_sigaction
sys_enter_rt_sigaction
sys_enter_rt_sigaction
sys_enter_rt_sigaction
sys_enter_rt_sigaction
sys_enter_rt_sigaction
sys_enter_rt_sigaction
sys_enter_rt_sigaction
sys_enter_rt_sigaction
sys_enter_rt_sigaction
sys_enter_rt_sigaction
sys_enter_rt_sigaction
sys_enter_rt_sigaction
sys_enter_rt_sigaction
sys_enter_rt_sigaction
sys_enter_rt_sigaction
sys_enter_rt_sigaction
sys_enter_rt_sigaction
sys_enter_rt_sigaction
sys_enter_rt_sigaction
sys_enter_rt_sigaction
sys_enter_rt_sigaction
sys_enter_rt_sigaction
sys_enter_rt_sigaction
sys_enter_rt_sigaction
sys_enter_rt_sigaction
sys_enter_rt_sigaction
sys_enter_rt_sigaction
sys_enter_rt_sigaction
sys_enter_rt_sigaction
sys_enter_rt_sigaction
sys_enter_rt_sigaction
sys_enter_rt_sigaction
sys_enter_rt_sigaction
sys_enter_rt_sigaction
sys_enter_rt_sigaction
sys_enter_rt_sigaction
sys_enter_rt_sigaction
sys_enter_rt_sigaction
sys_enter_rt_sigaction
sys_enter_rt_sigaction
sys_enter_rt_sigaction
sys_enter_rt_sigaction
sys_enter_rt_sigaction
sys_enter_rt_sigaction
sys_enter_rt_sigaction
sys_enter_rt_sigaction
sys_enter_rt_sigaction
sys_enter_rt_sigaction
sys_enter_rt_sigaction
sys_enter_rt_sigaction
sys_enter_rt_sigaction
sys_enter_rt_sigaction
sys_enter_rt_sigaction
sys_enter_rt_sigaction
sys_enter_rt_sigaction
sys_enter_rt_sigaction
sys_enter_rt_sigaction
sys_enter_rt_sigaction
sys_enter_rt_sigaction
sys_enter_rt_sigaction
sys_enter_rt_sigaction
sys_enter_rt_sigaction
sys_enter_rt_sigaction
sys_enter_rt_sigaction
sys_enter_rt_sigaction
sys_enter_rt_sigaction
sys_enter_rt_sigaction
sys_enter_rt_sigaction
sys_enter_rt_sigaction
sys_enter_rt_sigaction
sys_enter_rt_sigaction
sys_enter_rt_sigaction
sys_enter_rt_sigaction
sys_enter_rt_sigaction
sys_enter_rt_sigaction
sys_enter_rt_sigaction
sys_enter_rt_sigaction
sys_enter_rt_sigaction
sys_enter_rt_sigaction
sys_enter_rt_sigaction
sys_enter_rt_sigaction
sys_enter_rt_sigaction
sys_enter_rt_sigaction
sys_enter_rt_sigaction
sys_enter_rt_sigaction
sys_enter_rt_sigaction
sys_enter_rt_sigaction
sys_enter_rt_sigaction
sys_enter_rt_sigaction
sys_enter_rt_sigaction
sys_enter_rt_sigaction
sys_enter_rt_sigaction
sys_enter_rt_sigaction
sys_enter_rt_sigaction
sys_enter_rt_sigaction
sys_enter_rt_sigaction
sys_enter_rt_sigaction
sys_enter_rt_sigaction
sys_enter_rt_sigaction
sys_enter_rt_sigaction
sys_enter_rt_sigaction
sys_enter_rt_sigaction
sys_enter_rt_sigaction
sys_enter_rt_sigaction
sys_enter_rt_sigaction
sys_enter_rt_sigprocmask
sys_enter_clone
sys_enter_rt_sigprocmask
sys_enter_gettid
sys_enter_sigaltstack
sys_enter_sigaltstack
sys_enter_gettid
sys_enter_rt_sigprocmask
sys_enter_rt_sigprocmask
sys_enter_clone
sys_enter_rt_sigprocmask
sys_enter_gettid
sys_enter_rt_sigprocmask
sys_enter_clone
sys_enter_sigaltstack
sys_enter_sigaltstack
sys_enter_gettid
sys_enter_rt_sigprocmask
sys_enter_rt_sigprocmask
sys_enter_futex
sys_enter_gettid
sys_enter_rt_sigprocmask
sys_enter_clone
sys_enter_sigaltstack
sys_enter_sigaltstack
sys_enter_gettid
sys_enter_rt_sigprocmask
sys_enter_futex
sys_enter_rt_sigprocmask
sys_enter_gettid
sys_enter_futex
sys_enter_sigaltstack
sys_enter_sigaltstack
sys_enter_gettid
sys_enter_rt_sigprocmask
sys_enter_futex
sys_enter_futex
sys_enter_mmap
sys_enter_futex
sys_enter_futex
sys_enter_futex
sys_enter_futex
sys_enter_openat
sys_enter_read
sys_enter_read
sys_enter_close
sys_enter_socket
sys_enter_close
sys_enter_socket
sys_enter_setsockopt
sys_enter_bind
sys_enter_socket
sys_enter_setsockopt
sys_enter_bind
sys_enter_close
sys_enter_close
sys_enter_getpid
sys_enter_getppid
sys_enter_mmap
sys_enter_mmap
sys_enter_getppid
sys_enter_openat
sys_enter_pipe2
sys_enter_getpid
sys_enter_clone
sys_enter_setsid
sys_enter_close
sys_enter_read
sys_enter_chdir
sys_enter_execve
sys_enter_close
sys_enter_exit_group
sys_enter_mmap
sys_enter_mmap
sys_enter_mprotect
sys_enter_mmap
sys_enter_mmap
sys_enter_mprotect
sys_enter_mmap
sys_enter_mprotect
sys_enter_mmap
sys_enter_mprotect
sys_enter_mmap
sys_enter_mmap
sys_enter_close
sys_enter_munmap
sys_enter_sched_getaffinity
sys_enter_mmap
sys_enter_munmap
sys_enter_mmap
sys_enter_mmap
sys_enter_mmap
sys_enter_mmap
sys_enter_mmap
sys_enter_mmap
sys_enter_rt_sigprocmask
sys_enter_sigaltstack
sys_enter_sigaltstack
sys_enter_gettid
sys_enter_rt_sigprocmask
sys_enter_rt_sigaction
sys_enter_rt_sigaction
sys_enter_rt_sigaction
sys_enter_rt_sigaction
sys_enter_rt_sigaction
sys_enter_rt_sigaction
sys_enter_rt_sigaction
sys_enter_rt_sigaction
sys_enter_rt_sigaction
sys_enter_rt_sigaction
sys_enter_rt_sigaction
sys_enter_rt_sigaction
sys_enter_rt_sigaction
sys_enter_rt_sigaction
sys_enter_rt_sigaction
sys_enter_rt_sigaction
sys_enter_rt_sigaction
sys_enter_rt_sigaction
sys_enter_rt_sigaction
sys_enter_rt_sigaction
sys_enter_rt_sigaction
sys_enter_rt_sigaction
sys_enter_rt_sigaction
sys_enter_rt_sigaction
sys_enter_rt_sigaction
sys_enter_rt_sigaction
sys_enter_rt_sigaction
sys_enter_rt_sigaction
sys_enter_rt_sigaction
sys_enter_rt_sigaction
sys_enter_rt_sigaction
sys_enter_rt_sigaction
sys_enter_rt_sigaction
sys_enter_rt_sigaction
sys_enter_rt_sigaction
sys_enter_rt_sigaction
sys_enter_rt_sigaction
sys_enter_rt_sigaction
sys_enter_rt_sigaction
sys_enter_rt_sigaction
sys_enter_rt_sigaction
sys_enter_rt_sigaction
sys_enter_rt_sigaction
sys_enter_rt_sigaction
sys_enter_rt_sigaction
sys_enter_rt_sigaction
sys_enter_rt_sigaction
sys_enter_rt_sigaction
sys_enter_rt_sigaction
sys_enter_rt_sigaction
sys_enter_rt_sigaction
sys_enter_rt_sigaction
sys_enter_rt_sigaction
sys_enter_rt_sigaction
sys_enter_rt_sigaction
sys_enter_rt_sigaction
sys_enter_rt_sigaction
sys_enter_rt_sigaction
sys_enter_rt_sigaction
sys_enter_rt_sigaction
sys_enter_rt_sigaction
sys_enter_rt_sigaction
sys_enter_rt_sigaction
sys_enter_rt_sigaction
sys_enter_rt_sigaction
sys_enter_rt_sigaction
sys_enter_rt_sigaction
sys_enter_rt_sigaction
sys_enter_rt_sigaction
sys_enter_rt_sigaction
sys_enter_rt_sigaction
sys_enter_rt_sigaction
sys_enter_rt_sigaction
sys_enter_rt_sigaction
sys_enter_rt_sigaction
sys_enter_rt_sigaction
sys_enter_rt_sigaction
sys_enter_rt_sigaction
sys_enter_rt_sigaction
sys_enter_rt_sigaction
sys_enter_rt_sigaction
sys_enter_rt_sigaction
sys_enter_rt_sigaction
sys_enter_rt_sigaction
sys_enter_rt_sigaction
sys_enter_rt_sigaction
sys_enter_rt_sigaction
sys_enter_rt_sigaction
sys_enter_rt_sigaction
sys_enter_rt_sigaction
sys_enter_rt_sigaction
sys_enter_rt_sigaction
sys_enter_rt_sigaction
sys_enter_rt_sigaction
sys_enter_rt_sigaction
sys_enter_rt_sigaction
sys_enter_rt_sigaction
sys_enter_rt_sigaction
sys_enter_rt_sigaction
sys_enter_rt_sigaction
sys_enter_rt_sigaction
sys_enter_rt_sigaction
sys_enter_rt_sigaction
sys_enter_rt_sigaction
sys_enter_rt_sigaction
sys_enter_rt_sigaction
sys_enter_rt_sigaction
sys_enter_rt_sigaction
sys_enter_rt_sigaction
sys_enter_rt_sigaction
sys_enter_rt_sigaction
sys_enter_rt_sigaction
sys_enter_rt_sigaction
sys_enter_rt_sigaction
sys_enter_rt_sigprocmask
sys_enter_clone
sys_enter_rt_sigprocmask
sys_enter_gettid
sys_enter_sigaltstack
sys_enter_sigaltstack
sys_enter_gettid
sys_enter_rt_sigprocmask
sys_enter_rt_sigprocmask
sys_enter_clone
sys_enter_rt_sigprocmask
sys_enter_gettid
sys_enter_sigaltstack
sys_enter_sigaltstack
sys_enter_gettid
sys_enter_rt_sigprocmask
sys_enter_rt_sigprocmask
sys_enter_clone
sys_enter_rt_sigprocmask
sys_enter_futex
sys_enter_gettid
sys_enter_sigaltstack
sys_enter_rt_sigprocmask
sys_enter_clone
sys_enter_sigaltstack
sys_enter_gettid
sys_enter_rt_sigprocmask
sys_enter_futex
sys_enter_rt_sigprocmask
sys_enter_gettid
sys_enter_futex
sys_enter_futex
sys_enter_sigaltstack
sys_enter_sigaltstack
sys_enter_gettid
sys_enter_rt_sigprocmask
sys_enter_futex
sys_enter_futex
sys_enter_mmap
sys_enter_futex
sys_enter_futex
sys_enter_futex
sys_enter_openat
sys_enter_read
sys_enter_read
sys_enter_close
sys_enter_socket
sys_enter_close
sys_enter_socket
sys_enter_setsockopt
sys_enter_bind
sys_enter_socket
sys_enter_setsockopt
sys_enter_bind
sys_enter_close
sys_enter_close
sys_enter_getpid
sys_enter_getppid
sys_enter_mmap
sys_enter_mmap
sys_enter_getppid
sys_enter_openat
sys_enter_pipe2
sys_enter_getpid
sys_enter_clone
sys_enter_setsid
sys_enter_close
sys_enter_read
sys_enter_chdir
sys_enter_execve
sys_enter_close
sys_enter_exit_group
sys_enter_mmap
sys_enter_mmap
sys_enter_mprotect
sys_enter_mmap
sys_enter_mmap
sys_enter_mprotect
sys_enter_mmap
sys_enter_mprotect
sys_enter_mmap
sys_enter_mprotect
sys_enter_mmap
sys_enter_mmap
sys_enter_close
sys_enter_munmap
sys_enter_sched_getaffinity
sys_enter_mmap
sys_enter_munmap
sys_enter_mmap
sys_enter_mmap
sys_enter_mmap
sys_enter_mmap
sys_enter_mmap
sys_enter_mmap
sys_enter_rt_sigprocmask
sys_enter_sigaltstack
sys_enter_sigaltstack
sys_enter_gettid
sys_enter_rt_sigprocmask
sys_enter_rt_sigaction
sys_enter_rt_sigaction
sys_enter_rt_sigaction
sys_enter_rt_sigaction
sys_enter_rt_sigaction
sys_enter_rt_sigaction
sys_enter_rt_sigaction
sys_enter_rt_sigaction
sys_enter_rt_sigaction
sys_enter_rt_sigaction
sys_enter_rt_sigaction
sys_enter_rt_sigaction
sys_enter_rt_sigaction
sys_enter_rt_sigaction
sys_enter_rt_sigaction
sys_enter_rt_sigaction
sys_enter_rt_sigaction
sys_enter_rt_sigaction
sys_enter_rt_sigaction
sys_enter_rt_sigaction
sys_enter_rt_sigaction
sys_enter_rt_sigaction
sys_enter_rt_sigaction
sys_enter_rt_sigaction
sys_enter_rt_sigaction
sys_enter_rt_sigaction
sys_enter_rt_sigaction
sys_enter_rt_sigaction
sys_enter_rt_sigaction
sys_enter_rt_sigaction
sys_enter_rt_sigaction
sys_enter_rt_sigaction
sys_enter_rt_sigaction
sys_enter_rt_sigaction
sys_enter_rt_sigaction
sys_enter_rt_sigaction
sys_enter_rt_sigaction
sys_enter_rt_sigaction
sys_enter_rt_sigaction
sys_enter_rt_sigaction
sys_enter_rt_sigaction
sys_enter_rt_sigaction
sys_enter_rt_sigaction
sys_enter_rt_sigaction
sys_enter_rt_sigaction
sys_enter_rt_sigaction
sys_enter_rt_sigaction
sys_enter_rt_sigaction
sys_enter_rt_sigaction
sys_enter_rt_sigaction
sys_enter_rt_sigaction
sys_enter_rt_sigaction
sys_enter_rt_sigaction
sys_enter_rt_sigaction
sys_enter_rt_sigaction
sys_enter_rt_sigaction
sys_enter_rt_sigaction
sys_enter_rt_sigaction
sys_enter_rt_sigaction
sys_enter_rt_sigaction
sys_enter_rt_sigaction
sys_enter_rt_sigaction
sys_enter_rt_sigaction
sys_enter_rt_sigaction
sys_enter_rt_sigaction
sys_enter_rt_sigaction
sys_enter_rt_sigaction
sys_enter_rt_sigaction
sys_enter_rt_sigaction
sys_enter_rt_sigaction
sys_enter_rt_sigaction
sys_enter_rt_sigaction
sys_enter_rt_sigaction
sys_enter_rt_sigaction
sys_enter_rt_sigaction
sys_enter_rt_sigaction
sys_enter_rt_sigaction
sys_enter_rt_sigaction
sys_enter_rt_sigaction
sys_enter_rt_sigaction
sys_enter_rt_sigaction
sys_enter_rt_sigaction
sys_enter_rt_sigaction
sys_enter_rt_sigaction
sys_enter_rt_sigaction
sys_enter_rt_sigaction
sys_enter_rt_sigaction
sys_enter_rt_sigaction
sys_enter_rt_sigaction
sys_enter_rt_sigaction
sys_enter_rt_sigaction
sys_enter_rt_sigaction
sys_enter_rt_sigaction
sys_enter_rt_sigaction
sys_enter_rt_sigaction
sys_enter_rt_sigaction
sys_enter_rt_sigaction
sys_enter_rt_sigaction
sys_enter_rt_sigaction
sys_enter_rt_sigaction
sys_enter_rt_sigaction
sys_enter_rt_sigaction
sys_enter_rt_sigaction
sys_enter_rt_sigaction
sys_enter_rt_sigaction
sys_enter_rt_sigaction
sys_enter_rt_sigaction
sys_enter_rt_sigaction
sys_enter_rt_sigaction
sys_enter_rt_sigaction
sys_enter_rt_sigaction
sys_enter_rt_sigaction
sys_enter_rt_sigaction
sys_enter_rt_sigaction
sys_enter_rt_sigprocmask
sys_enter_clone
sys_enter_rt_sigprocmask
sys_enter_gettid
sys_enter_sigaltstack
sys_enter_sigaltstack
sys_enter_gettid
sys_enter_rt_sigprocmask
sys_enter_rt_sigprocmask
sys_enter_clone
sys_enter_rt_sigprocmask
sys_enter_gettid
sys_enter_sigaltstack
sys_enter_sigaltstack
sys_enter_gettid
sys_enter_rt_sigprocmask
sys_enter_rt_sigprocmask
sys_enter_clone
sys_enter_rt_sigprocmask
sys_enter_futex
sys_enter_rt_sigprocmask
sys_enter_clone
sys_enter_gettid
sys_enter_rt_sigprocmask
sys_enter_sigaltstack
sys_enter_sigaltstack
sys_enter_gettid
sys_enter_gettid
sys_enter_sigaltstack
sys_enter_sigaltstack
sys_enter_rt_sigprocmask
sys_enter_gettid
sys_enter_rt_sigprocmask
sys_enter_futex
sys_enter_futex
sys_enter_futex
sys_enter_futex
sys_enter_futex
sys_enter_mmap
sys_enter_futex
sys_enter_futex
sys_enter_futex
sys_enter_openat
sys_enter_read
sys_enter_read
sys_enter_close
sys_enter_socket
sys_enter_close
sys_enter_socket
sys_enter_setsockopt
sys_enter_bind
sys_enter_socket
sys_enter_setsockopt
sys_enter_bind
sys_enter_close
sys_enter_close
sys_enter_getpid
sys_enter_getppid
sys_enter_mmap
sys_enter_mmap
sys_enter_getppid
sys_enter_openat
sys_enter_pipe2
sys_enter_getpid
sys_enter_clone
sys_enter_setsid
sys_enter_close
sys_enter_read
sys_enter_chdir
sys_enter_execve
sys_enter_close
sys_enter_exit_group
sys_enter_mmap
sys_enter_mmap
sys_enter_mprotect
sys_enter_mmap
sys_enter_mmap
sys_enter_mprotect
sys_enter_mmap
sys_enter_mprotect
sys_enter_mmap
sys_enter_mprotect
sys_enter_mmap
sys_enter_mmap
sys_enter_close
sys_enter_munmap
sys_enter_sched_getaffinity
sys_enter_mmap
sys_enter_munmap
sys_enter_mmap
sys_enter_mmap
sys_enter_mmap
sys_enter_mmap
sys_enter_mmap
sys_enter_mmap
sys_enter_rt_sigprocmask
sys_enter_sigaltstack
sys_enter_sigaltstack
sys_enter_gettid
sys_enter_rt_sigprocmask
sys_enter_rt_sigaction
sys_enter_rt_sigaction
sys_enter_rt_sigaction
sys_enter_rt_sigaction
sys_enter_rt_sigaction
sys_enter_rt_sigaction
sys_enter_rt_sigaction
sys_enter_rt_sigaction
sys_enter_rt_sigaction
sys_enter_rt_sigaction
sys_enter_rt_sigaction
sys_enter_rt_sigaction
sys_enter_rt_sigaction
sys_enter_rt_sigaction
sys_enter_rt_sigaction
sys_enter_rt_sigaction
sys_enter_rt_sigaction
sys_enter_rt_sigaction
sys_enter_rt_sigaction
sys_enter_rt_sigaction
sys_enter_rt_sigaction
sys_enter_rt_sigaction
sys_enter_rt_sigaction
sys_enter_rt_sigaction
sys_enter_rt_sigaction
sys_enter_rt_sigaction
sys_enter_rt_sigaction
sys_enter_rt_sigaction
sys_enter_rt_sigaction
sys_enter_rt_sigaction
sys_enter_rt_sigaction
sys_enter_rt_sigaction
sys_enter_rt_sigaction
sys_enter_rt_sigaction
sys_enter_rt_sigaction
sys_enter_rt_sigaction
sys_enter_rt_sigaction
sys_enter_rt_sigaction
sys_enter_rt_sigaction
sys_enter_rt_sigaction
sys_enter_rt_sigaction
sys_enter_rt_sigaction
sys_enter_rt_sigaction
sys_enter_rt_sigaction
sys_enter_rt_sigaction
sys_enter_rt_sigaction
sys_enter_rt_sigaction
sys_enter_rt_sigaction
sys_enter_rt_sigaction
sys_enter_rt_sigaction
sys_enter_rt_sigaction
sys_enter_rt_sigaction
sys_enter_rt_sigaction
sys_enter_rt_sigaction
sys_enter_rt_sigaction
sys_enter_rt_sigaction
sys_enter_rt_sigaction
sys_enter_rt_sigaction
sys_enter_rt_sigaction
sys_enter_rt_sigaction
sys_enter_rt_sigaction
sys_enter_rt_sigaction
sys_enter_rt_sigaction
sys_enter_rt_sigaction
sys_enter_rt_sigaction
sys_enter_rt_sigaction
sys_enter_rt_sigaction
sys_enter_rt_sigaction
sys_enter_rt_sigaction
sys_enter_rt_sigaction
sys_enter_rt_sigaction
sys_enter_rt_sigaction
sys_enter_rt_sigaction
sys_enter_rt_sigaction
sys_enter_rt_sigaction
sys_enter_rt_sigaction
sys_enter_rt_sigaction
sys_enter_rt_sigaction
sys_enter_rt_sigaction
sys_enter_rt_sigaction
sys_enter_rt_sigaction
sys_enter_rt_sigaction
sys_enter_rt_sigaction
sys_enter_rt_sigaction
sys_enter_rt_sigaction
sys_enter_rt_sigaction
sys_enter_rt_sigaction
sys_enter_rt_sigaction
sys_enter_rt_sigaction
sys_enter_rt_sigaction
sys_enter_rt_sigaction
sys_enter_rt_sigaction
sys_enter_rt_sigaction
sys_enter_rt_sigaction
sys_enter_rt_sigaction
sys_enter_rt_sigaction
sys_enter_rt_sigaction
sys_enter_rt_sigaction
sys_enter_rt_sigaction
sys_enter_rt_sigaction
sys_enter_rt_sigaction
sys_enter_rt_sigaction
sys_enter_rt_sigaction
sys_enter_rt_sigaction
sys_enter_rt_sigaction
sys_enter_rt_sigaction
sys_enter_rt_sigaction
sys_enter_rt_sigaction
sys_enter_rt_sigaction
sys_enter_rt_sigaction
sys_enter_rt_sigaction
sys_enter_rt_sigaction
sys_enter_rt_sigaction
sys_enter_rt_sigaction
sys_enter_rt_sigprocmask
sys_enter_clone
sys_enter_rt_sigprocmask
sys_enter_gettid
sys_enter_sigaltstack
sys_enter_sigaltstack
sys_enter_gettid
sys_enter_rt_sigprocmask
sys_enter_rt_sigprocmask
sys_enter_clone
sys_enter_rt_sigprocmask
sys_enter_gettid
sys_enter_sigaltstack
sys_enter_sigaltstack
sys_enter_gettid
sys_enter_rt_sigprocmask
sys_enter_clone
sys_enter_rt_sigprocmask
sys_enter_rt_sigprocmask
sys_enter_sched_yield
sys_enter_gettid
sys_enter_futex
sys_enter_sigaltstack
sys_enter_sigaltstack
sys_enter_futex
sys_enter_gettid
sys_enter_rt_sigprocmask
sys_enter_rt_sigprocmask
sys_enter_futex
sys_enter_clone
sys_enter_futex
sys_enter_rt_sigprocmask
sys_enter_futex
sys_enter_gettid
sys_enter_sigaltstack
sys_enter_sigaltstack
sys_enter_gettid
sys_enter_rt_sigprocmask
sys_enter_futex
sys_enter_futex
sys_enter_mmap
sys_enter_futex
sys_enter_futex
sys_enter_futex
sys_enter_openat
sys_enter_read
sys_enter_read
sys_enter_close
sys_enter_socket
sys_enter_close
sys_enter_socket
sys_enter_setsockopt
sys_enter_bind
sys_enter_socket
sys_enter_setsockopt
sys_enter_bind
sys_enter_close
sys_enter_close
sys_enter_getpid
sys_enter_getppid
sys_enter_mmap
sys_enter_mmap
sys_enter_getppid
sys_enter_openat
sys_enter_pipe2
sys_enter_getpid
sys_enter_clone
sys_enter_setsid
sys_enter_close
sys_enter_read
sys_enter_chdir
sys_enter_execve
sys_enter_close
sys_enter_mmap
sys_enter_mmap
sys_enter_exit_group
sys_enter_mprotect
sys_enter_mmap
sys_enter_mmap
sys_enter_mprotect
sys_enter_mmap
sys_enter_mprotect
sys_enter_mmap
sys_enter_mprotect
sys_enter_mmap
sys_enter_mmap
sys_enter_close
sys_enter_munmap
sys_enter_sched_getaffinity
sys_enter_mmap
sys_enter_munmap
sys_enter_mmap
sys_enter_mmap
sys_enter_mmap
sys_enter_mmap
sys_enter_mmap
sys_enter_mmap
sys_enter_rt_sigprocmask
sys_enter_sigaltstack
sys_enter_sigaltstack
sys_enter_gettid
sys_enter_rt_sigprocmask
sys_enter_rt_sigaction
sys_enter_rt_sigaction
sys_enter_rt_sigaction
sys_enter_rt_sigaction
sys_enter_rt_sigaction
sys_enter_rt_sigaction
sys_enter_rt_sigaction
sys_enter_rt_sigaction
sys_enter_rt_sigaction
sys_enter_rt_sigaction
sys_enter_rt_sigaction
sys_enter_rt_sigaction
sys_enter_rt_sigaction
sys_enter_rt_sigaction
sys_enter_rt_sigaction
sys_enter_rt_sigaction
sys_enter_rt_sigaction
sys_enter_rt_sigaction
sys_enter_rt_sigaction
sys_enter_rt_sigaction
sys_enter_rt_sigaction
sys_enter_rt_sigaction
sys_enter_rt_sigaction
sys_enter_rt_sigaction
sys_enter_rt_sigaction
sys_enter_rt_sigaction
sys_enter_rt_sigaction
sys_enter_rt_sigaction
sys_enter_rt_sigaction
sys_enter_rt_sigaction
sys_enter_rt_sigaction
sys_enter_rt_sigaction
sys_enter_rt_sigaction
sys_enter_rt_sigaction
sys_enter_rt_sigaction
sys_enter_rt_sigaction
sys_enter_rt_sigaction
sys_enter_rt_sigaction
sys_enter_rt_sigaction
sys_enter_rt_sigaction
sys_enter_rt_sigaction
sys_enter_rt_sigaction
sys_enter_rt_sigaction
sys_enter_rt_sigaction
sys_enter_rt_sigaction
sys_enter_rt_sigaction
sys_enter_rt_sigaction
sys_enter_rt_sigaction
sys_enter_rt_sigaction
sys_enter_rt_sigaction
sys_enter_rt_sigaction
sys_enter_rt_sigaction
sys_enter_rt_sigaction
sys_enter_rt_sigaction
sys_enter_rt_sigaction
sys_enter_rt_sigaction
sys_enter_rt_sigaction
sys_enter_rt_sigaction
sys_enter_rt_sigaction
sys_enter_rt_sigaction
sys_enter_rt_sigaction
sys_enter_rt_sigaction
sys_enter_rt_sigaction
sys_enter_rt_sigaction
sys_enter_rt_sigaction
sys_enter_rt_sigaction
sys_enter_rt_sigaction
sys_enter_rt_sigaction
sys_enter_rt_sigaction
sys_enter_rt_sigaction
sys_enter_rt_sigaction
sys_enter_rt_sigaction
sys_enter_rt_sigaction
sys_enter_rt_sigaction
sys_enter_rt_sigaction
sys_enter_rt_sigaction
sys_enter_rt_sigaction
sys_enter_rt_sigaction
sys_enter_rt_sigaction
sys_enter_rt_sigaction
sys_enter_rt_sigaction
sys_enter_rt_sigaction
sys_enter_rt_sigaction
sys_enter_rt_sigaction
sys_enter_rt_sigaction
sys_enter_rt_sigaction
sys_enter_rt_sigaction
sys_enter_rt_sigaction
sys_enter_rt_sigaction
sys_enter_rt_sigaction
sys_enter_rt_sigaction
sys_enter_rt_sigaction
sys_enter_rt_sigaction
sys_enter_rt_sigaction
sys_enter_rt_sigaction
sys_enter_rt_sigaction
sys_enter_rt_sigaction
sys_enter_rt_sigaction
sys_enter_rt_sigaction
sys_enter_rt_sigaction
sys_enter_rt_sigaction
sys_enter_rt_sigaction
sys_enter_rt_sigaction
sys_enter_rt_sigaction
sys_enter_rt_sigaction
sys_enter_rt_sigaction
sys_enter_rt_sigaction
sys_enter_rt_sigaction
sys_enter_rt_sigaction
sys_enter_rt_sigaction
sys_enter_rt_sigaction
sys_enter_rt_sigaction
sys_enter_rt_sigaction
sys_enter_rt_sigaction
sys_enter_rt_sigprocmask
sys_enter_clone
sys_enter_rt_sigprocmask
sys_enter_gettid
sys_enter_sigaltstack
sys_enter_sigaltstack
sys_enter_gettid
sys_enter_rt_sigprocmask
sys_enter_rt_sigprocmask
sys_enter_clone
sys_enter_rt_sigprocmask
sys_enter_gettid
sys_enter_sigaltstack
sys_enter_sigaltstack
sys_enter_gettid
sys_enter_rt_sigprocmask
sys_enter_rt_sigprocmask
sys_enter_clone
sys_enter_rt_sigprocmask
sys_enter_futex
sys_enter_gettid
sys_enter_rt_sigprocmask
sys_enter_clone
sys_enter_sigaltstack
sys_enter_sigaltstack
sys_enter_gettid
sys_enter_rt_sigprocmask
sys_enter_futex
sys_enter_futex
sys_enter_rt_sigprocmask
sys_enter_futex
sys_enter_gettid
sys_enter_sigaltstack
sys_enter_sigaltstack
sys_enter_gettid
sys_enter_rt_sigprocmask
sys_enter_futex
sys_enter_futex
sys_enter_mmap
sys_enter_futex
sys_enter_futex
sys_enter_futex
sys_enter_openat
sys_enter_read
sys_enter_read
sys_enter_close
sys_enter_socket
sys_enter_close
sys_enter_socket
sys_enter_setsockopt
sys_enter_bind
sys_enter_socket
sys_enter_setsockopt
sys_enter_bind
sys_enter_close
sys_enter_close
sys_enter_getpid
sys_enter_getppid
sys_enter_mmap
sys_enter_mmap
sys_enter_getppid
sys_enter_openat
sys_enter_pipe2
sys_enter_getpid
sys_enter_clone
sys_enter_setsid
sys_enter_close
sys_enter_read
sys_enter_chdir
sys_enter_execve
sys_enter_close
sys_enter_exit_group
sys_enter_mmap
sys_enter_mmap
sys_enter_mprotect
sys_enter_mmap
sys_enter_mmap
sys_enter_mprotect
sys_enter_mmap
sys_enter_mprotect
sys_enter_mmap
sys_enter_mprotect
sys_enter_mmap
sys_enter_mmap
sys_enter_close
sys_enter_munmap
sys_enter_sched_getaffinity
sys_enter_mmap
sys_enter_munmap
sys_enter_mmap
sys_enter_mmap
sys_enter_mmap
sys_enter_mmap
sys_enter_mmap
sys_enter_mmap
sys_enter_rt_sigprocmask
sys_enter_sigaltstack
sys_enter_sigaltstack
sys_enter_gettid
sys_enter_rt_sigprocmask
sys_enter_rt_sigaction
sys_enter_rt_sigaction
sys_enter_rt_sigaction
sys_enter_rt_sigaction
sys_enter_rt_sigaction
sys_enter_rt_sigaction
sys_enter_rt_sigaction
sys_enter_rt_sigaction
sys_enter_rt_sigaction
sys_enter_rt_sigaction
sys_enter_rt_sigaction
sys_enter_rt_sigaction
sys_enter_rt_sigaction
sys_enter_rt_sigaction
sys_enter_rt_sigaction
sys_enter_rt_sigaction
sys_enter_rt_sigaction
sys_enter_rt_sigaction
sys_enter_rt_sigaction
sys_enter_rt_sigaction
sys_enter_rt_sigaction
sys_enter_rt_sigaction
sys_enter_rt_sigaction
sys_enter_rt_sigaction
sys_enter_rt_sigaction
sys_enter_rt_sigaction
sys_enter_rt_sigaction
sys_enter_rt_sigaction
sys_enter_rt_sigaction
sys_enter_rt_sigaction
sys_enter_rt_sigaction
sys_enter_rt_sigaction
sys_enter_rt_sigaction
sys_enter_rt_sigaction
sys_enter_rt_sigaction
sys_enter_rt_sigaction
sys_enter_rt_sigaction
sys_enter_rt_sigaction
sys_enter_rt_sigaction
sys_enter_rt_sigaction
sys_enter_rt_sigaction
sys_enter_rt_sigaction
sys_enter_rt_sigaction
sys_enter_rt_sigaction
sys_enter_rt_sigaction
sys_enter_rt_sigaction
sys_enter_rt_sigaction
sys_enter_rt_sigaction
sys_enter_rt_sigaction
sys_enter_rt_sigaction
sys_enter_rt_sigaction
sys_enter_rt_sigaction
sys_enter_rt_sigaction
sys_enter_rt_sigaction
sys_enter_rt_sigaction
sys_enter_rt_sigaction
sys_enter_rt_sigaction
sys_enter_rt_sigaction
sys_enter_rt_sigaction
sys_enter_rt_sigaction
sys_enter_rt_sigaction
sys_enter_rt_sigaction
sys_enter_rt_sigaction
sys_enter_rt_sigaction
sys_enter_rt_sigaction
sys_enter_rt_sigaction
sys_enter_rt_sigaction
sys_enter_rt_sigaction
sys_enter_rt_sigaction
sys_enter_rt_sigaction
sys_enter_rt_sigaction
sys_enter_rt_sigaction
sys_enter_rt_sigaction
sys_enter_rt_sigaction
sys_enter_rt_sigaction
sys_enter_rt_sigaction
sys_enter_rt_sigaction
sys_enter_rt_sigaction
sys_enter_rt_sigaction
sys_enter_rt_sigaction
sys_enter_rt_sigaction
sys_enter_rt_sigaction
sys_enter_rt_sigaction
sys_enter_rt_sigaction
sys_enter_rt_sigaction
sys_enter_rt_sigaction
sys_enter_rt_sigaction
sys_enter_rt_sigaction
sys_enter_rt_sigaction
sys_enter_rt_sigaction
sys_enter_rt_sigaction
sys_enter_rt_sigaction
sys_enter_rt_sigaction
sys_enter_rt_sigaction
sys_enter_rt_sigaction
sys_enter_rt_sigaction
sys_enter_rt_sigaction
sys_enter_rt_sigaction
sys_enter_rt_sigaction
sys_enter_rt_sigaction
sys_enter_rt_sigaction
sys_enter_rt_sigaction
sys_enter_rt_sigaction
sys_enter_rt_sigaction
sys_enter_rt_sigaction
sys_enter_rt_sigaction
sys_enter_rt_sigaction
sys_enter_rt_sigaction
sys_enter_rt_sigaction
sys_enter_rt_sigaction
sys_enter_rt_sigaction
sys_enter_rt_sigaction
sys_enter_rt_sigaction
sys_enter_rt_sigaction
sys_enter_rt_sigprocmask
sys_enter_clone
sys_enter_rt_sigprocmask
sys_enter_gettid
sys_enter_sigaltstack
sys_enter_sigaltstack
sys_enter_gettid
sys_enter_rt_sigprocmask
sys_enter_rt_sigprocmask
sys_enter_clone
sys_enter_rt_sigprocmask
sys_enter_gettid
sys_enter_sigaltstack
sys_enter_sigaltstack
sys_enter_gettid
sys_enter_rt_sigprocmask
sys_enter_rt_sigprocmask
sys_enter_clone
sys_enter_rt_sigprocmask
sys_enter_rt_sigprocmask
sys_enter_clone
sys_enter_futex
sys_enter_gettid
sys_enter_rt_sigprocmask
sys_enter_sigaltstack
sys_enter_sigaltstack
sys_enter_gettid
sys_enter_rt_sigprocmask
sys_enter_gettid
sys_enter_sigaltstack
sys_enter_sigaltstack
sys_enter_futex
sys_enter_gettid
sys_enter_futex
sys_enter_rt_sigprocmask
sys_enter_futex
sys_enter_futex
sys_enter_futex
sys_enter_mmap
sys_enter_futex
sys_enter_futex
sys_enter_futex
sys_enter_openat
sys_enter_read
sys_enter_read
sys_enter_close
sys_enter_socket
sys_enter_close
sys_enter_socket
sys_enter_setsockopt
sys_enter_bind
sys_enter_socket
sys_enter_setsockopt
sys_enter_bind
sys_enter_close
sys_enter_close
sys_enter_getpid
sys_enter_getppid
sys_enter_mmap
sys_enter_mmap
sys_enter_getppid
sys_enter_openat
sys_enter_pipe2
sys_enter_getpid
sys_enter_clone
sys_enter_setsid
sys_enter_close
sys_enter_read
sys_enter_chdir
sys_enter_execve
sys_enter_close
sys_enter_exit_group
sys_enter_mmap
sys_enter_mmap
sys_enter_mprotect
sys_enter_mmap
sys_enter_mmap
sys_enter_mprotect
sys_enter_mmap
sys_enter_mprotect
sys_enter_mmap
sys_enter_mprotect
sys_enter_mmap
sys_enter_mmap
sys_enter_close
sys_enter_munmap
sys_enter_sched_getaffinity
sys_enter_mmap
sys_enter_munmap
sys_enter_mmap
sys_enter_mmap
sys_enter_mmap
sys_enter_mmap
sys_enter_mmap
sys_enter_mmap
sys_enter_rt_sigprocmask
sys_enter_sigaltstack
sys_enter_sigaltstack
sys_enter_gettid
sys_enter_rt_sigprocmask
sys_enter_rt_sigaction
sys_enter_rt_sigaction
sys_enter_rt_sigaction
sys_enter_rt_sigaction
sys_enter_rt_sigaction
sys_enter_rt_sigaction
sys_enter_rt_sigaction
sys_enter_rt_sigaction
sys_enter_rt_sigaction
sys_enter_rt_sigaction
sys_enter_rt_sigaction
sys_enter_rt_sigaction
sys_enter_rt_sigaction
sys_enter_rt_sigaction
sys_enter_rt_sigaction
sys_enter_rt_sigaction
sys_enter_rt_sigaction
sys_enter_rt_sigaction
sys_enter_rt_sigaction
sys_enter_rt_sigaction
sys_enter_rt_sigaction
sys_enter_rt_sigaction
sys_enter_rt_sigaction
sys_enter_rt_sigaction
sys_enter_rt_sigaction
sys_enter_rt_sigaction
sys_enter_rt_sigaction
sys_enter_rt_sigaction
sys_enter_rt_sigaction
sys_enter_rt_sigaction
sys_enter_rt_sigaction
sys_enter_rt_sigaction
sys_enter_rt_sigaction
sys_enter_rt_sigaction
sys_enter_rt_sigaction
sys_enter_rt_sigaction
sys_enter_rt_sigaction
sys_enter_rt_sigaction
sys_enter_rt_sigaction
sys_enter_rt_sigaction
sys_enter_rt_sigaction
sys_enter_rt_sigaction
sys_enter_rt_sigaction
sys_enter_rt_sigaction
sys_enter_rt_sigaction
sys_enter_rt_sigaction
sys_enter_rt_sigaction
sys_enter_rt_sigaction
sys_enter_rt_sigaction
sys_enter_rt_sigaction
sys_enter_rt_sigaction
sys_enter_rt_sigaction
sys_enter_rt_sigaction
sys_enter_rt_sigaction
sys_enter_rt_sigaction
sys_enter_rt_sigaction
sys_enter_rt_sigaction
sys_enter_rt_sigaction
sys_enter_rt_sigaction
sys_enter_rt_sigaction
sys_enter_rt_sigaction
sys_enter_rt_sigaction
sys_enter_rt_sigaction
sys_enter_rt_sigaction
sys_enter_rt_sigaction
sys_enter_rt_sigaction
sys_enter_rt_sigaction
sys_enter_rt_sigaction
sys_enter_rt_sigaction
sys_enter_rt_sigaction
sys_enter_rt_sigaction
sys_enter_rt_sigaction
sys_enter_rt_sigaction
sys_enter_rt_sigaction
sys_enter_rt_sigaction
sys_enter_rt_sigaction
sys_enter_rt_sigaction
sys_enter_rt_sigaction
sys_enter_rt_sigaction
sys_enter_rt_sigaction
sys_enter_rt_sigaction
sys_enter_rt_sigaction
sys_enter_rt_sigaction
sys_enter_rt_sigaction
sys_enter_rt_sigaction
sys_enter_rt_sigaction
sys_enter_rt_sigaction
sys_enter_rt_sigaction
sys_enter_rt_sigaction
sys_enter_rt_sigaction
sys_enter_rt_sigaction
sys_enter_rt_sigaction
sys_enter_rt_sigaction
sys_enter_rt_sigaction
sys_enter_rt_sigaction
sys_enter_rt_sigaction
sys_enter_rt_sigaction
sys_enter_rt_sigaction
sys_enter_rt_sigaction
sys_enter_rt_sigaction
sys_enter_rt_sigaction
sys_enter_rt_sigaction
sys_enter_rt_sigaction
sys_enter_rt_sigaction
sys_enter_rt_sigaction
sys_enter_rt_sigaction
sys_enter_rt_sigaction
sys_enter_rt_sigaction
sys_enter_rt_sigaction
sys_enter_rt_sigaction
sys_enter_rt_sigaction
sys_enter_rt_sigaction
sys_enter_rt_sigaction
sys_enter_rt_sigaction
sys_enter_rt_sigprocmask
sys_enter_clone
sys_enter_rt_sigprocmask
sys_enter_gettid
sys_enter_sigaltstack
sys_enter_sigaltstack
sys_enter_gettid
sys_enter_rt_sigprocmask
sys_enter_rt_sigprocmask
sys_enter_clone
sys_enter_rt_sigprocmask
sys_enter_gettid
sys_enter_sigaltstack
sys_enter_sigaltstack
sys_enter_gettid
sys_enter_rt_sigprocmask
sys_enter_futex
sys_enter_rt_sigprocmask
sys_enter_clone
sys_enter_rt_sigprocmask
sys_enter_futex
sys_enter_gettid
sys_enter_sigaltstack
sys_enter_sigaltstack
sys_enter_gettid
sys_enter_rt_sigprocmask
sys_enter_futex
sys_enter_rt_sigprocmask
sys_enter_clone
sys_enter_rt_sigprocmask
sys_enter_sched_yield
sys_enter_futex
sys_enter_futex
sys_enter_futex
sys_enter_gettid
sys_enter_sigaltstack
sys_enter_sigaltstack
sys_enter_gettid
sys_enter_rt_sigprocmask
sys_enter_futex
sys_enter_futex
sys_enter_futex
sys_enter_mmap
sys_enter_futex
sys_enter_futex
sys_enter_futex
sys_enter_openat
sys_enter_futex
sys_enter_futex
sys_enter_read
sys_enter_read
sys_enter_close
sys_enter_socket
sys_enter_close
sys_enter_socket
sys_enter_setsockopt
sys_enter_bind
sys_enter_socket
sys_enter_setsockopt
sys_enter_bind
sys_enter_close
sys_enter_close
sys_enter_mmap
sys_enter_mmap
sys_enter_getpid
sys_enter_getppid
sys_enter_mmap
sys_enter_mmap
sys_enter_getppid
sys_enter_openat
sys_enter_pipe2
sys_enter_getpid
sys_enter_clone
sys_enter_setsid
sys_enter_close
sys_enter_read
sys_enter_chdir
sys_enter_execve
sys_enter_close
sys_enter_mmap
sys_enter_exit_group
sys_enter_mmap
sys_enter_mprotect
sys_enter_mmap
sys_enter_mmap
sys_enter_mprotect
sys_enter_mmap
sys_enter_mprotect
sys_enter_mmap
sys_enter_mprotect
sys_enter_mmap
sys_enter_mmap
sys_enter_close
sys_enter_munmap
sys_enter_sched_getaffinity
sys_enter_mmap
sys_enter_munmap
sys_enter_mmap
sys_enter_mmap
sys_enter_mmap
sys_enter_mmap
sys_enter_mmap
sys_enter_mmap
sys_enter_rt_sigprocmask
sys_enter_sigaltstack
sys_enter_sigaltstack
sys_enter_gettid
sys_enter_rt_sigprocmask
sys_enter_rt_sigaction
sys_enter_rt_sigaction
sys_enter_rt_sigaction
sys_enter_rt_sigaction
sys_enter_rt_sigaction
sys_enter_rt_sigaction
sys_enter_rt_sigaction
sys_enter_rt_sigaction
sys_enter_rt_sigaction
sys_enter_rt_sigaction
sys_enter_rt_sigaction
sys_enter_rt_sigaction
sys_enter_rt_sigaction
sys_enter_rt_sigaction
sys_enter_rt_sigaction
sys_enter_rt_sigaction
sys_enter_rt_sigaction
sys_enter_rt_sigaction
sys_enter_rt_sigaction
sys_enter_rt_sigaction
sys_enter_rt_sigaction
sys_enter_rt_sigaction
sys_enter_rt_sigaction
sys_enter_rt_sigaction
sys_enter_rt_sigaction
sys_enter_rt_sigaction
sys_enter_rt_sigaction
sys_enter_rt_sigaction
sys_enter_rt_sigaction
sys_enter_rt_sigaction
sys_enter_rt_sigaction
sys_enter_rt_sigaction
sys_enter_rt_sigaction
sys_enter_rt_sigaction
sys_enter_rt_sigaction
sys_enter_rt_sigaction
sys_enter_rt_sigaction
sys_enter_rt_sigaction
sys_enter_rt_sigaction
sys_enter_rt_sigaction
sys_enter_rt_sigaction
sys_enter_rt_sigaction
sys_enter_rt_sigaction
sys_enter_rt_sigaction
sys_enter_rt_sigaction
sys_enter_rt_sigaction
sys_enter_rt_sigaction
sys_enter_rt_sigaction
sys_enter_rt_sigaction
sys_enter_rt_sigaction
sys_enter_rt_sigaction
sys_enter_rt_sigaction
sys_enter_rt_sigaction
sys_enter_rt_sigaction
sys_enter_rt_sigaction
sys_enter_rt_sigaction
sys_enter_rt_sigaction
sys_enter_rt_sigaction
sys_enter_rt_sigaction
sys_enter_rt_sigaction
sys_enter_rt_sigaction
sys_enter_rt_sigaction
sys_enter_rt_sigaction
sys_enter_rt_sigaction
sys_enter_rt_sigaction
sys_enter_rt_sigaction
sys_enter_rt_sigaction
sys_enter_rt_sigaction
sys_enter_rt_sigaction
sys_enter_rt_sigaction
sys_enter_rt_sigaction
sys_enter_rt_sigaction
sys_enter_rt_sigaction
sys_enter_rt_sigaction
sys_enter_rt_sigaction
sys_enter_rt_sigaction
sys_enter_rt_sigaction
sys_enter_rt_sigaction
sys_enter_rt_sigaction
sys_enter_rt_sigaction
sys_enter_rt_sigaction
sys_enter_rt_sigaction
sys_enter_rt_sigaction
sys_enter_rt_sigaction
sys_enter_rt_sigaction
sys_enter_rt_sigaction
sys_enter_rt_sigaction
sys_enter_rt_sigaction
sys_enter_rt_sigaction
sys_enter_rt_sigaction
sys_enter_rt_sigaction
sys_enter_rt_sigaction
sys_enter_rt_sigaction
sys_enter_rt_sigaction
sys_enter_rt_sigaction
sys_enter_rt_sigaction
sys_enter_rt_sigaction
sys_enter_rt_sigaction
sys_enter_rt_sigaction
sys_enter_rt_sigaction
sys_enter_rt_sigaction
sys_enter_rt_sigaction
sys_enter_rt_sigaction
sys_enter_rt_sigaction
sys_enter_rt_sigaction
sys_enter_rt_sigaction
sys_enter_rt_sigaction
sys_enter_rt_sigaction
sys_enter_rt_sigaction
sys_enter_rt_sigaction
sys_enter_rt_sigaction
sys_enter_rt_sigaction
sys_enter_rt_sigaction
sys_enter_rt_sigaction
sys_enter_rt_sigprocmask
sys_enter_clone
sys_enter_rt_sigprocmask
sys_enter_gettid
sys_enter_sigaltstack
sys_enter_sigaltstack
sys_enter_gettid
sys_enter_rt_sigprocmask
sys_enter_rt_sigprocmask
sys_enter_clone
sys_enter_rt_sigprocmask
sys_enter_rt_sigprocmask
sys_enter_clone
sys_enter_gettid
sys_enter_sigaltstack
sys_enter_sigaltstack
sys_enter_gettid
sys_enter_rt_sigprocmask
sys_enter_rt_sigprocmask
sys_enter_futex
sys_enter_gettid
sys_enter_sigaltstack
sys_enter_sigaltstack
sys_enter_gettid
sys_enter_rt_sigprocmask
sys_enter_futex
sys_enter_rt_sigprocmask
sys_enter_clone
sys_enter_rt_sigprocmask
sys_enter_futex
sys_enter_futex
sys_enter_gettid
sys_enter_sigaltstack
sys_enter_sigaltstack
sys_enter_gettid
sys_enter_rt_sigprocmask
sys_enter_futex
sys_enter_futex
sys_enter_mmap
sys_enter_futex
sys_enter_futex
sys_enter_futex
sys_enter_openat
sys_enter_read
sys_enter_read
sys_enter_close
sys_enter_socket
sys_enter_close
sys_enter_socket
sys_enter_setsockopt
sys_enter_bind
sys_enter_socket
sys_enter_setsockopt
sys_enter_bind
sys_enter_close
sys_enter_close
sys_enter_getpid
sys_enter_getppid
sys_enter_mmap
sys_enter_mmap
sys_enter_getppid
sys_enter_openat
sys_enter_pipe2
sys_enter_getpid
sys_enter_clone
sys_enter_setsid
sys_enter_close
sys_enter_read
sys_enter_chdir
sys_enter_execve
sys_enter_close
sys_enter_exit_group
sys_enter_mmap
sys_enter_mmap
sys_enter_mprotect
sys_enter_mmap
sys_enter_mmap
sys_enter_mprotect
sys_enter_mmap
sys_enter_mprotect
sys_enter_mmap
sys_enter_mprotect
sys_enter_mmap
sys_enter_mmap
sys_enter_close
sys_enter_munmap
sys_enter_sched_getaffinity
sys_enter_mmap
sys_enter_munmap
sys_enter_mmap
sys_enter_mmap
sys_enter_mmap
sys_enter_mmap
sys_enter_mmap
sys_enter_mmap
sys_enter_rt_sigprocmask
sys_enter_sigaltstack
sys_enter_sigaltstack
sys_enter_gettid
sys_enter_rt_sigprocmask
sys_enter_rt_sigaction
sys_enter_rt_sigaction
sys_enter_rt_sigaction
sys_enter_rt_sigaction
sys_enter_rt_sigaction
sys_enter_rt_sigaction
sys_enter_rt_sigaction
sys_enter_rt_sigaction
sys_enter_rt_sigaction
sys_enter_rt_sigaction
sys_enter_rt_sigaction
sys_enter_rt_sigaction
sys_enter_rt_sigaction
sys_enter_rt_sigaction
sys_enter_rt_sigaction
sys_enter_rt_sigaction
sys_enter_rt_sigaction
sys_enter_rt_sigaction
sys_enter_rt_sigaction
sys_enter_rt_sigaction
sys_enter_rt_sigaction
sys_enter_rt_sigaction
sys_enter_rt_sigaction
sys_enter_rt_sigaction
sys_enter_rt_sigaction
sys_enter_rt_sigaction
sys_enter_rt_sigaction
sys_enter_rt_sigaction
sys_enter_rt_sigaction
sys_enter_rt_sigaction
sys_enter_rt_sigaction
sys_enter_rt_sigaction
sys_enter_rt_sigaction
sys_enter_rt_sigaction
sys_enter_rt_sigaction
sys_enter_rt_sigaction
sys_enter_rt_sigaction
sys_enter_rt_sigaction
sys_enter_rt_sigaction
sys_enter_rt_sigaction
sys_enter_rt_sigaction
sys_enter_rt_sigaction
sys_enter_rt_sigaction
sys_enter_rt_sigaction
sys_enter_rt_sigaction
sys_enter_rt_sigaction
sys_enter_rt_sigaction
sys_enter_rt_sigaction
sys_enter_rt_sigaction
sys_enter_rt_sigaction
sys_enter_rt_sigaction
sys_enter_rt_sigaction
sys_enter_rt_sigaction
sys_enter_rt_sigaction
sys_enter_rt_sigaction
sys_enter_rt_sigaction
sys_enter_rt_sigaction
sys_enter_rt_sigaction
sys_enter_rt_sigaction
sys_enter_rt_sigaction
sys_enter_rt_sigaction
sys_enter_rt_sigaction
sys_enter_rt_sigaction
sys_enter_rt_sigaction
sys_enter_rt_sigaction
sys_enter_rt_sigaction
sys_enter_rt_sigaction
sys_enter_rt_sigaction
sys_enter_rt_sigaction
sys_enter_rt_sigaction
sys_enter_rt_sigaction
sys_enter_rt_sigaction
sys_enter_rt_sigaction
sys_enter_rt_sigaction
sys_enter_rt_sigaction
sys_enter_rt_sigaction
sys_enter_rt_sigaction
sys_enter_rt_sigaction
sys_enter_rt_sigaction
sys_enter_rt_sigaction
sys_enter_rt_sigaction
sys_enter_rt_sigaction
sys_enter_rt_sigaction
sys_enter_rt_sigaction
sys_enter_rt_sigaction
sys_enter_rt_sigaction
sys_enter_rt_sigaction
sys_enter_rt_sigaction
sys_enter_rt_sigaction
sys_enter_rt_sigaction
sys_enter_rt_sigaction
sys_enter_rt_sigaction
sys_enter_rt_sigaction
sys_enter_rt_sigaction
sys_enter_rt_sigaction
sys_enter_rt_sigaction
sys_enter_rt_sigaction
sys_enter_rt_sigaction
sys_enter_rt_sigaction
sys_enter_rt_sigaction
sys_enter_rt_sigaction
sys_enter_rt_sigaction
sys_enter_rt_sigaction
sys_enter_rt_sigaction
sys_enter_rt_sigaction
sys_enter_rt_sigaction
sys_enter_rt_sigaction
sys_enter_rt_sigaction
sys_enter_rt_sigaction
sys_enter_rt_sigaction
sys_enter_rt_sigaction
sys_enter_rt_sigaction
sys_enter_rt_sigaction
sys_enter_rt_sigaction
sys_enter_rt_sigprocmask
sys_enter_clone
sys_enter_rt_sigprocmask
sys_enter_gettid
sys_enter_sigaltstack
sys_enter_sigaltstack
sys_enter_gettid
sys_enter_rt_sigprocmask
sys_enter_rt_sigprocmask
sys_enter_clone
sys_enter_rt_sigprocmask
sys_enter_gettid
sys_enter_sigaltstack
sys_enter_sigaltstack
sys_enter_gettid
sys_enter_rt_sigprocmask
sys_enter_clone
sys_enter_rt_sigprocmask
sys_enter_rt_sigprocmask
sys_enter_futex
sys_enter_rt_sigprocmask
sys_enter_clone
sys_enter_gettid
sys_enter_sigaltstack
sys_enter_sigaltstack
sys_enter_gettid
sys_enter_rt_sigprocmask
sys_enter_rt_sigprocmask
sys_enter_futex
sys_enter_futex
sys_enter_gettid
sys_enter_sigaltstack
sys_enter_sigaltstack
sys_enter_gettid
sys_enter_rt_sigprocmask
sys_enter_futex
sys_enter_futex
sys_enter_futex
sys_enter_mmap
sys_enter_futex
sys_enter_futex
sys_enter_futex
sys_enter_openat
sys_enter_read
sys_enter_read
sys_enter_close
sys_enter_socket
sys_enter_close
sys_enter_socket
sys_enter_setsockopt
sys_enter_bind
sys_enter_socket
sys_enter_setsockopt
sys_enter_bind
sys_enter_close
sys_enter_close
sys_enter_getpid
sys_enter_getppid
sys_enter_mmap
sys_enter_mmap
sys_enter_getppid
sys_enter_openat
sys_enter_pipe2
sys_enter_getpid
sys_enter_clone
sys_enter_setsid
sys_enter_close
sys_enter_read
sys_enter_chdir
sys_enter_execve
sys_enter_close
sys_enter_exit_group
sys_enter_mmap
sys_enter_mmap
sys_enter_mprotect
sys_enter_mmap
sys_enter_mmap
sys_enter_mprotect
sys_enter_mmap
sys_enter_mprotect
sys_enter_mmap
sys_enter_mprotect
sys_enter_mmap
sys_enter_mmap
sys_enter_close
sys_enter_munmap
sys_enter_sched_getaffinity
sys_enter_mmap
sys_enter_munmap
sys_enter_mmap
sys_enter_mmap
sys_enter_mmap
sys_enter_mmap
sys_enter_mmap
sys_enter_mmap
sys_enter_rt_sigprocmask
sys_enter_sigaltstack
sys_enter_sigaltstack
sys_enter_gettid
sys_enter_rt_sigprocmask
sys_enter_rt_sigaction
sys_enter_rt_sigaction
sys_enter_rt_sigaction
sys_enter_rt_sigaction
sys_enter_rt_sigaction
sys_enter_rt_sigaction
sys_enter_rt_sigaction
sys_enter_rt_sigaction
sys_enter_rt_sigaction
sys_enter_rt_sigaction
sys_enter_rt_sigaction
sys_enter_rt_sigaction
sys_enter_rt_sigaction
sys_enter_rt_sigaction
sys_enter_rt_sigaction
sys_enter_rt_sigaction
sys_enter_rt_sigaction
sys_enter_rt_sigaction
sys_enter_rt_sigaction
sys_enter_rt_sigaction
sys_enter_rt_sigaction
sys_enter_rt_sigaction
sys_enter_rt_sigaction
sys_enter_rt_sigaction
sys_enter_rt_sigaction
sys_enter_rt_sigaction
sys_enter_rt_sigaction
sys_enter_rt_sigaction
sys_enter_rt_sigaction
sys_enter_rt_sigaction
sys_enter_rt_sigaction
sys_enter_rt_sigaction
sys_enter_rt_sigaction
sys_enter_rt_sigaction
sys_enter_rt_sigaction
sys_enter_rt_sigaction
sys_enter_rt_sigaction
sys_enter_rt_sigaction
sys_enter_rt_sigaction
sys_enter_rt_sigaction
sys_enter_rt_sigaction
sys_enter_rt_sigaction
sys_enter_rt_sigaction
sys_enter_rt_sigaction
sys_enter_rt_sigaction
sys_enter_rt_sigaction
sys_enter_rt_sigaction
sys_enter_rt_sigaction
sys_enter_rt_sigaction
sys_enter_rt_sigaction
sys_enter_rt_sigaction
sys_enter_rt_sigaction
sys_enter_rt_sigaction
sys_enter_rt_sigaction
sys_enter_rt_sigaction
sys_enter_rt_sigaction
sys_enter_rt_sigaction
sys_enter_rt_sigaction
sys_enter_rt_sigaction
sys_enter_rt_sigaction
sys_enter_rt_sigaction
sys_enter_rt_sigaction
sys_enter_rt_sigaction
sys_enter_rt_sigaction
sys_enter_rt_sigaction
sys_enter_rt_sigaction
sys_enter_rt_sigaction
sys_enter_rt_sigaction
sys_enter_rt_sigaction
sys_enter_rt_sigaction
sys_enter_rt_sigaction
sys_enter_rt_sigaction
sys_enter_rt_sigaction
sys_enter_rt_sigaction
sys_enter_rt_sigaction
sys_enter_rt_sigaction
sys_enter_rt_sigaction
sys_enter_rt_sigaction
sys_enter_rt_sigaction
sys_enter_rt_sigaction
sys_enter_rt_sigaction
sys_enter_rt_sigaction
sys_enter_rt_sigaction
sys_enter_rt_sigaction
sys_enter_rt_sigaction
sys_enter_rt_sigaction
sys_enter_rt_sigaction
sys_enter_rt_sigaction
sys_enter_rt_sigaction
sys_enter_rt_sigaction
sys_enter_rt_sigaction
sys_enter_rt_sigaction
sys_enter_rt_sigaction
sys_enter_rt_sigaction
sys_enter_rt_sigaction
sys_enter_rt_sigaction
sys_enter_rt_sigaction
sys_enter_rt_sigaction
sys_enter_rt_sigaction
sys_enter_rt_sigaction
sys_enter_rt_sigaction
sys_enter_rt_sigaction
sys_enter_rt_sigaction
sys_enter_rt_sigaction
sys_enter_rt_sigaction
sys_enter_rt_sigaction
sys_enter_rt_sigaction
sys_enter_rt_sigaction
sys_enter_rt_sigaction
sys_enter_rt_sigaction
sys_enter_rt_sigaction
sys_enter_rt_sigaction
sys_enter_rt_sigaction
sys_enter_rt_sigaction
sys_enter_rt_sigprocmask
sys_enter_clone
sys_enter_rt_sigprocmask
sys_enter_gettid
sys_enter_sigaltstack
sys_enter_sigaltstack
sys_enter_gettid
sys_enter_rt_sigprocmask
sys_enter_rt_sigprocmask
sys_enter_clone
sys_enter_rt_sigprocmask
sys_enter_gettid
sys_enter_sigaltstack
sys_enter_sigaltstack
sys_enter_gettid
sys_enter_rt_sigprocmask
sys_enter_rt_sigprocmask
sys_enter_clone
sys_enter_rt_sigprocmask
sys_enter_futex
sys_enter_gettid
sys_enter_sigaltstack
sys_enter_sigaltstack
sys_enter_gettid
sys_enter_rt_sigprocmask
sys_enter_futex
sys_enter_futex
sys_enter_rt_sigprocmask
sys_enter_clone
sys_enter_rt_sigprocmask
sys_enter_futex
sys_enter_gettid
sys_enter_sigaltstack
sys_enter_sigaltstack
sys_enter_gettid
sys_enter_rt_sigprocmask
sys_enter_futex
sys_enter_futex
sys_enter_mmap
sys_enter_futex
sys_enter_futex
sys_enter_futex
sys_enter_openat
sys_enter_read
sys_enter_read
sys_enter_close
sys_enter_socket
sys_enter_close
sys_enter_socket
sys_enter_setsockopt
sys_enter_bind
sys_enter_socket
sys_enter_setsockopt
sys_enter_bind
sys_enter_close
sys_enter_close
sys_enter_getpid
sys_enter_getppid
sys_enter_mmap
sys_enter_mmap
sys_enter_getppid
sys_enter_openat
sys_enter_pipe2
sys_enter_getpid
sys_enter_clone
sys_enter_setsid
sys_enter_close
sys_enter_read
sys_enter_chdir
sys_enter_execve
sys_enter_close
sys_enter_mmap
sys_enter_exit_group
sys_enter_mmap
sys_enter_mprotect
sys_enter_mmap
sys_enter_mmap
sys_enter_mprotect
sys_enter_mmap
sys_enter_mprotect
sys_enter_mmap
sys_enter_mprotect
sys_enter_mmap
sys_enter_mmap
sys_enter_close
sys_enter_munmap
sys_enter_sched_getaffinity
sys_enter_mmap
sys_enter_munmap
sys_enter_mmap
sys_enter_mmap
sys_enter_mmap
sys_enter_mmap
sys_enter_mmap
sys_enter_mmap
sys_enter_rt_sigprocmask
sys_enter_sigaltstack
sys_enter_sigaltstack
sys_enter_gettid
sys_enter_rt_sigprocmask
sys_enter_rt_sigaction
sys_enter_rt_sigaction
sys_enter_rt_sigaction
sys_enter_rt_sigaction
sys_enter_rt_sigaction
sys_enter_rt_sigaction
sys_enter_rt_sigaction
sys_enter_rt_sigaction
sys_enter_rt_sigaction
sys_enter_rt_sigaction
sys_enter_rt_sigaction
sys_enter_rt_sigaction
sys_enter_rt_sigaction
sys_enter_rt_sigaction
sys_enter_rt_sigaction
sys_enter_rt_sigaction
sys_enter_rt_sigaction
sys_enter_rt_sigaction
sys_enter_rt_sigaction
sys_enter_rt_sigaction
sys_enter_rt_sigaction
sys_enter_rt_sigaction
sys_enter_rt_sigaction
sys_enter_rt_sigaction
sys_enter_rt_sigaction
sys_enter_rt_sigaction
sys_enter_rt_sigaction
sys_enter_rt_sigaction
sys_enter_rt_sigaction
sys_enter_rt_sigaction
sys_enter_rt_sigaction
sys_enter_rt_sigaction
sys_enter_rt_sigaction
sys_enter_rt_sigaction
sys_enter_rt_sigaction
sys_enter_rt_sigaction
sys_enter_rt_sigaction
sys_enter_rt_sigaction
sys_enter_rt_sigaction
sys_enter_rt_sigaction
sys_enter_rt_sigaction
sys_enter_rt_sigaction
sys_enter_rt_sigaction
sys_enter_rt_sigaction
sys_enter_rt_sigaction
sys_enter_rt_sigaction
sys_enter_rt_sigaction
sys_enter_rt_sigaction
sys_enter_rt_sigaction
sys_enter_rt_sigaction
sys_enter_rt_sigaction
sys_enter_rt_sigaction
sys_enter_rt_sigaction
sys_enter_rt_sigaction
sys_enter_rt_sigaction
sys_enter_rt_sigaction
sys_enter_rt_sigaction
sys_enter_rt_sigaction
sys_enter_rt_sigaction
sys_enter_rt_sigaction
sys_enter_rt_sigaction
sys_enter_rt_sigaction
sys_enter_rt_sigaction
sys_enter_rt_sigaction
sys_enter_rt_sigaction
sys_enter_rt_sigaction
sys_enter_rt_sigaction
sys_enter_rt_sigaction
sys_enter_rt_sigaction
sys_enter_rt_sigaction
sys_enter_rt_sigaction
sys_enter_rt_sigaction
sys_enter_rt_sigaction
sys_enter_rt_sigaction
sys_enter_rt_sigaction
sys_enter_rt_sigaction
sys_enter_rt_sigaction
sys_enter_rt_sigaction
sys_enter_rt_sigaction
sys_enter_rt_sigaction
sys_enter_rt_sigaction
sys_enter_rt_sigaction
sys_enter_rt_sigaction
sys_enter_rt_sigaction
sys_enter_rt_sigaction
sys_enter_rt_sigaction
sys_enter_rt_sigaction
sys_enter_rt_sigaction
sys_enter_rt_sigaction
sys_enter_rt_sigaction
sys_enter_rt_sigaction
sys_enter_rt_sigaction
sys_enter_rt_sigaction
sys_enter_rt_sigaction
sys_enter_rt_sigaction
sys_enter_rt_sigaction
sys_enter_rt_sigaction
sys_enter_rt_sigaction
sys_enter_rt_sigaction
sys_enter_rt_sigaction
sys_enter_rt_sigaction
sys_enter_rt_sigaction
sys_enter_rt_sigaction
sys_enter_rt_sigaction
sys_enter_rt_sigaction
sys_enter_rt_sigaction
sys_enter_rt_sigaction
sys_enter_rt_sigaction
sys_enter_rt_sigaction
sys_enter_rt_sigaction
sys_enter_rt_sigaction
sys_enter_rt_sigaction
sys_enter_rt_sigaction
sys_enter_rt_sigaction
sys_enter_rt_sigprocmask
sys_enter_clone
sys_enter_rt_sigprocmask
sys_enter_gettid
sys_enter_sigaltstack
sys_enter_sigaltstack
sys_enter_gettid
sys_enter_rt_sigprocmask
sys_enter_rt_sigprocmask
sys_enter_clone
sys_enter_rt_sigprocmask
sys_enter_gettid
sys_enter_sigaltstack
sys_enter_sigaltstack
sys_enter_rt_sigprocmask
sys_enter_clone
sys_enter_gettid
sys_enter_rt_sigprocmask
sys_enter_rt_sigprocmask
sys_enter_futex
sys_enter_gettid
sys_enter_sigaltstack
sys_enter_sigaltstack
sys_enter_gettid
sys_enter_rt_sigprocmask
sys_enter_futex
sys_enter_futex
sys_enter_rt_sigprocmask
sys_enter_clone
sys_enter_rt_sigprocmask
sys_enter_gettid
sys_enter_futex
sys_enter_sigaltstack
sys_enter_sigaltstack
sys_enter_gettid
sys_enter_rt_sigprocmask
sys_enter_futex
sys_enter_futex
sys_enter_mmap
sys_enter_futex
sys_enter_futex
sys_enter_futex
sys_enter_openat
sys_enter_read
sys_enter_read
sys_enter_close
sys_enter_socket
sys_enter_close
sys_enter_socket
sys_enter_setsockopt
sys_enter_bind
sys_enter_socket
sys_enter_setsockopt
sys_enter_bind
sys_enter_close
sys_enter_close
sys_enter_getpid
sys_enter_getppid
sys_enter_mmap
sys_enter_mmap
sys_enter_getppid
sys_enter_openat
sys_enter_pipe2
sys_enter_getpid
sys_enter_clone
sys_enter_setsid
sys_enter_close
sys_enter_read
sys_enter_chdir
sys_enter_execve
sys_enter_close
sys_enter_exit_group
sys_enter_mmap
sys_enter_mmap
sys_enter_mprotect
sys_enter_mmap
sys_enter_mmap
sys_enter_mprotect
sys_enter_mmap
sys_enter_mprotect
sys_enter_mmap
sys_enter_mprotect
sys_enter_mmap
sys_enter_mmap
sys_enter_close
sys_enter_munmap
sys_enter_sched_getaffinity
sys_enter_mmap
sys_enter_munmap
sys_enter_mmap
sys_enter_mmap
sys_enter_mmap
sys_enter_mmap
sys_enter_mmap
sys_enter_mmap
sys_enter_rt_sigprocmask
sys_enter_sigaltstack
sys_enter_sigaltstack
sys_enter_gettid
sys_enter_rt_sigprocmask
sys_enter_rt_sigaction
sys_enter_rt_sigaction
sys_enter_rt_sigaction
sys_enter_rt_sigaction
sys_enter_rt_sigaction
sys_enter_rt_sigaction
sys_enter_rt_sigaction
sys_enter_rt_sigaction
sys_enter_rt_sigaction
sys_enter_rt_sigaction
sys_enter_rt_sigaction
sys_enter_rt_sigaction
sys_enter_rt_sigaction
sys_enter_rt_sigaction
sys_enter_rt_sigaction
sys_enter_rt_sigaction
sys_enter_rt_sigaction
sys_enter_rt_sigaction
sys_enter_rt_sigaction
sys_enter_rt_sigaction
sys_enter_rt_sigaction
sys_enter_rt_sigaction
sys_enter_rt_sigaction
sys_enter_rt_sigaction
sys_enter_rt_sigaction
sys_enter_rt_sigaction
sys_enter_rt_sigaction
sys_enter_rt_sigaction
sys_enter_rt_sigaction
sys_enter_rt_sigaction
sys_enter_rt_sigaction
sys_enter_rt_sigaction
sys_enter_rt_sigaction
sys_enter_rt_sigaction
sys_enter_rt_sigaction
sys_enter_rt_sigaction
sys_enter_rt_sigaction
sys_enter_rt_sigaction
sys_enter_rt_sigaction
sys_enter_rt_sigaction
sys_enter_rt_sigaction
sys_enter_rt_sigaction
sys_enter_rt_sigaction
sys_enter_rt_sigaction
sys_enter_rt_sigaction
sys_enter_rt_sigaction
sys_enter_rt_sigaction
sys_enter_rt_sigaction
sys_enter_rt_sigaction
sys_enter_rt_sigaction
sys_enter_rt_sigaction
sys_enter_rt_sigaction
sys_enter_rt_sigaction
sys_enter_rt_sigaction
sys_enter_rt_sigaction
sys_enter_rt_sigaction
sys_enter_rt_sigaction
sys_enter_rt_sigaction
sys_enter_rt_sigaction
sys_enter_rt_sigaction
sys_enter_rt_sigaction
sys_enter_rt_sigaction
sys_enter_rt_sigaction
sys_enter_rt_sigaction
sys_enter_rt_sigaction
sys_enter_rt_sigaction
sys_enter_rt_sigaction
sys_enter_rt_sigaction
sys_enter_rt_sigaction
sys_enter_rt_sigaction
sys_enter_rt_sigaction
sys_enter_rt_sigaction
sys_enter_rt_sigaction
sys_enter_rt_sigaction
sys_enter_rt_sigaction
sys_enter_rt_sigaction
sys_enter_rt_sigaction
sys_enter_rt_sigaction
sys_enter_rt_sigaction
sys_enter_rt_sigaction
sys_enter_rt_sigaction
sys_enter_rt_sigaction
sys_enter_rt_sigaction
sys_enter_rt_sigaction
sys_enter_rt_sigaction
sys_enter_rt_sigaction
sys_enter_rt_sigaction
sys_enter_rt_sigaction
sys_enter_rt_sigaction
sys_enter_rt_sigaction
sys_enter_rt_sigaction
sys_enter_rt_sigaction
sys_enter_rt_sigaction
sys_enter_rt_sigaction
sys_enter_rt_sigaction
sys_enter_rt_sigaction
sys_enter_rt_sigaction
sys_enter_rt_sigaction
sys_enter_rt_sigaction
sys_enter_rt_sigaction
sys_enter_rt_sigaction
sys_enter_rt_sigaction
sys_enter_rt_sigaction
sys_enter_rt_sigaction
sys_enter_rt_sigaction
sys_enter_rt_sigaction
sys_enter_rt_sigaction
sys_enter_rt_sigaction
sys_enter_rt_sigaction
sys_enter_rt_sigaction
sys_enter_rt_sigaction
sys_enter_rt_sigaction
sys_enter_rt_sigaction
sys_enter_rt_sigaction
sys_enter_rt_sigprocmask
sys_enter_clone
sys_enter_rt_sigprocmask
sys_enter_gettid
sys_enter_sigaltstack
sys_enter_sigaltstack
sys_enter_gettid
sys_enter_rt_sigprocmask
sys_enter_rt_sigprocmask
sys_enter_clone
sys_enter_rt_sigprocmask
sys_enter_gettid
sys_enter_sigaltstack
sys_enter_sigaltstack
sys_enter_rt_sigprocmask
sys_enter_clone
sys_enter_gettid
sys_enter_rt_sigprocmask
sys_enter_rt_sigprocmask
sys_enter_futex
sys_enter_gettid
sys_enter_rt_sigprocmask
sys_enter_clone
sys_enter_sigaltstack
sys_enter_sigaltstack
sys_enter_gettid
sys_enter_rt_sigprocmask
sys_enter_rt_sigprocmask
sys_enter_gettid
sys_enter_futex
sys_enter_futex
sys_enter_sigaltstack
sys_enter_futex
sys_enter_sigaltstack
sys_enter_gettid
sys_enter_rt_sigprocmask
sys_enter_futex
sys_enter_futex
sys_enter_mmap
sys_enter_futex
sys_enter_futex
sys_enter_futex
sys_enter_openat
sys_enter_read
sys_enter_read
sys_enter_close
sys_enter_socket
sys_enter_close
sys_enter_socket
sys_enter_setsockopt
sys_enter_bind
sys_enter_socket
sys_enter_setsockopt
sys_enter_bind
sys_enter_close
sys_enter_close
sys_enter_getpid
sys_enter_getppid
sys_enter_mmap
sys_enter_mmap
sys_enter_getppid
sys_enter_openat
sys_enter_pipe2
sys_enter_getpid
sys_enter_clone
sys_enter_setsid
sys_enter_close
sys_enter_read
sys_enter_chdir
sys_enter_execve
sys_enter_close
sys_enter_exit_group
sys_enter_mmap
sys_enter_mmap
sys_enter_mprotect
sys_enter_mmap
sys_enter_mmap
sys_enter_mprotect
sys_enter_mmap
sys_enter_mprotect
sys_enter_mmap
sys_enter_mprotect
sys_enter_mmap
sys_enter_mmap
sys_enter_close
sys_enter_munmap
sys_enter_sched_getaffinity
sys_enter_mmap
sys_enter_munmap
sys_enter_mmap
sys_enter_mmap
sys_enter_mmap
sys_enter_mmap
sys_enter_mmap
sys_enter_mmap
sys_enter_rt_sigprocmask
sys_enter_sigaltstack
sys_enter_sigaltstack
sys_enter_gettid
sys_enter_rt_sigprocmask
sys_enter_rt_sigaction
sys_enter_rt_sigaction
sys_enter_rt_sigaction
sys_enter_rt_sigaction
sys_enter_rt_sigaction
sys_enter_rt_sigaction
sys_enter_rt_sigaction
sys_enter_rt_sigaction
sys_enter_rt_sigaction
sys_enter_rt_sigaction
sys_enter_rt_sigaction
sys_enter_rt_sigaction
sys_enter_rt_sigaction
sys_enter_rt_sigaction
sys_enter_rt_sigaction
sys_enter_rt_sigaction
sys_enter_rt_sigaction
sys_enter_rt_sigaction
sys_enter_rt_sigaction
sys_enter_rt_sigaction
sys_enter_rt_sigaction
sys_enter_rt_sigaction
sys_enter_rt_sigaction
sys_enter_rt_sigaction
sys_enter_rt_sigaction
sys_enter_rt_sigaction
sys_enter_rt_sigaction
sys_enter_rt_sigaction
sys_enter_rt_sigaction
sys_enter_rt_sigaction
sys_enter_rt_sigaction
sys_enter_rt_sigaction
sys_enter_rt_sigaction
sys_enter_rt_sigaction
sys_enter_rt_sigaction
sys_enter_rt_sigaction
sys_enter_rt_sigaction
sys_enter_rt_sigaction
sys_enter_rt_sigaction
sys_enter_rt_sigaction
sys_enter_rt_sigaction
sys_enter_rt_sigaction
sys_enter_rt_sigaction
sys_enter_rt_sigaction
sys_enter_rt_sigaction
sys_enter_rt_sigaction
sys_enter_rt_sigaction
sys_enter_rt_sigaction
sys_enter_rt_sigaction
sys_enter_rt_sigaction
sys_enter_rt_sigaction
sys_enter_rt_sigaction
sys_enter_rt_sigaction
sys_enter_rt_sigaction
sys_enter_rt_sigaction
sys_enter_rt_sigaction
sys_enter_rt_sigaction
sys_enter_rt_sigaction
sys_enter_rt_sigaction
sys_enter_rt_sigaction
sys_enter_rt_sigaction
sys_enter_rt_sigaction
sys_enter_rt_sigaction
sys_enter_rt_sigaction
sys_enter_rt_sigaction
sys_enter_rt_sigaction
sys_enter_rt_sigaction
sys_enter_rt_sigaction
sys_enter_rt_sigaction
sys_enter_rt_sigaction
sys_enter_rt_sigaction
sys_enter_rt_sigaction
sys_enter_rt_sigaction
sys_enter_rt_sigaction
sys_enter_rt_sigaction
sys_enter_rt_sigaction
sys_enter_rt_sigaction
sys_enter_rt_sigaction
sys_enter_rt_sigaction
sys_enter_rt_sigaction
sys_enter_rt_sigaction
sys_enter_rt_sigaction
sys_enter_rt_sigaction
sys_enter_rt_sigaction
sys_enter_rt_sigaction
sys_enter_rt_sigaction
sys_enter_rt_sigaction
sys_enter_rt_sigaction
sys_enter_rt_sigaction
sys_enter_rt_sigaction
sys_enter_rt_sigaction
sys_enter_rt_sigaction
sys_enter_rt_sigaction
sys_enter_rt_sigaction
sys_enter_rt_sigaction
sys_enter_rt_sigaction
sys_enter_rt_sigaction
sys_enter_rt_sigaction
sys_enter_rt_sigaction
sys_enter_rt_sigaction
sys_enter_rt_sigaction
sys_enter_rt_sigaction
sys_enter_rt_sigaction
sys_enter_rt_sigaction
sys_enter_rt_sigaction
sys_enter_rt_sigaction
sys_enter_rt_sigaction
sys_enter_rt_sigaction
sys_enter_rt_sigaction
sys_enter_rt_sigaction
sys_enter_rt_sigaction
sys_enter_rt_sigaction
sys_enter_rt_sigaction
sys_enter_rt_sigaction
sys_enter_rt_sigprocmask
sys_enter_clone
sys_enter_rt_sigprocmask
sys_enter_gettid
sys_enter_sigaltstack
sys_enter_sigaltstack
sys_enter_gettid
sys_enter_rt_sigprocmask
sys_enter_rt_sigprocmask
sys_enter_clone
sys_enter_rt_sigprocmask
sys_enter_gettid
sys_enter_rt_sigprocmask
sys_enter_clone
sys_enter_sigaltstack
sys_enter_sigaltstack
sys_enter_gettid
sys_enter_rt_sigprocmask
sys_enter_rt_sigprocmask
sys_enter_clone
sys_enter_rt_sigprocmask
sys_enter_futex
sys_enter_gettid
sys_enter_sigaltstack
sys_enter_sigaltstack
sys_enter_gettid
sys_enter_rt_sigprocmask
sys_enter_futex
sys_enter_futex
sys_enter_rt_sigprocmask
sys_enter_futex
sys_enter_gettid
sys_enter_sigaltstack
sys_enter_sigaltstack
sys_enter_gettid
sys_enter_rt_sigprocmask
sys_enter_futex
sys_enter_futex
sys_enter_mmap
sys_enter_futex
sys_enter_futex
sys_enter_futex
sys_enter_openat
sys_enter_read
sys_enter_read
sys_enter_close
sys_enter_socket
sys_enter_close
sys_enter_socket
sys_enter_setsockopt
sys_enter_bind
sys_enter_socket
sys_enter_setsockopt
sys_enter_bind
sys_enter_close
sys_enter_close
sys_enter_getpid
sys_enter_getppid
sys_enter_mmap
sys_enter_mmap
sys_enter_getppid
sys_enter_openat
sys_enter_pipe2
sys_enter_getpid
sys_enter_clone
sys_enter_setsid
sys_enter_close
sys_enter_read
sys_enter_chdir
sys_enter_execve
sys_enter_close
sys_enter_mmap
sys_enter_exit_group
sys_enter_mmap
sys_enter_mprotect
sys_enter_mmap
sys_enter_mmap
sys_enter_mprotect
sys_enter_mmap
sys_enter_mprotect
sys_enter_mmap
sys_enter_mprotect
sys_enter_mmap
sys_enter_mmap
sys_enter_close
sys_enter_munmap
sys_enter_sched_getaffinity
sys_enter_mmap
sys_enter_munmap
sys_enter_mmap
sys_enter_mmap
sys_enter_mmap
sys_enter_mmap
sys_enter_mmap
sys_enter_mmap
sys_enter_rt_sigprocmask
sys_enter_sigaltstack
sys_enter_sigaltstack
sys_enter_gettid
sys_enter_rt_sigprocmask
sys_enter_rt_sigaction
sys_enter_rt_sigaction
sys_enter_rt_sigaction
sys_enter_rt_sigaction
sys_enter_rt_sigaction
sys_enter_rt_sigaction
sys_enter_rt_sigaction
sys_enter_rt_sigaction
sys_enter_rt_sigaction
sys_enter_rt_sigaction
sys_enter_rt_sigaction
sys_enter_rt_sigaction
sys_enter_rt_sigaction
sys_enter_rt_sigaction
sys_enter_rt_sigaction
sys_enter_rt_sigaction
sys_enter_rt_sigaction
sys_enter_rt_sigaction
sys_enter_rt_sigaction
sys_enter_rt_sigaction
sys_enter_rt_sigaction
sys_enter_rt_sigaction
sys_enter_rt_sigaction
sys_enter_rt_sigaction
sys_enter_rt_sigaction
sys_enter_rt_sigaction
sys_enter_rt_sigaction
sys_enter_rt_sigaction
sys_enter_rt_sigaction
sys_enter_rt_sigaction
sys_enter_rt_sigaction
sys_enter_rt_sigaction
sys_enter_rt_sigaction
sys_enter_rt_sigaction
sys_enter_rt_sigaction
sys_enter_rt_sigaction
sys_enter_rt_sigaction
sys_enter_rt_sigaction
sys_enter_rt_sigaction
sys_enter_rt_sigaction
sys_enter_rt_sigaction
sys_enter_rt_sigaction
sys_enter_rt_sigaction
sys_enter_rt_sigaction
sys_enter_rt_sigaction
sys_enter_rt_sigaction
sys_enter_rt_sigaction
sys_enter_rt_sigaction
sys_enter_rt_sigaction
sys_enter_rt_sigaction
sys_enter_rt_sigaction
sys_enter_rt_sigaction
sys_enter_rt_sigaction
sys_enter_rt_sigaction
sys_enter_rt_sigaction
sys_enter_rt_sigaction
sys_enter_rt_sigaction
sys_enter_rt_sigaction
sys_enter_rt_sigaction
sys_enter_rt_sigaction
sys_enter_rt_sigaction
sys_enter_rt_sigaction
sys_enter_rt_sigaction
sys_enter_rt_sigaction
sys_enter_rt_sigaction
sys_enter_rt_sigaction
sys_enter_rt_sigaction
sys_enter_rt_sigaction
sys_enter_rt_sigaction
sys_enter_rt_sigaction
sys_enter_rt_sigaction
sys_enter_rt_sigaction
sys_enter_rt_sigaction
sys_enter_rt_sigaction
sys_enter_rt_sigaction
sys_enter_rt_sigaction
sys_enter_rt_sigaction
sys_enter_rt_sigaction
sys_enter_rt_sigaction
sys_enter_rt_sigaction
sys_enter_rt_sigaction
sys_enter_rt_sigaction
sys_enter_rt_sigaction
sys_enter_rt_sigaction
sys_enter_rt_sigaction
sys_enter_rt_sigaction
sys_enter_rt_sigaction
sys_enter_rt_sigaction
sys_enter_rt_sigaction
sys_enter_rt_sigaction
sys_enter_rt_sigaction
sys_enter_rt_sigaction
sys_enter_rt_sigaction
sys_enter_rt_sigaction
sys_enter_rt_sigaction
sys_enter_rt_sigaction
sys_enter_rt_sigaction
sys_enter_rt_sigaction
sys_enter_rt_sigaction
sys_enter_rt_sigaction
sys_enter_rt_sigaction
sys_enter_rt_sigaction
sys_enter_rt_sigaction
sys_enter_rt_sigaction
sys_enter_rt_sigaction
sys_enter_rt_sigaction
sys_enter_rt_sigaction
sys_enter_rt_sigaction
sys_enter_rt_sigaction
sys_enter_rt_sigaction
sys_enter_rt_sigaction
sys_enter_rt_sigaction
sys_enter_rt_sigaction
sys_enter_rt_sigaction
sys_enter_rt_sigprocmask
sys_enter_clone
sys_enter_rt_sigprocmask
sys_enter_rt_sigprocmask
sys_enter_clone
sys_enter_rt_sigprocmask
sys_enter_rt_sigprocmask
sys_enter_clone
sys_enter_rt_sigprocmask
sys_enter_futex
sys_enter_gettid
sys_enter_sigaltstack
sys_enter_sigaltstack
sys_enter_gettid
sys_enter_rt_sigprocmask
sys_enter_futex
sys_enter_gettid
sys_enter_sigaltstack
sys_enter_sigaltstack
sys_enter_gettid
sys_enter_rt_sigprocmask
sys_enter_rt_sigprocmask
sys_enter_clone
sys_enter_rt_sigprocmask
sys_enter_gettid
sys_enter_sigaltstack
sys_enter_sigaltstack
sys_enter_gettid
sys_enter_rt_sigprocmask
sys_enter_futex
sys_enter_futex
sys_enter_gettid
sys_enter_futex
sys_enter_sigaltstack
sys_enter_sigaltstack
sys_enter_gettid
sys_enter_mmap
sys_enter_rt_sigprocmask
sys_enter_futex
sys_enter_futex
sys_enter_futex
sys_enter_openat
sys_enter_read
sys_enter_read
sys_enter_close
sys_enter_socket
sys_enter_close
sys_enter_socket
sys_enter_setsockopt
sys_enter_bind
sys_enter_futex
sys_enter_socket
sys_enter_setsockopt
sys_enter_bind
sys_enter_close
sys_enter_close
sys_enter_getpid
sys_enter_getppid
sys_enter_mmap
sys_enter_mmap
sys_enter_getppid
sys_enter_openat
sys_enter_pipe2
sys_enter_getpid
sys_enter_clone
sys_enter_setsid
sys_enter_close
sys_enter_read
sys_enter_chdir
sys_enter_execve
sys_enter_close
sys_enter_exit_group
sys_enter_mmap
sys_enter_mmap
sys_enter_mprotect
sys_enter_mmap
sys_enter_mmap
sys_enter_mprotect
sys_enter_mmap
sys_enter_mprotect
sys_enter_mmap
sys_enter_mprotect
sys_enter_mmap
sys_enter_mmap
sys_enter_close
sys_enter_munmap
sys_enter_sched_getaffinity
sys_enter_mmap
sys_enter_munmap
sys_enter_mmap
sys_enter_mmap
sys_enter_mmap
sys_enter_mmap
sys_enter_mmap
sys_enter_mmap
sys_enter_rt_sigprocmask
sys_enter_sigaltstack
sys_enter_sigaltstack
sys_enter_gettid
sys_enter_rt_sigprocmask
sys_enter_rt_sigaction
sys_enter_rt_sigaction
sys_enter_rt_sigaction
sys_enter_rt_sigaction
sys_enter_rt_sigaction
sys_enter_rt_sigaction
sys_enter_rt_sigaction
sys_enter_rt_sigaction
sys_enter_rt_sigaction
sys_enter_rt_sigaction
sys_enter_rt_sigaction
sys_enter_rt_sigaction
sys_enter_rt_sigaction
sys_enter_rt_sigaction
sys_enter_rt_sigaction
sys_enter_rt_sigaction
sys_enter_rt_sigaction
sys_enter_rt_sigaction
sys_enter_rt_sigaction
sys_enter_rt_sigaction
sys_enter_rt_sigaction
sys_enter_rt_sigaction
sys_enter_rt_sigaction
sys_enter_rt_sigaction
sys_enter_rt_sigaction
sys_enter_rt_sigaction
sys_enter_rt_sigaction
sys_enter_rt_sigaction
sys_enter_rt_sigaction
sys_enter_rt_sigaction
sys_enter_rt_sigaction
sys_enter_rt_sigaction
sys_enter_rt_sigaction
sys_enter_rt_sigaction
sys_enter_rt_sigaction
sys_enter_rt_sigaction
sys_enter_rt_sigaction
sys_enter_rt_sigaction
sys_enter_rt_sigaction
sys_enter_rt_sigaction
sys_enter_rt_sigaction
sys_enter_rt_sigaction
sys_enter_rt_sigaction
sys_enter_rt_sigaction
sys_enter_rt_sigaction
sys_enter_rt_sigaction
sys_enter_rt_sigaction
sys_enter_rt_sigaction
sys_enter_rt_sigaction
sys_enter_rt_sigaction
sys_enter_rt_sigaction
sys_enter_rt_sigaction
sys_enter_rt_sigaction
sys_enter_rt_sigaction
sys_enter_rt_sigaction
sys_enter_rt_sigaction
sys_enter_rt_sigaction
sys_enter_rt_sigaction
sys_enter_rt_sigaction
sys_enter_rt_sigaction
sys_enter_rt_sigaction
sys_enter_rt_sigaction
sys_enter_rt_sigaction
sys_enter_rt_sigaction
sys_enter_rt_sigaction
sys_enter_rt_sigaction
sys_enter_rt_sigaction
sys_enter_rt_sigaction
sys_enter_rt_sigaction
sys_enter_rt_sigaction
sys_enter_rt_sigaction
sys_enter_rt_sigaction
sys_enter_rt_sigaction
sys_enter_rt_sigaction
sys_enter_rt_sigaction
sys_enter_rt_sigaction
sys_enter_rt_sigaction
sys_enter_rt_sigaction
sys_enter_rt_sigaction
sys_enter_rt_sigaction
sys_enter_rt_sigaction
sys_enter_rt_sigaction
sys_enter_rt_sigaction
sys_enter_rt_sigaction
sys_enter_rt_sigaction
sys_enter_rt_sigaction
sys_enter_rt_sigaction
sys_enter_rt_sigaction
sys_enter_rt_sigaction
sys_enter_rt_sigaction
sys_enter_rt_sigaction
sys_enter_rt_sigaction
sys_enter_rt_sigaction
sys_enter_rt_sigaction
sys_enter_rt_sigaction
sys_enter_rt_sigaction
sys_enter_rt_sigaction
sys_enter_rt_sigaction
sys_enter_rt_sigaction
sys_enter_rt_sigaction
sys_enter_rt_sigaction
sys_enter_rt_sigaction
sys_enter_rt_sigaction
sys_enter_rt_sigaction
sys_enter_rt_sigaction
sys_enter_rt_sigaction
sys_enter_rt_sigaction
sys_enter_rt_sigaction
sys_enter_rt_sigaction
sys_enter_rt_sigaction
sys_enter_rt_sigaction
sys_enter_rt_sigaction
sys_enter_rt_sigaction
sys_enter_rt_sigaction
sys_enter_rt_sigprocmask
sys_enter_clone
sys_enter_rt_sigprocmask
sys_enter_gettid
sys_enter_sigaltstack
sys_enter_sigaltstack
sys_enter_gettid
sys_enter_rt_sigprocmask
sys_enter_rt_sigprocmask
sys_enter_clone
sys_enter_rt_sigprocmask
sys_enter_gettid
sys_enter_sigaltstack
sys_enter_sigaltstack
sys_enter_rt_sigprocmask
sys_enter_clone
sys_enter_gettid
sys_enter_rt_sigprocmask
sys_enter_rt_sigprocmask
sys_enter_sched_yield
sys_enter_gettid
sys_enter_futex
sys_enter_sigaltstack
sys_enter_sigaltstack
sys_enter_gettid
sys_enter_rt_sigprocmask
sys_enter_futex
sys_enter_futex
sys_enter_futex
sys_enter_rt_sigprocmask
sys_enter_clone
sys_enter_rt_sigprocmask
sys_enter_futex
sys_enter_futex
sys_enter_gettid
sys_enter_sigaltstack
sys_enter_sigaltstack
sys_enter_gettid
sys_enter_rt_sigprocmask
sys_enter_futex
sys_enter_futex
sys_enter_mmap
sys_enter_futex
sys_enter_futex
sys_enter_futex
sys_enter_openat
sys_enter_futex
sys_enter_futex
sys_enter_read
sys_enter_read
sys_enter_close
sys_enter_socket
sys_enter_close
sys_enter_socket
sys_enter_setsockopt
sys_enter_bind
sys_enter_socket
sys_enter_setsockopt
sys_enter_bind
sys_enter_close
sys_enter_close
sys_enter_mmap
sys_enter_getpid
sys_enter_getppid
sys_enter_mmap
sys_enter_mmap
sys_enter_getppid
sys_enter_openat
sys_enter_pipe2
sys_enter_getpid
sys_enter_clone
sys_enter_setsid
sys_enter_close
sys_enter_read
sys_enter_chdir
sys_enter_execve
sys_enter_close
sys_enter_exit_group
sys_enter_mmap
sys_enter_mmap
sys_enter_mprotect
sys_enter_mmap
sys_enter_mmap
sys_enter_mprotect
sys_enter_mmap
sys_enter_mprotect
sys_enter_mmap
sys_enter_mprotect
sys_enter_mmap
sys_enter_mmap
sys_enter_close
sys_enter_munmap
sys_enter_sched_getaffinity
sys_enter_mmap
sys_enter_munmap
sys_enter_mmap
sys_enter_mmap
sys_enter_mmap
sys_enter_mmap
sys_enter_mmap
sys_enter_mmap
sys_enter_rt_sigprocmask
sys_enter_sigaltstack
sys_enter_sigaltstack
sys_enter_gettid
sys_enter_rt_sigprocmask
sys_enter_rt_sigaction
sys_enter_rt_sigaction
sys_enter_rt_sigaction
sys_enter_rt_sigaction
sys_enter_rt_sigaction
sys_enter_rt_sigaction
sys_enter_rt_sigaction
sys_enter_rt_sigaction
sys_enter_rt_sigaction
sys_enter_rt_sigaction
sys_enter_rt_sigaction
sys_enter_rt_sigaction
sys_enter_rt_sigaction
sys_enter_rt_sigaction
sys_enter_rt_sigaction
sys_enter_rt_sigaction
sys_enter_rt_sigaction
sys_enter_rt_sigaction
sys_enter_rt_sigaction
sys_enter_rt_sigaction
sys_enter_rt_sigaction
sys_enter_rt_sigaction
sys_enter_rt_sigaction
sys_enter_rt_sigaction
sys_enter_rt_sigaction
sys_enter_rt_sigaction
sys_enter_rt_sigaction
sys_enter_rt_sigaction
sys_enter_rt_sigaction
sys_enter_rt_sigaction
sys_enter_rt_sigaction
sys_enter_rt_sigaction
sys_enter_rt_sigaction
sys_enter_rt_sigaction
sys_enter_rt_sigaction
sys_enter_rt_sigaction
sys_enter_rt_sigaction
sys_enter_rt_sigaction
sys_enter_rt_sigaction
sys_enter_rt_sigaction
sys_enter_rt_sigaction
sys_enter_rt_sigaction
sys_enter_rt_sigaction
sys_enter_rt_sigaction
sys_enter_rt_sigaction
sys_enter_rt_sigaction
sys_enter_rt_sigaction
sys_enter_rt_sigaction
sys_enter_rt_sigaction
sys_enter_rt_sigaction
sys_enter_rt_sigaction
sys_enter_rt_sigaction
sys_enter_rt_sigaction
sys_enter_rt_sigaction
sys_enter_rt_sigaction
sys_enter_rt_sigaction
sys_enter_rt_sigaction
sys_enter_rt_sigaction
sys_enter_rt_sigaction
sys_enter_rt_sigaction
sys_enter_rt_sigaction
sys_enter_rt_sigaction
sys_enter_rt_sigaction
sys_enter_rt_sigaction
sys_enter_rt_sigaction
sys_enter_rt_sigaction
sys_enter_rt_sigaction
sys_enter_rt_sigaction
sys_enter_rt_sigaction
sys_enter_rt_sigaction
sys_enter_rt_sigaction
sys_enter_rt_sigaction
sys_enter_rt_sigaction
sys_enter_rt_sigaction
sys_enter_rt_sigaction
sys_enter_rt_sigaction
sys_enter_rt_sigaction
sys_enter_rt_sigaction
sys_enter_rt_sigaction
sys_enter_rt_sigaction
sys_enter_rt_sigaction
sys_enter_rt_sigaction
sys_enter_rt_sigaction
sys_enter_rt_sigaction
sys_enter_rt_sigaction
sys_enter_rt_sigaction
sys_enter_rt_sigaction
sys_enter_rt_sigaction
sys_enter_rt_sigaction
sys_enter_rt_sigaction
sys_enter_rt_sigaction
sys_enter_rt_sigaction
sys_enter_rt_sigaction
sys_enter_rt_sigaction
sys_enter_rt_sigaction
sys_enter_rt_sigaction
sys_enter_rt_sigaction
sys_enter_rt_sigaction
sys_enter_rt_sigaction
sys_enter_rt_sigaction
sys_enter_rt_sigaction
sys_enter_rt_sigaction
sys_enter_rt_sigaction
sys_enter_rt_sigaction
sys_enter_rt_sigaction
sys_enter_rt_sigaction
sys_enter_rt_sigaction
sys_enter_rt_sigaction
sys_enter_rt_sigaction
sys_enter_rt_sigaction
sys_enter_rt_sigaction
sys_enter_rt_sigaction
sys_enter_rt_sigaction
sys_enter_rt_sigaction
sys_enter_rt_sigprocmask
sys_enter_clone
sys_enter_rt_sigprocmask
sys_enter_gettid
sys_enter_sigaltstack
sys_enter_sigaltstack
sys_enter_gettid
sys_enter_rt_sigprocmask
sys_enter_rt_sigprocmask
sys_enter_clone
sys_enter_rt_sigprocmask
sys_enter_gettid
sys_enter_sigaltstack
sys_enter_sigaltstack
sys_enter_rt_sigprocmask
sys_enter_clone
sys_enter_gettid
sys_enter_rt_sigprocmask
sys_enter_rt_sigprocmask
sys_enter_sched_yield
sys_enter_gettid
sys_enter_futex
sys_enter_sigaltstack
sys_enter_sigaltstack
sys_enter_gettid
sys_enter_rt_sigprocmask
sys_enter_futex
sys_enter_futex
sys_enter_futex
sys_enter_futex
sys_enter_rt_sigprocmask
sys_enter_clone
sys_enter_rt_sigprocmask
sys_enter_futex
sys_enter_gettid
sys_enter_sigaltstack
sys_enter_sigaltstack
sys_enter_gettid
sys_enter_rt_sigprocmask
sys_enter_mmap
sys_enter_futex
sys_enter_futex
sys_enter_futex
sys_enter_openat
sys_enter_futex
sys_enter_futex
sys_enter_read
sys_enter_read
sys_enter_close
sys_enter_socket
sys_enter_close
sys_enter_socket
sys_enter_setsockopt
sys_enter_bind
sys_enter_socket
sys_enter_setsockopt
sys_enter_bind
sys_enter_close
sys_enter_close
sys_enter_getpid
sys_enter_getppid
sys_enter_mmap
sys_enter_mmap
sys_enter_getppid
sys_enter_openat
sys_enter_pipe2
sys_enter_getpid
sys_enter_clone
sys_enter_setsid
sys_enter_close
sys_enter_chdir
sys_enter_read
sys_enter_execve
sys_enter_close
sys_enter_exit_group
sys_enter_mmap
sys_enter_mmap
sys_enter_mprotect
sys_enter_mmap
sys_enter_mmap
sys_enter_mprotect
sys_enter_mmap
sys_enter_mprotect
sys_enter_mmap
sys_enter_mprotect
sys_enter_mmap
sys_enter_mmap
sys_enter_close
sys_enter_munmap
sys_enter_sched_getaffinity
sys_enter_mmap
sys_enter_munmap
sys_enter_mmap
sys_enter_mmap
sys_enter_mmap
sys_enter_mmap
sys_enter_mmap
sys_enter_mmap
sys_enter_rt_sigprocmask
sys_enter_sigaltstack
sys_enter_sigaltstack
sys_enter_gettid
sys_enter_rt_sigprocmask
sys_enter_rt_sigaction
sys_enter_rt_sigaction
sys_enter_rt_sigaction
sys_enter_rt_sigaction
sys_enter_rt_sigaction
sys_enter_rt_sigaction
sys_enter_rt_sigaction
sys_enter_rt_sigaction
sys_enter_rt_sigaction
sys_enter_rt_sigaction
sys_enter_rt_sigaction
sys_enter_rt_sigaction
sys_enter_rt_sigaction
sys_enter_rt_sigaction
sys_enter_rt_sigaction
sys_enter_rt_sigaction
sys_enter_rt_sigaction
sys_enter_rt_sigaction
sys_enter_rt_sigaction
sys_enter_rt_sigaction
sys_enter_rt_sigaction
sys_enter_rt_sigaction
sys_enter_rt_sigaction
sys_enter_rt_sigaction
sys_enter_rt_sigaction
sys_enter_rt_sigaction
sys_enter_rt_sigaction
sys_enter_rt_sigaction
sys_enter_rt_sigaction
sys_enter_rt_sigaction
sys_enter_rt_sigaction
sys_enter_rt_sigaction
sys_enter_rt_sigaction
sys_enter_rt_sigaction
sys_enter_rt_sigaction
sys_enter_rt_sigaction
sys_enter_rt_sigaction
sys_enter_rt_sigaction
sys_enter_rt_sigaction
sys_enter_rt_sigaction
sys_enter_rt_sigaction
sys_enter_rt_sigaction
sys_enter_rt_sigaction
sys_enter_rt_sigaction
sys_enter_rt_sigaction
sys_enter_rt_sigaction
sys_enter_rt_sigaction
sys_enter_rt_sigaction
sys_enter_rt_sigaction
sys_enter_rt_sigaction
sys_enter_rt_sigaction
sys_enter_rt_sigaction
sys_enter_rt_sigaction
sys_enter_rt_sigaction
sys_enter_rt_sigaction
sys_enter_rt_sigaction
sys_enter_rt_sigaction
sys_enter_rt_sigaction
sys_enter_rt_sigaction
sys_enter_rt_sigaction
sys_enter_rt_sigaction
sys_enter_rt_sigaction
sys_enter_rt_sigaction
sys_enter_rt_sigaction
sys_enter_rt_sigaction
sys_enter_rt_sigaction
sys_enter_rt_sigaction
sys_enter_rt_sigaction
sys_enter_rt_sigaction
sys_enter_rt_sigaction
sys_enter_rt_sigaction
sys_enter_rt_sigaction
sys_enter_rt_sigaction
sys_enter_rt_sigaction
sys_enter_rt_sigaction
sys_enter_rt_sigaction
sys_enter_rt_sigaction
sys_enter_rt_sigaction
sys_enter_rt_sigaction
sys_enter_rt_sigaction
sys_enter_rt_sigaction
sys_enter_rt_sigaction
sys_enter_rt_sigaction
sys_enter_rt_sigaction
sys_enter_rt_sigaction
sys_enter_rt_sigaction
sys_enter_rt_sigaction
sys_enter_rt_sigaction
sys_enter_rt_sigaction
sys_enter_rt_sigaction
sys_enter_rt_sigaction
sys_enter_rt_sigaction
sys_enter_rt_sigaction
sys_enter_rt_sigaction
sys_enter_rt_sigaction
sys_enter_rt_sigaction
sys_enter_rt_sigaction
sys_enter_rt_sigaction
sys_enter_rt_sigaction
sys_enter_rt_sigaction
sys_enter_rt_sigaction
sys_enter_rt_sigaction
sys_enter_rt_sigaction
sys_enter_rt_sigaction
sys_enter_rt_sigaction
sys_enter_rt_sigaction
sys_enter_rt_sigaction
sys_enter_rt_sigaction
sys_enter_rt_sigaction
sys_enter_rt_sigaction
sys_enter_rt_sigaction
sys_enter_rt_sigaction
sys_enter_rt_sigaction
sys_enter_rt_sigaction
sys_enter_rt_sigprocmask
sys_enter_clone
sys_enter_rt_sigprocmask
sys_enter_gettid
sys_enter_sigaltstack
sys_enter_sigaltstack
sys_enter_gettid
sys_enter_rt_sigprocmask
sys_enter_rt_sigprocmask
sys_enter_clone
sys_enter_rt_sigprocmask
sys_enter_gettid
sys_enter_sigaltstack
sys_enter_sigaltstack
sys_enter_gettid
sys_enter_rt_sigprocmask
sys_enter_rt_sigprocmask
sys_enter_clone
sys_enter_rt_sigprocmask
sys_enter_clone
sys_enter_rt_sigprocmask
sys_enter_futex
sys_enter_rt_sigprocmask
sys_enter_gettid
sys_enter_sigaltstack
sys_enter_sigaltstack
sys_enter_gettid
sys_enter_rt_sigprocmask
sys_enter_gettid
sys_enter_sigaltstack
sys_enter_sigaltstack
sys_enter_gettid
sys_enter_rt_sigprocmask
sys_enter_futex
sys_enter_futex
sys_enter_futex
sys_enter_futex
sys_enter_futex
sys_enter_mmap
sys_enter_futex
sys_enter_futex
sys_enter_futex
sys_enter_openat
sys_enter_read
sys_enter_read
sys_enter_close
sys_enter_socket
sys_enter_close
sys_enter_socket
sys_enter_setsockopt
sys_enter_bind
sys_enter_socket
sys_enter_setsockopt
sys_enter_bind
sys_enter_close
sys_enter_close
sys_enter_getpid
sys_enter_getppid
sys_enter_mmap
sys_enter_mmap
sys_enter_getppid
sys_enter_openat
sys_enter_pipe2
sys_enter_getpid
sys_enter_clone
sys_enter_setsid
sys_enter_close
sys_enter_read
sys_enter_chdir
sys_enter_execve
sys_enter_close
sys_enter_exit_group
sys_enter_mmap
sys_enter_mmap
sys_enter_mprotect
sys_enter_mmap
sys_enter_mmap
sys_enter_mprotect
sys_enter_mmap
sys_enter_mprotect
sys_enter_mmap
sys_enter_mprotect
sys_enter_mmap
sys_enter_mmap
sys_enter_close
sys_enter_munmap
sys_enter_sched_getaffinity
sys_enter_mmap
sys_enter_munmap
sys_enter_mmap
sys_enter_mmap
sys_enter_mmap
sys_enter_mmap
sys_enter_mmap
sys_enter_mmap
sys_enter_rt_sigprocmask
sys_enter_sigaltstack
sys_enter_sigaltstack
sys_enter_gettid
sys_enter_rt_sigprocmask
sys_enter_rt_sigaction
sys_enter_rt_sigaction
sys_enter_rt_sigaction
sys_enter_rt_sigaction
sys_enter_rt_sigaction
sys_enter_rt_sigaction
sys_enter_rt_sigaction
sys_enter_rt_sigaction
sys_enter_rt_sigaction
sys_enter_rt_sigaction
sys_enter_rt_sigaction
sys_enter_rt_sigaction
sys_enter_rt_sigaction
sys_enter_rt_sigaction
sys_enter_rt_sigaction
sys_enter_rt_sigaction
sys_enter_rt_sigaction
sys_enter_rt_sigaction
sys_enter_rt_sigaction
sys_enter_rt_sigaction
sys_enter_rt_sigaction
sys_enter_rt_sigaction
sys_enter_rt_sigaction
sys_enter_rt_sigaction
sys_enter_rt_sigaction
sys_enter_rt_sigaction
sys_enter_rt_sigaction
sys_enter_rt_sigaction
sys_enter_rt_sigaction
sys_enter_rt_sigaction
sys_enter_rt_sigaction
sys_enter_rt_sigaction
sys_enter_rt_sigaction
sys_enter_rt_sigaction
sys_enter_rt_sigaction
sys_enter_rt_sigaction
sys_enter_rt_sigaction
sys_enter_rt_sigaction
sys_enter_rt_sigaction
sys_enter_rt_sigaction
sys_enter_rt_sigaction
sys_enter_rt_sigaction
sys_enter_rt_sigaction
sys_enter_rt_sigaction
sys_enter_rt_sigaction
sys_enter_rt_sigaction
sys_enter_rt_sigaction
sys_enter_rt_sigaction
sys_enter_rt_sigaction
sys_enter_rt_sigaction
sys_enter_rt_sigaction
sys_enter_rt_sigaction
sys_enter_rt_sigaction
sys_enter_rt_sigaction
sys_enter_rt_sigaction
sys_enter_rt_sigaction
sys_enter_rt_sigaction
sys_enter_rt_sigaction
sys_enter_rt_sigaction
sys_enter_rt_sigaction
sys_enter_rt_sigaction
sys_enter_rt_sigaction
sys_enter_rt_sigaction
sys_enter_rt_sigaction
sys_enter_rt_sigaction
sys_enter_rt_sigaction
sys_enter_rt_sigaction
sys_enter_rt_sigaction
sys_enter_rt_sigaction
sys_enter_rt_sigaction
sys_enter_rt_sigaction
sys_enter_rt_sigaction
sys_enter_rt_sigaction
sys_enter_rt_sigaction
sys_enter_rt_sigaction
sys_enter_rt_sigaction
sys_enter_rt_sigaction
sys_enter_rt_sigaction
sys_enter_rt_sigaction
sys_enter_rt_sigaction
sys_enter_rt_sigaction
sys_enter_rt_sigaction
sys_enter_rt_sigaction
sys_enter_rt_sigaction
sys_enter_rt_sigaction
sys_enter_rt_sigaction
sys_enter_rt_sigaction
sys_enter_rt_sigaction
sys_enter_rt_sigaction
sys_enter_rt_sigaction
sys_enter_rt_sigaction
sys_enter_rt_sigaction
sys_enter_rt_sigaction
sys_enter_rt_sigaction
sys_enter_rt_sigaction
sys_enter_rt_sigaction
sys_enter_rt_sigaction
sys_enter_rt_sigaction
sys_enter_rt_sigaction
sys_enter_rt_sigaction
sys_enter_rt_sigaction
sys_enter_rt_sigaction
sys_enter_rt_sigaction
sys_enter_rt_sigaction
sys_enter_rt_sigaction
sys_enter_rt_sigaction
sys_enter_rt_sigaction
sys_enter_rt_sigaction
sys_enter_rt_sigaction
sys_enter_rt_sigaction
sys_enter_rt_sigaction
sys_enter_rt_sigaction
sys_enter_rt_sigaction
sys_enter_rt_sigaction
sys_enter_rt_sigprocmask
sys_enter_clone
sys_enter_rt_sigprocmask
sys_enter_gettid
sys_enter_sigaltstack
sys_enter_sigaltstack
sys_enter_gettid
sys_enter_rt_sigprocmask
sys_enter_rt_sigprocmask
sys_enter_clone
sys_enter_rt_sigprocmask
sys_enter_gettid
sys_enter_sigaltstack
sys_enter_sigaltstack
sys_enter_gettid
sys_enter_rt_sigprocmask
sys_enter_rt_sigprocmask
sys_enter_clone
sys_enter_rt_sigprocmask
sys_enter_clone
sys_enter_rt_sigprocmask
sys_enter_gettid
sys_enter_rt_sigprocmask
sys_enter_futex
sys_enter_gettid
sys_enter_sigaltstack
sys_enter_sigaltstack
sys_enter_gettid
sys_enter_rt_sigprocmask
sys_enter_futex
sys_enter_futex
sys_enter_sigaltstack
sys_enter_sigaltstack
sys_enter_gettid
sys_enter_rt_sigprocmask
sys_enter_futex
sys_enter_futex
sys_enter_futex
sys_enter_mmap
sys_enter_futex
sys_enter_futex
sys_enter_futex
sys_enter_openat
sys_enter_read
sys_enter_read
sys_enter_close
sys_enter_socket
sys_enter_close
sys_enter_socket
sys_enter_setsockopt
sys_enter_bind
sys_enter_socket
sys_enter_setsockopt
sys_enter_bind
sys_enter_close
sys_enter_close
sys_enter_getpid
sys_enter_getppid
sys_enter_mmap
sys_enter_mmap
sys_enter_getppid
sys_enter_openat
sys_enter_pipe2
sys_enter_getpid
sys_enter_clone
sys_enter_setsid
sys_enter_close
sys_enter_read
sys_enter_chdir
sys_enter_execve
sys_enter_close
sys_enter_exit_group
sys_enter_mmap
sys_enter_mmap
sys_enter_mprotect
sys_enter_mmap
sys_enter_mmap
sys_enter_mprotect
sys_enter_mmap
sys_enter_mprotect
sys_enter_mmap
sys_enter_mprotect
sys_enter_mmap
sys_enter_mmap
sys_enter_close
sys_enter_munmap
sys_enter_sched_getaffinity
sys_enter_mmap
sys_enter_munmap
sys_enter_mmap
sys_enter_mmap
sys_enter_mmap
sys_enter_mmap
sys_enter_mmap
sys_enter_mmap
sys_enter_rt_sigprocmask
sys_enter_sigaltstack
sys_enter_sigaltstack
sys_enter_gettid
sys_enter_rt_sigprocmask
sys_enter_rt_sigaction
sys_enter_rt_sigaction
sys_enter_rt_sigaction
sys_enter_rt_sigaction
sys_enter_rt_sigaction
sys_enter_rt_sigaction
sys_enter_rt_sigaction
sys_enter_rt_sigaction
sys_enter_rt_sigaction
sys_enter_rt_sigaction
sys_enter_rt_sigaction
sys_enter_rt_sigaction
sys_enter_rt_sigaction
sys_enter_rt_sigaction
sys_enter_rt_sigaction
sys_enter_rt_sigaction
sys_enter_rt_sigaction
sys_enter_rt_sigaction
sys_enter_rt_sigaction
sys_enter_rt_sigaction
sys_enter_rt_sigaction
sys_enter_rt_sigaction
sys_enter_rt_sigaction
sys_enter_rt_sigaction
sys_enter_rt_sigaction
sys_enter_rt_sigaction
sys_enter_rt_sigaction
sys_enter_rt_sigaction
sys_enter_rt_sigaction
sys_enter_rt_sigaction
sys_enter_rt_sigaction
sys_enter_rt_sigaction
sys_enter_rt_sigaction
sys_enter_rt_sigaction
sys_enter_rt_sigaction
sys_enter_rt_sigaction
sys_enter_rt_sigaction
sys_enter_rt_sigaction
sys_enter_rt_sigaction
sys_enter_rt_sigaction
sys_enter_rt_sigaction
sys_enter_rt_sigaction
sys_enter_rt_sigaction
sys_enter_rt_sigaction
sys_enter_rt_sigaction
sys_enter_rt_sigaction
sys_enter_rt_sigaction
sys_enter_rt_sigaction
sys_enter_rt_sigaction
sys_enter_rt_sigaction
sys_enter_rt_sigaction
sys_enter_rt_sigaction
sys_enter_rt_sigaction
sys_enter_rt_sigaction
sys_enter_rt_sigaction
sys_enter_rt_sigaction
sys_enter_rt_sigaction
sys_enter_rt_sigaction
sys_enter_rt_sigaction
sys_enter_rt_sigaction
sys_enter_rt_sigaction
sys_enter_rt_sigaction
sys_enter_rt_sigaction
sys_enter_rt_sigaction
sys_enter_rt_sigaction
sys_enter_rt_sigaction
sys_enter_rt_sigaction
sys_enter_rt_sigaction
sys_enter_rt_sigaction
sys_enter_rt_sigaction
sys_enter_rt_sigaction
sys_enter_rt_sigaction
sys_enter_rt_sigaction
sys_enter_rt_sigaction
sys_enter_rt_sigaction
sys_enter_rt_sigaction
sys_enter_rt_sigaction
sys_enter_rt_sigaction
sys_enter_rt_sigaction
sys_enter_rt_sigaction
sys_enter_rt_sigaction
sys_enter_rt_sigaction
sys_enter_rt_sigaction
sys_enter_rt_sigaction
sys_enter_rt_sigaction
sys_enter_rt_sigaction
sys_enter_rt_sigaction
sys_enter_rt_sigaction
sys_enter_rt_sigaction
sys_enter_rt_sigaction
sys_enter_rt_sigaction
sys_enter_rt_sigaction
sys_enter_rt_sigaction
sys_enter_rt_sigaction
sys_enter_rt_sigaction
sys_enter_rt_sigaction
sys_enter_rt_sigaction
sys_enter_rt_sigaction
sys_enter_rt_sigaction
sys_enter_rt_sigaction
sys_enter_rt_sigaction
sys_enter_rt_sigaction
sys_enter_rt_sigaction
sys_enter_rt_sigaction
sys_enter_rt_sigaction
sys_enter_rt_sigaction
sys_enter_rt_sigaction
sys_enter_rt_sigaction
sys_enter_rt_sigaction
sys_enter_rt_sigaction
sys_enter_rt_sigaction
sys_enter_rt_sigaction
sys_enter_rt_sigaction
sys_enter_rt_sigaction
sys_enter_rt_sigprocmask
sys_enter_clone
sys_enter_rt_sigprocmask
sys_enter_gettid
sys_enter_sigaltstack
sys_enter_sigaltstack
sys_enter_gettid
sys_enter_rt_sigprocmask
sys_enter_rt_sigprocmask
sys_enter_clone
sys_enter_rt_sigprocmask
sys_enter_gettid
sys_enter_sigaltstack
sys_enter_sigaltstack
sys_enter_gettid
sys_enter_rt_sigprocmask
sys_enter_rt_sigprocmask
sys_enter_clone
sys_enter_rt_sigprocmask
sys_enter_clone
sys_enter_rt_sigprocmask
sys_enter_futex
sys_enter_gettid
sys_enter_sigaltstack
sys_enter_sigaltstack
sys_enter_gettid
sys_enter_rt_sigprocmask
sys_enter_rt_sigprocmask
sys_enter_gettid
sys_enter_futex
sys_enter_sigaltstack
sys_enter_sigaltstack
sys_enter_gettid
sys_enter_rt_sigprocmask
sys_enter_futex
sys_enter_futex
sys_enter_futex
sys_enter_futex
sys_enter_mmap
sys_enter_futex
sys_enter_futex
sys_enter_futex
sys_enter_openat
sys_enter_read
sys_enter_read
sys_enter_close
sys_enter_socket
sys_enter_close
sys_enter_socket
sys_enter_setsockopt
sys_enter_bind
sys_enter_socket
sys_enter_setsockopt
sys_enter_bind
sys_enter_close
sys_enter_close
sys_enter_getpid
sys_enter_getppid
sys_enter_mmap
sys_enter_mmap
sys_enter_getppid
sys_enter_openat
sys_enter_pipe2
sys_enter_getpid
sys_enter_clone
sys_enter_setsid
sys_enter_chdir
sys_enter_close
sys_enter_read
sys_enter_execve
sys_enter_close
sys_enter_mmap
sys_enter_exit_group
sys_enter_mmap
sys_enter_mprotect
sys_enter_mmap
sys_enter_mmap
sys_enter_mprotect
sys_enter_mmap
sys_enter_mprotect
sys_enter_mmap
sys_enter_mprotect
sys_enter_mmap
sys_enter_mmap
sys_enter_close
sys_enter_munmap
sys_enter_sched_getaffinity
sys_enter_mmap
sys_enter_munmap
sys_enter_mmap
sys_enter_mmap
sys_enter_mmap
sys_enter_mmap
sys_enter_mmap
sys_enter_mmap
sys_enter_rt_sigprocmask
sys_enter_sigaltstack
sys_enter_sigaltstack
sys_enter_gettid
sys_enter_rt_sigprocmask
sys_enter_rt_sigaction
sys_enter_rt_sigaction
sys_enter_rt_sigaction
sys_enter_rt_sigaction
sys_enter_rt_sigaction
sys_enter_rt_sigaction
sys_enter_rt_sigaction
sys_enter_rt_sigaction
sys_enter_rt_sigaction
sys_enter_rt_sigaction
sys_enter_rt_sigaction
sys_enter_rt_sigaction
sys_enter_rt_sigaction
sys_enter_rt_sigaction
sys_enter_rt_sigaction
sys_enter_rt_sigaction
sys_enter_rt_sigaction
sys_enter_rt_sigaction
sys_enter_rt_sigaction
sys_enter_rt_sigaction
sys_enter_rt_sigaction
sys_enter_rt_sigaction
sys_enter_rt_sigaction
sys_enter_rt_sigaction
sys_enter_rt_sigaction
sys_enter_rt_sigaction
sys_enter_rt_sigaction
sys_enter_rt_sigaction
sys_enter_rt_sigaction
sys_enter_rt_sigaction
sys_enter_rt_sigaction
sys_enter_rt_sigaction
sys_enter_rt_sigaction
sys_enter_rt_sigaction
sys_enter_rt_sigaction
sys_enter_rt_sigaction
sys_enter_rt_sigaction
sys_enter_rt_sigaction
sys_enter_rt_sigaction
sys_enter_rt_sigaction
sys_enter_rt_sigaction
sys_enter_rt_sigaction
sys_enter_rt_sigaction
sys_enter_rt_sigaction
sys_enter_rt_sigaction
sys_enter_rt_sigaction
sys_enter_rt_sigaction
sys_enter_rt_sigaction
sys_enter_rt_sigaction
sys_enter_rt_sigaction
sys_enter_rt_sigaction
sys_enter_rt_sigaction
sys_enter_rt_sigaction
sys_enter_rt_sigaction
sys_enter_rt_sigaction
sys_enter_rt_sigaction
sys_enter_rt_sigaction
sys_enter_rt_sigaction
sys_enter_rt_sigaction
sys_enter_rt_sigaction
sys_enter_rt_sigaction
sys_enter_rt_sigaction
sys_enter_rt_sigaction
sys_enter_rt_sigaction
sys_enter_rt_sigaction
sys_enter_rt_sigaction
sys_enter_rt_sigaction
sys_enter_rt_sigaction
sys_enter_rt_sigaction
sys_enter_rt_sigaction
sys_enter_rt_sigaction
sys_enter_rt_sigaction
sys_enter_rt_sigaction
sys_enter_rt_sigaction
sys_enter_rt_sigaction
sys_enter_rt_sigaction
sys_enter_rt_sigaction
sys_enter_rt_sigaction
sys_enter_rt_sigaction
sys_enter_rt_sigaction
sys_enter_rt_sigaction
sys_enter_rt_sigaction
sys_enter_rt_sigaction
sys_enter_rt_sigaction
sys_enter_rt_sigaction
sys_enter_rt_sigaction
sys_enter_rt_sigaction
sys_enter_rt_sigaction
sys_enter_rt_sigaction
sys_enter_rt_sigaction
sys_enter_rt_sigaction
sys_enter_rt_sigaction
sys_enter_rt_sigaction
sys_enter_rt_sigaction
sys_enter_rt_sigaction
sys_enter_rt_sigaction
sys_enter_rt_sigaction
sys_enter_rt_sigaction
sys_enter_rt_sigaction
sys_enter_rt_sigaction
sys_enter_rt_sigaction
sys_enter_rt_sigaction
sys_enter_rt_sigaction
sys_enter_rt_sigaction
sys_enter_rt_sigaction
sys_enter_rt_sigaction
sys_enter_rt_sigaction
sys_enter_rt_sigaction
sys_enter_rt_sigaction
sys_enter_rt_sigaction
sys_enter_rt_sigaction
sys_enter_rt_sigaction
sys_enter_rt_sigaction
sys_enter_rt_sigaction
sys_enter_rt_sigprocmask
sys_enter_clone
sys_enter_rt_sigprocmask
sys_enter_rt_sigprocmask
sys_enter_clone
sys_enter_rt_sigprocmask
sys_enter_rt_sigprocmask
sys_enter_clone
sys_enter_rt_sigprocmask
sys_enter_futex
sys_enter_gettid
sys_enter_sigaltstack
sys_enter_sigaltstack
sys_enter_gettid
sys_enter_rt_sigprocmask
sys_enter_mmap
sys_enter_gettid
sys_enter_sigaltstack
sys_enter_sigaltstack
sys_enter_gettid
sys_enter_rt_sigprocmask
sys_enter_futex
sys_enter_futex
sys_enter_gettid
sys_enter_sigaltstack
sys_enter_sigaltstack
sys_enter_gettid
sys_enter_rt_sigprocmask
sys_enter_rt_sigprocmask
sys_enter_clone
sys_enter_rt_sigprocmask
sys_enter_gettid
sys_enter_sigaltstack
sys_enter_sigaltstack
sys_enter_gettid
sys_enter_rt_sigprocmask
sys_enter_openat
sys_enter_read
sys_enter_read
sys_enter_close
sys_enter_socket
sys_enter_close
sys_enter_socket
sys_enter_setsockopt
sys_enter_bind
sys_enter_socket
sys_enter_setsockopt
sys_enter_bind
sys_enter_close
sys_enter_close
sys_enter_futex
sys_enter_futex
sys_enter_getpid
sys_enter_getppid
sys_enter_mmap
sys_enter_mmap
sys_enter_getppid
sys_enter_openat
sys_enter_pipe2
sys_enter_getpid
sys_enter_clone
sys_enter_setsid
sys_enter_close
sys_enter_read
sys_enter_chdir
sys_enter_execve
sys_enter_close
sys_enter_exit_group
sys_enter_mmap
sys_enter_mmap
sys_enter_mprotect
sys_enter_mmap
sys_enter_mmap
sys_enter_mprotect
sys_enter_mmap
sys_enter_mprotect
sys_enter_mmap
sys_enter_mprotect
sys_enter_mmap
sys_enter_mmap
sys_enter_close
sys_enter_munmap
sys_enter_sched_getaffinity
sys_enter_mmap
sys_enter_munmap
sys_enter_mmap
sys_enter_mmap
sys_enter_mmap
sys_enter_mmap
sys_enter_mmap
sys_enter_mmap
sys_enter_rt_sigprocmask
sys_enter_sigaltstack
sys_enter_sigaltstack
sys_enter_gettid
sys_enter_rt_sigprocmask
sys_enter_rt_sigaction
sys_enter_rt_sigaction
sys_enter_rt_sigaction
sys_enter_rt_sigaction
sys_enter_rt_sigaction
sys_enter_rt_sigaction
sys_enter_rt_sigaction
sys_enter_rt_sigaction
sys_enter_rt_sigaction
sys_enter_rt_sigaction
sys_enter_rt_sigaction
sys_enter_rt_sigaction
sys_enter_rt_sigaction
sys_enter_rt_sigaction
sys_enter_rt_sigaction
sys_enter_rt_sigaction
sys_enter_rt_sigaction
sys_enter_rt_sigaction
sys_enter_rt_sigaction
sys_enter_rt_sigaction
sys_enter_rt_sigaction
sys_enter_rt_sigaction
sys_enter_rt_sigaction
sys_enter_rt_sigaction
sys_enter_rt_sigaction
sys_enter_rt_sigaction
sys_enter_rt_sigaction
sys_enter_rt_sigaction
sys_enter_rt_sigaction
sys_enter_rt_sigaction
sys_enter_rt_sigaction
sys_enter_rt_sigaction
sys_enter_rt_sigaction
sys_enter_rt_sigaction
sys_enter_rt_sigaction
sys_enter_rt_sigaction
sys_enter_rt_sigaction
sys_enter_rt_sigaction
sys_enter_rt_sigaction
sys_enter_rt_sigaction
sys_enter_rt_sigaction
sys_enter_rt_sigaction
sys_enter_rt_sigaction
sys_enter_rt_sigaction
sys_enter_rt_sigaction
sys_enter_rt_sigaction
sys_enter_rt_sigaction
sys_enter_rt_sigaction
sys_enter_rt_sigaction
sys_enter_rt_sigaction
sys_enter_rt_sigaction
sys_enter_rt_sigaction
sys_enter_rt_sigaction
sys_enter_rt_sigaction
sys_enter_rt_sigaction
sys_enter_rt_sigaction
sys_enter_rt_sigaction
sys_enter_rt_sigaction
sys_enter_rt_sigaction
sys_enter_rt_sigaction
sys_enter_rt_sigaction
sys_enter_rt_sigaction
sys_enter_rt_sigaction
sys_enter_rt_sigaction
sys_enter_rt_sigaction
sys_enter_rt_sigaction
sys_enter_rt_sigaction
sys_enter_rt_sigaction
sys_enter_rt_sigaction
sys_enter_rt_sigaction
sys_enter_rt_sigaction
sys_enter_rt_sigaction
sys_enter_rt_sigaction
sys_enter_rt_sigaction
sys_enter_rt_sigaction
sys_enter_rt_sigaction
sys_enter_rt_sigaction
sys_enter_rt_sigaction
sys_enter_rt_sigaction
sys_enter_rt_sigaction
sys_enter_rt_sigaction
sys_enter_rt_sigaction
sys_enter_rt_sigaction
sys_enter_rt_sigaction
sys_enter_rt_sigaction
sys_enter_rt_sigaction
sys_enter_rt_sigaction
sys_enter_rt_sigaction
sys_enter_rt_sigaction
sys_enter_rt_sigaction
sys_enter_rt_sigaction
sys_enter_rt_sigaction
sys_enter_rt_sigaction
sys_enter_rt_sigaction
sys_enter_rt_sigaction
sys_enter_rt_sigaction
sys_enter_rt_sigaction
sys_enter_rt_sigaction
sys_enter_rt_sigaction
sys_enter_rt_sigaction
sys_enter_rt_sigaction
sys_enter_rt_sigaction
sys_enter_rt_sigaction
sys_enter_rt_sigaction
sys_enter_rt_sigaction
sys_enter_rt_sigaction
sys_enter_rt_sigaction
sys_enter_rt_sigaction
sys_enter_rt_sigaction
sys_enter_rt_sigaction
sys_enter_rt_sigaction
sys_enter_rt_sigaction
sys_enter_rt_sigaction
sys_enter_rt_sigaction
sys_enter_rt_sigprocmask
sys_enter_clone
sys_enter_rt_sigprocmask
sys_enter_rt_sigprocmask
sys_enter_clone
sys_enter_gettid
sys_enter_sigaltstack
sys_enter_sigaltstack
sys_enter_gettid
sys_enter_rt_sigprocmask
sys_enter_rt_sigprocmask
sys_enter_gettid
sys_enter_rt_sigprocmask
sys_enter_clone
sys_enter_sigaltstack
sys_enter_sigaltstack
sys_enter_gettid
sys_enter_rt_sigprocmask
sys_enter_rt_sigprocmask
sys_enter_clone
sys_enter_rt_sigprocmask
sys_enter_futex
sys_enter_gettid
sys_enter_sigaltstack
sys_enter_sigaltstack
sys_enter_gettid
sys_enter_rt_sigprocmask
sys_enter_futex
sys_enter_futex
sys_enter_rt_sigprocmask
sys_enter_futex
sys_enter_gettid
sys_enter_sigaltstack
sys_enter_sigaltstack
sys_enter_gettid
sys_enter_rt_sigprocmask
sys_enter_futex
sys_enter_futex
sys_enter_mmap
sys_enter_futex
sys_enter_futex
sys_enter_futex
sys_enter_openat
sys_enter_futex
sys_enter_futex
sys_enter_read
sys_enter_read
sys_enter_close
sys_enter_socket
sys_enter_close
sys_enter_socket
sys_enter_setsockopt
sys_enter_bind
sys_enter_socket
sys_enter_setsockopt
sys_enter_bind
sys_enter_close
sys_enter_close
sys_enter_mmap
sys_enter_getpid
sys_enter_getppid
sys_enter_mmap
sys_enter_mmap
sys_enter_getppid
sys_enter_openat
sys_enter_pipe2
sys_enter_getpid
sys_enter_clone
sys_enter_setsid
sys_enter_close
sys_enter_read
sys_enter_chdir
sys_enter_execve
sys_enter_close
sys_enter_exit_group
sys_enter_mmap
sys_enter_mmap
sys_enter_mprotect
sys_enter_mmap
sys_enter_mmap
sys_enter_mprotect
sys_enter_mmap
sys_enter_mprotect
sys_enter_mmap
sys_enter_mprotect
sys_enter_mmap
sys_enter_mmap
sys_enter_close
sys_enter_munmap
sys_enter_sched_getaffinity
sys_enter_mmap
sys_enter_munmap
sys_enter_mmap
sys_enter_mmap
sys_enter_mmap
sys_enter_mmap
sys_enter_mmap
sys_enter_mmap
sys_enter_rt_sigprocmask
sys_enter_sigaltstack
sys_enter_sigaltstack
sys_enter_gettid
sys_enter_rt_sigprocmask
sys_enter_rt_sigaction
sys_enter_rt_sigaction
sys_enter_rt_sigaction
sys_enter_rt_sigaction
sys_enter_rt_sigaction
sys_enter_rt_sigaction
sys_enter_rt_sigaction
sys_enter_rt_sigaction
sys_enter_rt_sigaction
sys_enter_rt_sigaction
sys_enter_rt_sigaction
sys_enter_rt_sigaction
sys_enter_rt_sigaction
sys_enter_rt_sigaction
sys_enter_rt_sigaction
sys_enter_rt_sigaction
sys_enter_rt_sigaction
sys_enter_rt_sigaction
sys_enter_rt_sigaction
sys_enter_rt_sigaction
sys_enter_rt_sigaction
sys_enter_rt_sigaction
sys_enter_rt_sigaction
sys_enter_rt_sigaction
sys_enter_rt_sigaction
sys_enter_rt_sigaction
sys_enter_rt_sigaction
sys_enter_rt_sigaction
sys_enter_rt_sigaction
sys_enter_rt_sigaction
sys_enter_rt_sigaction
sys_enter_rt_sigaction
sys_enter_rt_sigaction
sys_enter_rt_sigaction
sys_enter_rt_sigaction
sys_enter_rt_sigaction
sys_enter_rt_sigaction
sys_enter_rt_sigaction
sys_enter_rt_sigaction
sys_enter_rt_sigaction
sys_enter_rt_sigaction
sys_enter_rt_sigaction
sys_enter_rt_sigaction
sys_enter_rt_sigaction
sys_enter_rt_sigaction
sys_enter_rt_sigaction
sys_enter_rt_sigaction
sys_enter_rt_sigaction
sys_enter_rt_sigaction
sys_enter_rt_sigaction
sys_enter_rt_sigaction
sys_enter_rt_sigaction
sys_enter_rt_sigaction
sys_enter_rt_sigaction
sys_enter_rt_sigaction
sys_enter_rt_sigaction
sys_enter_rt_sigaction
sys_enter_rt_sigaction
sys_enter_rt_sigaction
sys_enter_rt_sigaction
sys_enter_rt_sigaction
sys_enter_rt_sigaction
sys_enter_rt_sigaction
sys_enter_rt_sigaction
sys_enter_rt_sigaction
sys_enter_rt_sigaction
sys_enter_rt_sigaction
sys_enter_rt_sigaction
sys_enter_rt_sigaction
sys_enter_rt_sigaction
sys_enter_rt_sigaction
sys_enter_rt_sigaction
sys_enter_rt_sigaction
sys_enter_rt_sigaction
sys_enter_rt_sigaction
sys_enter_rt_sigaction
sys_enter_rt_sigaction
sys_enter_rt_sigaction
sys_enter_rt_sigaction
sys_enter_rt_sigaction
sys_enter_rt_sigaction
sys_enter_rt_sigaction
sys_enter_rt_sigaction
sys_enter_rt_sigaction
sys_enter_rt_sigaction
sys_enter_rt_sigaction
sys_enter_rt_sigaction
sys_enter_rt_sigaction
sys_enter_rt_sigaction
sys_enter_rt_sigaction
sys_enter_rt_sigaction
sys_enter_rt_sigaction
sys_enter_rt_sigaction
sys_enter_rt_sigaction
sys_enter_rt_sigaction
sys_enter_rt_sigaction
sys_enter_rt_sigaction
sys_enter_rt_sigaction
sys_enter_rt_sigaction
sys_enter_rt_sigaction
sys_enter_rt_sigaction
sys_enter_rt_sigaction
sys_enter_rt_sigaction
sys_enter_rt_sigaction
sys_enter_rt_sigaction
sys_enter_rt_sigaction
sys_enter_rt_sigaction
sys_enter_rt_sigaction
sys_enter_rt_sigaction
sys_enter_rt_sigaction
sys_enter_rt_sigaction
sys_enter_rt_sigaction
sys_enter_rt_sigaction
sys_enter_rt_sigaction
sys_enter_rt_sigprocmask
sys_enter_clone
sys_enter_rt_sigprocmask
sys_enter_gettid
sys_enter_sigaltstack
sys_enter_sigaltstack
sys_enter_gettid
sys_enter_rt_sigprocmask
sys_enter_rt_sigprocmask
sys_enter_clone
sys_enter_rt_sigprocmask
sys_enter_gettid
sys_enter_sigaltstack
sys_enter_sigaltstack
sys_enter_gettid
sys_enter_rt_sigprocmask
sys_enter_rt_sigprocmask
sys_enter_clone
sys_enter_rt_sigprocmask
sys_enter_clone
sys_enter_rt_sigprocmask
sys_enter_rt_sigprocmask
sys_enter_futex
sys_enter_gettid
sys_enter_sigaltstack
sys_enter_sigaltstack
sys_enter_gettid
sys_enter_gettid
sys_enter_sigaltstack
sys_enter_sigaltstack
sys_enter_gettid
sys_enter_rt_sigprocmask
sys_enter_futex
sys_enter_futex
sys_enter_rt_sigprocmask
sys_enter_futex
sys_enter_futex
sys_enter_futex
sys_enter_mmap
sys_enter_futex
sys_enter_futex
sys_enter_futex
sys_enter_openat
sys_enter_read
sys_enter_read
sys_enter_close
sys_enter_socket
sys_enter_close
sys_enter_socket
sys_enter_setsockopt
sys_enter_bind
sys_enter_socket
sys_enter_setsockopt
sys_enter_bind
sys_enter_close
sys_enter_close
sys_enter_getpid
sys_enter_getppid
sys_enter_mmap
sys_enter_mmap
sys_enter_getppid
sys_enter_openat
sys_enter_pipe2
sys_enter_getpid
sys_enter_clone
sys_enter_setsid
sys_enter_close
sys_enter_read
sys_enter_chdir
sys_enter_execve
sys_enter_close
sys_enter_exit_group
sys_enter_mmap
sys_enter_mmap
sys_enter_mprotect
sys_enter_mmap
sys_enter_mmap
sys_enter_mprotect
sys_enter_mmap
sys_enter_mprotect
sys_enter_mmap
sys_enter_mprotect
sys_enter_mmap
sys_enter_mmap
sys_enter_close
sys_enter_munmap
sys_enter_sched_getaffinity
sys_enter_mmap
sys_enter_munmap
sys_enter_mmap
sys_enter_mmap
sys_enter_mmap
sys_enter_mmap
sys_enter_mmap
sys_enter_mmap
sys_enter_rt_sigprocmask
sys_enter_sigaltstack
sys_enter_sigaltstack
sys_enter_gettid
sys_enter_rt_sigprocmask
sys_enter_rt_sigaction
sys_enter_rt_sigaction
sys_enter_rt_sigaction
sys_enter_rt_sigaction
sys_enter_rt_sigaction
sys_enter_rt_sigaction
sys_enter_rt_sigaction
sys_enter_rt_sigaction
sys_enter_rt_sigaction
sys_enter_rt_sigaction
sys_enter_rt_sigaction
sys_enter_rt_sigaction
sys_enter_rt_sigaction
sys_enter_rt_sigaction
sys_enter_rt_sigaction
sys_enter_rt_sigaction
sys_enter_rt_sigaction
sys_enter_rt_sigaction
sys_enter_rt_sigaction
sys_enter_rt_sigaction
sys_enter_rt_sigaction
sys_enter_rt_sigaction
sys_enter_rt_sigaction
sys_enter_rt_sigaction
sys_enter_rt_sigaction
sys_enter_rt_sigaction
sys_enter_rt_sigaction
sys_enter_rt_sigaction
sys_enter_rt_sigaction
sys_enter_rt_sigaction
sys_enter_rt_sigaction
sys_enter_rt_sigaction
sys_enter_rt_sigaction
sys_enter_rt_sigaction
sys_enter_rt_sigaction
sys_enter_rt_sigaction
sys_enter_rt_sigaction
sys_enter_rt_sigaction
sys_enter_rt_sigaction
sys_enter_rt_sigaction
sys_enter_rt_sigaction
sys_enter_rt_sigaction
sys_enter_rt_sigaction
sys_enter_rt_sigaction
sys_enter_rt_sigaction
sys_enter_rt_sigaction
sys_enter_rt_sigaction
sys_enter_rt_sigaction
sys_enter_rt_sigaction
sys_enter_rt_sigaction
sys_enter_rt_sigaction
sys_enter_rt_sigaction
sys_enter_rt_sigaction
sys_enter_rt_sigaction
sys_enter_rt_sigaction
sys_enter_rt_sigaction
sys_enter_rt_sigaction
sys_enter_rt_sigaction
sys_enter_rt_sigaction
sys_enter_rt_sigaction
sys_enter_rt_sigaction
sys_enter_rt_sigaction
sys_enter_rt_sigaction
sys_enter_rt_sigaction
sys_enter_rt_sigaction
sys_enter_rt_sigaction
sys_enter_rt_sigaction
sys_enter_rt_sigaction
sys_enter_rt_sigaction
sys_enter_rt_sigaction
sys_enter_rt_sigaction
sys_enter_rt_sigaction
sys_enter_rt_sigaction
sys_enter_rt_sigaction
sys_enter_rt_sigaction
sys_enter_rt_sigaction
sys_enter_rt_sigaction
sys_enter_rt_sigaction
sys_enter_rt_sigaction
sys_enter_rt_sigaction
sys_enter_rt_sigaction
sys_enter_rt_sigaction
sys_enter_rt_sigaction
sys_enter_rt_sigaction
sys_enter_rt_sigaction
sys_enter_rt_sigaction
sys_enter_rt_sigaction
sys_enter_rt_sigaction
sys_enter_rt_sigaction
sys_enter_rt_sigaction
sys_enter_rt_sigaction
sys_enter_rt_sigaction
sys_enter_rt_sigaction
sys_enter_rt_sigaction
sys_enter_rt_sigaction
sys_enter_rt_sigaction
sys_enter_rt_sigaction
sys_enter_rt_sigaction
sys_enter_rt_sigaction
sys_enter_rt_sigaction
sys_enter_rt_sigaction
sys_enter_rt_sigaction
sys_enter_rt_sigaction
sys_enter_rt_sigaction
sys_enter_rt_sigaction
sys_enter_rt_sigaction
sys_enter_rt_sigaction
sys_enter_rt_sigaction
sys_enter_rt_sigaction
sys_enter_rt_sigaction
sys_enter_rt_sigaction
sys_enter_rt_sigaction
sys_enter_rt_sigaction
sys_enter_rt_sigaction
sys_enter_rt_sigprocmask
sys_enter_clone
sys_enter_rt_sigprocmask
sys_enter_gettid
sys_enter_sigaltstack
sys_enter_sigaltstack
sys_enter_gettid
sys_enter_rt_sigprocmask
sys_enter_rt_sigprocmask
sys_enter_clone
sys_enter_rt_sigprocmask
sys_enter_gettid
sys_enter_sigaltstack
sys_enter_sigaltstack
sys_enter_gettid
sys_enter_rt_sigprocmask
sys_enter_rt_sigprocmask
sys_enter_clone
sys_enter_rt_sigprocmask
sys_enter_clone
sys_enter_rt_sigprocmask
sys_enter_futex
sys_enter_gettid
sys_enter_sigaltstack
sys_enter_sigaltstack
sys_enter_gettid
sys_enter_rt_sigprocmask
sys_enter_rt_sigprocmask
sys_enter_futex
sys_enter_gettid
sys_enter_futex
sys_enter_futex
sys_enter_sigaltstack
sys_enter_sigaltstack
sys_enter_gettid
sys_enter_rt_sigprocmask
sys_enter_futex
sys_enter_futex
sys_enter_mmap
sys_enter_futex
sys_enter_futex
sys_enter_futex
sys_enter_openat
sys_enter_read
sys_enter_read
sys_enter_close
sys_enter_socket
sys_enter_close
sys_enter_socket
sys_enter_setsockopt
sys_enter_bind
sys_enter_socket
sys_enter_setsockopt
sys_enter_bind
sys_enter_close
sys_enter_close
sys_enter_getpid
sys_enter_getppid
sys_enter_mmap
sys_enter_mmap
sys_enter_getppid
sys_enter_openat
sys_enter_pipe2
sys_enter_getpid
sys_enter_clone
sys_enter_setsid
sys_enter_close
sys_enter_chdir
sys_enter_read
sys_enter_execve
sys_enter_close
sys_enter_exit_group
sys_enter_mmap
sys_enter_mmap
sys_enter_mprotect
sys_enter_mmap
sys_enter_mmap
sys_enter_mprotect
sys_enter_mmap
sys_enter_mprotect
sys_enter_mmap
sys_enter_mprotect
sys_enter_mmap
sys_enter_mmap
sys_enter_close
sys_enter_munmap
sys_enter_sched_getaffinity
sys_enter_mmap
sys_enter_munmap
sys_enter_mmap
sys_enter_mmap
sys_enter_mmap
sys_enter_mmap
sys_enter_mmap
sys_enter_mmap
sys_enter_rt_sigprocmask
sys_enter_sigaltstack
sys_enter_sigaltstack
sys_enter_gettid
sys_enter_rt_sigprocmask
sys_enter_rt_sigaction
sys_enter_rt_sigaction
sys_enter_rt_sigaction
sys_enter_rt_sigaction
sys_enter_rt_sigaction
sys_enter_rt_sigaction
sys_enter_rt_sigaction
sys_enter_rt_sigaction
sys_enter_rt_sigaction
sys_enter_rt_sigaction
sys_enter_rt_sigaction
sys_enter_rt_sigaction
sys_enter_rt_sigaction
sys_enter_rt_sigaction
sys_enter_rt_sigaction
sys_enter_rt_sigaction
sys_enter_rt_sigaction
sys_enter_rt_sigaction
sys_enter_rt_sigaction
sys_enter_rt_sigaction
sys_enter_rt_sigaction
sys_enter_rt_sigaction
sys_enter_rt_sigaction
sys_enter_rt_sigaction
sys_enter_rt_sigaction
sys_enter_rt_sigaction
sys_enter_rt_sigaction
sys_enter_rt_sigaction
sys_enter_rt_sigaction
sys_enter_rt_sigaction
sys_enter_rt_sigaction
sys_enter_rt_sigaction
sys_enter_rt_sigaction
sys_enter_rt_sigaction
sys_enter_rt_sigaction
sys_enter_rt_sigaction
sys_enter_rt_sigaction
sys_enter_rt_sigaction
sys_enter_rt_sigaction
sys_enter_rt_sigaction
sys_enter_rt_sigaction
sys_enter_rt_sigaction
sys_enter_rt_sigaction
sys_enter_rt_sigaction
sys_enter_rt_sigaction
sys_enter_rt_sigaction
sys_enter_rt_sigaction
sys_enter_rt_sigaction
sys_enter_rt_sigaction
sys_enter_rt_sigaction
sys_enter_rt_sigaction
sys_enter_rt_sigaction
sys_enter_rt_sigaction
sys_enter_rt_sigaction
sys_enter_rt_sigaction
sys_enter_rt_sigaction
sys_enter_rt_sigaction
sys_enter_rt_sigaction
sys_enter_rt_sigaction
sys_enter_rt_sigaction
sys_enter_rt_sigaction
sys_enter_rt_sigaction
sys_enter_rt_sigaction
sys_enter_rt_sigaction
sys_enter_rt_sigaction
sys_enter_rt_sigaction
sys_enter_rt_sigaction
sys_enter_rt_sigaction
sys_enter_rt_sigaction
sys_enter_rt_sigaction
sys_enter_rt_sigaction
sys_enter_rt_sigaction
sys_enter_rt_sigaction
sys_enter_rt_sigaction
sys_enter_rt_sigaction
sys_enter_rt_sigaction
sys_enter_rt_sigaction
sys_enter_rt_sigaction
sys_enter_rt_sigaction
sys_enter_rt_sigaction
sys_enter_rt_sigaction
sys_enter_rt_sigaction
sys_enter_rt_sigaction
sys_enter_rt_sigaction
sys_enter_rt_sigaction
sys_enter_rt_sigaction
sys_enter_rt_sigaction
sys_enter_rt_sigaction
sys_enter_rt_sigaction
sys_enter_rt_sigaction
sys_enter_rt_sigaction
sys_enter_rt_sigaction
sys_enter_rt_sigaction
sys_enter_rt_sigaction
sys_enter_rt_sigaction
sys_enter_rt_sigaction
sys_enter_rt_sigaction
sys_enter_rt_sigaction
sys_enter_rt_sigaction
sys_enter_rt_sigaction
sys_enter_rt_sigaction
sys_enter_rt_sigaction
sys_enter_rt_sigaction
sys_enter_rt_sigaction
sys_enter_rt_sigaction
sys_enter_rt_sigaction
sys_enter_rt_sigaction
sys_enter_rt_sigaction
sys_enter_rt_sigaction
sys_enter_rt_sigaction
sys_enter_rt_sigaction
sys_enter_rt_sigaction
sys_enter_rt_sigaction
sys_enter_rt_sigaction
sys_enter_rt_sigprocmask
sys_enter_clone
sys_enter_rt_sigprocmask
sys_enter_gettid
sys_enter_sigaltstack
sys_enter_sigaltstack
sys_enter_gettid
sys_enter_rt_sigprocmask
sys_enter_rt_sigprocmask
sys_enter_clone
sys_enter_rt_sigprocmask
sys_enter_gettid
sys_enter_sigaltstack
sys_enter_sigaltstack
sys_enter_gettid
sys_enter_rt_sigprocmask
sys_enter_rt_sigprocmask
sys_enter_clone
sys_enter_rt_sigprocmask
sys_enter_clone
sys_enter_rt_sigprocmask
sys_enter_rt_sigprocmask
sys_enter_futex
sys_enter_gettid
sys_enter_sigaltstack
sys_enter_sigaltstack
sys_enter_gettid
sys_enter_rt_sigprocmask
sys_enter_futex
sys_enter_gettid
sys_enter_futex
sys_enter_sigaltstack
sys_enter_sigaltstack
sys_enter_gettid
sys_enter_rt_sigprocmask
sys_enter_futex
sys_enter_futex
sys_enter_futex
sys_enter_mmap
sys_enter_futex
sys_enter_futex
sys_enter_futex
sys_enter_openat
sys_enter_read
sys_enter_read
sys_enter_close
sys_enter_socket
sys_enter_close
sys_enter_socket
sys_enter_setsockopt
sys_enter_bind
sys_enter_socket
sys_enter_setsockopt
sys_enter_bind
sys_enter_close
sys_enter_close
sys_enter_getpid
sys_enter_getppid
sys_enter_mmap
sys_enter_mmap
sys_enter_getppid
sys_enter_openat
sys_enter_pipe2
sys_enter_getpid
sys_enter_clone
sys_enter_setsid
sys_enter_close
sys_enter_read
sys_enter_chdir
sys_enter_execve
sys_enter_close
sys_enter_exit_group
sys_enter_mmap
sys_enter_mmap
sys_enter_mprotect
sys_enter_mmap
sys_enter_mmap
sys_enter_mprotect
sys_enter_mmap
sys_enter_mprotect
sys_enter_mmap
sys_enter_mprotect
sys_enter_mmap
sys_enter_mmap
sys_enter_close
sys_enter_munmap
sys_enter_sched_getaffinity
sys_enter_mmap
sys_enter_munmap
sys_enter_mmap
sys_enter_mmap
sys_enter_mmap
sys_enter_mmap
sys_enter_mmap
sys_enter_mmap
sys_enter_rt_sigprocmask
sys_enter_sigaltstack
sys_enter_sigaltstack
sys_enter_gettid
sys_enter_rt_sigprocmask
sys_enter_rt_sigaction
sys_enter_rt_sigaction
sys_enter_rt_sigaction
sys_enter_rt_sigaction
sys_enter_rt_sigaction
sys_enter_rt_sigaction
sys_enter_rt_sigaction
sys_enter_rt_sigaction
sys_enter_rt_sigaction
sys_enter_rt_sigaction
sys_enter_rt_sigaction
sys_enter_rt_sigaction
sys_enter_rt_sigaction
sys_enter_rt_sigaction
sys_enter_rt_sigaction
sys_enter_rt_sigaction
sys_enter_rt_sigaction
sys_enter_rt_sigaction
sys_enter_rt_sigaction
sys_enter_rt_sigaction
sys_enter_rt_sigaction
sys_enter_rt_sigaction
sys_enter_rt_sigaction
sys_enter_rt_sigaction
sys_enter_rt_sigaction
sys_enter_rt_sigaction
sys_enter_rt_sigaction
sys_enter_rt_sigaction
sys_enter_rt_sigaction
sys_enter_rt_sigaction
sys_enter_rt_sigaction
sys_enter_rt_sigaction
sys_enter_rt_sigaction
sys_enter_rt_sigaction
sys_enter_rt_sigaction
sys_enter_rt_sigaction
sys_enter_rt_sigaction
sys_enter_rt_sigaction
sys_enter_rt_sigaction
sys_enter_rt_sigaction
sys_enter_rt_sigaction
sys_enter_rt_sigaction
sys_enter_rt_sigaction
sys_enter_rt_sigaction
sys_enter_rt_sigaction
sys_enter_rt_sigaction
sys_enter_rt_sigaction
sys_enter_rt_sigaction
sys_enter_rt_sigaction
sys_enter_rt_sigaction
sys_enter_rt_sigaction
sys_enter_rt_sigaction
sys_enter_rt_sigaction
sys_enter_rt_sigaction
sys_enter_rt_sigaction
sys_enter_rt_sigaction
sys_enter_rt_sigaction
sys_enter_rt_sigaction
sys_enter_rt_sigaction
sys_enter_rt_sigaction
sys_enter_rt_sigaction
sys_enter_rt_sigaction
sys_enter_rt_sigaction
sys_enter_rt_sigaction
sys_enter_rt_sigaction
sys_enter_rt_sigaction
sys_enter_rt_sigaction
sys_enter_rt_sigaction
sys_enter_rt_sigaction
sys_enter_rt_sigaction
sys_enter_rt_sigaction
sys_enter_rt_sigaction
sys_enter_rt_sigaction
sys_enter_rt_sigaction
sys_enter_rt_sigaction
sys_enter_rt_sigaction
sys_enter_rt_sigaction
sys_enter_rt_sigaction
sys_enter_rt_sigaction
sys_enter_rt_sigaction
sys_enter_rt_sigaction
sys_enter_rt_sigaction
sys_enter_rt_sigaction
sys_enter_rt_sigaction
sys_enter_rt_sigaction
sys_enter_rt_sigaction
sys_enter_rt_sigaction
sys_enter_rt_sigaction
sys_enter_rt_sigaction
sys_enter_rt_sigaction
sys_enter_rt_sigaction
sys_enter_rt_sigaction
sys_enter_rt_sigaction
sys_enter_rt_sigaction
sys_enter_rt_sigaction
sys_enter_rt_sigaction
sys_enter_rt_sigaction
sys_enter_rt_sigaction
sys_enter_rt_sigaction
sys_enter_rt_sigaction
sys_enter_rt_sigaction
sys_enter_rt_sigaction
sys_enter_rt_sigaction
sys_enter_rt_sigaction
sys_enter_rt_sigaction
sys_enter_rt_sigaction
sys_enter_rt_sigaction
sys_enter_rt_sigaction
sys_enter_rt_sigaction
sys_enter_rt_sigaction
sys_enter_rt_sigaction
sys_enter_rt_sigaction
sys_enter_rt_sigaction
sys_enter_rt_sigaction
sys_enter_rt_sigprocmask
sys_enter_clone
sys_enter_rt_sigprocmask
sys_enter_gettid
sys_enter_sigaltstack
sys_enter_sigaltstack
sys_enter_gettid
sys_enter_rt_sigprocmask
sys_enter_rt_sigprocmask
sys_enter_clone
sys_enter_rt_sigprocmask
sys_enter_gettid
sys_enter_sigaltstack
sys_enter_sigaltstack
sys_enter_gettid
sys_enter_rt_sigprocmask
sys_enter_rt_sigprocmask
sys_enter_clone
sys_enter_rt_sigprocmask
sys_enter_futex
sys_enter_gettid
sys_enter_sigaltstack
sys_enter_sigaltstack
sys_enter_gettid
sys_enter_rt_sigprocmask
sys_enter_futex
sys_enter_rt_sigprocmask
sys_enter_clone
sys_enter_rt_sigprocmask
sys_enter_futex
sys_enter_gettid
sys_enter_futex
sys_enter_sigaltstack
sys_enter_sigaltstack
sys_enter_gettid
sys_enter_rt_sigprocmask
sys_enter_futex
sys_enter_futex
sys_enter_mmap
sys_enter_futex
sys_enter_futex
sys_enter_futex
sys_enter_openat
sys_enter_read
sys_enter_read
sys_enter_close
sys_enter_socket
sys_enter_close
sys_enter_socket
sys_enter_setsockopt
sys_enter_bind
sys_enter_socket
sys_enter_setsockopt
sys_enter_bind
sys_enter_close
sys_enter_close
sys_enter_getpid
sys_enter_getppid
sys_enter_mmap
sys_enter_mmap
sys_enter_getppid
sys_enter_openat
sys_enter_pipe2
sys_enter_getpid
sys_enter_clone
sys_enter_setsid
sys_enter_close
sys_enter_read
sys_enter_chdir
sys_enter_execve
sys_enter_close
sys_enter_exit_group
sys_enter_mmap
sys_enter_mmap
sys_enter_mprotect
sys_enter_mmap
sys_enter_mmap
sys_enter_mprotect
sys_enter_mmap
sys_enter_mprotect
sys_enter_mmap
sys_enter_mprotect
sys_enter_mmap
sys_enter_mmap
sys_enter_close
sys_enter_munmap
sys_enter_sched_getaffinity
sys_enter_mmap
sys_enter_munmap
sys_enter_mmap
sys_enter_mmap
sys_enter_mmap
sys_enter_mmap
sys_enter_mmap
sys_enter_mmap
sys_enter_rt_sigprocmask
sys_enter_sigaltstack
sys_enter_sigaltstack
sys_enter_gettid
sys_enter_rt_sigprocmask
sys_enter_rt_sigaction
sys_enter_rt_sigaction
sys_enter_rt_sigaction
sys_enter_rt_sigaction
sys_enter_rt_sigaction
sys_enter_rt_sigaction
sys_enter_rt_sigaction
sys_enter_rt_sigaction
sys_enter_rt_sigaction
sys_enter_rt_sigaction
sys_enter_rt_sigaction
sys_enter_rt_sigaction
sys_enter_rt_sigaction
sys_enter_rt_sigaction
sys_enter_rt_sigaction
sys_enter_rt_sigaction
sys_enter_rt_sigaction
sys_enter_rt_sigaction
sys_enter_rt_sigaction
sys_enter_rt_sigaction
sys_enter_rt_sigaction
sys_enter_rt_sigaction
sys_enter_rt_sigaction
sys_enter_rt_sigaction
sys_enter_rt_sigaction
sys_enter_rt_sigaction
sys_enter_rt_sigaction
sys_enter_rt_sigaction
sys_enter_rt_sigaction
sys_enter_rt_sigaction
sys_enter_rt_sigaction
sys_enter_rt_sigaction
sys_enter_rt_sigaction
sys_enter_rt_sigaction
sys_enter_rt_sigaction
sys_enter_rt_sigaction
sys_enter_rt_sigaction
sys_enter_rt_sigaction
sys_enter_rt_sigaction
sys_enter_rt_sigaction
sys_enter_rt_sigaction
sys_enter_rt_sigaction
sys_enter_rt_sigaction
sys_enter_rt_sigaction
sys_enter_rt_sigaction
sys_enter_rt_sigaction
sys_enter_rt_sigaction
sys_enter_rt_sigaction
sys_enter_rt_sigaction
sys_enter_rt_sigaction
sys_enter_rt_sigaction
sys_enter_rt_sigaction
sys_enter_rt_sigaction
sys_enter_rt_sigaction
sys_enter_rt_sigaction
sys_enter_rt_sigaction
sys_enter_rt_sigaction
sys_enter_rt_sigaction
sys_enter_rt_sigaction
sys_enter_rt_sigaction
sys_enter_rt_sigaction
sys_enter_rt_sigaction
sys_enter_rt_sigaction
sys_enter_rt_sigaction
sys_enter_rt_sigaction
sys_enter_rt_sigaction
sys_enter_rt_sigaction
sys_enter_rt_sigaction
sys_enter_rt_sigaction
sys_enter_rt_sigaction
sys_enter_rt_sigaction
sys_enter_rt_sigaction
sys_enter_rt_sigaction
sys_enter_rt_sigaction
sys_enter_rt_sigaction
sys_enter_rt_sigaction
sys_enter_rt_sigaction
sys_enter_rt_sigaction
sys_enter_rt_sigaction
sys_enter_rt_sigaction
sys_enter_rt_sigaction
sys_enter_rt_sigaction
sys_enter_rt_sigaction
sys_enter_rt_sigaction
sys_enter_rt_sigaction
sys_enter_rt_sigaction
sys_enter_rt_sigaction
sys_enter_rt_sigaction
sys_enter_rt_sigaction
sys_enter_rt_sigaction
sys_enter_rt_sigaction
sys_enter_rt_sigaction
sys_enter_rt_sigaction
sys_enter_rt_sigaction
sys_enter_rt_sigaction
sys_enter_rt_sigaction
sys_enter_rt_sigaction
sys_enter_rt_sigaction
sys_enter_rt_sigaction
sys_enter_rt_sigaction
sys_enter_rt_sigaction
sys_enter_rt_sigaction
sys_enter_rt_sigaction
sys_enter_rt_sigaction
sys_enter_rt_sigaction
sys_enter_rt_sigaction
sys_enter_rt_sigaction
sys_enter_rt_sigaction
sys_enter_rt_sigaction
sys_enter_rt_sigaction
sys_enter_rt_sigaction
sys_enter_rt_sigaction
sys_enter_rt_sigaction
sys_enter_rt_sigaction
sys_enter_rt_sigprocmask
sys_enter_clone
sys_enter_rt_sigprocmask
sys_enter_gettid
sys_enter_sigaltstack
sys_enter_sigaltstack
sys_enter_gettid
sys_enter_rt_sigprocmask
sys_enter_rt_sigprocmask
sys_enter_clone
sys_enter_rt_sigprocmask
sys_enter_gettid
sys_enter_sigaltstack
sys_enter_sigaltstack
sys_enter_rt_sigprocmask
sys_enter_clone
sys_enter_gettid
sys_enter_rt_sigprocmask
sys_enter_rt_sigprocmask
sys_enter_sched_yield
sys_enter_gettid
sys_enter_futex
sys_enter_sigaltstack
sys_enter_futex
sys_enter_sigaltstack
sys_enter_gettid
sys_enter_rt_sigprocmask
sys_enter_futex
sys_enter_rt_sigprocmask
sys_enter_futex
sys_enter_clone
sys_enter_rt_sigprocmask
sys_enter_futex
sys_enter_gettid
sys_enter_sigaltstack
sys_enter_sigaltstack
sys_enter_gettid
sys_enter_rt_sigprocmask
sys_enter_futex
sys_enter_futex
sys_enter_mmap
sys_enter_futex
sys_enter_futex
sys_enter_futex
sys_enter_openat
sys_enter_futex
sys_enter_futex
sys_enter_read
sys_enter_read
sys_enter_close
sys_enter_socket
sys_enter_close
sys_enter_socket
sys_enter_setsockopt
sys_enter_bind
sys_enter_socket
sys_enter_setsockopt
sys_enter_bind
sys_enter_close
sys_enter_close
sys_enter_getpid
sys_enter_getppid
sys_enter_mmap
sys_enter_mmap
sys_enter_getppid
sys_enter_openat
sys_enter_pipe2
sys_enter_getpid
sys_enter_clone
sys_enter_setsid
sys_enter_close
sys_enter_read
sys_enter_chdir
sys_enter_execve
sys_enter_close
sys_enter_exit_group
sys_enter_mmap
sys_enter_mmap
sys_enter_mprotect
sys_enter_mmap
sys_enter_mmap
sys_enter_mprotect
sys_enter_mmap
sys_enter_mprotect
sys_enter_mmap
sys_enter_mprotect
sys_enter_mmap
sys_enter_mmap
sys_enter_close
sys_enter_munmap
sys_enter_sched_getaffinity
sys_enter_mmap
sys_enter_munmap
sys_enter_mmap
sys_enter_mmap
sys_enter_mmap
sys_enter_mmap
sys_enter_mmap
sys_enter_mmap
sys_enter_rt_sigprocmask
sys_enter_sigaltstack
sys_enter_sigaltstack
sys_enter_gettid
sys_enter_rt_sigprocmask
sys_enter_rt_sigaction
sys_enter_rt_sigaction
sys_enter_rt_sigaction
sys_enter_rt_sigaction
sys_enter_rt_sigaction
sys_enter_rt_sigaction
sys_enter_rt_sigaction
sys_enter_rt_sigaction
sys_enter_rt_sigaction
sys_enter_rt_sigaction
sys_enter_rt_sigaction
sys_enter_rt_sigaction
sys_enter_rt_sigaction
sys_enter_rt_sigaction
sys_enter_rt_sigaction
sys_enter_rt_sigaction
sys_enter_rt_sigaction
sys_enter_rt_sigaction
sys_enter_rt_sigaction
sys_enter_rt_sigaction
sys_enter_rt_sigaction
sys_enter_rt_sigaction
sys_enter_rt_sigaction
sys_enter_rt_sigaction
sys_enter_rt_sigaction
sys_enter_rt_sigaction
sys_enter_rt_sigaction
sys_enter_rt_sigaction
sys_enter_rt_sigaction
sys_enter_rt_sigaction
sys_enter_rt_sigaction
sys_enter_rt_sigaction
sys_enter_rt_sigaction
sys_enter_rt_sigaction
sys_enter_rt_sigaction
sys_enter_rt_sigaction
sys_enter_rt_sigaction
sys_enter_rt_sigaction
sys_enter_rt_sigaction
sys_enter_rt_sigaction
sys_enter_rt_sigaction
sys_enter_rt_sigaction
sys_enter_rt_sigaction
sys_enter_rt_sigaction
sys_enter_rt_sigaction
sys_enter_rt_sigaction
sys_enter_rt_sigaction
sys_enter_rt_sigaction
sys_enter_rt_sigaction
sys_enter_rt_sigaction
sys_enter_rt_sigaction
sys_enter_rt_sigaction
sys_enter_rt_sigaction
sys_enter_rt_sigaction
sys_enter_rt_sigaction
sys_enter_rt_sigaction
sys_enter_rt_sigaction
sys_enter_rt_sigaction
sys_enter_rt_sigaction
sys_enter_rt_sigaction
sys_enter_rt_sigaction
sys_enter_rt_sigaction
sys_enter_rt_sigaction
sys_enter_rt_sigaction
sys_enter_rt_sigaction
sys_enter_rt_sigaction
sys_enter_rt_sigaction
sys_enter_rt_sigaction
sys_enter_rt_sigaction
sys_enter_rt_sigaction
sys_enter_rt_sigaction
sys_enter_rt_sigaction
sys_enter_rt_sigaction
sys_enter_rt_sigaction
sys_enter_rt_sigaction
sys_enter_rt_sigaction
sys_enter_rt_sigaction
sys_enter_rt_sigaction
sys_enter_rt_sigaction
sys_enter_rt_sigaction
sys_enter_rt_sigaction
sys_enter_rt_sigaction
sys_enter_rt_sigaction
sys_enter_rt_sigaction
sys_enter_rt_sigaction
sys_enter_rt_sigaction
sys_enter_rt_sigaction
sys_enter_rt_sigaction
sys_enter_rt_sigaction
sys_enter_rt_sigaction
sys_enter_rt_sigaction
sys_enter_rt_sigaction
sys_enter_rt_sigaction
sys_enter_rt_sigaction
sys_enter_rt_sigaction
sys_enter_rt_sigaction
sys_enter_rt_sigaction
sys_enter_rt_sigaction
sys_enter_rt_sigaction
sys_enter_rt_sigaction
sys_enter_rt_sigaction
sys_enter_rt_sigaction
sys_enter_rt_sigaction
sys_enter_rt_sigaction
sys_enter_rt_sigaction
sys_enter_rt_sigaction
sys_enter_rt_sigaction
sys_enter_rt_sigaction
sys_enter_rt_sigaction
sys_enter_rt_sigaction
sys_enter_rt_sigaction
sys_enter_rt_sigaction
sys_enter_rt_sigaction
sys_enter_rt_sigaction
sys_enter_rt_sigprocmask
sys_enter_clone
sys_enter_rt_sigprocmask
sys_enter_gettid
sys_enter_sigaltstack
sys_enter_sigaltstack
sys_enter_gettid
sys_enter_rt_sigprocmask
sys_enter_rt_sigprocmask
sys_enter_clone
sys_enter_rt_sigprocmask
sys_enter_gettid
sys_enter_sigaltstack
sys_enter_sigaltstack
sys_enter_gettid
sys_enter_rt_sigprocmask
sys_enter_rt_sigprocmask
sys_enter_clone
sys_enter_rt_sigprocmask
sys_enter_futex
sys_enter_rt_sigprocmask
sys_enter_clone
sys_enter_gettid
sys_enter_sigaltstack
sys_enter_sigaltstack
sys_enter_gettid
sys_enter_rt_sigprocmask
sys_enter_futex
sys_enter_futex
sys_enter_rt_sigprocmask
sys_enter_futex
sys_enter_gettid
sys_enter_sigaltstack
sys_enter_sigaltstack
sys_enter_gettid
sys_enter_rt_sigprocmask
sys_enter_futex
sys_enter_futex
sys_enter_mmap
sys_enter_futex
sys_enter_futex
sys_enter_futex
sys_enter_openat
sys_enter_read
sys_enter_read
sys_enter_close
sys_enter_socket
sys_enter_close
sys_enter_socket
sys_enter_setsockopt
sys_enter_bind
sys_enter_socket
sys_enter_setsockopt
sys_enter_bind
sys_enter_close
sys_enter_close
sys_enter_getpid
sys_enter_getppid
sys_enter_mmap
sys_enter_mmap
sys_enter_getppid
sys_enter_openat
sys_enter_pipe2
sys_enter_getpid
sys_enter_clone
sys_enter_setsid
sys_enter_close
sys_enter_read
sys_enter_chdir
sys_enter_execve
sys_enter_close
sys_enter_exit_group
sys_enter_mmap
sys_enter_mmap
sys_enter_mprotect
sys_enter_mmap
sys_enter_mmap
sys_enter_mprotect
sys_enter_mmap
sys_enter_mprotect
sys_enter_mmap
sys_enter_mprotect
sys_enter_mmap
sys_enter_mmap
sys_enter_close
sys_enter_munmap
sys_enter_sched_getaffinity
sys_enter_mmap
sys_enter_munmap
sys_enter_mmap
sys_enter_mmap
sys_enter_mmap
sys_enter_mmap
sys_enter_mmap
sys_enter_mmap
sys_enter_rt_sigprocmask
sys_enter_sigaltstack
sys_enter_sigaltstack
sys_enter_gettid
sys_enter_rt_sigprocmask
sys_enter_rt_sigaction
sys_enter_rt_sigaction
sys_enter_rt_sigaction
sys_enter_rt_sigaction
sys_enter_rt_sigaction
sys_enter_rt_sigaction
sys_enter_rt_sigaction
sys_enter_rt_sigaction
sys_enter_rt_sigaction
sys_enter_rt_sigaction
sys_enter_rt_sigaction
sys_enter_rt_sigaction
sys_enter_rt_sigaction
sys_enter_rt_sigaction
sys_enter_rt_sigaction
sys_enter_rt_sigaction
sys_enter_rt_sigaction
sys_enter_rt_sigaction
sys_enter_rt_sigaction
sys_enter_rt_sigaction
sys_enter_rt_sigaction
sys_enter_rt_sigaction
sys_enter_rt_sigaction
sys_enter_rt_sigaction
sys_enter_rt_sigaction
sys_enter_rt_sigaction
sys_enter_rt_sigaction
sys_enter_rt_sigaction
sys_enter_rt_sigaction
sys_enter_rt_sigaction
sys_enter_rt_sigaction
sys_enter_rt_sigaction
sys_enter_rt_sigaction
sys_enter_rt_sigaction
sys_enter_rt_sigaction
sys_enter_rt_sigaction
sys_enter_rt_sigaction
sys_enter_rt_sigaction
sys_enter_rt_sigaction
sys_enter_rt_sigaction
sys_enter_rt_sigaction
sys_enter_rt_sigaction
sys_enter_rt_sigaction
sys_enter_rt_sigaction
sys_enter_rt_sigaction
sys_enter_rt_sigaction
sys_enter_rt_sigaction
sys_enter_rt_sigaction
sys_enter_rt_sigaction
sys_enter_rt_sigaction
sys_enter_rt_sigaction
sys_enter_rt_sigaction
sys_enter_rt_sigaction
sys_enter_rt_sigaction
sys_enter_rt_sigaction
sys_enter_rt_sigaction
sys_enter_rt_sigaction
sys_enter_rt_sigaction
sys_enter_rt_sigaction
sys_enter_rt_sigaction
sys_enter_rt_sigaction
sys_enter_rt_sigaction
sys_enter_rt_sigaction
sys_enter_rt_sigaction
sys_enter_rt_sigaction
sys_enter_rt_sigaction
sys_enter_rt_sigaction
sys_enter_rt_sigaction
sys_enter_rt_sigaction
sys_enter_rt_sigaction
sys_enter_rt_sigaction
sys_enter_rt_sigaction
sys_enter_rt_sigaction
sys_enter_rt_sigaction
sys_enter_rt_sigaction
sys_enter_rt_sigaction
sys_enter_rt_sigaction
sys_enter_rt_sigaction
sys_enter_rt_sigaction
sys_enter_rt_sigaction
sys_enter_rt_sigaction
sys_enter_rt_sigaction
sys_enter_rt_sigaction
sys_enter_rt_sigaction
sys_enter_rt_sigaction
sys_enter_rt_sigaction
sys_enter_rt_sigaction
sys_enter_rt_sigaction
sys_enter_rt_sigaction
sys_enter_rt_sigaction
sys_enter_rt_sigaction
sys_enter_rt_sigaction
sys_enter_rt_sigaction
sys_enter_rt_sigaction
sys_enter_rt_sigaction
sys_enter_rt_sigaction
sys_enter_rt_sigaction
sys_enter_rt_sigaction
sys_enter_rt_sigaction
sys_enter_rt_sigaction
sys_enter_rt_sigaction
sys_enter_rt_sigaction
sys_enter_rt_sigaction
sys_enter_rt_sigaction
sys_enter_rt_sigaction
sys_enter_rt_sigaction
sys_enter_rt_sigaction
sys_enter_rt_sigaction
sys_enter_rt_sigaction
sys_enter_rt_sigaction
sys_enter_rt_sigaction
sys_enter_rt_sigaction
sys_enter_rt_sigaction
sys_enter_rt_sigaction
sys_enter_rt_sigprocmask
sys_enter_clone
sys_enter_rt_sigprocmask
sys_enter_gettid
sys_enter_sigaltstack
sys_enter_sigaltstack
sys_enter_gettid
sys_enter_rt_sigprocmask
sys_enter_rt_sigprocmask
sys_enter_clone
sys_enter_rt_sigprocmask
sys_enter_gettid
sys_enter_sigaltstack
sys_enter_sigaltstack
sys_enter_gettid
sys_enter_rt_sigprocmask
sys_enter_rt_sigprocmask
sys_enter_clone
sys_enter_rt_sigprocmask
sys_enter_futex
sys_enter_rt_sigprocmask
sys_enter_clone
sys_enter_rt_sigprocmask
sys_enter_gettid
sys_enter_sigaltstack
sys_enter_sigaltstack
sys_enter_gettid
sys_enter_rt_sigprocmask
sys_enter_futex
sys_enter_futex
sys_enter_gettid
sys_enter_futex
sys_enter_sigaltstack
sys_enter_sigaltstack
sys_enter_gettid
sys_enter_rt_sigprocmask
sys_enter_futex
sys_enter_futex
sys_enter_mmap
sys_enter_futex
sys_enter_futex
sys_enter_futex
sys_enter_openat
sys_enter_read
sys_enter_read
sys_enter_close
sys_enter_socket
sys_enter_close
sys_enter_socket
sys_enter_setsockopt
sys_enter_bind
sys_enter_socket
sys_enter_setsockopt
sys_enter_bind
sys_enter_close
sys_enter_close
sys_enter_getpid
sys_enter_getppid
sys_enter_mmap
sys_enter_mmap
sys_enter_getppid
sys_enter_openat
sys_enter_pipe2
sys_enter_getpid
sys_enter_clone
sys_enter_setsid
sys_enter_close
sys_enter_chdir
sys_enter_read
sys_enter_execve
sys_enter_close
sys_enter_exit_group
sys_enter_mmap
sys_enter_mmap
sys_enter_mprotect
sys_enter_mmap
sys_enter_mmap
sys_enter_mprotect
sys_enter_mmap
sys_enter_mprotect
sys_enter_mmap
sys_enter_mprotect
sys_enter_mmap
sys_enter_mmap
sys_enter_close
sys_enter_munmap
sys_enter_sched_getaffinity
sys_enter_mmap
sys_enter_munmap
sys_enter_mmap
sys_enter_mmap
sys_enter_mmap
sys_enter_mmap
sys_enter_mmap
sys_enter_mmap
sys_enter_rt_sigprocmask
sys_enter_sigaltstack
sys_enter_sigaltstack
sys_enter_gettid
sys_enter_rt_sigprocmask
sys_enter_rt_sigaction
sys_enter_rt_sigaction
sys_enter_rt_sigaction
sys_enter_rt_sigaction
sys_enter_rt_sigaction
sys_enter_rt_sigaction
sys_enter_rt_sigaction
sys_enter_rt_sigaction
sys_enter_rt_sigaction
sys_enter_rt_sigaction
sys_enter_rt_sigaction
sys_enter_rt_sigaction
sys_enter_rt_sigaction
sys_enter_rt_sigaction
sys_enter_rt_sigaction
sys_enter_rt_sigaction
sys_enter_rt_sigaction
sys_enter_rt_sigaction
sys_enter_rt_sigaction
sys_enter_rt_sigaction
sys_enter_rt_sigaction
sys_enter_rt_sigaction
sys_enter_rt_sigaction
sys_enter_rt_sigaction
sys_enter_rt_sigaction
sys_enter_rt_sigaction
sys_enter_rt_sigaction
sys_enter_rt_sigaction
sys_enter_rt_sigaction
sys_enter_rt_sigaction
sys_enter_rt_sigaction
sys_enter_rt_sigaction
sys_enter_rt_sigaction
sys_enter_rt_sigaction
sys_enter_rt_sigaction
sys_enter_rt_sigaction
sys_enter_rt_sigaction
sys_enter_rt_sigaction
sys_enter_rt_sigaction
sys_enter_rt_sigaction
sys_enter_rt_sigaction
sys_enter_rt_sigaction
sys_enter_rt_sigaction
sys_enter_rt_sigaction
sys_enter_rt_sigaction
sys_enter_rt_sigaction
sys_enter_rt_sigaction
sys_enter_rt_sigaction
sys_enter_rt_sigaction
sys_enter_rt_sigaction
sys_enter_rt_sigaction
sys_enter_rt_sigaction
sys_enter_rt_sigaction
sys_enter_rt_sigaction
sys_enter_rt_sigaction
sys_enter_rt_sigaction
sys_enter_rt_sigaction
sys_enter_rt_sigaction
sys_enter_rt_sigaction
sys_enter_rt_sigaction
sys_enter_rt_sigaction
sys_enter_rt_sigaction
sys_enter_rt_sigaction
sys_enter_rt_sigaction
sys_enter_rt_sigaction
sys_enter_rt_sigaction
sys_enter_rt_sigaction
sys_enter_rt_sigaction
sys_enter_rt_sigaction
sys_enter_rt_sigaction
sys_enter_rt_sigaction
sys_enter_rt_sigaction
sys_enter_rt_sigaction
sys_enter_rt_sigaction
sys_enter_rt_sigaction
sys_enter_rt_sigaction
sys_enter_rt_sigaction
sys_enter_rt_sigaction
sys_enter_rt_sigaction
sys_enter_rt_sigaction
sys_enter_rt_sigaction
sys_enter_rt_sigaction
sys_enter_rt_sigaction
sys_enter_rt_sigaction
sys_enter_rt_sigaction
sys_enter_rt_sigaction
sys_enter_rt_sigaction
sys_enter_rt_sigaction
sys_enter_rt_sigaction
sys_enter_rt_sigaction
sys_enter_rt_sigaction
sys_enter_rt_sigaction
sys_enter_rt_sigaction
sys_enter_rt_sigaction
sys_enter_rt_sigaction
sys_enter_rt_sigaction
sys_enter_rt_sigaction
sys_enter_rt_sigaction
sys_enter_rt_sigaction
sys_enter_rt_sigaction
sys_enter_rt_sigaction
sys_enter_rt_sigaction
sys_enter_rt_sigaction
sys_enter_rt_sigaction
sys_enter_rt_sigaction
sys_enter_rt_sigaction
sys_enter_rt_sigaction
sys_enter_rt_sigaction
sys_enter_rt_sigaction
sys_enter_rt_sigaction
sys_enter_rt_sigaction
sys_enter_rt_sigaction
sys_enter_rt_sigaction
sys_enter_rt_sigaction
sys_enter_rt_sigprocmask
sys_enter_clone
sys_enter_rt_sigprocmask
sys_enter_gettid
sys_enter_sigaltstack
sys_enter_sigaltstack
sys_enter_gettid
sys_enter_rt_sigprocmask
sys_enter_rt_sigprocmask
sys_enter_clone
sys_enter_rt_sigprocmask
sys_enter_gettid
sys_enter_sigaltstack
sys_enter_sigaltstack
sys_enter_rt_sigprocmask
sys_enter_clone
sys_enter_gettid
sys_enter_rt_sigprocmask
sys_enter_rt_sigprocmask
sys_enter_sched_yield
sys_enter_gettid
sys_enter_futex
sys_enter_sigaltstack
sys_enter_sigaltstack
sys_enter_futex
sys_enter_gettid
sys_enter_rt_sigprocmask
sys_enter_rt_sigprocmask
sys_enter_futex
sys_enter_clone
sys_enter_futex
sys_enter_rt_sigprocmask
sys_enter_futex
sys_enter_gettid
sys_enter_sigaltstack
sys_enter_sigaltstack
sys_enter_gettid
sys_enter_rt_sigprocmask
sys_enter_futex
sys_enter_futex
sys_enter_mmap
sys_enter_futex
sys_enter_futex
sys_enter_futex
sys_enter_openat
sys_enter_read
sys_enter_read
sys_enter_close
sys_enter_socket
sys_enter_close
sys_enter_socket
sys_enter_setsockopt
sys_enter_bind
sys_enter_socket
sys_enter_setsockopt
sys_enter_bind
sys_enter_close
sys_enter_close
sys_enter_getpid
sys_enter_getppid
sys_enter_mmap
sys_enter_mmap
sys_enter_getppid
sys_enter_openat
sys_enter_pipe2
sys_enter_getpid
sys_enter_clone
sys_enter_setsid
sys_enter_close
sys_enter_chdir
sys_enter_read
sys_enter_execve
sys_enter_close
sys_enter_mmap
sys_enter_mmap
sys_enter_exit_group
sys_enter_mprotect
sys_enter_mmap
sys_enter_mmap
sys_enter_mprotect
sys_enter_mmap
sys_enter_mprotect
sys_enter_mmap
sys_enter_mprotect
sys_enter_mmap
sys_enter_mmap
sys_enter_close
sys_enter_munmap
sys_enter_sched_getaffinity
sys_enter_mmap
sys_enter_munmap
sys_enter_mmap
sys_enter_mmap
sys_enter_mmap
sys_enter_mmap
sys_enter_mmap
sys_enter_mmap
sys_enter_rt_sigprocmask
sys_enter_sigaltstack
sys_enter_sigaltstack
sys_enter_gettid
sys_enter_rt_sigprocmask
sys_enter_rt_sigaction
sys_enter_rt_sigaction
sys_enter_rt_sigaction
sys_enter_rt_sigaction
sys_enter_rt_sigaction
sys_enter_rt_sigaction
sys_enter_rt_sigaction
sys_enter_rt_sigaction
sys_enter_rt_sigaction
sys_enter_rt_sigaction
sys_enter_rt_sigaction
sys_enter_rt_sigaction
sys_enter_rt_sigaction
sys_enter_rt_sigaction
sys_enter_rt_sigaction
sys_enter_rt_sigaction
sys_enter_rt_sigaction
sys_enter_rt_sigaction
sys_enter_rt_sigaction
sys_enter_rt_sigaction
sys_enter_rt_sigaction
sys_enter_rt_sigaction
sys_enter_rt_sigaction
sys_enter_rt_sigaction
sys_enter_rt_sigaction
sys_enter_rt_sigaction
sys_enter_rt_sigaction
sys_enter_rt_sigaction
sys_enter_rt_sigaction
sys_enter_rt_sigaction
sys_enter_rt_sigaction
sys_enter_rt_sigaction
sys_enter_rt_sigaction
sys_enter_rt_sigaction
sys_enter_rt_sigaction
sys_enter_rt_sigaction
sys_enter_rt_sigaction
sys_enter_rt_sigaction
sys_enter_rt_sigaction
sys_enter_rt_sigaction
sys_enter_rt_sigaction
sys_enter_rt_sigaction
sys_enter_rt_sigaction
sys_enter_rt_sigaction
sys_enter_rt_sigaction
sys_enter_rt_sigaction
sys_enter_rt_sigaction
sys_enter_rt_sigaction
sys_enter_rt_sigaction
sys_enter_rt_sigaction
sys_enter_rt_sigaction
sys_enter_rt_sigaction
sys_enter_rt_sigaction
sys_enter_rt_sigaction
sys_enter_rt_sigaction
sys_enter_rt_sigaction
sys_enter_rt_sigaction
sys_enter_rt_sigaction
sys_enter_rt_sigaction
sys_enter_rt_sigaction
sys_enter_rt_sigaction
sys_enter_rt_sigaction
sys_enter_rt_sigaction
sys_enter_rt_sigaction
sys_enter_rt_sigaction
sys_enter_rt_sigaction
sys_enter_rt_sigaction
sys_enter_rt_sigaction
sys_enter_rt_sigaction
sys_enter_rt_sigaction
sys_enter_rt_sigaction
sys_enter_rt_sigaction
sys_enter_rt_sigaction
sys_enter_rt_sigaction
sys_enter_rt_sigaction
sys_enter_rt_sigaction
sys_enter_rt_sigaction
sys_enter_rt_sigaction
sys_enter_rt_sigaction
sys_enter_rt_sigaction
sys_enter_rt_sigaction
sys_enter_rt_sigaction
sys_enter_rt_sigaction
sys_enter_rt_sigaction
sys_enter_rt_sigaction
sys_enter_rt_sigaction
sys_enter_rt_sigaction
sys_enter_rt_sigaction
sys_enter_rt_sigaction
sys_enter_rt_sigaction
sys_enter_rt_sigaction
sys_enter_rt_sigaction
sys_enter_rt_sigaction
sys_enter_rt_sigaction
sys_enter_rt_sigaction
sys_enter_rt_sigaction
sys_enter_rt_sigaction
sys_enter_rt_sigaction
sys_enter_rt_sigaction
sys_enter_rt_sigaction
sys_enter_rt_sigaction
sys_enter_rt_sigaction
sys_enter_rt_sigaction
sys_enter_rt_sigaction
sys_enter_rt_sigaction
sys_enter_rt_sigaction
sys_enter_rt_sigaction
sys_enter_rt_sigaction
sys_enter_rt_sigaction
sys_enter_rt_sigaction
sys_enter_rt_sigaction
sys_enter_rt_sigaction
sys_enter_rt_sigaction
sys_enter_rt_sigaction
sys_enter_rt_sigprocmask
sys_enter_clone
sys_enter_rt_sigprocmask
sys_enter_gettid
sys_enter_sigaltstack
sys_enter_sigaltstack
sys_enter_gettid
sys_enter_rt_sigprocmask
sys_enter_rt_sigprocmask
sys_enter_clone
sys_enter_rt_sigprocmask
sys_enter_gettid
sys_enter_sigaltstack
sys_enter_sigaltstack
sys_enter_rt_sigprocmask
sys_enter_clone
sys_enter_gettid
sys_enter_rt_sigprocmask
sys_enter_rt_sigprocmask
sys_enter_sched_yield
sys_enter_futex
sys_enter_futex
sys_enter_gettid
sys_enter_sigaltstack
sys_enter_sigaltstack
sys_enter_gettid
sys_enter_rt_sigprocmask
sys_enter_futex
sys_enter_futex
sys_enter_rt_sigprocmask
sys_enter_clone
sys_enter_rt_sigprocmask
sys_enter_futex
sys_enter_gettid
sys_enter_sigaltstack
sys_enter_sigaltstack
sys_enter_gettid
sys_enter_rt_sigprocmask
sys_enter_futex
sys_enter_futex
sys_enter_futex
sys_enter_futex
sys_enter_mmap
sys_enter_futex
sys_enter_openat
sys_enter_read
sys_enter_read
sys_enter_close
sys_enter_socket
sys_enter_close
sys_enter_socket
sys_enter_setsockopt
sys_enter_bind
sys_enter_socket
sys_enter_setsockopt
sys_enter_bind
sys_enter_close
sys_enter_close
sys_enter_getpid
sys_enter_getppid
sys_enter_mmap
sys_enter_mmap
sys_enter_getppid
sys_enter_openat
sys_enter_pipe2
sys_enter_getpid
sys_enter_clone
sys_enter_setsid
sys_enter_close
sys_enter_read
sys_enter_chdir
sys_enter_execve
sys_enter_close
sys_enter_exit_group
sys_enter_mmap
sys_enter_mmap
sys_enter_mprotect
sys_enter_mmap
sys_enter_mmap
sys_enter_mprotect
sys_enter_mmap
sys_enter_mprotect
sys_enter_mmap
sys_enter_mprotect
sys_enter_mmap
sys_enter_mmap
sys_enter_close
sys_enter_munmap
sys_enter_sched_getaffinity
sys_enter_mmap
sys_enter_munmap
sys_enter_mmap
sys_enter_mmap
sys_enter_mmap
sys_enter_mmap
sys_enter_mmap
sys_enter_mmap
sys_enter_rt_sigprocmask
sys_enter_sigaltstack
sys_enter_sigaltstack
sys_enter_gettid
sys_enter_rt_sigprocmask
sys_enter_rt_sigaction
sys_enter_rt_sigaction
sys_enter_rt_sigaction
sys_enter_rt_sigaction
sys_enter_rt_sigaction
sys_enter_rt_sigaction
sys_enter_rt_sigaction
sys_enter_rt_sigaction
sys_enter_rt_sigaction
sys_enter_rt_sigaction
sys_enter_rt_sigaction
sys_enter_rt_sigaction
sys_enter_rt_sigaction
sys_enter_rt_sigaction
sys_enter_rt_sigaction
sys_enter_rt_sigaction
sys_enter_rt_sigaction
sys_enter_rt_sigaction
sys_enter_rt_sigaction
sys_enter_rt_sigaction
sys_enter_rt_sigaction
sys_enter_rt_sigaction
sys_enter_rt_sigaction
sys_enter_rt_sigaction
sys_enter_rt_sigaction
sys_enter_rt_sigaction
sys_enter_rt_sigaction
sys_enter_rt_sigaction
sys_enter_rt_sigaction
sys_enter_rt_sigaction
sys_enter_rt_sigaction
sys_enter_rt_sigaction
sys_enter_rt_sigaction
sys_enter_rt_sigaction
sys_enter_rt_sigaction
sys_enter_rt_sigaction
sys_enter_rt_sigaction
sys_enter_rt_sigaction
sys_enter_rt_sigaction
sys_enter_rt_sigaction
sys_enter_rt_sigaction
sys_enter_rt_sigaction
sys_enter_rt_sigaction
sys_enter_rt_sigaction
sys_enter_rt_sigaction
sys_enter_rt_sigaction
sys_enter_rt_sigaction
sys_enter_rt_sigaction
sys_enter_rt_sigaction
sys_enter_rt_sigaction
sys_enter_rt_sigaction
sys_enter_rt_sigaction
sys_enter_rt_sigaction
sys_enter_rt_sigaction
sys_enter_rt_sigaction
sys_enter_rt_sigaction
sys_enter_rt_sigaction
sys_enter_rt_sigaction
sys_enter_rt_sigaction
sys_enter_rt_sigaction
sys_enter_rt_sigaction
sys_enter_rt_sigaction
sys_enter_rt_sigaction
sys_enter_rt_sigaction
sys_enter_rt_sigaction
sys_enter_rt_sigaction
sys_enter_rt_sigaction
sys_enter_rt_sigaction
sys_enter_rt_sigaction
sys_enter_rt_sigaction
sys_enter_rt_sigaction
sys_enter_rt_sigaction
sys_enter_rt_sigaction
sys_enter_rt_sigaction
sys_enter_rt_sigaction
sys_enter_rt_sigaction
sys_enter_rt_sigaction
sys_enter_rt_sigaction
sys_enter_rt_sigaction
sys_enter_rt_sigaction
sys_enter_rt_sigaction
sys_enter_rt_sigaction
sys_enter_rt_sigaction
sys_enter_rt_sigaction
sys_enter_rt_sigaction
sys_enter_rt_sigaction
sys_enter_rt_sigaction
sys_enter_rt_sigaction
sys_enter_rt_sigaction
sys_enter_rt_sigaction
sys_enter_rt_sigaction
sys_enter_rt_sigaction
sys_enter_rt_sigaction
sys_enter_rt_sigaction
sys_enter_rt_sigaction
sys_enter_rt_sigaction
sys_enter_rt_sigaction
sys_enter_rt_sigaction
sys_enter_rt_sigaction
sys_enter_rt_sigaction
sys_enter_rt_sigaction
sys_enter_rt_sigaction
sys_enter_rt_sigaction
sys_enter_rt_sigaction
sys_enter_rt_sigaction
sys_enter_rt_sigaction
sys_enter_rt_sigaction
sys_enter_rt_sigaction
sys_enter_rt_sigaction
sys_enter_rt_sigaction
sys_enter_rt_sigaction
sys_enter_rt_sigaction
sys_enter_rt_sigaction
sys_enter_rt_sigaction
sys_enter_rt_sigprocmask
sys_enter_clone
sys_enter_rt_sigprocmask
sys_enter_gettid
sys_enter_sigaltstack
sys_enter_sigaltstack
sys_enter_gettid
sys_enter_rt_sigprocmask
sys_enter_rt_sigprocmask
sys_enter_clone
sys_enter_rt_sigprocmask
sys_enter_gettid
sys_enter_sigaltstack
sys_enter_sigaltstack
sys_enter_gettid
sys_enter_rt_sigprocmask
sys_enter_rt_sigprocmask
sys_enter_clone
sys_enter_rt_sigprocmask
sys_enter_clone
sys_enter_rt_sigprocmask
sys_enter_futex
sys_enter_gettid
sys_enter_sigaltstack
sys_enter_sigaltstack
sys_enter_gettid
sys_enter_rt_sigprocmask
sys_enter_futex
sys_enter_futex
sys_enter_rt_sigprocmask
sys_enter_gettid
sys_enter_sigaltstack
sys_enter_sigaltstack
sys_enter_gettid
sys_enter_rt_sigprocmask
sys_enter_futex
sys_enter_futex
sys_enter_futex
sys_enter_mmap
sys_enter_futex
sys_enter_futex
sys_enter_futex
sys_enter_openat
sys_enter_futex
sys_enter_futex
sys_enter_futex
sys_enter_futex
sys_enter_futex
sys_enter_read
sys_enter_read
sys_enter_close
sys_enter_socket
sys_enter_close
sys_enter_socket
sys_enter_setsockopt
sys_enter_bind
sys_enter_socket
sys_enter_setsockopt
sys_enter_bind
sys_enter_close
sys_enter_close
sys_enter_mmap
sys_enter_getpid
sys_enter_getppid
sys_enter_mmap
sys_enter_mmap
sys_enter_getppid
sys_enter_openat
sys_enter_pipe2
sys_enter_getpid
sys_enter_clone
sys_enter_setsid
sys_enter_close
sys_enter_read
sys_enter_chdir
sys_enter_execve
sys_enter_close
sys_enter_exit_group
sys_enter_mmap
sys_enter_mmap
sys_enter_mprotect
sys_enter_mmap
sys_enter_mmap
sys_enter_mprotect
sys_enter_mmap
sys_enter_mprotect
sys_enter_mmap
sys_enter_mprotect
sys_enter_mmap
sys_enter_mmap
sys_enter_close
sys_enter_munmap
sys_enter_sched_getaffinity
sys_enter_mmap
sys_enter_munmap
sys_enter_mmap
sys_enter_mmap
sys_enter_mmap
sys_enter_mmap
sys_enter_mmap
sys_enter_mmap
sys_enter_rt_sigprocmask
sys_enter_sigaltstack
sys_enter_sigaltstack
sys_enter_gettid
sys_enter_rt_sigprocmask
sys_enter_rt_sigaction
sys_enter_rt_sigaction
sys_enter_rt_sigaction
sys_enter_rt_sigaction
sys_enter_rt_sigaction
sys_enter_rt_sigaction
sys_enter_rt_sigaction
sys_enter_rt_sigaction
sys_enter_rt_sigaction
sys_enter_rt_sigaction
sys_enter_rt_sigaction
sys_enter_rt_sigaction
sys_enter_rt_sigaction
sys_enter_rt_sigaction
sys_enter_rt_sigaction
sys_enter_rt_sigaction
sys_enter_rt_sigaction
sys_enter_rt_sigaction
sys_enter_rt_sigaction
sys_enter_rt_sigaction
sys_enter_rt_sigaction
sys_enter_rt_sigaction
sys_enter_rt_sigaction
sys_enter_rt_sigaction
sys_enter_rt_sigaction
sys_enter_rt_sigaction
sys_enter_rt_sigaction
sys_enter_rt_sigaction
sys_enter_rt_sigaction
sys_enter_rt_sigaction
sys_enter_rt_sigaction
sys_enter_rt_sigaction
sys_enter_rt_sigaction
sys_enter_rt_sigaction
sys_enter_rt_sigaction
sys_enter_rt_sigaction
sys_enter_rt_sigaction
sys_enter_rt_sigaction
sys_enter_rt_sigaction
sys_enter_rt_sigaction
sys_enter_rt_sigaction
sys_enter_rt_sigaction
sys_enter_rt_sigaction
sys_enter_rt_sigaction
sys_enter_rt_sigaction
sys_enter_rt_sigaction
sys_enter_rt_sigaction
sys_enter_rt_sigaction
sys_enter_rt_sigaction
sys_enter_rt_sigaction
sys_enter_rt_sigaction
sys_enter_rt_sigaction
sys_enter_rt_sigaction
sys_enter_rt_sigaction
sys_enter_rt_sigaction
sys_enter_rt_sigaction
sys_enter_rt_sigaction
sys_enter_rt_sigaction
sys_enter_rt_sigaction
sys_enter_rt_sigaction
sys_enter_rt_sigaction
sys_enter_rt_sigaction
sys_enter_rt_sigaction
sys_enter_rt_sigaction
sys_enter_rt_sigaction
sys_enter_rt_sigaction
sys_enter_rt_sigaction
sys_enter_rt_sigaction
sys_enter_rt_sigaction
sys_enter_rt_sigaction
sys_enter_rt_sigaction
sys_enter_rt_sigaction
sys_enter_rt_sigaction
sys_enter_rt_sigaction
sys_enter_rt_sigaction
sys_enter_rt_sigaction
sys_enter_rt_sigaction
sys_enter_rt_sigaction
sys_enter_rt_sigaction
sys_enter_rt_sigaction
sys_enter_rt_sigaction
sys_enter_rt_sigaction
sys_enter_rt_sigaction
sys_enter_rt_sigaction
sys_enter_rt_sigaction
sys_enter_rt_sigaction
sys_enter_rt_sigaction
sys_enter_rt_sigaction
sys_enter_rt_sigaction
sys_enter_rt_sigaction
sys_enter_rt_sigaction
sys_enter_rt_sigaction
sys_enter_rt_sigaction
sys_enter_rt_sigaction
sys_enter_rt_sigaction
sys_enter_rt_sigaction
sys_enter_rt_sigaction
sys_enter_rt_sigaction
sys_enter_rt_sigaction
sys_enter_rt_sigaction
sys_enter_rt_sigaction
sys_enter_rt_sigaction
sys_enter_rt_sigaction
sys_enter_rt_sigaction
sys_enter_rt_sigaction
sys_enter_rt_sigaction
sys_enter_rt_sigaction
sys_enter_rt_sigaction
sys_enter_rt_sigaction
sys_enter_rt_sigaction
sys_enter_rt_sigaction
sys_enter_rt_sigaction
sys_enter_rt_sigaction
sys_enter_rt_sigaction
sys_enter_rt_sigprocmask
sys_enter_clone
sys_enter_rt_sigprocmask
sys_enter_gettid
sys_enter_sigaltstack
sys_enter_sigaltstack
sys_enter_gettid
sys_enter_rt_sigprocmask
sys_enter_rt_sigprocmask
sys_enter_clone
sys_enter_rt_sigprocmask
sys_enter_gettid
sys_enter_sigaltstack
sys_enter_sigaltstack
sys_enter_gettid
sys_enter_rt_sigprocmask
sys_enter_rt_sigprocmask
sys_enter_clone
sys_enter_rt_sigprocmask
sys_enter_futex
sys_enter_rt_sigprocmask
sys_enter_clone
sys_enter_rt_sigprocmask
sys_enter_futex
sys_enter_gettid
sys_enter_sigaltstack
sys_enter_sigaltstack
sys_enter_gettid
sys_enter_sigaltstack
sys_enter_sigaltstack
sys_enter_gettid
sys_enter_rt_sigprocmask
sys_enter_futex
sys_enter_futex
sys_enter_gettid
sys_enter_rt_sigprocmask
sys_enter_futex
sys_enter_futex
sys_enter_mmap
sys_enter_futex
sys_enter_futex
sys_enter_futex
sys_enter_openat
sys_enter_read
sys_enter_read
sys_enter_close
sys_enter_socket
sys_enter_close
sys_enter_socket
sys_enter_setsockopt
sys_enter_bind
sys_enter_socket
sys_enter_setsockopt
sys_enter_bind
sys_enter_close
sys_enter_close
sys_enter_getpid
sys_enter_getppid
sys_enter_mmap
sys_enter_mmap
sys_enter_getppid
sys_enter_openat
sys_enter_pipe2
sys_enter_getpid
sys_enter_clone
sys_enter_setsid
sys_enter_close
sys_enter_read
sys_enter_chdir
sys_enter_execve
sys_enter_close
sys_enter_exit_group
sys_enter_mmap
sys_enter_mmap
sys_enter_mprotect
sys_enter_mmap
sys_enter_mmap
sys_enter_mprotect
sys_enter_mmap
sys_enter_mprotect
sys_enter_mmap
sys_enter_mprotect
sys_enter_mmap
sys_enter_mmap
sys_enter_close
sys_enter_munmap
sys_enter_sched_getaffinity
sys_enter_mmap
sys_enter_munmap
sys_enter_mmap
sys_enter_mmap
sys_enter_mmap
sys_enter_mmap
sys_enter_mmap
sys_enter_mmap
sys_enter_rt_sigprocmask
sys_enter_sigaltstack
sys_enter_sigaltstack
sys_enter_gettid
sys_enter_rt_sigprocmask
sys_enter_rt_sigaction
sys_enter_rt_sigaction
sys_enter_rt_sigaction
sys_enter_rt_sigaction
sys_enter_rt_sigaction
sys_enter_rt_sigaction
sys_enter_rt_sigaction
sys_enter_rt_sigaction
sys_enter_rt_sigaction
sys_enter_rt_sigaction
sys_enter_rt_sigaction
sys_enter_rt_sigaction
sys_enter_rt_sigaction
sys_enter_rt_sigaction
sys_enter_rt_sigaction
sys_enter_rt_sigaction
sys_enter_rt_sigaction
sys_enter_rt_sigaction
sys_enter_rt_sigaction
sys_enter_rt_sigaction
sys_enter_rt_sigaction
sys_enter_rt_sigaction
sys_enter_rt_sigaction
sys_enter_rt_sigaction
sys_enter_rt_sigaction
sys_enter_rt_sigaction
sys_enter_rt_sigaction
sys_enter_rt_sigaction
sys_enter_rt_sigaction
sys_enter_rt_sigaction
sys_enter_rt_sigaction
sys_enter_rt_sigaction
sys_enter_rt_sigaction
sys_enter_rt_sigaction
sys_enter_rt_sigaction
sys_enter_rt_sigaction
sys_enter_rt_sigaction
sys_enter_rt_sigaction
sys_enter_rt_sigaction
sys_enter_rt_sigaction
sys_enter_rt_sigaction
sys_enter_rt_sigaction
sys_enter_rt_sigaction
sys_enter_rt_sigaction
sys_enter_rt_sigaction
sys_enter_rt_sigaction
sys_enter_rt_sigaction
sys_enter_rt_sigaction
sys_enter_rt_sigaction
sys_enter_rt_sigaction
sys_enter_rt_sigaction
sys_enter_rt_sigaction
sys_enter_rt_sigaction
sys_enter_rt_sigaction
sys_enter_rt_sigaction
sys_enter_rt_sigaction
sys_enter_rt_sigaction
sys_enter_rt_sigaction
sys_enter_rt_sigaction
sys_enter_rt_sigaction
sys_enter_rt_sigaction
sys_enter_rt_sigaction
sys_enter_rt_sigaction
sys_enter_rt_sigaction
sys_enter_rt_sigaction
sys_enter_rt_sigaction
sys_enter_rt_sigaction
sys_enter_rt_sigaction
sys_enter_rt_sigaction
sys_enter_rt_sigaction
sys_enter_rt_sigaction
sys_enter_rt_sigaction
sys_enter_rt_sigaction
sys_enter_rt_sigaction
sys_enter_rt_sigaction
sys_enter_rt_sigaction
sys_enter_rt_sigaction
sys_enter_rt_sigaction
sys_enter_rt_sigaction
sys_enter_rt_sigaction
sys_enter_rt_sigaction
sys_enter_rt_sigaction
sys_enter_rt_sigaction
sys_enter_rt_sigaction
sys_enter_rt_sigaction
sys_enter_rt_sigaction
sys_enter_rt_sigaction
sys_enter_rt_sigaction
sys_enter_rt_sigaction
sys_enter_rt_sigaction
sys_enter_rt_sigaction
sys_enter_rt_sigaction
sys_enter_rt_sigaction
sys_enter_rt_sigaction
sys_enter_rt_sigaction
sys_enter_rt_sigaction
sys_enter_rt_sigaction
sys_enter_rt_sigaction
sys_enter_rt_sigaction
sys_enter_rt_sigaction
sys_enter_rt_sigaction
sys_enter_rt_sigaction
sys_enter_rt_sigaction
sys_enter_rt_sigaction
sys_enter_rt_sigaction
sys_enter_rt_sigaction
sys_enter_rt_sigaction
sys_enter_rt_sigaction
sys_enter_rt_sigaction
sys_enter_rt_sigaction
sys_enter_rt_sigaction
sys_enter_rt_sigaction
sys_enter_rt_sigaction
sys_enter_rt_sigaction
sys_enter_rt_sigprocmask
sys_enter_clone
sys_enter_rt_sigprocmask
sys_enter_gettid
sys_enter_sigaltstack
sys_enter_sigaltstack
sys_enter_gettid
sys_enter_rt_sigprocmask
sys_enter_rt_sigprocmask
sys_enter_clone
sys_enter_rt_sigprocmask
sys_enter_gettid
sys_enter_sigaltstack
sys_enter_sigaltstack
sys_enter_gettid
sys_enter_rt_sigprocmask
sys_enter_rt_sigprocmask
sys_enter_clone
sys_enter_rt_sigprocmask
sys_enter_futex
sys_enter_gettid
sys_enter_sigaltstack
sys_enter_sigaltstack
sys_enter_gettid
sys_enter_rt_sigprocmask
sys_enter_futex
sys_enter_futex
sys_enter_rt_sigprocmask
sys_enter_clone
sys_enter_rt_sigprocmask
sys_enter_futex
sys_enter_gettid
sys_enter_sigaltstack
sys_enter_sigaltstack
sys_enter_gettid
sys_enter_rt_sigprocmask
sys_enter_futex
sys_enter_futex
sys_enter_mmap
sys_enter_futex
sys_enter_futex
sys_enter_futex
sys_enter_openat
sys_enter_read
sys_enter_read
sys_enter_close
sys_enter_socket
sys_enter_close
sys_enter_socket
sys_enter_setsockopt
sys_enter_bind
sys_enter_socket
sys_enter_setsockopt
sys_enter_bind
sys_enter_close
sys_enter_close
sys_enter_getpid
sys_enter_getppid
sys_enter_mmap
sys_enter_mmap
sys_enter_getppid
sys_enter_openat
sys_enter_pipe2
sys_enter_getpid
sys_enter_clone
sys_enter_close
sys_enter_read
sys_enter_setsid
sys_enter_chdir
sys_enter_execve
sys_enter_close
sys_enter_exit_group
sys_enter_mmap
sys_enter_mmap
sys_enter_mprotect
sys_enter_mmap
sys_enter_mmap
sys_enter_mprotect
sys_enter_mmap
sys_enter_mprotect
sys_enter_mmap
sys_enter_mprotect
sys_enter_mmap
sys_enter_mmap
sys_enter_close
sys_enter_munmap
sys_enter_sched_getaffinity
sys_enter_mmap
sys_enter_munmap
sys_enter_mmap
sys_enter_mmap
sys_enter_mmap
sys_enter_mmap
sys_enter_mmap
sys_enter_mmap
sys_enter_rt_sigprocmask
sys_enter_sigaltstack
sys_enter_sigaltstack
sys_enter_gettid
sys_enter_rt_sigprocmask
sys_enter_rt_sigaction
sys_enter_rt_sigaction
sys_enter_rt_sigaction
sys_enter_rt_sigaction
sys_enter_rt_sigaction
sys_enter_rt_sigaction
sys_enter_rt_sigaction
sys_enter_rt_sigaction
sys_enter_rt_sigaction
sys_enter_rt_sigaction
sys_enter_rt_sigaction
sys_enter_rt_sigaction
sys_enter_rt_sigaction
sys_enter_rt_sigaction
sys_enter_rt_sigaction
sys_enter_rt_sigaction
sys_enter_rt_sigaction
sys_enter_rt_sigaction
sys_enter_rt_sigaction
sys_enter_rt_sigaction
sys_enter_rt_sigaction
sys_enter_rt_sigaction
sys_enter_rt_sigaction
sys_enter_rt_sigaction
sys_enter_rt_sigaction
sys_enter_rt_sigaction
sys_enter_rt_sigaction
sys_enter_rt_sigaction
sys_enter_rt_sigaction
sys_enter_rt_sigaction
sys_enter_rt_sigaction
sys_enter_rt_sigaction
sys_enter_rt_sigaction
sys_enter_rt_sigaction
sys_enter_rt_sigaction
sys_enter_rt_sigaction
sys_enter_rt_sigaction
sys_enter_rt_sigaction
sys_enter_rt_sigaction
sys_enter_rt_sigaction
sys_enter_rt_sigaction
sys_enter_rt_sigaction
sys_enter_rt_sigaction
sys_enter_rt_sigaction
sys_enter_rt_sigaction
sys_enter_rt_sigaction
sys_enter_rt_sigaction
sys_enter_rt_sigaction
sys_enter_rt_sigaction
sys_enter_rt_sigaction
sys_enter_rt_sigaction
sys_enter_rt_sigaction
sys_enter_rt_sigaction
sys_enter_rt_sigaction
sys_enter_rt_sigaction
sys_enter_rt_sigaction
sys_enter_rt_sigaction
sys_enter_rt_sigaction
sys_enter_rt_sigaction
sys_enter_rt_sigaction
sys_enter_rt_sigaction
sys_enter_rt_sigaction
sys_enter_rt_sigaction
sys_enter_rt_sigaction
sys_enter_rt_sigaction
sys_enter_rt_sigaction
sys_enter_rt_sigaction
sys_enter_rt_sigaction
sys_enter_rt_sigaction
sys_enter_rt_sigaction
sys_enter_rt_sigaction
sys_enter_rt_sigaction
sys_enter_rt_sigaction
sys_enter_rt_sigaction
sys_enter_rt_sigaction
sys_enter_rt_sigaction
sys_enter_rt_sigaction
sys_enter_rt_sigaction
sys_enter_rt_sigaction
sys_enter_rt_sigaction
sys_enter_rt_sigaction
sys_enter_rt_sigaction
sys_enter_rt_sigaction
sys_enter_rt_sigaction
sys_enter_rt_sigaction
sys_enter_rt_sigaction
sys_enter_rt_sigaction
sys_enter_rt_sigaction
sys_enter_rt_sigaction
sys_enter_rt_sigaction
sys_enter_rt_sigaction
sys_enter_rt_sigaction
sys_enter_rt_sigaction
sys_enter_rt_sigaction
sys_enter_rt_sigaction
sys_enter_rt_sigaction
sys_enter_rt_sigaction
sys_enter_rt_sigaction
sys_enter_rt_sigaction
sys_enter_rt_sigaction
sys_enter_rt_sigaction
sys_enter_rt_sigaction
sys_enter_rt_sigaction
sys_enter_rt_sigaction
sys_enter_rt_sigaction
sys_enter_rt_sigaction
sys_enter_rt_sigaction
sys_enter_rt_sigaction
sys_enter_rt_sigaction
sys_enter_rt_sigaction
sys_enter_rt_sigaction
sys_enter_rt_sigaction
sys_enter_rt_sigaction
sys_enter_rt_sigaction
sys_enter_rt_sigprocmask
sys_enter_clone
sys_enter_rt_sigprocmask
sys_enter_gettid
sys_enter_sigaltstack
sys_enter_sigaltstack
sys_enter_gettid
sys_enter_rt_sigprocmask
sys_enter_rt_sigprocmask
sys_enter_clone
sys_enter_rt_sigprocmask
sys_enter_gettid
sys_enter_rt_sigprocmask
sys_enter_clone
sys_enter_sigaltstack
sys_enter_sigaltstack
sys_enter_gettid
sys_enter_rt_sigprocmask
sys_enter_rt_sigprocmask
sys_enter_gettid
sys_enter_futex
sys_enter_sigaltstack
sys_enter_sigaltstack
sys_enter_gettid
sys_enter_rt_sigprocmask
sys_enter_rt_sigprocmask
sys_enter_clone
sys_enter_futex
sys_enter_futex
sys_enter_rt_sigprocmask
sys_enter_futex
sys_enter_gettid
sys_enter_sigaltstack
sys_enter_sigaltstack
sys_enter_gettid
sys_enter_rt_sigprocmask
sys_enter_futex
sys_enter_futex
sys_enter_mmap
sys_enter_futex
sys_enter_futex
sys_enter_futex
sys_enter_openat
sys_enter_read
sys_enter_read
sys_enter_close
sys_enter_socket
sys_enter_close
sys_enter_socket
sys_enter_setsockopt
sys_enter_bind
sys_enter_socket
sys_enter_setsockopt
sys_enter_bind
sys_enter_close
sys_enter_close
sys_enter_getpid
sys_enter_getppid
sys_enter_mmap
sys_enter_mmap
sys_enter_getppid
sys_enter_openat
sys_enter_pipe2
sys_enter_getpid
sys_enter_clone
sys_enter_setsid
sys_enter_close
sys_enter_read
sys_enter_chdir
sys_enter_execve
sys_enter_close
sys_enter_mmap
sys_enter_mmap
sys_enter_exit_group
sys_enter_mprotect
sys_enter_mmap
sys_enter_mmap
sys_enter_mprotect
sys_enter_mmap
sys_enter_mprotect
sys_enter_mmap
sys_enter_mprotect
sys_enter_mmap
sys_enter_mmap
sys_enter_close
sys_enter_munmap
sys_enter_sched_getaffinity
sys_enter_mmap
sys_enter_munmap
sys_enter_mmap
sys_enter_mmap
sys_enter_mmap
sys_enter_mmap
sys_enter_mmap
sys_enter_mmap
sys_enter_rt_sigprocmask
sys_enter_sigaltstack
sys_enter_sigaltstack
sys_enter_gettid
sys_enter_rt_sigprocmask
sys_enter_rt_sigaction
sys_enter_rt_sigaction
sys_enter_rt_sigaction
sys_enter_rt_sigaction
sys_enter_rt_sigaction
sys_enter_rt_sigaction
sys_enter_rt_sigaction
sys_enter_rt_sigaction
sys_enter_rt_sigaction
sys_enter_rt_sigaction
sys_enter_rt_sigaction
sys_enter_rt_sigaction
sys_enter_rt_sigaction
sys_enter_rt_sigaction
sys_enter_rt_sigaction
sys_enter_rt_sigaction
sys_enter_rt_sigaction
sys_enter_rt_sigaction
sys_enter_rt_sigaction
sys_enter_rt_sigaction
sys_enter_rt_sigaction
sys_enter_rt_sigaction
sys_enter_rt_sigaction
sys_enter_rt_sigaction
sys_enter_rt_sigaction
sys_enter_rt_sigaction
sys_enter_rt_sigaction
sys_enter_rt_sigaction
sys_enter_rt_sigaction
sys_enter_rt_sigaction
sys_enter_rt_sigaction
sys_enter_rt_sigaction
sys_enter_rt_sigaction
sys_enter_rt_sigaction
sys_enter_rt_sigaction
sys_enter_rt_sigaction
sys_enter_rt_sigaction
sys_enter_rt_sigaction
sys_enter_rt_sigaction
sys_enter_rt_sigaction
sys_enter_rt_sigaction
sys_enter_rt_sigaction
sys_enter_rt_sigaction
sys_enter_rt_sigaction
sys_enter_rt_sigaction
sys_enter_rt_sigaction
sys_enter_rt_sigaction
sys_enter_rt_sigaction
sys_enter_rt_sigaction
sys_enter_rt_sigaction
sys_enter_rt_sigaction
sys_enter_rt_sigaction
sys_enter_rt_sigaction
sys_enter_rt_sigaction
sys_enter_rt_sigaction
sys_enter_rt_sigaction
sys_enter_rt_sigaction
sys_enter_rt_sigaction
sys_enter_rt_sigaction
sys_enter_rt_sigaction
sys_enter_rt_sigaction
sys_enter_rt_sigaction
sys_enter_rt_sigaction
sys_enter_rt_sigaction
sys_enter_rt_sigaction
sys_enter_rt_sigaction
sys_enter_rt_sigaction
sys_enter_rt_sigaction
sys_enter_rt_sigaction
sys_enter_rt_sigaction
sys_enter_rt_sigaction
sys_enter_rt_sigaction
sys_enter_rt_sigaction
sys_enter_rt_sigaction
sys_enter_rt_sigaction
sys_enter_rt_sigaction
sys_enter_rt_sigaction
sys_enter_rt_sigaction
sys_enter_rt_sigaction
sys_enter_rt_sigaction
sys_enter_rt_sigaction
sys_enter_rt_sigaction
sys_enter_rt_sigaction
sys_enter_rt_sigaction
sys_enter_rt_sigaction
sys_enter_rt_sigaction
sys_enter_rt_sigaction
sys_enter_rt_sigaction
sys_enter_rt_sigaction
sys_enter_rt_sigaction
sys_enter_rt_sigaction
sys_enter_rt_sigaction
sys_enter_rt_sigaction
sys_enter_rt_sigaction
sys_enter_rt_sigaction
sys_enter_rt_sigaction
sys_enter_rt_sigaction
sys_enter_rt_sigaction
sys_enter_rt_sigaction
sys_enter_rt_sigaction
sys_enter_rt_sigaction
sys_enter_rt_sigaction
sys_enter_rt_sigaction
sys_enter_rt_sigaction
sys_enter_rt_sigaction
sys_enter_rt_sigaction
sys_enter_rt_sigaction
sys_enter_rt_sigaction
sys_enter_rt_sigaction
sys_enter_rt_sigaction
sys_enter_rt_sigaction
sys_enter_rt_sigaction
sys_enter_rt_sigaction
sys_enter_rt_sigaction
sys_enter_rt_sigprocmask
sys_enter_clone
sys_enter_rt_sigprocmask
sys_enter_gettid
sys_enter_sigaltstack
sys_enter_sigaltstack
sys_enter_gettid
sys_enter_rt_sigprocmask
sys_enter_rt_sigprocmask
sys_enter_clone
sys_enter_rt_sigprocmask
sys_enter_gettid
sys_enter_sigaltstack
sys_enter_sigaltstack
sys_enter_gettid
sys_enter_rt_sigprocmask
sys_enter_rt_sigprocmask
sys_enter_clone
sys_enter_rt_sigprocmask
sys_enter_clone
sys_enter_rt_sigprocmask
sys_enter_rt_sigprocmask
sys_enter_futex
sys_enter_gettid
sys_enter_sigaltstack
sys_enter_sigaltstack
sys_enter_gettid
sys_enter_gettid
sys_enter_sigaltstack
sys_enter_sigaltstack
sys_enter_gettid
sys_enter_rt_sigprocmask
sys_enter_futex
sys_enter_rt_sigprocmask
sys_enter_futex
sys_enter_futex
sys_enter_futex
sys_enter_futex
sys_enter_mmap
sys_enter_futex
sys_enter_futex
sys_enter_futex
sys_enter_openat
sys_enter_read
sys_enter_read
sys_enter_close
sys_enter_socket
sys_enter_close
sys_enter_socket
sys_enter_setsockopt
sys_enter_bind
sys_enter_socket
sys_enter_setsockopt
sys_enter_bind
sys_enter_close
sys_enter_close
sys_enter_getpid
sys_enter_getppid
sys_enter_mmap
sys_enter_mmap
sys_enter_getppid
sys_enter_openat
sys_enter_pipe2
sys_enter_getpid
sys_enter_clone
sys_enter_setsid
sys_enter_close
sys_enter_read
sys_enter_chdir
sys_enter_execve
sys_enter_close
sys_enter_exit_group
sys_enter_mmap
sys_enter_mmap
sys_enter_mprotect
sys_enter_mmap
sys_enter_mmap
sys_enter_mprotect
sys_enter_mmap
sys_enter_mprotect
sys_enter_mmap
sys_enter_mprotect
sys_enter_mmap
sys_enter_mmap
sys_enter_close
sys_enter_munmap
sys_enter_sched_getaffinity
sys_enter_mmap
sys_enter_munmap
sys_enter_mmap
sys_enter_mmap
sys_enter_mmap
sys_enter_mmap
sys_enter_mmap
sys_enter_mmap
sys_enter_rt_sigprocmask
sys_enter_sigaltstack
sys_enter_sigaltstack
sys_enter_gettid
sys_enter_rt_sigprocmask
sys_enter_rt_sigaction
sys_enter_rt_sigaction
sys_enter_rt_sigaction
sys_enter_rt_sigaction
sys_enter_rt_sigaction
sys_enter_rt_sigaction
sys_enter_rt_sigaction
sys_enter_rt_sigaction
sys_enter_rt_sigaction
sys_enter_rt_sigaction
sys_enter_rt_sigaction
sys_enter_rt_sigaction
sys_enter_rt_sigaction
sys_enter_rt_sigaction
sys_enter_rt_sigaction
sys_enter_rt_sigaction
sys_enter_rt_sigaction
sys_enter_rt_sigaction
sys_enter_rt_sigaction
sys_enter_rt_sigaction
sys_enter_rt_sigaction
sys_enter_rt_sigaction
sys_enter_rt_sigaction
sys_enter_rt_sigaction
sys_enter_rt_sigaction
sys_enter_rt_sigaction
sys_enter_rt_sigaction
sys_enter_rt_sigaction
sys_enter_rt_sigaction
sys_enter_rt_sigaction
sys_enter_rt_sigaction
sys_enter_rt_sigaction
sys_enter_rt_sigaction
sys_enter_rt_sigaction
sys_enter_rt_sigaction
sys_enter_rt_sigaction
sys_enter_rt_sigaction
sys_enter_rt_sigaction
sys_enter_rt_sigaction
sys_enter_rt_sigaction
sys_enter_rt_sigaction
sys_enter_rt_sigaction
sys_enter_rt_sigaction
sys_enter_rt_sigaction
sys_enter_rt_sigaction
sys_enter_rt_sigaction
sys_enter_rt_sigaction
sys_enter_rt_sigaction
sys_enter_rt_sigaction
sys_enter_rt_sigaction
sys_enter_rt_sigaction
sys_enter_rt_sigaction
sys_enter_rt_sigaction
sys_enter_rt_sigaction
sys_enter_rt_sigaction
sys_enter_rt_sigaction
sys_enter_rt_sigaction
sys_enter_rt_sigaction
sys_enter_rt_sigaction
sys_enter_rt_sigaction
sys_enter_rt_sigaction
sys_enter_rt_sigaction
sys_enter_rt_sigaction
sys_enter_rt_sigaction
sys_enter_rt_sigaction
sys_enter_rt_sigaction
sys_enter_rt_sigaction
sys_enter_rt_sigaction
sys_enter_rt_sigaction
sys_enter_rt_sigaction
sys_enter_rt_sigaction
sys_enter_rt_sigaction
sys_enter_rt_sigaction
sys_enter_rt_sigaction
sys_enter_rt_sigaction
sys_enter_rt_sigaction
sys_enter_rt_sigaction
sys_enter_rt_sigaction
sys_enter_rt_sigaction
sys_enter_rt_sigaction
sys_enter_rt_sigaction
sys_enter_rt_sigaction
sys_enter_rt_sigaction
sys_enter_rt_sigaction
sys_enter_rt_sigaction
sys_enter_rt_sigaction
sys_enter_rt_sigaction
sys_enter_rt_sigaction
sys_enter_rt_sigaction
sys_enter_rt_sigaction
sys_enter_rt_sigaction
sys_enter_rt_sigaction
sys_enter_rt_sigaction
sys_enter_rt_sigaction
sys_enter_rt_sigaction
sys_enter_rt_sigaction
sys_enter_rt_sigaction
sys_enter_rt_sigaction
sys_enter_rt_sigaction
sys_enter_rt_sigaction
sys_enter_rt_sigaction
sys_enter_rt_sigaction
sys_enter_rt_sigaction
sys_enter_rt_sigaction
sys_enter_rt_sigaction
sys_enter_rt_sigaction
sys_enter_rt_sigaction
sys_enter_rt_sigaction
sys_enter_rt_sigaction
sys_enter_rt_sigaction
sys_enter_rt_sigaction
sys_enter_rt_sigaction
sys_enter_rt_sigaction
sys_enter_rt_sigaction
sys_enter_rt_sigprocmask
sys_enter_clone
sys_enter_rt_sigprocmask
sys_enter_gettid
sys_enter_sigaltstack
sys_enter_sigaltstack
sys_enter_gettid
sys_enter_rt_sigprocmask
sys_enter_rt_sigprocmask
sys_enter_clone
sys_enter_rt_sigprocmask
sys_enter_gettid
sys_enter_sigaltstack
sys_enter_sigaltstack
sys_enter_gettid
sys_enter_rt_sigprocmask
sys_enter_rt_sigprocmask
sys_enter_clone
sys_enter_rt_sigprocmask
sys_enter_clone
sys_enter_rt_sigprocmask
sys_enter_futex
sys_enter_gettid
sys_enter_sigaltstack
sys_enter_sigaltstack
sys_enter_gettid
sys_enter_rt_sigprocmask
sys_enter_rt_sigprocmask
sys_enter_futex
sys_enter_gettid
sys_enter_futex
sys_enter_futex
sys_enter_sigaltstack
sys_enter_sigaltstack
sys_enter_gettid
sys_enter_rt_sigprocmask
sys_enter_futex
sys_enter_futex
sys_enter_mmap
sys_enter_futex
sys_enter_futex
sys_enter_futex
sys_enter_openat
sys_enter_read
sys_enter_read
sys_enter_close
sys_enter_socket
sys_enter_close
sys_enter_socket
sys_enter_setsockopt
sys_enter_bind
sys_enter_socket
sys_enter_setsockopt
sys_enter_bind
sys_enter_close
sys_enter_close
sys_enter_getpid
sys_enter_getppid
sys_enter_mmap
sys_enter_mmap
sys_enter_getppid
sys_enter_openat
sys_enter_pipe2
sys_enter_getpid
sys_enter_clone
sys_enter_setsid
sys_enter_close
sys_enter_read
sys_enter_chdir
sys_enter_execve
sys_enter_close
sys_enter_exit_group
sys_enter_mmap
sys_enter_mmap
sys_enter_mprotect
sys_enter_mmap
sys_enter_mmap
sys_enter_mprotect
sys_enter_mmap
sys_enter_mprotect
sys_enter_mmap
sys_enter_mprotect
sys_enter_mmap
sys_enter_mmap
sys_enter_close
sys_enter_munmap
sys_enter_sched_getaffinity
sys_enter_mmap
sys_enter_munmap
sys_enter_mmap
sys_enter_mmap
sys_enter_mmap
sys_enter_mmap
sys_enter_mmap
sys_enter_mmap
sys_enter_rt_sigprocmask
sys_enter_sigaltstack
sys_enter_sigaltstack
sys_enter_gettid
sys_enter_rt_sigprocmask
sys_enter_rt_sigaction
sys_enter_rt_sigaction
sys_enter_rt_sigaction
sys_enter_rt_sigaction
sys_enter_rt_sigaction
sys_enter_rt_sigaction
sys_enter_rt_sigaction
sys_enter_rt_sigaction
sys_enter_rt_sigaction
sys_enter_rt_sigaction
sys_enter_rt_sigaction
sys_enter_rt_sigaction
sys_enter_rt_sigaction
sys_enter_rt_sigaction
sys_enter_rt_sigaction
sys_enter_rt_sigaction
sys_enter_rt_sigaction
sys_enter_rt_sigaction
sys_enter_rt_sigaction
sys_enter_rt_sigaction
sys_enter_rt_sigaction
sys_enter_rt_sigaction
sys_enter_rt_sigaction
sys_enter_rt_sigaction
sys_enter_rt_sigaction
sys_enter_rt_sigaction
sys_enter_rt_sigaction
sys_enter_rt_sigaction
sys_enter_rt_sigaction
sys_enter_rt_sigaction
sys_enter_rt_sigaction
sys_enter_rt_sigaction
sys_enter_rt_sigaction
sys_enter_rt_sigaction
sys_enter_rt_sigaction
sys_enter_rt_sigaction
sys_enter_rt_sigaction
sys_enter_rt_sigaction
sys_enter_rt_sigaction
sys_enter_rt_sigaction
sys_enter_rt_sigaction
sys_enter_rt_sigaction
sys_enter_rt_sigaction
sys_enter_rt_sigaction
sys_enter_rt_sigaction
sys_enter_rt_sigaction
sys_enter_rt_sigaction
sys_enter_rt_sigaction
sys_enter_rt_sigaction
sys_enter_rt_sigaction
sys_enter_rt_sigaction
sys_enter_rt_sigaction
sys_enter_rt_sigaction
sys_enter_rt_sigaction
sys_enter_rt_sigaction
sys_enter_rt_sigaction
sys_enter_rt_sigaction
sys_enter_rt_sigaction
sys_enter_rt_sigaction
sys_enter_rt_sigaction
sys_enter_rt_sigaction
sys_enter_rt_sigaction
sys_enter_rt_sigaction
sys_enter_rt_sigaction
sys_enter_rt_sigaction
sys_enter_rt_sigaction
sys_enter_rt_sigaction
sys_enter_rt_sigaction
sys_enter_rt_sigaction
sys_enter_rt_sigaction
sys_enter_rt_sigaction
sys_enter_rt_sigaction
sys_enter_rt_sigaction
sys_enter_rt_sigaction
sys_enter_rt_sigaction
sys_enter_rt_sigaction
sys_enter_rt_sigaction
sys_enter_rt_sigaction
sys_enter_rt_sigaction
sys_enter_rt_sigaction
sys_enter_rt_sigaction
sys_enter_rt_sigaction
sys_enter_rt_sigaction
sys_enter_rt_sigaction
sys_enter_rt_sigaction
sys_enter_rt_sigaction
sys_enter_rt_sigaction
sys_enter_rt_sigaction
sys_enter_rt_sigaction
sys_enter_rt_sigaction
sys_enter_rt_sigaction
sys_enter_rt_sigaction
sys_enter_rt_sigaction
sys_enter_rt_sigaction
sys_enter_rt_sigaction
sys_enter_rt_sigaction
sys_enter_rt_sigaction
sys_enter_rt_sigaction
sys_enter_rt_sigaction
sys_enter_rt_sigaction
sys_enter_rt_sigaction
sys_enter_rt_sigaction
sys_enter_rt_sigaction
sys_enter_rt_sigaction
sys_enter_rt_sigaction
sys_enter_rt_sigaction
sys_enter_rt_sigaction
sys_enter_rt_sigaction
sys_enter_rt_sigaction
sys_enter_rt_sigaction
sys_enter_rt_sigaction
sys_enter_rt_sigaction
sys_enter_rt_sigaction
sys_enter_rt_sigaction
sys_enter_rt_sigprocmask
sys_enter_clone
sys_enter_rt_sigprocmask
sys_enter_gettid
sys_enter_sigaltstack
sys_enter_sigaltstack
sys_enter_gettid
sys_enter_rt_sigprocmask
sys_enter_rt_sigprocmask
sys_enter_clone
sys_enter_rt_sigprocmask
sys_enter_gettid
sys_enter_sigaltstack
sys_enter_sigaltstack
sys_enter_gettid
sys_enter_rt_sigprocmask
sys_enter_rt_sigprocmask
sys_enter_clone
sys_enter_rt_sigprocmask
sys_enter_clone
sys_enter_rt_sigprocmask
sys_enter_futex
sys_enter_gettid
sys_enter_sigaltstack
sys_enter_sigaltstack
sys_enter_gettid
sys_enter_rt_sigprocmask
sys_enter_rt_sigprocmask
sys_enter_gettid
sys_enter_futex
sys_enter_futex
sys_enter_sigaltstack
sys_enter_futex
sys_enter_mmap
sys_enter_sigaltstack
sys_enter_gettid
sys_enter_rt_sigprocmask
sys_enter_openat
sys_enter_futex
sys_enter_futex
sys_enter_futex
sys_enter_futex
sys_enter_futex
sys_enter_read
sys_enter_read
sys_enter_close
sys_enter_socket
sys_enter_close
sys_enter_socket
sys_enter_setsockopt
sys_enter_bind
sys_enter_socket
sys_enter_setsockopt
sys_enter_bind
sys_enter_close
sys_enter_close
sys_enter_mmap
sys_enter_getpid
sys_enter_getppid
sys_enter_mmap
sys_enter_mmap
sys_enter_getppid
sys_enter_openat
sys_enter_pipe2
sys_enter_getpid
sys_enter_clone
sys_enter_close
sys_enter_read
sys_enter_setsid
sys_enter_chdir
sys_enter_execve
sys_enter_close
sys_enter_mmap
sys_enter_exit_group
sys_enter_mmap
sys_enter_mprotect
sys_enter_mmap
sys_enter_mmap
sys_enter_mprotect
sys_enter_mmap
sys_enter_mprotect
sys_enter_mmap
sys_enter_mprotect
sys_enter_mmap
sys_enter_mmap
sys_enter_close
sys_enter_munmap
sys_enter_sched_getaffinity
sys_enter_mmap
sys_enter_munmap
sys_enter_mmap
sys_enter_mmap
sys_enter_mmap
sys_enter_mmap
sys_enter_mmap
sys_enter_mmap
sys_enter_rt_sigprocmask
sys_enter_sigaltstack
sys_enter_sigaltstack
sys_enter_gettid
sys_enter_rt_sigprocmask
sys_enter_rt_sigaction
sys_enter_rt_sigaction
sys_enter_rt_sigaction
sys_enter_rt_sigaction
sys_enter_rt_sigaction
sys_enter_rt_sigaction
sys_enter_rt_sigaction
sys_enter_rt_sigaction
sys_enter_rt_sigaction
sys_enter_rt_sigaction
sys_enter_rt_sigaction
sys_enter_rt_sigaction
sys_enter_rt_sigaction
sys_enter_rt_sigaction
sys_enter_rt_sigaction
sys_enter_rt_sigaction
sys_enter_rt_sigaction
sys_enter_rt_sigaction
sys_enter_rt_sigaction
sys_enter_rt_sigaction
sys_enter_rt_sigaction
sys_enter_rt_sigaction
sys_enter_rt_sigaction
sys_enter_rt_sigaction
sys_enter_rt_sigaction
sys_enter_rt_sigaction
sys_enter_rt_sigaction
sys_enter_rt_sigaction
sys_enter_rt_sigaction
sys_enter_rt_sigaction
sys_enter_rt_sigaction
sys_enter_rt_sigaction
sys_enter_rt_sigaction
sys_enter_rt_sigaction
sys_enter_rt_sigaction
sys_enter_rt_sigaction
sys_enter_rt_sigaction
sys_enter_rt_sigaction
sys_enter_rt_sigaction
sys_enter_rt_sigaction
sys_enter_rt_sigaction
sys_enter_rt_sigaction
sys_enter_rt_sigaction
sys_enter_rt_sigaction
sys_enter_rt_sigaction
sys_enter_rt_sigaction
sys_enter_rt_sigaction
sys_enter_rt_sigaction
sys_enter_rt_sigaction
sys_enter_rt_sigaction
sys_enter_rt_sigaction
sys_enter_rt_sigaction
sys_enter_rt_sigaction
sys_enter_rt_sigaction
sys_enter_rt_sigaction
sys_enter_rt_sigaction
sys_enter_rt_sigaction
sys_enter_rt_sigaction
sys_enter_rt_sigaction
sys_enter_rt_sigaction
sys_enter_rt_sigaction
sys_enter_rt_sigaction
sys_enter_rt_sigaction
sys_enter_rt_sigaction
sys_enter_rt_sigaction
sys_enter_rt_sigaction
sys_enter_rt_sigaction
sys_enter_rt_sigaction
sys_enter_rt_sigaction
sys_enter_rt_sigaction
sys_enter_rt_sigaction
sys_enter_rt_sigaction
sys_enter_rt_sigaction
sys_enter_rt_sigaction
sys_enter_rt_sigaction
sys_enter_rt_sigaction
sys_enter_rt_sigaction
sys_enter_rt_sigaction
sys_enter_rt_sigaction
sys_enter_rt_sigaction
sys_enter_rt_sigaction
sys_enter_rt_sigaction
sys_enter_rt_sigaction
sys_enter_rt_sigaction
sys_enter_rt_sigaction
sys_enter_rt_sigaction
sys_enter_rt_sigaction
sys_enter_rt_sigaction
sys_enter_rt_sigaction
sys_enter_rt_sigaction
sys_enter_rt_sigaction
sys_enter_rt_sigaction
sys_enter_rt_sigaction
sys_enter_rt_sigaction
sys_enter_rt_sigaction
sys_enter_rt_sigaction
sys_enter_rt_sigaction
sys_enter_rt_sigaction
sys_enter_rt_sigaction
sys_enter_rt_sigaction
sys_enter_rt_sigaction
sys_enter_rt_sigaction
sys_enter_rt_sigaction
sys_enter_rt_sigaction
sys_enter_rt_sigaction
sys_enter_rt_sigaction
sys_enter_rt_sigaction
sys_enter_rt_sigaction
sys_enter_rt_sigaction
sys_enter_rt_sigaction
sys_enter_rt_sigaction
sys_enter_rt_sigaction
sys_enter_rt_sigaction
sys_enter_rt_sigaction
sys_enter_rt_sigprocmask
sys_enter_clone
sys_enter_rt_sigprocmask
sys_enter_gettid
sys_enter_sigaltstack
sys_enter_sigaltstack
sys_enter_gettid
sys_enter_rt_sigprocmask
sys_enter_rt_sigprocmask
sys_enter_clone
sys_enter_rt_sigprocmask
sys_enter_gettid
sys_enter_sigaltstack
sys_enter_sigaltstack
sys_enter_rt_sigprocmask
sys_enter_clone
sys_enter_gettid
sys_enter_rt_sigprocmask
sys_enter_rt_sigprocmask
sys_enter_sched_yield
sys_enter_futex
sys_enter_futex
sys_enter_gettid
sys_enter_sigaltstack
sys_enter_sigaltstack
sys_enter_gettid
sys_enter_rt_sigprocmask
sys_enter_clone
sys_enter_rt_sigprocmask
sys_enter_futex
sys_enter_futex
sys_enter_rt_sigprocmask
sys_enter_futex
sys_enter_gettid
sys_enter_sigaltstack
sys_enter_sigaltstack
sys_enter_gettid
sys_enter_rt_sigprocmask
sys_enter_futex
sys_enter_futex
sys_enter_mmap
sys_enter_futex
sys_enter_futex
sys_enter_futex
sys_enter_openat
sys_enter_futex
sys_enter_futex
sys_enter_read
sys_enter_read
sys_enter_close
sys_enter_socket
sys_enter_close
sys_enter_socket
sys_enter_setsockopt
sys_enter_bind
sys_enter_socket
sys_enter_setsockopt
sys_enter_bind
sys_enter_close
sys_enter_close
sys_enter_getpid
sys_enter_getppid
sys_enter_mmap
sys_enter_mmap
sys_enter_getppid
sys_enter_openat
sys_enter_pipe2
sys_enter_getpid
sys_enter_clone
sys_enter_close
sys_enter_read
sys_enter_setsid
sys_enter_chdir
sys_enter_execve
sys_enter_close
sys_enter_exit_group
sys_enter_mmap
sys_enter_mmap
sys_enter_mprotect
sys_enter_mmap
sys_enter_mmap
sys_enter_mprotect
sys_enter_mmap
sys_enter_mprotect
sys_enter_mmap
sys_enter_mprotect
sys_enter_mmap
sys_enter_mmap
sys_enter_close
sys_enter_munmap
sys_enter_sched_getaffinity
sys_enter_mmap
sys_enter_munmap
sys_enter_mmap
sys_enter_mmap
sys_enter_mmap
sys_enter_mmap
sys_enter_mmap
sys_enter_mmap
sys_enter_rt_sigprocmask
sys_enter_sigaltstack
sys_enter_sigaltstack
sys_enter_gettid
sys_enter_rt_sigprocmask
sys_enter_rt_sigaction
sys_enter_rt_sigaction
sys_enter_rt_sigaction
sys_enter_rt_sigaction
sys_enter_rt_sigaction
sys_enter_rt_sigaction
sys_enter_rt_sigaction
sys_enter_rt_sigaction
sys_enter_rt_sigaction
sys_enter_rt_sigaction
sys_enter_rt_sigaction
sys_enter_rt_sigaction
sys_enter_rt_sigaction
sys_enter_rt_sigaction
sys_enter_rt_sigaction
sys_enter_rt_sigaction
sys_enter_rt_sigaction
sys_enter_rt_sigaction
sys_enter_rt_sigaction
sys_enter_rt_sigaction
sys_enter_rt_sigaction
sys_enter_rt_sigaction
sys_enter_rt_sigaction
sys_enter_rt_sigaction
sys_enter_rt_sigaction
sys_enter_rt_sigaction
sys_enter_rt_sigaction
sys_enter_rt_sigaction
sys_enter_rt_sigaction
sys_enter_rt_sigaction
sys_enter_rt_sigaction
sys_enter_rt_sigaction
sys_enter_rt_sigaction
sys_enter_rt_sigaction
sys_enter_rt_sigaction
sys_enter_rt_sigaction
sys_enter_rt_sigaction
sys_enter_rt_sigaction
sys_enter_rt_sigaction
sys_enter_rt_sigaction
sys_enter_rt_sigaction
sys_enter_rt_sigaction
sys_enter_rt_sigaction
sys_enter_rt_sigaction
sys_enter_rt_sigaction
sys_enter_rt_sigaction
sys_enter_rt_sigaction
sys_enter_rt_sigaction
sys_enter_rt_sigaction
sys_enter_rt_sigaction
sys_enter_rt_sigaction
sys_enter_rt_sigaction
sys_enter_rt_sigaction
sys_enter_rt_sigaction
sys_enter_rt_sigaction
sys_enter_rt_sigaction
sys_enter_rt_sigaction
sys_enter_rt_sigaction
sys_enter_rt_sigaction
sys_enter_rt_sigaction
sys_enter_rt_sigaction
sys_enter_rt_sigaction
sys_enter_rt_sigaction
sys_enter_rt_sigaction
sys_enter_rt_sigaction
sys_enter_rt_sigaction
sys_enter_rt_sigaction
sys_enter_rt_sigaction
sys_enter_rt_sigaction
sys_enter_rt_sigaction
sys_enter_rt_sigaction
sys_enter_rt_sigaction
sys_enter_rt_sigaction
sys_enter_rt_sigaction
sys_enter_rt_sigaction
sys_enter_rt_sigaction
sys_enter_rt_sigaction
sys_enter_rt_sigaction
sys_enter_rt_sigaction
sys_enter_rt_sigaction
sys_enter_rt_sigaction
sys_enter_rt_sigaction
sys_enter_rt_sigaction
sys_enter_rt_sigaction
sys_enter_rt_sigaction
sys_enter_rt_sigaction
sys_enter_rt_sigaction
sys_enter_rt_sigaction
sys_enter_rt_sigaction
sys_enter_rt_sigaction
sys_enter_rt_sigaction
sys_enter_rt_sigaction
sys_enter_rt_sigaction
sys_enter_rt_sigaction
sys_enter_rt_sigaction
sys_enter_rt_sigaction
sys_enter_rt_sigaction
sys_enter_rt_sigaction
sys_enter_rt_sigaction
sys_enter_rt_sigaction
sys_enter_rt_sigaction
sys_enter_rt_sigaction
sys_enter_rt_sigaction
sys_enter_rt_sigaction
sys_enter_rt_sigaction
sys_enter_rt_sigaction
sys_enter_rt_sigaction
sys_enter_rt_sigaction
sys_enter_rt_sigaction
sys_enter_rt_sigaction
sys_enter_rt_sigaction
sys_enter_rt_sigaction
sys_enter_rt_sigaction
sys_enter_rt_sigaction
sys_enter_rt_sigprocmask
sys_enter_clone
sys_enter_rt_sigprocmask
sys_enter_gettid
sys_enter_sigaltstack
sys_enter_sigaltstack
sys_enter_gettid
sys_enter_rt_sigprocmask
sys_enter_rt_sigprocmask
sys_enter_clone
sys_enter_rt_sigprocmask
sys_enter_gettid
sys_enter_sigaltstack
sys_enter_sigaltstack
sys_enter_gettid
sys_enter_rt_sigprocmask
sys_enter_rt_sigprocmask
sys_enter_clone
sys_enter_rt_sigprocmask
sys_enter_clone
sys_enter_rt_sigprocmask
sys_enter_futex
sys_enter_gettid
sys_enter_sigaltstack
sys_enter_rt_sigprocmask
sys_enter_sigaltstack
sys_enter_gettid
sys_enter_gettid
sys_enter_sigaltstack
sys_enter_sigaltstack
sys_enter_rt_sigprocmask
sys_enter_gettid
sys_enter_futex
sys_enter_rt_sigprocmask
sys_enter_futex
sys_enter_futex
sys_enter_futex
sys_enter_futex
sys_enter_mmap
sys_enter_futex
sys_enter_futex
sys_enter_futex
sys_enter_openat
sys_enter_read
sys_enter_read
sys_enter_close
sys_enter_socket
sys_enter_close
sys_enter_socket
sys_enter_setsockopt
sys_enter_bind
sys_enter_socket
sys_enter_setsockopt
sys_enter_bind
sys_enter_close
sys_enter_close
sys_enter_getpid
sys_enter_getppid
sys_enter_mmap
sys_enter_mmap
sys_enter_getppid
sys_enter_openat
sys_enter_pipe2
sys_enter_getpid
sys_enter_clone
sys_enter_setsid
sys_enter_close
sys_enter_read
sys_enter_chdir
sys_enter_execve
sys_enter_close
sys_enter_exit_group
sys_enter_mmap
sys_enter_mmap
sys_enter_mprotect
sys_enter_mmap
sys_enter_mmap
sys_enter_mprotect
sys_enter_mmap
sys_enter_mprotect
sys_enter_mmap
sys_enter_mprotect
sys_enter_mmap
sys_enter_mmap
sys_enter_close
sys_enter_munmap
sys_enter_sched_getaffinity
sys_enter_mmap
sys_enter_munmap
sys_enter_mmap
sys_enter_mmap
sys_enter_mmap
sys_enter_mmap
sys_enter_mmap
sys_enter_mmap
sys_enter_rt_sigprocmask
sys_enter_sigaltstack
sys_enter_sigaltstack
sys_enter_gettid
sys_enter_rt_sigprocmask
sys_enter_rt_sigaction
sys_enter_rt_sigaction
sys_enter_rt_sigaction
sys_enter_rt_sigaction
sys_enter_rt_sigaction
sys_enter_rt_sigaction
sys_enter_rt_sigaction
sys_enter_rt_sigaction
sys_enter_rt_sigaction
sys_enter_rt_sigaction
sys_enter_rt_sigaction
sys_enter_rt_sigaction
sys_enter_rt_sigaction
sys_enter_rt_sigaction
sys_enter_rt_sigaction
sys_enter_rt_sigaction
sys_enter_rt_sigaction
sys_enter_rt_sigaction
sys_enter_rt_sigaction
sys_enter_rt_sigaction
sys_enter_rt_sigaction
sys_enter_rt_sigaction
sys_enter_rt_sigaction
sys_enter_rt_sigaction
sys_enter_rt_sigaction
sys_enter_rt_sigaction
sys_enter_rt_sigaction
sys_enter_rt_sigaction
sys_enter_rt_sigaction
sys_enter_rt_sigaction
sys_enter_rt_sigaction
sys_enter_rt_sigaction
sys_enter_rt_sigaction
sys_enter_rt_sigaction
sys_enter_rt_sigaction
sys_enter_rt_sigaction
sys_enter_rt_sigaction
sys_enter_rt_sigaction
sys_enter_rt_sigaction
sys_enter_rt_sigaction
sys_enter_rt_sigaction
sys_enter_rt_sigaction
sys_enter_rt_sigaction
sys_enter_rt_sigaction
sys_enter_rt_sigaction
sys_enter_rt_sigaction
sys_enter_rt_sigaction
sys_enter_rt_sigaction
sys_enter_rt_sigaction
sys_enter_rt_sigaction
sys_enter_rt_sigaction
sys_enter_rt_sigaction
sys_enter_rt_sigaction
sys_enter_rt_sigaction
sys_enter_rt_sigaction
sys_enter_rt_sigaction
sys_enter_rt_sigaction
sys_enter_rt_sigaction
sys_enter_rt_sigaction
sys_enter_rt_sigaction
sys_enter_rt_sigaction
sys_enter_rt_sigaction
sys_enter_rt_sigaction
sys_enter_rt_sigaction
sys_enter_rt_sigaction
sys_enter_rt_sigaction
sys_enter_rt_sigaction
sys_enter_rt_sigaction
sys_enter_rt_sigaction
sys_enter_rt_sigaction
sys_enter_rt_sigaction
sys_enter_rt_sigaction
sys_enter_rt_sigaction
sys_enter_rt_sigaction
sys_enter_rt_sigaction
sys_enter_rt_sigaction
sys_enter_rt_sigaction
sys_enter_rt_sigaction
sys_enter_rt_sigaction
sys_enter_rt_sigaction
sys_enter_rt_sigaction
sys_enter_rt_sigaction
sys_enter_rt_sigaction
sys_enter_rt_sigaction
sys_enter_rt_sigaction
sys_enter_rt_sigaction
sys_enter_rt_sigaction
sys_enter_rt_sigaction
sys_enter_rt_sigaction
sys_enter_rt_sigaction
sys_enter_rt_sigaction
sys_enter_rt_sigaction
sys_enter_rt_sigaction
sys_enter_rt_sigaction
sys_enter_rt_sigaction
sys_enter_rt_sigaction
sys_enter_rt_sigaction
sys_enter_rt_sigaction
sys_enter_rt_sigaction
sys_enter_rt_sigaction
sys_enter_rt_sigaction
sys_enter_rt_sigaction
sys_enter_rt_sigaction
sys_enter_rt_sigaction
sys_enter_rt_sigaction
sys_enter_rt_sigaction
sys_enter_rt_sigaction
sys_enter_rt_sigaction
sys_enter_rt_sigaction
sys_enter_rt_sigaction
sys_enter_rt_sigaction
sys_enter_rt_sigaction
sys_enter_rt_sigaction
sys_enter_rt_sigaction
sys_enter_rt_sigprocmask
sys_enter_clone
sys_enter_rt_sigprocmask
sys_enter_rt_sigprocmask
sys_enter_clone
sys_enter_rt_sigprocmask
sys_enter_gettid
sys_enter_sigaltstack
sys_enter_sigaltstack
sys_enter_gettid
sys_enter_rt_sigprocmask
sys_enter_rt_sigprocmask
sys_enter_clone
sys_enter_gettid
sys_enter_sigaltstack
sys_enter_sigaltstack
sys_enter_rt_sigprocmask
sys_enter_clone
sys_enter_gettid
sys_enter_rt_sigprocmask
sys_enter_futex
sys_enter_rt_sigprocmask
sys_enter_gettid
sys_enter_rt_sigprocmask
sys_enter_sigaltstack
sys_enter_sigaltstack
sys_enter_gettid
sys_enter_gettid
sys_enter_rt_sigprocmask
sys_enter_sigaltstack
sys_enter_sigaltstack
sys_enter_futex
sys_enter_gettid
sys_enter_rt_sigprocmask
sys_enter_futex
sys_enter_futex
sys_enter_futex
sys_enter_futex
sys_enter_mmap
sys_enter_futex
sys_enter_futex
sys_enter_futex
sys_enter_openat
sys_enter_futex
sys_enter_futex
sys_enter_futex
sys_enter_futex
sys_enter_futex
sys_enter_read
sys_enter_futex
sys_enter_read
sys_enter_close
sys_enter_futex
sys_enter_socket
sys_enter_close
sys_enter_socket
sys_enter_setsockopt
sys_enter_bind
sys_enter_socket
sys_enter_setsockopt
sys_enter_bind
sys_enter_close
sys_enter_close
sys_enter_getpid
sys_enter_getppid
sys_enter_mmap
sys_enter_mmap
sys_enter_getppid
sys_enter_openat
sys_enter_pipe2
sys_enter_getpid
sys_enter_clone
sys_enter_setsid
sys_enter_close
sys_enter_read
sys_enter_chdir
sys_enter_execve
sys_enter_close
sys_enter_exit_group
sys_enter_mmap
sys_enter_mmap
sys_enter_mprotect
sys_enter_mmap
sys_enter_mmap
sys_enter_mprotect
sys_enter_mmap
sys_enter_mprotect
sys_enter_mmap
sys_enter_mprotect
sys_enter_mmap
sys_enter_mmap
sys_enter_close
sys_enter_munmap
sys_enter_sched_getaffinity
sys_enter_mmap
sys_enter_munmap
sys_enter_mmap
sys_enter_mmap
sys_enter_mmap
sys_enter_mmap
sys_enter_mmap
sys_enter_mmap
sys_enter_rt_sigprocmask
sys_enter_sigaltstack
sys_enter_sigaltstack
sys_enter_gettid
sys_enter_rt_sigprocmask
sys_enter_rt_sigaction
sys_enter_rt_sigaction
sys_enter_rt_sigaction
sys_enter_rt_sigaction
sys_enter_rt_sigaction
sys_enter_rt_sigaction
sys_enter_rt_sigaction
sys_enter_rt_sigaction
sys_enter_rt_sigaction
sys_enter_rt_sigaction
sys_enter_rt_sigaction
sys_enter_rt_sigaction
sys_enter_rt_sigaction
sys_enter_rt_sigaction
sys_enter_rt_sigaction
sys_enter_rt_sigaction
sys_enter_rt_sigaction
sys_enter_rt_sigaction
sys_enter_rt_sigaction
sys_enter_rt_sigaction
sys_enter_rt_sigaction
sys_enter_rt_sigaction
sys_enter_rt_sigaction
sys_enter_rt_sigaction
sys_enter_rt_sigaction
sys_enter_rt_sigaction
sys_enter_rt_sigaction
sys_enter_rt_sigaction
sys_enter_rt_sigaction
sys_enter_rt_sigaction
sys_enter_rt_sigaction
sys_enter_rt_sigaction
sys_enter_rt_sigaction
sys_enter_rt_sigaction
sys_enter_rt_sigaction
sys_enter_rt_sigaction
sys_enter_rt_sigaction
sys_enter_rt_sigaction
sys_enter_rt_sigaction
sys_enter_rt_sigaction
sys_enter_rt_sigaction
sys_enter_rt_sigaction
sys_enter_rt_sigaction
sys_enter_rt_sigaction
sys_enter_rt_sigaction
sys_enter_rt_sigaction
sys_enter_rt_sigaction
sys_enter_rt_sigaction
sys_enter_rt_sigaction
sys_enter_rt_sigaction
sys_enter_rt_sigaction
sys_enter_rt_sigaction
sys_enter_rt_sigaction
sys_enter_rt_sigaction
sys_enter_rt_sigaction
sys_enter_rt_sigaction
sys_enter_rt_sigaction
sys_enter_rt_sigaction
sys_enter_rt_sigaction
sys_enter_rt_sigaction
sys_enter_rt_sigaction
sys_enter_rt_sigaction
sys_enter_rt_sigaction
sys_enter_rt_sigaction
sys_enter_rt_sigaction
sys_enter_rt_sigaction
sys_enter_rt_sigaction
sys_enter_rt_sigaction
sys_enter_rt_sigaction
sys_enter_rt_sigaction
sys_enter_rt_sigaction
sys_enter_rt_sigaction
sys_enter_rt_sigaction
sys_enter_rt_sigaction
sys_enter_rt_sigaction
sys_enter_rt_sigaction
sys_enter_rt_sigaction
sys_enter_rt_sigaction
sys_enter_rt_sigaction
sys_enter_rt_sigaction
sys_enter_rt_sigaction
sys_enter_rt_sigaction
sys_enter_rt_sigaction
sys_enter_rt_sigaction
sys_enter_rt_sigaction
sys_enter_rt_sigaction
sys_enter_rt_sigaction
sys_enter_rt_sigaction
sys_enter_rt_sigaction
sys_enter_rt_sigaction
sys_enter_rt_sigaction
sys_enter_rt_sigaction
sys_enter_rt_sigaction
sys_enter_rt_sigaction
sys_enter_rt_sigaction
sys_enter_rt_sigaction
sys_enter_rt_sigaction
sys_enter_rt_sigaction
sys_enter_rt_sigaction
sys_enter_rt_sigaction
sys_enter_rt_sigaction
sys_enter_rt_sigaction
sys_enter_rt_sigaction
sys_enter_rt_sigaction
sys_enter_rt_sigaction
sys_enter_rt_sigaction
sys_enter_rt_sigaction
sys_enter_rt_sigaction
sys_enter_rt_sigaction
sys_enter_rt_sigaction
sys_enter_rt_sigaction
sys_enter_rt_sigaction
sys_enter_rt_sigaction
sys_enter_rt_sigaction
sys_enter_rt_sigprocmask
sys_enter_clone
sys_enter_rt_sigprocmask
sys_enter_gettid
sys_enter_sigaltstack
sys_enter_sigaltstack
sys_enter_gettid
sys_enter_rt_sigprocmask
sys_enter_clone
sys_enter_rt_sigprocmask
sys_enter_rt_sigprocmask
sys_enter_gettid
sys_enter_sigaltstack
sys_enter_sigaltstack
sys_enter_gettid
sys_enter_rt_sigprocmask
sys_enter_rt_sigprocmask
sys_enter_clone
sys_enter_rt_sigprocmask
sys_enter_clone
sys_enter_rt_sigprocmask
sys_enter_futex
sys_enter_gettid
sys_enter_sigaltstack
sys_enter_sigaltstack
sys_enter_gettid
sys_enter_rt_sigprocmask
sys_enter_rt_sigprocmask
sys_enter_futex
sys_enter_futex
sys_enter_gettid
sys_enter_sigaltstack
sys_enter_sigaltstack
sys_enter_gettid
sys_enter_rt_sigprocmask
sys_enter_futex
sys_enter_futex
sys_enter_futex
sys_enter_futex
sys_enter_futex
sys_enter_futex
sys_enter_mmap
sys_enter_openat
sys_enter_futex
sys_enter_futex
sys_enter_read
sys_enter_read
sys_enter_close
sys_enter_socket
sys_enter_close
sys_enter_socket
sys_enter_setsockopt
sys_enter_bind
sys_enter_socket
sys_enter_setsockopt
sys_enter_bind
sys_enter_close
sys_enter_close
sys_enter_mmap
sys_enter_getpid
sys_enter_getppid
sys_enter_mmap
sys_enter_mmap
sys_enter_getppid
sys_enter_openat
sys_enter_pipe2
sys_enter_getpid
sys_enter_clone
sys_enter_setsid
sys_enter_close
sys_enter_chdir
sys_enter_read
sys_enter_execve
sys_enter_close
sys_enter_exit_group
sys_enter_mmap
sys_enter_mmap
sys_enter_mprotect
sys_enter_mmap
sys_enter_mmap
sys_enter_mprotect
sys_enter_mmap
sys_enter_mprotect
sys_enter_mmap
sys_enter_mprotect
sys_enter_mmap
sys_enter_mmap
sys_enter_close
sys_enter_munmap
sys_enter_sched_getaffinity
sys_enter_mmap
sys_enter_munmap
sys_enter_mmap
sys_enter_mmap
sys_enter_mmap
sys_enter_mmap
sys_enter_mmap
sys_enter_mmap
sys_enter_rt_sigprocmask
sys_enter_sigaltstack
sys_enter_sigaltstack
sys_enter_gettid
sys_enter_rt_sigprocmask
sys_enter_rt_sigaction
sys_enter_rt_sigaction
sys_enter_rt_sigaction
sys_enter_rt_sigaction
sys_enter_rt_sigaction
sys_enter_rt_sigaction
sys_enter_rt_sigaction
sys_enter_rt_sigaction
sys_enter_rt_sigaction
sys_enter_rt_sigaction
sys_enter_rt_sigaction
sys_enter_rt_sigaction
sys_enter_rt_sigaction
sys_enter_rt_sigaction
sys_enter_rt_sigaction
sys_enter_rt_sigaction
sys_enter_rt_sigaction
sys_enter_rt_sigaction
sys_enter_rt_sigaction
sys_enter_rt_sigaction
sys_enter_rt_sigaction
sys_enter_rt_sigaction
sys_enter_rt_sigaction
sys_enter_rt_sigaction
sys_enter_rt_sigaction
sys_enter_rt_sigaction
sys_enter_rt_sigaction
sys_enter_rt_sigaction
sys_enter_rt_sigaction
sys_enter_rt_sigaction
sys_enter_rt_sigaction
sys_enter_rt_sigaction
sys_enter_rt_sigaction
sys_enter_rt_sigaction
sys_enter_rt_sigaction
sys_enter_rt_sigaction
sys_enter_rt_sigaction
sys_enter_rt_sigaction
sys_enter_rt_sigaction
sys_enter_rt_sigaction
sys_enter_rt_sigaction
sys_enter_rt_sigaction
sys_enter_rt_sigaction
sys_enter_rt_sigaction
sys_enter_rt_sigaction
sys_enter_rt_sigaction
sys_enter_rt_sigaction
sys_enter_rt_sigaction
sys_enter_rt_sigaction
sys_enter_rt_sigaction
sys_enter_rt_sigaction
sys_enter_rt_sigaction
sys_enter_rt_sigaction
sys_enter_rt_sigaction
sys_enter_rt_sigaction
sys_enter_rt_sigaction
sys_enter_rt_sigaction
sys_enter_rt_sigaction
sys_enter_rt_sigaction
sys_enter_rt_sigaction
sys_enter_rt_sigaction
sys_enter_rt_sigaction
sys_enter_rt_sigaction
sys_enter_rt_sigaction
sys_enter_rt_sigaction
sys_enter_rt_sigaction
sys_enter_rt_sigaction
sys_enter_rt_sigaction
sys_enter_rt_sigaction
sys_enter_rt_sigaction
sys_enter_rt_sigaction
sys_enter_rt_sigaction
sys_enter_rt_sigaction
sys_enter_rt_sigaction
sys_enter_rt_sigaction
sys_enter_rt_sigaction
sys_enter_rt_sigaction
sys_enter_rt_sigaction
sys_enter_rt_sigaction
sys_enter_rt_sigaction
sys_enter_rt_sigaction
sys_enter_rt_sigaction
sys_enter_rt_sigaction
sys_enter_rt_sigaction
sys_enter_rt_sigaction
sys_enter_rt_sigaction
sys_enter_rt_sigaction
sys_enter_rt_sigaction
sys_enter_rt_sigaction
sys_enter_rt_sigaction
sys_enter_rt_sigaction
sys_enter_rt_sigaction
sys_enter_rt_sigaction
sys_enter_rt_sigaction
sys_enter_rt_sigaction
sys_enter_rt_sigaction
sys_enter_rt_sigaction
sys_enter_rt_sigaction
sys_enter_rt_sigaction
sys_enter_rt_sigaction
sys_enter_rt_sigaction
sys_enter_rt_sigaction
sys_enter_rt_sigaction
sys_enter_rt_sigaction
sys_enter_rt_sigaction
sys_enter_rt_sigaction
sys_enter_rt_sigaction
sys_enter_rt_sigaction
sys_enter_rt_sigaction
sys_enter_rt_sigaction
sys_enter_rt_sigaction
sys_enter_rt_sigaction
sys_enter_rt_sigaction
sys_enter_rt_sigaction
sys_enter_rt_sigprocmask
sys_enter_clone
sys_enter_rt_sigprocmask
sys_enter_rt_sigprocmask
sys_enter_gettid
sys_enter_sigaltstack
sys_enter_sigaltstack
sys_enter_gettid
sys_enter_rt_sigprocmask
sys_enter_clone
sys_enter_rt_sigprocmask
sys_enter_gettid
sys_enter_sigaltstack
sys_enter_sigaltstack
sys_enter_gettid
sys_enter_rt_sigprocmask
sys_enter_rt_sigprocmask
sys_enter_clone
sys_enter_rt_sigprocmask
sys_enter_clone
sys_enter_rt_sigprocmask
sys_enter_futex
sys_enter_gettid
sys_enter_sigaltstack
sys_enter_sigaltstack
sys_enter_gettid
sys_enter_rt_sigprocmask
sys_enter_futex
sys_enter_futex
sys_enter_rt_sigprocmask
sys_enter_gettid
sys_enter_sigaltstack
sys_enter_sigaltstack
sys_enter_gettid
sys_enter_rt_sigprocmask
sys_enter_futex
sys_enter_futex
sys_enter_futex
sys_enter_mmap
sys_enter_futex
sys_enter_futex
sys_enter_futex
sys_enter_openat
sys_enter_read
sys_enter_read
sys_enter_close
sys_enter_socket
sys_enter_close
sys_enter_socket
sys_enter_setsockopt
sys_enter_bind
sys_enter_socket
sys_enter_setsockopt
sys_enter_bind
sys_enter_close
sys_enter_close
sys_enter_getpid
sys_enter_getppid
sys_enter_mmap
sys_enter_mmap
sys_enter_getppid
sys_enter_openat
sys_enter_pipe2
sys_enter_getpid
sys_enter_clone
sys_enter_setsid
sys_enter_close
sys_enter_read
sys_enter_chdir
sys_enter_execve
sys_enter_close
sys_enter_exit_group
sys_enter_mmap
sys_enter_mmap
sys_enter_mprotect
sys_enter_mmap
sys_enter_mmap
sys_enter_mprotect
sys_enter_mmap
sys_enter_mprotect
sys_enter_mmap
sys_enter_mprotect
sys_enter_mmap
sys_enter_mmap
sys_enter_close
sys_enter_munmap
sys_enter_sched_getaffinity
sys_enter_mmap
sys_enter_munmap
sys_enter_mmap
sys_enter_mmap
sys_enter_mmap
sys_enter_mmap
sys_enter_mmap
sys_enter_mmap
sys_enter_rt_sigprocmask
sys_enter_sigaltstack
sys_enter_sigaltstack
sys_enter_gettid
sys_enter_rt_sigprocmask
sys_enter_rt_sigaction
sys_enter_rt_sigaction
sys_enter_rt_sigaction
sys_enter_rt_sigaction
sys_enter_rt_sigaction
sys_enter_rt_sigaction
sys_enter_rt_sigaction
sys_enter_rt_sigaction
sys_enter_rt_sigaction
sys_enter_rt_sigaction
sys_enter_rt_sigaction
sys_enter_rt_sigaction
sys_enter_rt_sigaction
sys_enter_rt_sigaction
sys_enter_rt_sigaction
sys_enter_rt_sigaction
sys_enter_rt_sigaction
sys_enter_rt_sigaction
sys_enter_rt_sigaction
sys_enter_rt_sigaction
sys_enter_rt_sigaction
sys_enter_rt_sigaction
sys_enter_rt_sigaction
sys_enter_rt_sigaction
sys_enter_rt_sigaction
sys_enter_rt_sigaction
sys_enter_rt_sigaction
sys_enter_rt_sigaction
sys_enter_rt_sigaction
sys_enter_rt_sigaction
sys_enter_rt_sigaction
sys_enter_rt_sigaction
sys_enter_rt_sigaction
sys_enter_rt_sigaction
sys_enter_rt_sigaction
sys_enter_rt_sigaction
sys_enter_rt_sigaction
sys_enter_rt_sigaction
sys_enter_rt_sigaction
sys_enter_rt_sigaction
sys_enter_rt_sigaction
sys_enter_rt_sigaction
sys_enter_rt_sigaction
sys_enter_rt_sigaction
sys_enter_rt_sigaction
sys_enter_rt_sigaction
sys_enter_rt_sigaction
sys_enter_rt_sigaction
sys_enter_rt_sigaction
sys_enter_rt_sigaction
sys_enter_rt_sigaction
sys_enter_rt_sigaction
sys_enter_rt_sigaction
sys_enter_rt_sigaction
sys_enter_rt_sigaction
sys_enter_rt_sigaction
sys_enter_rt_sigaction
sys_enter_rt_sigaction
sys_enter_rt_sigaction
sys_enter_rt_sigaction
sys_enter_rt_sigaction
sys_enter_rt_sigaction
sys_enter_rt_sigaction
sys_enter_rt_sigaction
sys_enter_rt_sigaction
sys_enter_rt_sigaction
sys_enter_rt_sigaction
sys_enter_rt_sigaction
sys_enter_rt_sigaction
sys_enter_rt_sigaction
sys_enter_rt_sigaction
sys_enter_rt_sigaction
sys_enter_rt_sigaction
sys_enter_rt_sigaction
sys_enter_rt_sigaction
sys_enter_rt_sigaction
sys_enter_rt_sigaction
sys_enter_rt_sigaction
sys_enter_rt_sigaction
sys_enter_rt_sigaction
sys_enter_rt_sigaction
sys_enter_rt_sigaction
sys_enter_rt_sigaction
sys_enter_rt_sigaction
sys_enter_rt_sigaction
sys_enter_rt_sigaction
sys_enter_rt_sigaction
sys_enter_rt_sigaction
sys_enter_rt_sigaction
sys_enter_rt_sigaction
sys_enter_rt_sigaction
sys_enter_rt_sigaction
sys_enter_rt_sigaction
sys_enter_rt_sigaction
sys_enter_rt_sigaction
sys_enter_rt_sigaction
sys_enter_rt_sigaction
sys_enter_rt_sigaction
sys_enter_rt_sigaction
sys_enter_rt_sigaction
sys_enter_rt_sigaction
sys_enter_rt_sigaction
sys_enter_rt_sigaction
sys_enter_rt_sigaction
sys_enter_rt_sigaction
sys_enter_rt_sigaction
sys_enter_rt_sigaction
sys_enter_rt_sigaction
sys_enter_rt_sigaction
sys_enter_rt_sigaction
sys_enter_rt_sigaction
sys_enter_rt_sigaction
sys_enter_rt_sigaction
sys_enter_rt_sigaction
sys_enter_rt_sigprocmask
sys_enter_clone
sys_enter_rt_sigprocmask
sys_enter_gettid
sys_enter_sigaltstack
sys_enter_sigaltstack
sys_enter_gettid
sys_enter_rt_sigprocmask
sys_enter_rt_sigprocmask
sys_enter_clone
sys_enter_rt_sigprocmask
sys_enter_gettid
sys_enter_sigaltstack
sys_enter_sigaltstack
sys_enter_gettid
sys_enter_rt_sigprocmask
sys_enter_clone
sys_enter_rt_sigprocmask
sys_enter_rt_sigprocmask
sys_enter_sched_yield
sys_enter_futex
sys_enter_futex
sys_enter_futex
sys_enter_gettid
sys_enter_sigaltstack
sys_enter_sigaltstack
sys_enter_gettid
sys_enter_rt_sigprocmask
sys_enter_futex
sys_enter_futex
sys_enter_futex
sys_enter_rt_sigprocmask
sys_enter_clone
sys_enter_gettid
sys_enter_sigaltstack
sys_enter_sigaltstack
sys_enter_gettid
sys_enter_rt_sigprocmask
sys_enter_futex
sys_enter_rt_sigprocmask
sys_enter_futex
sys_enter_futex
sys_enter_mmap
sys_enter_futex
sys_enter_futex
sys_enter_futex
sys_enter_openat
sys_enter_futex
sys_enter_futex
sys_enter_read
sys_enter_read
sys_enter_close
sys_enter_socket
sys_enter_close
sys_enter_socket
sys_enter_setsockopt
sys_enter_bind
sys_enter_socket
sys_enter_setsockopt
sys_enter_bind
sys_enter_close
sys_enter_close
sys_enter_mmap
sys_enter_getpid
sys_enter_getppid
sys_enter_mmap
sys_enter_mmap
sys_enter_mmap
sys_enter_getppid
sys_enter_openat
sys_enter_pipe2
sys_enter_getpid
sys_enter_clone
sys_enter_setsid
sys_enter_close
sys_enter_read
sys_enter_chdir
sys_enter_execve
sys_enter_close
sys_enter_exit_group
sys_enter_mmap
sys_enter_mmap
sys_enter_mprotect
sys_enter_mmap
sys_enter_mmap
sys_enter_mprotect
sys_enter_mmap
sys_enter_mprotect
sys_enter_mmap
sys_enter_mprotect
sys_enter_mmap
sys_enter_mmap
sys_enter_close
sys_enter_munmap
sys_enter_sched_getaffinity
sys_enter_mmap
sys_enter_munmap
sys_enter_mmap
sys_enter_mmap
sys_enter_mmap
sys_enter_mmap
sys_enter_mmap
sys_enter_mmap
sys_enter_rt_sigprocmask
sys_enter_sigaltstack
sys_enter_sigaltstack
sys_enter_gettid
sys_enter_rt_sigprocmask
sys_enter_rt_sigaction
sys_enter_rt_sigaction
sys_enter_rt_sigaction
sys_enter_rt_sigaction
sys_enter_rt_sigaction
sys_enter_rt_sigaction
sys_enter_rt_sigaction
sys_enter_rt_sigaction
sys_enter_rt_sigaction
sys_enter_rt_sigaction
sys_enter_rt_sigaction
sys_enter_rt_sigaction
sys_enter_rt_sigaction
sys_enter_rt_sigaction
sys_enter_rt_sigaction
sys_enter_rt_sigaction
sys_enter_rt_sigaction
sys_enter_rt_sigaction
sys_enter_rt_sigaction
sys_enter_rt_sigaction
sys_enter_rt_sigaction
sys_enter_rt_sigaction
sys_enter_rt_sigaction
sys_enter_rt_sigaction
sys_enter_rt_sigaction
sys_enter_rt_sigaction
sys_enter_rt_sigaction
sys_enter_rt_sigaction
sys_enter_rt_sigaction
sys_enter_rt_sigaction
sys_enter_rt_sigaction
sys_enter_rt_sigaction
sys_enter_rt_sigaction
sys_enter_rt_sigaction
sys_enter_rt_sigaction
sys_enter_rt_sigaction
sys_enter_rt_sigaction
sys_enter_rt_sigaction
sys_enter_rt_sigaction
sys_enter_rt_sigaction
sys_enter_rt_sigaction
sys_enter_rt_sigaction
sys_enter_rt_sigaction
sys_enter_rt_sigaction
sys_enter_rt_sigaction
sys_enter_rt_sigaction
sys_enter_rt_sigaction
sys_enter_rt_sigaction
sys_enter_rt_sigaction
sys_enter_rt_sigaction
sys_enter_rt_sigaction
sys_enter_rt_sigaction
sys_enter_rt_sigaction
sys_enter_rt_sigaction
sys_enter_rt_sigaction
sys_enter_rt_sigaction
sys_enter_rt_sigaction
sys_enter_rt_sigaction
sys_enter_rt_sigaction
sys_enter_rt_sigaction
sys_enter_rt_sigaction
sys_enter_rt_sigaction
sys_enter_rt_sigaction
sys_enter_rt_sigaction
sys_enter_rt_sigaction
sys_enter_rt_sigaction
sys_enter_rt_sigaction
sys_enter_rt_sigaction
sys_enter_rt_sigaction
sys_enter_rt_sigaction
sys_enter_rt_sigaction
sys_enter_rt_sigaction
sys_enter_rt_sigaction
sys_enter_rt_sigaction
sys_enter_rt_sigaction
sys_enter_rt_sigaction
sys_enter_rt_sigaction
sys_enter_rt_sigaction
sys_enter_rt_sigaction
sys_enter_rt_sigaction
sys_enter_rt_sigaction
sys_enter_rt_sigaction
sys_enter_rt_sigaction
sys_enter_rt_sigaction
sys_enter_rt_sigaction
sys_enter_rt_sigaction
sys_enter_rt_sigaction
sys_enter_rt_sigaction
sys_enter_rt_sigaction
sys_enter_rt_sigaction
sys_enter_rt_sigaction
sys_enter_rt_sigaction
sys_enter_rt_sigaction
sys_enter_rt_sigaction
sys_enter_rt_sigaction
sys_enter_rt_sigaction
sys_enter_rt_sigaction
sys_enter_rt_sigaction
sys_enter_rt_sigaction
sys_enter_rt_sigaction
sys_enter_rt_sigaction
sys_enter_rt_sigaction
sys_enter_rt_sigaction
sys_enter_rt_sigaction
sys_enter_rt_sigaction
sys_enter_rt_sigaction
sys_enter_rt_sigaction
sys_enter_rt_sigaction
sys_enter_rt_sigaction
sys_enter_rt_sigaction
sys_enter_rt_sigaction
sys_enter_rt_sigaction
sys_enter_rt_sigaction
sys_enter_rt_sigaction
sys_enter_rt_sigprocmask
sys_enter_clone
sys_enter_rt_sigprocmask
sys_enter_gettid
sys_enter_sigaltstack
sys_enter_sigaltstack
sys_enter_gettid
sys_enter_rt_sigprocmask
sys_enter_rt_sigprocmask
sys_enter_clone
sys_enter_rt_sigprocmask
sys_enter_gettid
sys_enter_sigaltstack
sys_enter_sigaltstack
sys_enter_gettid
sys_enter_rt_sigprocmask
sys_enter_rt_sigprocmask
sys_enter_clone
sys_enter_rt_sigprocmask
sys_enter_clone
sys_enter_rt_sigprocmask
sys_enter_futex
sys_enter_gettid
sys_enter_sigaltstack
sys_enter_sigaltstack
sys_enter_gettid
sys_enter_rt_sigprocmask
sys_enter_futex
sys_enter_futex
sys_enter_rt_sigprocmask
sys_enter_futex
sys_enter_gettid
sys_enter_sigaltstack
sys_enter_sigaltstack
sys_enter_gettid
sys_enter_rt_sigprocmask
sys_enter_futex
sys_enter_futex
sys_enter_mmap
sys_enter_futex
sys_enter_futex
sys_enter_futex
sys_enter_openat
sys_enter_read
sys_enter_read
sys_enter_close
sys_enter_socket
sys_enter_close
sys_enter_socket
sys_enter_setsockopt
sys_enter_bind
sys_enter_socket
sys_enter_setsockopt
sys_enter_bind
sys_enter_close
sys_enter_close
sys_enter_getpid
sys_enter_getppid
sys_enter_mmap
sys_enter_mmap
sys_enter_getppid
sys_enter_openat
sys_enter_pipe2
sys_enter_getpid
sys_enter_clone
sys_enter_setsid
sys_enter_close
sys_enter_read
sys_enter_chdir
sys_enter_execve
sys_enter_close
sys_enter_exit_group
sys_enter_mmap
sys_enter_mmap
sys_enter_mprotect
sys_enter_mmap
sys_enter_mmap
sys_enter_mprotect
sys_enter_mmap
sys_enter_mprotect
sys_enter_mmap
sys_enter_mprotect
sys_enter_mmap
sys_enter_mmap
sys_enter_close
sys_enter_munmap
sys_enter_sched_getaffinity
sys_enter_mmap
sys_enter_munmap
sys_enter_mmap
sys_enter_mmap
sys_enter_mmap
sys_enter_mmap
sys_enter_mmap
sys_enter_mmap
sys_enter_rt_sigprocmask
sys_enter_sigaltstack
sys_enter_sigaltstack
sys_enter_gettid
sys_enter_rt_sigprocmask
sys_enter_rt_sigaction
sys_enter_rt_sigaction
sys_enter_rt_sigaction
sys_enter_rt_sigaction
sys_enter_rt_sigaction
sys_enter_rt_sigaction
sys_enter_rt_sigaction
sys_enter_rt_sigaction
sys_enter_rt_sigaction
sys_enter_rt_sigaction
sys_enter_rt_sigaction
sys_enter_rt_sigaction
sys_enter_rt_sigaction
sys_enter_rt_sigaction
sys_enter_rt_sigaction
sys_enter_rt_sigaction
sys_enter_rt_sigaction
sys_enter_rt_sigaction
sys_enter_rt_sigaction
sys_enter_rt_sigaction
sys_enter_rt_sigaction
sys_enter_rt_sigaction
sys_enter_rt_sigaction
sys_enter_rt_sigaction
sys_enter_rt_sigaction
sys_enter_rt_sigaction
sys_enter_rt_sigaction
sys_enter_rt_sigaction
sys_enter_rt_sigaction
sys_enter_rt_sigaction
sys_enter_rt_sigaction
sys_enter_rt_sigaction
sys_enter_rt_sigaction
sys_enter_rt_sigaction
sys_enter_rt_sigaction
sys_enter_rt_sigaction
sys_enter_rt_sigaction
sys_enter_rt_sigaction
sys_enter_rt_sigaction
sys_enter_rt_sigaction
sys_enter_rt_sigaction
sys_enter_rt_sigaction
sys_enter_rt_sigaction
sys_enter_rt_sigaction
sys_enter_rt_sigaction
sys_enter_rt_sigaction
sys_enter_rt_sigaction
sys_enter_rt_sigaction
sys_enter_rt_sigaction
sys_enter_rt_sigaction
sys_enter_rt_sigaction
sys_enter_rt_sigaction
sys_enter_rt_sigaction
sys_enter_rt_sigaction
sys_enter_rt_sigaction
sys_enter_rt_sigaction
sys_enter_rt_sigaction
sys_enter_rt_sigaction
sys_enter_rt_sigaction
sys_enter_rt_sigaction
sys_enter_rt_sigaction
sys_enter_rt_sigaction
sys_enter_rt_sigaction
sys_enter_rt_sigaction
sys_enter_rt_sigaction
sys_enter_rt_sigaction
sys_enter_rt_sigaction
sys_enter_rt_sigaction
sys_enter_rt_sigaction
sys_enter_rt_sigaction
sys_enter_rt_sigaction
sys_enter_rt_sigaction
sys_enter_rt_sigaction
sys_enter_rt_sigaction
sys_enter_rt_sigaction
sys_enter_rt_sigaction
sys_enter_rt_sigaction
sys_enter_rt_sigaction
sys_enter_rt_sigaction
sys_enter_rt_sigaction
sys_enter_rt_sigaction
sys_enter_rt_sigaction
sys_enter_rt_sigaction
sys_enter_rt_sigaction
sys_enter_rt_sigaction
sys_enter_rt_sigaction
sys_enter_rt_sigaction
sys_enter_rt_sigaction
sys_enter_rt_sigaction
sys_enter_rt_sigaction
sys_enter_rt_sigaction
sys_enter_rt_sigaction
sys_enter_rt_sigaction
sys_enter_rt_sigaction
sys_enter_rt_sigaction
sys_enter_rt_sigaction
sys_enter_rt_sigaction
sys_enter_rt_sigaction
sys_enter_rt_sigaction
sys_enter_rt_sigaction
sys_enter_rt_sigaction
sys_enter_rt_sigaction
sys_enter_rt_sigaction
sys_enter_rt_sigaction
sys_enter_rt_sigaction
sys_enter_rt_sigaction
sys_enter_rt_sigaction
sys_enter_rt_sigaction
sys_enter_rt_sigaction
sys_enter_rt_sigaction
sys_enter_rt_sigaction
sys_enter_rt_sigaction
sys_enter_rt_sigaction
sys_enter_rt_sigaction
sys_enter_rt_sigprocmask
sys_enter_clone
sys_enter_rt_sigprocmask
sys_enter_gettid
sys_enter_sigaltstack
sys_enter_sigaltstack
sys_enter_gettid
sys_enter_rt_sigprocmask
sys_enter_rt_sigprocmask
sys_enter_clone
sys_enter_rt_sigprocmask
sys_enter_gettid
sys_enter_sigaltstack
sys_enter_sigaltstack
sys_enter_gettid
sys_enter_rt_sigprocmask
sys_enter_clone
sys_enter_rt_sigprocmask
sys_enter_rt_sigprocmask
sys_enter_futex
sys_enter_gettid
sys_enter_rt_sigprocmask
sys_enter_clone
sys_enter_sigaltstack
sys_enter_sigaltstack
sys_enter_gettid
sys_enter_rt_sigprocmask
sys_enter_futex
sys_enter_rt_sigprocmask
sys_enter_gettid
sys_enter_futex
sys_enter_futex
sys_enter_sigaltstack
sys_enter_sigaltstack
sys_enter_gettid
sys_enter_rt_sigprocmask
sys_enter_futex
sys_enter_futex
sys_enter_mmap
sys_enter_futex
sys_enter_futex
sys_enter_futex
sys_enter_openat
sys_enter_futex
sys_enter_futex
sys_enter_read
sys_enter_read
sys_enter_close
sys_enter_socket
sys_enter_close
sys_enter_socket
sys_enter_setsockopt
sys_enter_bind
sys_enter_socket
sys_enter_setsockopt
sys_enter_bind
sys_enter_close
sys_enter_close
sys_enter_mmap
sys_enter_getpid
sys_enter_getppid
sys_enter_mmap
sys_enter_mmap
sys_enter_mmap
sys_enter_getppid
sys_enter_openat
sys_enter_pipe2
sys_enter_getpid
sys_enter_clone
sys_enter_setsid
sys_enter_close
sys_enter_read
sys_enter_chdir
sys_enter_execve
sys_enter_close
sys_enter_exit_group
sys_enter_mmap
sys_enter_mmap
sys_enter_mprotect
sys_enter_mmap
sys_enter_mmap
sys_enter_mprotect
sys_enter_mmap
sys_enter_mprotect
sys_enter_mmap
sys_enter_mprotect
sys_enter_mmap
sys_enter_mmap
sys_enter_close
sys_enter_munmap
sys_enter_sched_getaffinity
sys_enter_mmap
sys_enter_munmap
sys_enter_mmap
sys_enter_mmap
sys_enter_mmap
sys_enter_mmap
sys_enter_mmap
sys_enter_mmap
sys_enter_rt_sigprocmask
sys_enter_sigaltstack
sys_enter_sigaltstack
sys_enter_gettid
sys_enter_rt_sigprocmask
sys_enter_rt_sigaction
sys_enter_rt_sigaction
sys_enter_rt_sigaction
sys_enter_rt_sigaction
sys_enter_rt_sigaction
sys_enter_rt_sigaction
sys_enter_rt_sigaction
sys_enter_rt_sigaction
sys_enter_rt_sigaction
sys_enter_rt_sigaction
sys_enter_rt_sigaction
sys_enter_rt_sigaction
sys_enter_rt_sigaction
sys_enter_rt_sigaction
sys_enter_rt_sigaction
sys_enter_rt_sigaction
sys_enter_rt_sigaction
sys_enter_rt_sigaction
sys_enter_rt_sigaction
sys_enter_rt_sigaction
sys_enter_rt_sigaction
sys_enter_rt_sigaction
sys_enter_rt_sigaction
sys_enter_rt_sigaction
sys_enter_rt_sigaction
sys_enter_rt_sigaction
sys_enter_rt_sigaction
sys_enter_rt_sigaction
sys_enter_rt_sigaction
sys_enter_rt_sigaction
sys_enter_rt_sigaction
sys_enter_rt_sigaction
sys_enter_rt_sigaction
sys_enter_rt_sigaction
sys_enter_rt_sigaction
sys_enter_rt_sigaction
sys_enter_rt_sigaction
sys_enter_rt_sigaction
sys_enter_rt_sigaction
sys_enter_rt_sigaction
sys_enter_rt_sigaction
sys_enter_rt_sigaction
sys_enter_rt_sigaction
sys_enter_rt_sigaction
sys_enter_rt_sigaction
sys_enter_rt_sigaction
sys_enter_rt_sigaction
sys_enter_rt_sigaction
sys_enter_rt_sigaction
sys_enter_rt_sigaction
sys_enter_rt_sigaction
sys_enter_rt_sigaction
sys_enter_rt_sigaction
sys_enter_rt_sigaction
sys_enter_rt_sigaction
sys_enter_rt_sigaction
sys_enter_rt_sigaction
sys_enter_rt_sigaction
sys_enter_rt_sigaction
sys_enter_rt_sigaction
sys_enter_rt_sigaction
sys_enter_rt_sigaction
sys_enter_rt_sigaction
sys_enter_rt_sigaction
sys_enter_rt_sigaction
sys_enter_rt_sigaction
sys_enter_rt_sigaction
sys_enter_rt_sigaction
sys_enter_rt_sigaction
sys_enter_rt_sigaction
sys_enter_rt_sigaction
sys_enter_rt_sigaction
sys_enter_rt_sigaction
sys_enter_rt_sigaction
sys_enter_rt_sigaction
sys_enter_rt_sigaction
sys_enter_rt_sigaction
sys_enter_rt_sigaction
sys_enter_rt_sigaction
sys_enter_rt_sigaction
sys_enter_rt_sigaction
sys_enter_rt_sigaction
sys_enter_rt_sigaction
sys_enter_rt_sigaction
sys_enter_rt_sigaction
sys_enter_rt_sigaction
sys_enter_rt_sigaction
sys_enter_rt_sigaction
sys_enter_rt_sigaction
sys_enter_rt_sigaction
sys_enter_rt_sigaction
sys_enter_rt_sigaction
sys_enter_rt_sigaction
sys_enter_rt_sigaction
sys_enter_rt_sigaction
sys_enter_rt_sigaction
sys_enter_rt_sigaction
sys_enter_rt_sigaction
sys_enter_rt_sigaction
sys_enter_rt_sigaction
sys_enter_rt_sigaction
sys_enter_rt_sigaction
sys_enter_rt_sigaction
sys_enter_rt_sigaction
sys_enter_rt_sigaction
sys_enter_rt_sigaction
sys_enter_rt_sigaction
sys_enter_rt_sigaction
sys_enter_rt_sigaction
sys_enter_rt_sigaction
sys_enter_rt_sigaction
sys_enter_rt_sigaction
sys_enter_rt_sigaction
sys_enter_rt_sigaction
sys_enter_rt_sigprocmask
sys_enter_clone
sys_enter_rt_sigprocmask
sys_enter_gettid
sys_enter_sigaltstack
sys_enter_sigaltstack
sys_enter_gettid
sys_enter_rt_sigprocmask
sys_enter_rt_sigprocmask
sys_enter_clone
sys_enter_rt_sigprocmask
sys_enter_gettid
sys_enter_sigaltstack
sys_enter_sigaltstack
sys_enter_rt_sigprocmask
sys_enter_clone
sys_enter_gettid
sys_enter_rt_sigprocmask
sys_enter_rt_sigprocmask
sys_enter_sched_yield
sys_enter_gettid
sys_enter_futex
sys_enter_sigaltstack
sys_enter_sigaltstack
sys_enter_futex
sys_enter_gettid
sys_enter_rt_sigprocmask
sys_enter_clone
sys_enter_rt_sigprocmask
sys_enter_futex
sys_enter_futex
sys_enter_rt_sigprocmask
sys_enter_futex
sys_enter_gettid
sys_enter_sigaltstack
sys_enter_sigaltstack
sys_enter_gettid
sys_enter_rt_sigprocmask
sys_enter_futex
sys_enter_futex
sys_enter_mmap
sys_enter_futex
sys_enter_futex
sys_enter_futex
sys_enter_openat
sys_enter_read
sys_enter_read
sys_enter_close
sys_enter_socket
sys_enter_close
sys_enter_socket
sys_enter_setsockopt
sys_enter_bind
sys_enter_socket
sys_enter_setsockopt
sys_enter_bind
sys_enter_close
sys_enter_close
sys_enter_getpid
sys_enter_getppid
sys_enter_mmap
sys_enter_mmap
sys_enter_getppid
sys_enter_openat
sys_enter_pipe2
sys_enter_getpid
sys_enter_clone
sys_enter_setsid
sys_enter_close
sys_enter_read
sys_enter_chdir
sys_enter_execve
sys_enter_close
sys_enter_exit_group
sys_enter_mmap
sys_enter_mmap
sys_enter_mprotect
sys_enter_mmap
sys_enter_mmap
sys_enter_mprotect
sys_enter_mmap
sys_enter_mprotect
sys_enter_mmap
sys_enter_mprotect
sys_enter_mmap
sys_enter_mmap
sys_enter_close
sys_enter_munmap
sys_enter_sched_getaffinity
sys_enter_mmap
sys_enter_munmap
sys_enter_mmap
sys_enter_mmap
sys_enter_mmap
sys_enter_mmap
sys_enter_mmap
sys_enter_mmap
sys_enter_rt_sigprocmask
sys_enter_sigaltstack
sys_enter_sigaltstack
sys_enter_gettid
sys_enter_rt_sigprocmask
sys_enter_rt_sigaction
sys_enter_rt_sigaction
sys_enter_rt_sigaction
sys_enter_rt_sigaction
sys_enter_rt_sigaction
sys_enter_rt_sigaction
sys_enter_rt_sigaction
sys_enter_rt_sigaction
sys_enter_rt_sigaction
sys_enter_rt_sigaction
sys_enter_rt_sigaction
sys_enter_rt_sigaction
sys_enter_rt_sigaction
sys_enter_rt_sigaction
sys_enter_rt_sigaction
sys_enter_rt_sigaction
sys_enter_rt_sigaction
sys_enter_rt_sigaction
sys_enter_rt_sigaction
sys_enter_rt_sigaction
sys_enter_rt_sigaction
sys_enter_rt_sigaction
sys_enter_rt_sigaction
sys_enter_rt_sigaction
sys_enter_rt_sigaction
sys_enter_rt_sigaction
sys_enter_rt_sigaction
sys_enter_rt_sigaction
sys_enter_rt_sigaction
sys_enter_rt_sigaction
sys_enter_rt_sigaction
sys_enter_rt_sigaction
sys_enter_rt_sigaction
sys_enter_rt_sigaction
sys_enter_rt_sigaction
sys_enter_rt_sigaction
sys_enter_rt_sigaction
sys_enter_rt_sigaction
sys_enter_rt_sigaction
sys_enter_rt_sigaction
sys_enter_rt_sigaction
sys_enter_rt_sigaction
sys_enter_rt_sigaction
sys_enter_rt_sigaction
sys_enter_rt_sigaction
sys_enter_rt_sigaction
sys_enter_rt_sigaction
sys_enter_rt_sigaction
sys_enter_rt_sigaction
sys_enter_rt_sigaction
sys_enter_rt_sigaction
sys_enter_rt_sigaction
sys_enter_rt_sigaction
sys_enter_rt_sigaction
sys_enter_rt_sigaction
sys_enter_rt_sigaction
sys_enter_rt_sigaction
sys_enter_rt_sigaction
sys_enter_rt_sigaction
sys_enter_rt_sigaction
sys_enter_rt_sigaction
sys_enter_rt_sigaction
sys_enter_rt_sigaction
sys_enter_rt_sigaction
sys_enter_rt_sigaction
sys_enter_rt_sigaction
sys_enter_rt_sigaction
sys_enter_rt_sigaction
sys_enter_rt_sigaction
sys_enter_rt_sigaction
sys_enter_rt_sigaction
sys_enter_rt_sigaction
sys_enter_rt_sigaction
sys_enter_rt_sigaction
sys_enter_rt_sigaction
sys_enter_rt_sigaction
sys_enter_rt_sigaction
sys_enter_rt_sigaction
sys_enter_rt_sigaction
sys_enter_rt_sigaction
sys_enter_rt_sigaction
sys_enter_rt_sigaction
sys_enter_rt_sigaction
sys_enter_rt_sigaction
sys_enter_rt_sigaction
sys_enter_rt_sigaction
sys_enter_rt_sigaction
sys_enter_rt_sigaction
sys_enter_rt_sigaction
sys_enter_rt_sigaction
sys_enter_rt_sigaction
sys_enter_rt_sigaction
sys_enter_rt_sigaction
sys_enter_rt_sigaction
sys_enter_rt_sigaction
sys_enter_rt_sigaction
sys_enter_rt_sigaction
sys_enter_rt_sigaction
sys_enter_rt_sigaction
sys_enter_rt_sigaction
sys_enter_rt_sigaction
sys_enter_rt_sigaction
sys_enter_rt_sigaction
sys_enter_rt_sigaction
sys_enter_rt_sigaction
sys_enter_rt_sigaction
sys_enter_rt_sigaction
sys_enter_rt_sigaction
sys_enter_rt_sigaction
sys_enter_rt_sigaction
sys_enter_rt_sigaction
sys_enter_rt_sigaction
sys_enter_rt_sigaction
sys_enter_rt_sigaction
sys_enter_rt_sigprocmask
sys_enter_clone
sys_enter_rt_sigprocmask
sys_enter_gettid
sys_enter_sigaltstack
sys_enter_sigaltstack
sys_enter_gettid
sys_enter_rt_sigprocmask
sys_enter_rt_sigprocmask
sys_enter_clone
sys_enter_rt_sigprocmask
sys_enter_gettid
sys_enter_sigaltstack
sys_enter_sigaltstack
sys_enter_gettid
sys_enter_rt_sigprocmask
sys_enter_rt_sigprocmask
sys_enter_clone
sys_enter_rt_sigprocmask
sys_enter_futex
sys_enter_gettid
sys_enter_rt_sigprocmask
sys_enter_clone
sys_enter_sigaltstack
sys_enter_sigaltstack
sys_enter_gettid
sys_enter_rt_sigprocmask
sys_enter_futex
sys_enter_rt_sigprocmask
sys_enter_gettid
sys_enter_futex
sys_enter_futex
sys_enter_sigaltstack
sys_enter_sigaltstack
sys_enter_gettid
sys_enter_rt_sigprocmask
sys_enter_futex
sys_enter_futex
sys_enter_mmap
sys_enter_futex
sys_enter_futex
sys_enter_futex
sys_enter_openat
sys_enter_read
sys_enter_read
sys_enter_close
sys_enter_socket
sys_enter_close
sys_enter_socket
sys_enter_setsockopt
sys_enter_bind
sys_enter_socket
sys_enter_setsockopt
sys_enter_bind
sys_enter_close
sys_enter_close
sys_enter_getpid
sys_enter_getppid
sys_enter_mmap
sys_enter_mmap
sys_enter_getppid
sys_enter_openat
sys_enter_pipe2
sys_enter_getpid
sys_enter_clone
sys_enter_close
sys_enter_read
sys_enter_setsid
sys_enter_chdir
sys_enter_execve
sys_enter_close
sys_enter_exit_group
sys_enter_mmap
sys_enter_mmap
sys_enter_mprotect
sys_enter_mmap
sys_enter_mmap
sys_enter_mprotect
sys_enter_mmap
sys_enter_mprotect
sys_enter_mmap
sys_enter_mprotect
sys_enter_mmap
sys_enter_mmap
sys_enter_close
sys_enter_munmap
sys_enter_sched_getaffinity
sys_enter_mmap
sys_enter_munmap
sys_enter_mmap
sys_enter_mmap
sys_enter_mmap
sys_enter_mmap
sys_enter_mmap
sys_enter_mmap
sys_enter_rt_sigprocmask
sys_enter_sigaltstack
sys_enter_sigaltstack
sys_enter_gettid
sys_enter_rt_sigprocmask
sys_enter_rt_sigaction
sys_enter_rt_sigaction
sys_enter_rt_sigaction
sys_enter_rt_sigaction
sys_enter_rt_sigaction
sys_enter_rt_sigaction
sys_enter_rt_sigaction
sys_enter_rt_sigaction
sys_enter_rt_sigaction
sys_enter_rt_sigaction
sys_enter_rt_sigaction
sys_enter_rt_sigaction
sys_enter_rt_sigaction
sys_enter_rt_sigaction
sys_enter_rt_sigaction
sys_enter_rt_sigaction
sys_enter_rt_sigaction
sys_enter_rt_sigaction
sys_enter_rt_sigaction
sys_enter_rt_sigaction
sys_enter_rt_sigaction
sys_enter_rt_sigaction
sys_enter_rt_sigaction
sys_enter_rt_sigaction
sys_enter_rt_sigaction
sys_enter_rt_sigaction
sys_enter_rt_sigaction
sys_enter_rt_sigaction
sys_enter_rt_sigaction
sys_enter_rt_sigaction
sys_enter_rt_sigaction
sys_enter_rt_sigaction
sys_enter_rt_sigaction
sys_enter_rt_sigaction
sys_enter_rt_sigaction
sys_enter_rt_sigaction
sys_enter_rt_sigaction
sys_enter_rt_sigaction
sys_enter_rt_sigaction
sys_enter_rt_sigaction
sys_enter_rt_sigaction
sys_enter_rt_sigaction
sys_enter_rt_sigaction
sys_enter_rt_sigaction
sys_enter_rt_sigaction
sys_enter_rt_sigaction
sys_enter_rt_sigaction
sys_enter_rt_sigaction
sys_enter_rt_sigaction
sys_enter_rt_sigaction
sys_enter_rt_sigaction
sys_enter_rt_sigaction
sys_enter_rt_sigaction
sys_enter_rt_sigaction
sys_enter_rt_sigaction
sys_enter_rt_sigaction
sys_enter_rt_sigaction
sys_enter_rt_sigaction
sys_enter_rt_sigaction
sys_enter_rt_sigaction
sys_enter_rt_sigaction
sys_enter_rt_sigaction
sys_enter_rt_sigaction
sys_enter_rt_sigaction
sys_enter_rt_sigaction
sys_enter_rt_sigaction
sys_enter_rt_sigaction
sys_enter_rt_sigaction
sys_enter_rt_sigaction
sys_enter_rt_sigaction
sys_enter_rt_sigaction
sys_enter_rt_sigaction
sys_enter_rt_sigaction
sys_enter_rt_sigaction
sys_enter_rt_sigaction
sys_enter_rt_sigaction
sys_enter_rt_sigaction
sys_enter_rt_sigaction
sys_enter_rt_sigaction
sys_enter_rt_sigaction
sys_enter_rt_sigaction
sys_enter_rt_sigaction
sys_enter_rt_sigaction
sys_enter_rt_sigaction
sys_enter_rt_sigaction
sys_enter_rt_sigaction
sys_enter_rt_sigaction
sys_enter_rt_sigaction
sys_enter_rt_sigaction
sys_enter_rt_sigaction
sys_enter_rt_sigaction
sys_enter_rt_sigaction
sys_enter_rt_sigaction
sys_enter_rt_sigaction
sys_enter_rt_sigaction
sys_enter_rt_sigaction
sys_enter_rt_sigaction
sys_enter_rt_sigaction
sys_enter_rt_sigaction
sys_enter_rt_sigaction
sys_enter_rt_sigaction
sys_enter_rt_sigaction
sys_enter_rt_sigaction
sys_enter_rt_sigaction
sys_enter_rt_sigaction
sys_enter_rt_sigaction
sys_enter_rt_sigaction
sys_enter_rt_sigaction
sys_enter_rt_sigaction
sys_enter_rt_sigaction
sys_enter_rt_sigaction
sys_enter_rt_sigaction
sys_enter_rt_sigaction
sys_enter_rt_sigaction
sys_enter_rt_sigprocmask
sys_enter_clone
sys_enter_rt_sigprocmask
sys_enter_gettid
sys_enter_sigaltstack
sys_enter_sigaltstack
sys_enter_gettid
sys_enter_rt_sigprocmask
sys_enter_rt_sigprocmask
sys_enter_clone
sys_enter_rt_sigprocmask
sys_enter_gettid
sys_enter_sigaltstack
sys_enter_sigaltstack
sys_enter_gettid
sys_enter_rt_sigprocmask
sys_enter_rt_sigprocmask
sys_enter_clone
sys_enter_rt_sigprocmask
sys_enter_clone
sys_enter_rt_sigprocmask
sys_enter_futex
sys_enter_gettid
sys_enter_sigaltstack
sys_enter_sigaltstack
sys_enter_rt_sigprocmask
sys_enter_gettid
sys_enter_rt_sigprocmask
sys_enter_futex
sys_enter_futex
sys_enter_gettid
sys_enter_sigaltstack
sys_enter_sigaltstack
sys_enter_gettid
sys_enter_rt_sigprocmask
sys_enter_futex
sys_enter_futex
sys_enter_futex
sys_enter_mmap
sys_enter_futex
sys_enter_futex
sys_enter_futex
sys_enter_openat
sys_enter_read
sys_enter_read
sys_enter_close
sys_enter_socket
sys_enter_close
sys_enter_socket
sys_enter_setsockopt
sys_enter_bind
sys_enter_socket
sys_enter_setsockopt
sys_enter_bind
sys_enter_close
sys_enter_close
sys_enter_getpid
sys_enter_getppid
sys_enter_mmap
sys_enter_mmap
sys_enter_getppid
sys_enter_openat
sys_enter_pipe2
sys_enter_getpid
sys_enter_clone
sys_enter_close
sys_enter_read
sys_enter_setsid
sys_enter_chdir
sys_enter_execve
sys_enter_close
sys_enter_exit_group
sys_enter_mmap
sys_enter_mmap
sys_enter_mprotect
sys_enter_mmap
sys_enter_mmap
sys_enter_mprotect
sys_enter_mmap
sys_enter_mprotect
sys_enter_mmap
sys_enter_mprotect
sys_enter_mmap
sys_enter_mmap
sys_enter_close
sys_enter_munmap
sys_enter_sched_getaffinity
sys_enter_mmap
sys_enter_munmap
sys_enter_mmap
sys_enter_mmap
sys_enter_mmap
sys_enter_mmap
sys_enter_mmap
sys_enter_mmap
sys_enter_rt_sigprocmask
sys_enter_sigaltstack
sys_enter_sigaltstack
sys_enter_gettid
sys_enter_rt_sigprocmask
sys_enter_rt_sigaction
sys_enter_rt_sigaction
sys_enter_rt_sigaction
sys_enter_rt_sigaction
sys_enter_rt_sigaction
sys_enter_rt_sigaction
sys_enter_rt_sigaction
sys_enter_rt_sigaction
sys_enter_rt_sigaction
sys_enter_rt_sigaction
sys_enter_rt_sigaction
sys_enter_rt_sigaction
sys_enter_rt_sigaction
sys_enter_rt_sigaction
sys_enter_rt_sigaction
sys_enter_rt_sigaction
sys_enter_rt_sigaction
sys_enter_rt_sigaction
sys_enter_rt_sigaction
sys_enter_rt_sigaction
sys_enter_rt_sigaction
sys_enter_rt_sigaction
sys_enter_rt_sigaction
sys_enter_rt_sigaction
sys_enter_rt_sigaction
sys_enter_rt_sigaction
sys_enter_rt_sigaction
sys_enter_rt_sigaction
sys_enter_rt_sigaction
sys_enter_rt_sigaction
sys_enter_rt_sigaction
sys_enter_rt_sigaction
sys_enter_rt_sigaction
sys_enter_rt_sigaction
sys_enter_rt_sigaction
sys_enter_rt_sigaction
sys_enter_rt_sigaction
sys_enter_rt_sigaction
sys_enter_rt_sigaction
sys_enter_rt_sigaction
sys_enter_rt_sigaction
sys_enter_rt_sigaction
sys_enter_rt_sigaction
sys_enter_rt_sigaction
sys_enter_rt_sigaction
sys_enter_rt_sigaction
sys_enter_rt_sigaction
sys_enter_rt_sigaction
sys_enter_rt_sigaction
sys_enter_rt_sigaction
sys_enter_rt_sigaction
sys_enter_rt_sigaction
sys_enter_rt_sigaction
sys_enter_rt_sigaction
sys_enter_rt_sigaction
sys_enter_rt_sigaction
sys_enter_rt_sigaction
sys_enter_rt_sigaction
sys_enter_rt_sigaction
sys_enter_rt_sigaction
sys_enter_rt_sigaction
sys_enter_rt_sigaction
sys_enter_rt_sigaction
sys_enter_rt_sigaction
sys_enter_rt_sigaction
sys_enter_rt_sigaction
sys_enter_rt_sigaction
sys_enter_rt_sigaction
sys_enter_rt_sigaction
sys_enter_rt_sigaction
sys_enter_rt_sigaction
sys_enter_rt_sigaction
sys_enter_rt_sigaction
sys_enter_rt_sigaction
sys_enter_rt_sigaction
sys_enter_rt_sigaction
sys_enter_rt_sigaction
sys_enter_rt_sigaction
sys_enter_rt_sigaction
sys_enter_rt_sigaction
sys_enter_rt_sigaction
sys_enter_rt_sigaction
sys_enter_rt_sigaction
sys_enter_rt_sigaction
sys_enter_rt_sigaction
sys_enter_rt_sigaction
sys_enter_rt_sigaction
sys_enter_rt_sigaction
sys_enter_rt_sigaction
sys_enter_rt_sigaction
sys_enter_rt_sigaction
sys_enter_rt_sigaction
sys_enter_rt_sigaction
sys_enter_rt_sigaction
sys_enter_rt_sigaction
sys_enter_rt_sigaction
sys_enter_rt_sigaction
sys_enter_rt_sigaction
sys_enter_rt_sigaction
sys_enter_rt_sigaction
sys_enter_rt_sigaction
sys_enter_rt_sigaction
sys_enter_rt_sigaction
sys_enter_rt_sigaction
sys_enter_rt_sigaction
sys_enter_rt_sigaction
sys_enter_rt_sigaction
sys_enter_rt_sigaction
sys_enter_rt_sigaction
sys_enter_rt_sigaction
sys_enter_rt_sigaction
sys_enter_rt_sigaction
sys_enter_rt_sigaction
sys_enter_rt_sigaction
sys_enter_rt_sigprocmask
sys_enter_clone
sys_enter_rt_sigprocmask
sys_enter_gettid
sys_enter_sigaltstack
sys_enter_sigaltstack
sys_enter_gettid
sys_enter_rt_sigprocmask
sys_enter_rt_sigprocmask
sys_enter_clone
sys_enter_rt_sigprocmask
sys_enter_gettid
sys_enter_sigaltstack
sys_enter_sigaltstack
sys_enter_rt_sigprocmask
sys_enter_clone
sys_enter_gettid
sys_enter_rt_sigprocmask
sys_enter_rt_sigprocmask
sys_enter_sched_yield
sys_enter_gettid
sys_enter_futex
sys_enter_sigaltstack
sys_enter_sigaltstack
sys_enter_futex
sys_enter_futex
sys_enter_gettid
sys_enter_rt_sigprocmask
sys_enter_futex
sys_enter_futex
sys_enter_futex
sys_enter_rt_sigprocmask
sys_enter_clone
sys_enter_rt_sigprocmask
sys_enter_futex
sys_enter_gettid
sys_enter_sigaltstack
sys_enter_sigaltstack
sys_enter_gettid
sys_enter_rt_sigprocmask
sys_enter_mmap
sys_enter_futex
sys_enter_futex
sys_enter_futex
sys_enter_openat
sys_enter_read
sys_enter_read
sys_enter_close
sys_enter_socket
sys_enter_close
sys_enter_socket
sys_enter_setsockopt
sys_enter_bind
sys_enter_socket
sys_enter_setsockopt
sys_enter_bind
sys_enter_close
sys_enter_close
sys_enter_getpid
sys_enter_getppid
sys_enter_mmap
sys_enter_mmap
sys_enter_getppid
sys_enter_openat
sys_enter_pipe2
sys_enter_getpid
sys_enter_clone
sys_enter_setsid
sys_enter_close
sys_enter_read
sys_enter_chdir
sys_enter_execve
sys_enter_close
sys_enter_mmap
sys_enter_mmap
sys_enter_exit_group
sys_enter_mprotect
sys_enter_mmap
sys_enter_mmap
sys_enter_mprotect
sys_enter_mmap
sys_enter_mprotect
sys_enter_mmap
sys_enter_mprotect
sys_enter_mmap
sys_enter_mmap
sys_enter_close
sys_enter_munmap
sys_enter_sched_getaffinity
sys_enter_mmap
sys_enter_munmap
sys_enter_mmap
sys_enter_mmap
sys_enter_mmap
sys_enter_mmap
sys_enter_mmap
sys_enter_mmap
sys_enter_rt_sigprocmask
sys_enter_sigaltstack
sys_enter_sigaltstack
sys_enter_gettid
sys_enter_rt_sigprocmask
sys_enter_rt_sigaction
sys_enter_rt_sigaction
sys_enter_rt_sigaction
sys_enter_rt_sigaction
sys_enter_rt_sigaction
sys_enter_rt_sigaction
sys_enter_rt_sigaction
sys_enter_rt_sigaction
sys_enter_rt_sigaction
sys_enter_rt_sigaction
sys_enter_rt_sigaction
sys_enter_rt_sigaction
sys_enter_rt_sigaction
sys_enter_rt_sigaction
sys_enter_rt_sigaction
sys_enter_rt_sigaction
sys_enter_rt_sigaction
sys_enter_rt_sigaction
sys_enter_rt_sigaction
sys_enter_rt_sigaction
sys_enter_rt_sigaction
sys_enter_rt_sigaction
sys_enter_rt_sigaction
sys_enter_rt_sigaction
sys_enter_rt_sigaction
sys_enter_rt_sigaction
sys_enter_rt_sigaction
sys_enter_rt_sigaction
sys_enter_rt_sigaction
sys_enter_rt_sigaction
sys_enter_rt_sigaction
sys_enter_rt_sigaction
sys_enter_rt_sigaction
sys_enter_rt_sigaction
sys_enter_rt_sigaction
sys_enter_rt_sigaction
sys_enter_rt_sigaction
sys_enter_rt_sigaction
sys_enter_rt_sigaction
sys_enter_rt_sigaction
sys_enter_rt_sigaction
sys_enter_rt_sigaction
sys_enter_rt_sigaction
sys_enter_rt_sigaction
sys_enter_rt_sigaction
sys_enter_rt_sigaction
sys_enter_rt_sigaction
sys_enter_rt_sigaction
sys_enter_rt_sigaction
sys_enter_rt_sigaction
sys_enter_rt_sigaction
sys_enter_rt_sigaction
sys_enter_rt_sigaction
sys_enter_rt_sigaction
sys_enter_rt_sigaction
sys_enter_rt_sigaction
sys_enter_rt_sigaction
sys_enter_rt_sigaction
sys_enter_rt_sigaction
sys_enter_rt_sigaction
sys_enter_rt_sigaction
sys_enter_rt_sigaction
sys_enter_rt_sigaction
sys_enter_rt_sigaction
sys_enter_rt_sigaction
sys_enter_rt_sigaction
sys_enter_rt_sigaction
sys_enter_rt_sigaction
sys_enter_rt_sigaction
sys_enter_rt_sigaction
sys_enter_rt_sigaction
sys_enter_rt_sigaction
sys_enter_rt_sigaction
sys_enter_rt_sigaction
sys_enter_rt_sigaction
sys_enter_rt_sigaction
sys_enter_rt_sigaction
sys_enter_rt_sigaction
sys_enter_rt_sigaction
sys_enter_rt_sigaction
sys_enter_rt_sigaction
sys_enter_rt_sigaction
sys_enter_rt_sigaction
sys_enter_rt_sigaction
sys_enter_rt_sigaction
sys_enter_rt_sigaction
sys_enter_rt_sigaction
sys_enter_rt_sigaction
sys_enter_rt_sigaction
sys_enter_rt_sigaction
sys_enter_rt_sigaction
sys_enter_rt_sigaction
sys_enter_rt_sigaction
sys_enter_rt_sigaction
sys_enter_rt_sigaction
sys_enter_rt_sigaction
sys_enter_rt_sigaction
sys_enter_rt_sigaction
sys_enter_rt_sigaction
sys_enter_rt_sigaction
sys_enter_rt_sigaction
sys_enter_rt_sigaction
sys_enter_rt_sigaction
sys_enter_rt_sigaction
sys_enter_rt_sigaction
sys_enter_rt_sigaction
sys_enter_rt_sigaction
sys_enter_rt_sigaction
sys_enter_rt_sigaction
sys_enter_rt_sigaction
sys_enter_rt_sigaction
sys_enter_rt_sigaction
sys_enter_rt_sigaction
sys_enter_rt_sigaction
sys_enter_rt_sigprocmask
sys_enter_clone
sys_enter_rt_sigprocmask
sys_enter_gettid
sys_enter_sigaltstack
sys_enter_sigaltstack
sys_enter_gettid
sys_enter_rt_sigprocmask
sys_enter_rt_sigprocmask
sys_enter_clone
sys_enter_rt_sigprocmask
sys_enter_gettid
sys_enter_sigaltstack
sys_enter_sigaltstack
sys_enter_gettid
sys_enter_rt_sigprocmask
sys_enter_rt_sigprocmask
sys_enter_clone
sys_enter_rt_sigprocmask
sys_enter_futex
sys_enter_rt_sigprocmask
sys_enter_clone
sys_enter_gettid
sys_enter_sigaltstack
sys_enter_rt_sigprocmask
sys_enter_sigaltstack
sys_enter_gettid
sys_enter_gettid
sys_enter_rt_sigprocmask
sys_enter_futex
sys_enter_futex
sys_enter_sigaltstack
sys_enter_sigaltstack
sys_enter_gettid
sys_enter_rt_sigprocmask
sys_enter_futex
sys_enter_futex
sys_enter_futex
sys_enter_mmap
sys_enter_futex
sys_enter_futex
sys_enter_futex
sys_enter_openat
sys_enter_read
sys_enter_read
sys_enter_close
sys_enter_socket
sys_enter_close
sys_enter_socket
sys_enter_setsockopt
sys_enter_bind
sys_enter_socket
sys_enter_setsockopt
sys_enter_bind
sys_enter_close
sys_enter_close
sys_enter_getpid
sys_enter_getppid
sys_enter_mmap
sys_enter_mmap
sys_enter_getppid
sys_enter_openat
sys_enter_pipe2
sys_enter_getpid
sys_enter_clone
sys_enter_setsid
sys_enter_close
sys_enter_read
sys_enter_chdir
sys_enter_execve
sys_enter_close
sys_enter_mmap
sys_enter_mmap
sys_enter_exit_group
sys_enter_mprotect
sys_enter_mmap
sys_enter_mmap
sys_enter_mprotect
sys_enter_mmap
sys_enter_mprotect
sys_enter_mmap
sys_enter_mprotect
sys_enter_mmap
sys_enter_mmap
sys_enter_close
sys_enter_munmap
sys_enter_sched_getaffinity
sys_enter_mmap
sys_enter_munmap
sys_enter_mmap
sys_enter_mmap
sys_enter_mmap
sys_enter_mmap
sys_enter_mmap
sys_enter_mmap
sys_enter_rt_sigprocmask
sys_enter_sigaltstack
sys_enter_sigaltstack
sys_enter_gettid
sys_enter_rt_sigprocmask
sys_enter_rt_sigaction
sys_enter_rt_sigaction
sys_enter_rt_sigaction
sys_enter_rt_sigaction
sys_enter_rt_sigaction
sys_enter_rt_sigaction
sys_enter_rt_sigaction
sys_enter_rt_sigaction
sys_enter_rt_sigaction
sys_enter_rt_sigaction
sys_enter_rt_sigaction
sys_enter_rt_sigaction
sys_enter_rt_sigaction
sys_enter_rt_sigaction
sys_enter_rt_sigaction
sys_enter_rt_sigaction
sys_enter_rt_sigaction
sys_enter_rt_sigaction
sys_enter_rt_sigaction
sys_enter_rt_sigaction
sys_enter_rt_sigaction
sys_enter_rt_sigaction
sys_enter_rt_sigaction
sys_enter_rt_sigaction
sys_enter_rt_sigaction
sys_enter_rt_sigaction
sys_enter_rt_sigaction
sys_enter_rt_sigaction
sys_enter_rt_sigaction
sys_enter_rt_sigaction
sys_enter_rt_sigaction
sys_enter_rt_sigaction
sys_enter_rt_sigaction
sys_enter_rt_sigaction
sys_enter_rt_sigaction
sys_enter_rt_sigaction
sys_enter_rt_sigaction
sys_enter_rt_sigaction
sys_enter_rt_sigaction
sys_enter_rt_sigaction
sys_enter_rt_sigaction
sys_enter_rt_sigaction
sys_enter_rt_sigaction
sys_enter_rt_sigaction
sys_enter_rt_sigaction
sys_enter_rt_sigaction
sys_enter_rt_sigaction
sys_enter_rt_sigaction
sys_enter_rt_sigaction
sys_enter_rt_sigaction
sys_enter_rt_sigaction
sys_enter_rt_sigaction
sys_enter_rt_sigaction
sys_enter_rt_sigaction
sys_enter_rt_sigaction
sys_enter_rt_sigaction
sys_enter_rt_sigaction
sys_enter_rt_sigaction
sys_enter_rt_sigaction
sys_enter_rt_sigaction
sys_enter_rt_sigaction
sys_enter_rt_sigaction
sys_enter_rt_sigaction
sys_enter_rt_sigaction
sys_enter_rt_sigaction
sys_enter_rt_sigaction
sys_enter_rt_sigaction
sys_enter_rt_sigaction
sys_enter_rt_sigaction
sys_enter_rt_sigaction
sys_enter_rt_sigaction
sys_enter_rt_sigaction
sys_enter_rt_sigaction
sys_enter_rt_sigaction
sys_enter_rt_sigaction
sys_enter_rt_sigaction
sys_enter_rt_sigaction
sys_enter_rt_sigaction
sys_enter_rt_sigaction
sys_enter_rt_sigaction
sys_enter_rt_sigaction
sys_enter_rt_sigaction
sys_enter_rt_sigaction
sys_enter_rt_sigaction
sys_enter_rt_sigaction
sys_enter_rt_sigaction
sys_enter_rt_sigaction
sys_enter_rt_sigaction
sys_enter_rt_sigaction
sys_enter_rt_sigaction
sys_enter_rt_sigaction
sys_enter_rt_sigaction
sys_enter_rt_sigaction
sys_enter_rt_sigaction
sys_enter_rt_sigaction
sys_enter_rt_sigaction
sys_enter_rt_sigaction
sys_enter_rt_sigaction
sys_enter_rt_sigaction
sys_enter_rt_sigaction
sys_enter_rt_sigaction
sys_enter_rt_sigaction
sys_enter_rt_sigaction
sys_enter_rt_sigaction
sys_enter_rt_sigaction
sys_enter_rt_sigaction
sys_enter_rt_sigaction
sys_enter_rt_sigaction
sys_enter_rt_sigaction
sys_enter_rt_sigaction
sys_enter_rt_sigaction
sys_enter_rt_sigaction
sys_enter_rt_sigaction
sys_enter_rt_sigaction
sys_enter_rt_sigprocmask
sys_enter_clone
sys_enter_rt_sigprocmask
sys_enter_gettid
sys_enter_sigaltstack
sys_enter_sigaltstack
sys_enter_gettid
sys_enter_rt_sigprocmask
sys_enter_rt_sigprocmask
sys_enter_clone
sys_enter_rt_sigprocmask
sys_enter_gettid
sys_enter_sigaltstack
sys_enter_sigaltstack
sys_enter_gettid
sys_enter_rt_sigprocmask
sys_enter_clone
sys_enter_rt_sigprocmask
sys_enter_rt_sigprocmask
sys_enter_sched_yield
sys_enter_futex
sys_enter_gettid
sys_enter_futex
sys_enter_sigaltstack
sys_enter_sigaltstack
sys_enter_gettid
sys_enter_rt_sigprocmask
sys_enter_futex
sys_enter_rt_sigprocmask
sys_enter_clone
sys_enter_rt_sigprocmask
sys_enter_futex
sys_enter_futex
sys_enter_gettid
sys_enter_sigaltstack
sys_enter_sigaltstack
sys_enter_gettid
sys_enter_rt_sigprocmask
sys_enter_futex
sys_enter_futex
sys_enter_mmap
sys_enter_futex
sys_enter_futex
sys_enter_futex
sys_enter_openat
sys_enter_read
sys_enter_read
sys_enter_close
sys_enter_socket
sys_enter_close
sys_enter_socket
sys_enter_setsockopt
sys_enter_bind
sys_enter_socket
sys_enter_setsockopt
sys_enter_bind
sys_enter_close
sys_enter_close
sys_enter_getpid
sys_enter_getppid
sys_enter_mmap
sys_enter_mmap
sys_enter_getppid
sys_enter_openat
sys_enter_pipe2
sys_enter_getpid
sys_enter_clone
sys_enter_setsid
sys_enter_close
sys_enter_read
sys_enter_chdir
sys_enter_execve
sys_enter_close
sys_enter_exit_group
sys_enter_mmap
sys_enter_mmap
sys_enter_mprotect
sys_enter_mmap
sys_enter_mmap
sys_enter_mprotect
sys_enter_mmap
sys_enter_mprotect
sys_enter_mmap
sys_enter_mprotect
sys_enter_mmap
sys_enter_mmap
sys_enter_close
sys_enter_munmap
sys_enter_sched_getaffinity
sys_enter_mmap
sys_enter_munmap
sys_enter_mmap
sys_enter_mmap
sys_enter_mmap
sys_enter_mmap
sys_enter_mmap
sys_enter_mmap
sys_enter_rt_sigprocmask
sys_enter_sigaltstack
sys_enter_sigaltstack
sys_enter_gettid
sys_enter_rt_sigprocmask
sys_enter_rt_sigaction
sys_enter_rt_sigaction
sys_enter_rt_sigaction
sys_enter_rt_sigaction
sys_enter_rt_sigaction
sys_enter_rt_sigaction
sys_enter_rt_sigaction
sys_enter_rt_sigaction
sys_enter_rt_sigaction
sys_enter_rt_sigaction
sys_enter_rt_sigaction
sys_enter_rt_sigaction
sys_enter_rt_sigaction
sys_enter_rt_sigaction
sys_enter_rt_sigaction
sys_enter_rt_sigaction
sys_enter_rt_sigaction
sys_enter_rt_sigaction
sys_enter_rt_sigaction
sys_enter_rt_sigaction
sys_enter_rt_sigaction
sys_enter_rt_sigaction
sys_enter_rt_sigaction
sys_enter_rt_sigaction
sys_enter_rt_sigaction
sys_enter_rt_sigaction
sys_enter_rt_sigaction
sys_enter_rt_sigaction
sys_enter_rt_sigaction
sys_enter_rt_sigaction
sys_enter_rt_sigaction
sys_enter_rt_sigaction
sys_enter_rt_sigaction
sys_enter_rt_sigaction
sys_enter_rt_sigaction
sys_enter_rt_sigaction
sys_enter_rt_sigaction
sys_enter_rt_sigaction
sys_enter_rt_sigaction
sys_enter_rt_sigaction
sys_enter_rt_sigaction
sys_enter_rt_sigaction
sys_enter_rt_sigaction
sys_enter_rt_sigaction
sys_enter_rt_sigaction
sys_enter_rt_sigaction
sys_enter_rt_sigaction
sys_enter_rt_sigaction
sys_enter_rt_sigaction
sys_enter_rt_sigaction
sys_enter_rt_sigaction
sys_enter_rt_sigaction
sys_enter_rt_sigaction
sys_enter_rt_sigaction
sys_enter_rt_sigaction
sys_enter_rt_sigaction
sys_enter_rt_sigaction
sys_enter_rt_sigaction
sys_enter_rt_sigaction
sys_enter_rt_sigaction
sys_enter_rt_sigaction
sys_enter_rt_sigaction
sys_enter_rt_sigaction
sys_enter_rt_sigaction
sys_enter_rt_sigaction
sys_enter_rt_sigaction
sys_enter_rt_sigaction
sys_enter_rt_sigaction
sys_enter_rt_sigaction
sys_enter_rt_sigaction
sys_enter_rt_sigaction
sys_enter_rt_sigaction
sys_enter_rt_sigaction
sys_enter_rt_sigaction
sys_enter_rt_sigaction
sys_enter_rt_sigaction
sys_enter_rt_sigaction
sys_enter_rt_sigaction
sys_enter_rt_sigaction
sys_enter_rt_sigaction
sys_enter_rt_sigaction
sys_enter_rt_sigaction
sys_enter_rt_sigaction
sys_enter_rt_sigaction
sys_enter_rt_sigaction
sys_enter_rt_sigaction
sys_enter_rt_sigaction
sys_enter_rt_sigaction
sys_enter_rt_sigaction
sys_enter_rt_sigaction
sys_enter_rt_sigaction
sys_enter_rt_sigaction
sys_enter_rt_sigaction
sys_enter_rt_sigaction
sys_enter_rt_sigaction
sys_enter_rt_sigaction
sys_enter_rt_sigaction
sys_enter_rt_sigaction
sys_enter_rt_sigaction
sys_enter_rt_sigaction
sys_enter_rt_sigaction
sys_enter_rt_sigaction
sys_enter_rt_sigaction
sys_enter_rt_sigaction
sys_enter_rt_sigaction
sys_enter_rt_sigaction
sys_enter_rt_sigaction
sys_enter_rt_sigaction
sys_enter_rt_sigaction
sys_enter_rt_sigaction
sys_enter_rt_sigaction
sys_enter_rt_sigaction
sys_enter_rt_sigaction
sys_enter_rt_sigaction
sys_enter_rt_sigprocmask
sys_enter_clone
sys_enter_rt_sigprocmask
sys_enter_gettid
sys_enter_sigaltstack
sys_enter_sigaltstack
sys_enter_gettid
sys_enter_rt_sigprocmask
sys_enter_rt_sigprocmask
sys_enter_clone
sys_enter_rt_sigprocmask
sys_enter_rt_sigprocmask
sys_enter_clone
sys_enter_gettid
sys_enter_sigaltstack
sys_enter_sigaltstack
sys_enter_gettid
sys_enter_rt_sigprocmask
sys_enter_rt_sigprocmask
sys_enter_clone
sys_enter_rt_sigprocmask
sys_enter_futex
sys_enter_rt_sigprocmask
sys_enter_gettid
sys_enter_sigaltstack
sys_enter_sigaltstack
sys_enter_gettid
sys_enter_rt_sigprocmask
sys_enter_futex
sys_enter_futex
sys_enter_gettid
sys_enter_sigaltstack
sys_enter_sigaltstack
sys_enter_gettid
sys_enter_rt_sigprocmask
sys_enter_futex
sys_enter_futex
sys_enter_futex
sys_enter_mmap
sys_enter_futex
sys_enter_futex
sys_enter_futex
sys_enter_openat
sys_enter_read
sys_enter_read
sys_enter_close
sys_enter_socket
sys_enter_close
sys_enter_socket
sys_enter_setsockopt
sys_enter_bind
sys_enter_socket
sys_enter_setsockopt
sys_enter_bind
sys_enter_close
sys_enter_close
sys_enter_getpid
sys_enter_getppid
sys_enter_mmap
sys_enter_mmap
sys_enter_getppid
sys_enter_openat
sys_enter_pipe2
sys_enter_getpid
sys_enter_clone
sys_enter_close
sys_enter_read
sys_enter_setsid
sys_enter_chdir
sys_enter_execve
sys_enter_close
sys_enter_exit_group
sys_enter_mmap
sys_enter_mmap
sys_enter_mprotect
sys_enter_mmap
sys_enter_mmap
sys_enter_mprotect
sys_enter_mmap
sys_enter_mprotect
sys_enter_mmap
sys_enter_mprotect
sys_enter_mmap
sys_enter_mmap
sys_enter_close
sys_enter_munmap
sys_enter_sched_getaffinity
sys_enter_mmap
sys_enter_munmap
sys_enter_mmap
sys_enter_mmap
sys_enter_mmap
sys_enter_mmap
sys_enter_mmap
sys_enter_mmap
sys_enter_rt_sigprocmask
sys_enter_sigaltstack
sys_enter_sigaltstack
sys_enter_gettid
sys_enter_rt_sigprocmask
sys_enter_rt_sigaction
sys_enter_rt_sigaction
sys_enter_rt_sigaction
sys_enter_rt_sigaction
sys_enter_rt_sigaction
sys_enter_rt_sigaction
sys_enter_rt_sigaction
sys_enter_rt_sigaction
sys_enter_rt_sigaction
sys_enter_rt_sigaction
sys_enter_rt_sigaction
sys_enter_rt_sigaction
sys_enter_rt_sigaction
sys_enter_rt_sigaction
sys_enter_rt_sigaction
sys_enter_rt_sigaction
sys_enter_rt_sigaction
sys_enter_rt_sigaction
sys_enter_rt_sigaction
sys_enter_rt_sigaction
sys_enter_rt_sigaction
sys_enter_rt_sigaction
sys_enter_rt_sigaction
sys_enter_rt_sigaction
sys_enter_rt_sigaction
sys_enter_rt_sigaction
sys_enter_rt_sigaction
sys_enter_rt_sigaction
sys_enter_rt_sigaction
sys_enter_rt_sigaction
sys_enter_rt_sigaction
sys_enter_rt_sigaction
sys_enter_rt_sigaction
sys_enter_rt_sigaction
sys_enter_rt_sigaction
sys_enter_rt_sigaction
sys_enter_rt_sigaction
sys_enter_rt_sigaction
sys_enter_rt_sigaction
sys_enter_rt_sigaction
sys_enter_rt_sigaction
sys_enter_rt_sigaction
sys_enter_rt_sigaction
sys_enter_rt_sigaction
sys_enter_rt_sigaction
sys_enter_rt_sigaction
sys_enter_rt_sigaction
sys_enter_rt_sigaction
sys_enter_rt_sigaction
sys_enter_rt_sigaction
sys_enter_rt_sigaction
sys_enter_rt_sigaction
sys_enter_rt_sigaction
sys_enter_rt_sigaction
sys_enter_rt_sigaction
sys_enter_rt_sigaction
sys_enter_rt_sigaction
sys_enter_rt_sigaction
sys_enter_rt_sigaction
sys_enter_rt_sigaction
sys_enter_rt_sigaction
sys_enter_rt_sigaction
sys_enter_rt_sigaction
sys_enter_rt_sigaction
sys_enter_rt_sigaction
sys_enter_rt_sigaction
sys_enter_rt_sigaction
sys_enter_rt_sigaction
sys_enter_rt_sigaction
sys_enter_rt_sigaction
sys_enter_rt_sigaction
sys_enter_rt_sigaction
sys_enter_rt_sigaction
sys_enter_rt_sigaction
sys_enter_rt_sigaction
sys_enter_rt_sigaction
sys_enter_rt_sigaction
sys_enter_rt_sigaction
sys_enter_rt_sigaction
sys_enter_rt_sigaction
sys_enter_rt_sigaction
sys_enter_rt_sigaction
sys_enter_rt_sigaction
sys_enter_rt_sigaction
sys_enter_rt_sigaction
sys_enter_rt_sigaction
sys_enter_rt_sigaction
sys_enter_rt_sigaction
sys_enter_rt_sigaction
sys_enter_rt_sigaction
sys_enter_rt_sigaction
sys_enter_rt_sigaction
sys_enter_rt_sigaction
sys_enter_rt_sigaction
sys_enter_rt_sigaction
sys_enter_rt_sigaction
sys_enter_rt_sigaction
sys_enter_rt_sigaction
sys_enter_rt_sigaction
sys_enter_rt_sigaction
sys_enter_rt_sigaction
sys_enter_rt_sigaction
sys_enter_rt_sigaction
sys_enter_rt_sigaction
sys_enter_rt_sigaction
sys_enter_rt_sigaction
sys_enter_rt_sigaction
sys_enter_rt_sigaction
sys_enter_rt_sigaction
sys_enter_rt_sigaction
sys_enter_rt_sigaction
sys_enter_rt_sigaction
sys_enter_rt_sigaction
sys_enter_rt_sigaction
sys_enter_rt_sigprocmask
sys_enter_clone
sys_enter_rt_sigprocmask
sys_enter_gettid
sys_enter_sigaltstack
sys_enter_sigaltstack
sys_enter_gettid
sys_enter_rt_sigprocmask
sys_enter_rt_sigprocmask
sys_enter_clone
sys_enter_rt_sigprocmask
sys_enter_gettid
sys_enter_sigaltstack
sys_enter_sigaltstack
sys_enter_gettid
sys_enter_rt_sigprocmask
sys_enter_rt_sigprocmask
sys_enter_clone
sys_enter_rt_sigprocmask
sys_enter_futex
sys_enter_rt_sigprocmask
sys_enter_clone
sys_enter_rt_sigprocmask
sys_enter_futex
sys_enter_gettid
sys_enter_sigaltstack
sys_enter_sigaltstack
sys_enter_gettid
sys_enter_rt_sigprocmask
sys_enter_futex
sys_enter_futex
sys_enter_gettid
sys_enter_sigaltstack
sys_enter_sigaltstack
sys_enter_gettid
sys_enter_rt_sigprocmask
sys_enter_futex
sys_enter_futex
sys_enter_mmap
sys_enter_futex
sys_enter_futex
sys_enter_openat
sys_enter_futex
sys_enter_read
sys_enter_read
sys_enter_close
sys_enter_socket
sys_enter_close
sys_enter_socket
sys_enter_setsockopt
sys_enter_bind
sys_enter_socket
sys_enter_setsockopt
sys_enter_bind
sys_enter_close
sys_enter_close
sys_enter_getpid
sys_enter_getppid
sys_enter_mmap
sys_enter_mmap
sys_enter_getppid
sys_enter_openat
sys_enter_pipe2
sys_enter_getpid
sys_enter_clone
sys_enter_setsid
sys_enter_close
sys_enter_read
sys_enter_chdir
sys_enter_execve
sys_enter_close
sys_enter_mmap
sys_enter_mmap
sys_enter_exit_group
sys_enter_mprotect
sys_enter_mmap
sys_enter_mmap
sys_enter_mprotect
sys_enter_mmap
sys_enter_mprotect
sys_enter_mmap
sys_enter_mprotect
sys_enter_mmap
sys_enter_mmap
sys_enter_close
sys_enter_munmap
sys_enter_sched_getaffinity
sys_enter_mmap
sys_enter_munmap
sys_enter_mmap
sys_enter_mmap
sys_enter_mmap
sys_enter_mmap
sys_enter_mmap
sys_enter_mmap
sys_enter_rt_sigprocmask
sys_enter_sigaltstack
sys_enter_sigaltstack
sys_enter_gettid
sys_enter_rt_sigprocmask
sys_enter_rt_sigaction
sys_enter_rt_sigaction
sys_enter_rt_sigaction
sys_enter_rt_sigaction
sys_enter_rt_sigaction
sys_enter_rt_sigaction
sys_enter_rt_sigaction
sys_enter_rt_sigaction
sys_enter_rt_sigaction
sys_enter_rt_sigaction
sys_enter_rt_sigaction
sys_enter_rt_sigaction
sys_enter_rt_sigaction
sys_enter_rt_sigaction
sys_enter_rt_sigaction
sys_enter_rt_sigaction
sys_enter_rt_sigaction
sys_enter_rt_sigaction
sys_enter_rt_sigaction
sys_enter_rt_sigaction
sys_enter_rt_sigaction
sys_enter_rt_sigaction
sys_enter_rt_sigaction
sys_enter_rt_sigaction
sys_enter_rt_sigaction
sys_enter_rt_sigaction
sys_enter_rt_sigaction
sys_enter_rt_sigaction
sys_enter_rt_sigaction
sys_enter_rt_sigaction
sys_enter_rt_sigaction
sys_enter_rt_sigaction
sys_enter_rt_sigaction
sys_enter_rt_sigaction
sys_enter_rt_sigaction
sys_enter_rt_sigaction
sys_enter_rt_sigaction
sys_enter_rt_sigaction
sys_enter_rt_sigaction
sys_enter_rt_sigaction
sys_enter_rt_sigaction
sys_enter_rt_sigaction
sys_enter_rt_sigaction
sys_enter_rt_sigaction
sys_enter_rt_sigaction
sys_enter_rt_sigaction
sys_enter_rt_sigaction
sys_enter_rt_sigaction
sys_enter_rt_sigaction
sys_enter_rt_sigaction
sys_enter_rt_sigaction
sys_enter_rt_sigaction
sys_enter_rt_sigaction
sys_enter_rt_sigaction
sys_enter_rt_sigaction
sys_enter_rt_sigaction
sys_enter_rt_sigaction
sys_enter_rt_sigaction
sys_enter_rt_sigaction
sys_enter_rt_sigaction
sys_enter_rt_sigaction
sys_enter_rt_sigaction
sys_enter_rt_sigaction
sys_enter_rt_sigaction
sys_enter_rt_sigaction
sys_enter_rt_sigaction
sys_enter_rt_sigaction
sys_enter_rt_sigaction
sys_enter_rt_sigaction
sys_enter_rt_sigaction
sys_enter_rt_sigaction
sys_enter_rt_sigaction
sys_enter_rt_sigaction
sys_enter_rt_sigaction
sys_enter_rt_sigaction
sys_enter_rt_sigaction
sys_enter_rt_sigaction
sys_enter_rt_sigaction
sys_enter_rt_sigaction
sys_enter_rt_sigaction
sys_enter_rt_sigaction
sys_enter_rt_sigaction
sys_enter_rt_sigaction
sys_enter_rt_sigaction
sys_enter_rt_sigaction
sys_enter_rt_sigaction
sys_enter_rt_sigaction
sys_enter_rt_sigaction
sys_enter_rt_sigaction
sys_enter_rt_sigaction
sys_enter_rt_sigaction
sys_enter_rt_sigaction
sys_enter_rt_sigaction
sys_enter_rt_sigaction
sys_enter_rt_sigaction
sys_enter_rt_sigaction
sys_enter_rt_sigaction
sys_enter_rt_sigaction
sys_enter_rt_sigaction
sys_enter_rt_sigaction
sys_enter_rt_sigaction
sys_enter_rt_sigaction
sys_enter_rt_sigaction
sys_enter_rt_sigaction
sys_enter_rt_sigaction
sys_enter_rt_sigaction
sys_enter_rt_sigaction
sys_enter_rt_sigaction
sys_enter_rt_sigaction
sys_enter_rt_sigaction
sys_enter_rt_sigaction
sys_enter_rt_sigaction
sys_enter_rt_sigaction
sys_enter_rt_sigaction
sys_enter_rt_sigprocmask
sys_enter_clone
sys_enter_rt_sigprocmask
sys_enter_gettid
sys_enter_sigaltstack
sys_enter_sigaltstack
sys_enter_gettid
sys_enter_rt_sigprocmask
sys_enter_rt_sigprocmask
sys_enter_clone
sys_enter_rt_sigprocmask
sys_enter_gettid
sys_enter_sigaltstack
sys_enter_sigaltstack
sys_enter_gettid
sys_enter_rt_sigprocmask
sys_enter_rt_sigprocmask
sys_enter_clone
sys_enter_rt_sigprocmask
sys_enter_futex
sys_enter_gettid
sys_enter_rt_sigprocmask
sys_enter_clone
sys_enter_sigaltstack
sys_enter_rt_sigprocmask
sys_enter_sigaltstack
sys_enter_gettid
sys_enter_rt_sigprocmask
sys_enter_gettid
sys_enter_futex
sys_enter_sigaltstack
sys_enter_sigaltstack
sys_enter_futex
sys_enter_gettid
sys_enter_rt_sigprocmask
sys_enter_futex
sys_enter_futex
sys_enter_futex
sys_enter_mmap
sys_enter_futex
sys_enter_futex
sys_enter_futex
sys_enter_openat
sys_enter_read
sys_enter_read
sys_enter_close
sys_enter_socket
sys_enter_close
sys_enter_socket
sys_enter_setsockopt
sys_enter_bind
sys_enter_socket
sys_enter_setsockopt
sys_enter_bind
sys_enter_close
sys_enter_close
sys_enter_getpid
sys_enter_getppid
sys_enter_mmap
sys_enter_mmap
sys_enter_getppid
sys_enter_openat
sys_enter_pipe2
sys_enter_getpid
sys_enter_clone
sys_enter_setsid
sys_enter_close
sys_enter_read
sys_enter_chdir
sys_enter_execve
sys_enter_close
sys_enter_exit_group
sys_enter_mmap
sys_enter_mmap
sys_enter_mprotect
sys_enter_mmap
sys_enter_mmap
sys_enter_mprotect
sys_enter_mmap
sys_enter_mprotect
sys_enter_mmap
sys_enter_mprotect
sys_enter_mmap
sys_enter_mmap
sys_enter_close
sys_enter_munmap
sys_enter_sched_getaffinity
sys_enter_mmap
sys_enter_munmap
sys_enter_mmap
sys_enter_mmap
sys_enter_mmap
sys_enter_mmap
sys_enter_mmap
sys_enter_mmap
sys_enter_rt_sigprocmask
sys_enter_sigaltstack
sys_enter_sigaltstack
sys_enter_gettid
sys_enter_rt_sigprocmask
sys_enter_rt_sigaction
sys_enter_rt_sigaction
sys_enter_rt_sigaction
sys_enter_rt_sigaction
sys_enter_rt_sigaction
sys_enter_rt_sigaction
sys_enter_rt_sigaction
sys_enter_rt_sigaction
sys_enter_rt_sigaction
sys_enter_rt_sigaction
sys_enter_rt_sigaction
sys_enter_rt_sigaction
sys_enter_rt_sigaction
sys_enter_rt_sigaction
sys_enter_rt_sigaction
sys_enter_rt_sigaction
sys_enter_rt_sigaction
sys_enter_rt_sigaction
sys_enter_rt_sigaction
sys_enter_rt_sigaction
sys_enter_rt_sigaction
sys_enter_rt_sigaction
sys_enter_rt_sigaction
sys_enter_rt_sigaction
sys_enter_rt_sigaction
sys_enter_rt_sigaction
sys_enter_rt_sigaction
sys_enter_rt_sigaction
sys_enter_rt_sigaction
sys_enter_rt_sigaction
sys_enter_rt_sigaction
sys_enter_rt_sigaction
sys_enter_rt_sigaction
sys_enter_rt_sigaction
sys_enter_rt_sigaction
sys_enter_rt_sigaction
sys_enter_rt_sigaction
sys_enter_rt_sigaction
sys_enter_rt_sigaction
sys_enter_rt_sigaction
sys_enter_rt_sigaction
sys_enter_rt_sigaction
sys_enter_rt_sigaction
sys_enter_rt_sigaction
sys_enter_rt_sigaction
sys_enter_rt_sigaction
sys_enter_rt_sigaction
sys_enter_rt_sigaction
sys_enter_rt_sigaction
sys_enter_rt_sigaction
sys_enter_rt_sigaction
sys_enter_rt_sigaction
sys_enter_rt_sigaction
sys_enter_rt_sigaction
sys_enter_rt_sigaction
sys_enter_rt_sigaction
sys_enter_rt_sigaction
sys_enter_rt_sigaction
sys_enter_rt_sigaction
sys_enter_rt_sigaction
sys_enter_rt_sigaction
sys_enter_rt_sigaction
sys_enter_rt_sigaction
sys_enter_rt_sigaction
sys_enter_rt_sigaction
sys_enter_rt_sigaction
sys_enter_rt_sigaction
sys_enter_rt_sigaction
sys_enter_rt_sigaction
sys_enter_rt_sigaction
sys_enter_rt_sigaction
sys_enter_rt_sigaction
sys_enter_rt_sigaction
sys_enter_rt_sigaction
sys_enter_rt_sigaction
sys_enter_rt_sigaction
sys_enter_rt_sigaction
sys_enter_rt_sigaction
sys_enter_rt_sigaction
sys_enter_rt_sigaction
sys_enter_rt_sigaction
sys_enter_rt_sigaction
sys_enter_rt_sigaction
sys_enter_rt_sigaction
sys_enter_rt_sigaction
sys_enter_rt_sigaction
sys_enter_rt_sigaction
sys_enter_rt_sigaction
sys_enter_rt_sigaction
sys_enter_rt_sigaction
sys_enter_rt_sigaction
sys_enter_rt_sigaction
sys_enter_rt_sigaction
sys_enter_rt_sigaction
sys_enter_rt_sigaction
sys_enter_rt_sigaction
sys_enter_rt_sigaction
sys_enter_rt_sigaction
sys_enter_rt_sigaction
sys_enter_rt_sigaction
sys_enter_rt_sigaction
sys_enter_rt_sigaction
sys_enter_rt_sigaction
sys_enter_rt_sigaction
sys_enter_rt_sigaction
sys_enter_rt_sigaction
sys_enter_rt_sigaction
sys_enter_rt_sigaction
sys_enter_rt_sigaction
sys_enter_rt_sigaction
sys_enter_rt_sigaction
sys_enter_rt_sigaction
sys_enter_rt_sigaction
sys_enter_rt_sigaction
sys_enter_rt_sigprocmask
sys_enter_clone
sys_enter_rt_sigprocmask
sys_enter_gettid
sys_enter_sigaltstack
sys_enter_sigaltstack
sys_enter_gettid
sys_enter_rt_sigprocmask
sys_enter_rt_sigprocmask
sys_enter_clone
sys_enter_rt_sigprocmask
sys_enter_gettid
sys_enter_sigaltstack
sys_enter_sigaltstack
sys_enter_gettid
sys_enter_rt_sigprocmask
sys_enter_rt_sigprocmask
sys_enter_clone
sys_enter_rt_sigprocmask
sys_enter_futex
sys_enter_rt_sigprocmask
sys_enter_clone
sys_enter_gettid
sys_enter_sigaltstack
sys_enter_sigaltstack
sys_enter_gettid
sys_enter_rt_sigprocmask
sys_enter_futex
sys_enter_rt_sigprocmask
sys_enter_gettid
sys_enter_futex
sys_enter_sigaltstack
sys_enter_sigaltstack
sys_enter_gettid
sys_enter_rt_sigprocmask
sys_enter_futex
sys_enter_futex
sys_enter_futex
sys_enter_mmap
sys_enter_futex
sys_enter_futex
sys_enter_futex
sys_enter_openat
sys_enter_read
sys_enter_read
sys_enter_close
sys_enter_socket
sys_enter_close
sys_enter_socket
sys_enter_setsockopt
sys_enter_bind
sys_enter_socket
sys_enter_setsockopt
sys_enter_bind
sys_enter_close
sys_enter_close
sys_enter_getpid
sys_enter_getppid
sys_enter_mmap
sys_enter_mmap
sys_enter_getppid
sys_enter_openat
sys_enter_pipe2
sys_enter_getpid
sys_enter_clone
sys_enter_setsid
sys_enter_close
sys_enter_read
sys_enter_chdir
sys_enter_execve
sys_enter_close
sys_enter_mmap
sys_enter_exit_group
sys_enter_mmap
sys_enter_mprotect
sys_enter_mmap
sys_enter_mmap
sys_enter_mprotect
sys_enter_mmap
sys_enter_mprotect
sys_enter_mmap
sys_enter_mprotect
sys_enter_mmap
sys_enter_mmap
sys_enter_close
sys_enter_munmap
sys_enter_sched_getaffinity
sys_enter_mmap
sys_enter_munmap
sys_enter_mmap
sys_enter_mmap
sys_enter_mmap
sys_enter_mmap
sys_enter_mmap
sys_enter_mmap
sys_enter_rt_sigprocmask
sys_enter_sigaltstack
sys_enter_sigaltstack
sys_enter_gettid
sys_enter_rt_sigprocmask
sys_enter_rt_sigaction
sys_enter_rt_sigaction
sys_enter_rt_sigaction
sys_enter_rt_sigaction
sys_enter_rt_sigaction
sys_enter_rt_sigaction
sys_enter_rt_sigaction
sys_enter_rt_sigaction
sys_enter_rt_sigaction
sys_enter_rt_sigaction
sys_enter_rt_sigaction
sys_enter_rt_sigaction
sys_enter_rt_sigaction
sys_enter_rt_sigaction
sys_enter_rt_sigaction
sys_enter_rt_sigaction
sys_enter_rt_sigaction
sys_enter_rt_sigaction
sys_enter_rt_sigaction
sys_enter_rt_sigaction
sys_enter_rt_sigaction
sys_enter_rt_sigaction
sys_enter_rt_sigaction
sys_enter_rt_sigaction
sys_enter_rt_sigaction
sys_enter_rt_sigaction
sys_enter_rt_sigaction
sys_enter_rt_sigaction
sys_enter_rt_sigaction
sys_enter_rt_sigaction
sys_enter_rt_sigaction
sys_enter_rt_sigaction
sys_enter_rt_sigaction
sys_enter_rt_sigaction
sys_enter_rt_sigaction
sys_enter_rt_sigaction
sys_enter_rt_sigaction
sys_enter_rt_sigaction
sys_enter_rt_sigaction
sys_enter_rt_sigaction
sys_enter_rt_sigaction
sys_enter_rt_sigaction
sys_enter_rt_sigaction
sys_enter_rt_sigaction
sys_enter_rt_sigaction
sys_enter_rt_sigaction
sys_enter_rt_sigaction
sys_enter_rt_sigaction
sys_enter_rt_sigaction
sys_enter_rt_sigaction
sys_enter_rt_sigaction
sys_enter_rt_sigaction
sys_enter_rt_sigaction
sys_enter_rt_sigaction
sys_enter_rt_sigaction
sys_enter_rt_sigaction
sys_enter_rt_sigaction
sys_enter_rt_sigaction
sys_enter_rt_sigaction
sys_enter_rt_sigaction
sys_enter_rt_sigaction
sys_enter_rt_sigaction
sys_enter_rt_sigaction
sys_enter_rt_sigaction
sys_enter_rt_sigaction
sys_enter_rt_sigaction
sys_enter_rt_sigaction
sys_enter_rt_sigaction
sys_enter_rt_sigaction
sys_enter_rt_sigaction
sys_enter_rt_sigaction
sys_enter_rt_sigaction
sys_enter_rt_sigaction
sys_enter_rt_sigaction
sys_enter_rt_sigaction
sys_enter_rt_sigaction
sys_enter_rt_sigaction
sys_enter_rt_sigaction
sys_enter_rt_sigaction
sys_enter_rt_sigaction
sys_enter_rt_sigaction
sys_enter_rt_sigaction
sys_enter_rt_sigaction
sys_enter_rt_sigaction
sys_enter_rt_sigaction
sys_enter_rt_sigaction
sys_enter_rt_sigaction
sys_enter_rt_sigaction
sys_enter_rt_sigaction
sys_enter_rt_sigaction
sys_enter_rt_sigaction
sys_enter_rt_sigaction
sys_enter_rt_sigaction
sys_enter_rt_sigaction
sys_enter_rt_sigaction
sys_enter_rt_sigaction
sys_enter_rt_sigaction
sys_enter_rt_sigaction
sys_enter_rt_sigaction
sys_enter_rt_sigaction
sys_enter_rt_sigaction
sys_enter_rt_sigaction
sys_enter_rt_sigaction
sys_enter_rt_sigaction
sys_enter_rt_sigaction
sys_enter_rt_sigaction
sys_enter_rt_sigaction
sys_enter_rt_sigaction
sys_enter_rt_sigaction
sys_enter_rt_sigaction
sys_enter_rt_sigaction
sys_enter_rt_sigaction
sys_enter_rt_sigaction
sys_enter_rt_sigaction
sys_enter_rt_sigprocmask
sys_enter_clone
sys_enter_rt_sigprocmask
sys_enter_gettid
sys_enter_sigaltstack
sys_enter_sigaltstack
sys_enter_gettid
sys_enter_rt_sigprocmask
sys_enter_rt_sigprocmask
sys_enter_clone
sys_enter_rt_sigprocmask
sys_enter_gettid
sys_enter_sigaltstack
sys_enter_sigaltstack
sys_enter_gettid
sys_enter_rt_sigprocmask
sys_enter_clone
sys_enter_rt_sigprocmask
sys_enter_rt_sigprocmask
sys_enter_rt_sigprocmask
sys_enter_futex
sys_enter_clone
sys_enter_gettid
sys_enter_sigaltstack
sys_enter_sigaltstack
sys_enter_rt_sigprocmask
sys_enter_gettid
sys_enter_gettid
sys_enter_rt_sigprocmask
sys_enter_futex
sys_enter_sigaltstack
sys_enter_sigaltstack
sys_enter_futex
sys_enter_gettid
sys_enter_rt_sigprocmask
sys_enter_futex
sys_enter_futex
sys_enter_futex
sys_enter_mmap
sys_enter_futex
sys_enter_futex
sys_enter_futex
sys_enter_openat
sys_enter_read
sys_enter_read
sys_enter_close
sys_enter_socket
sys_enter_close
sys_enter_socket
sys_enter_setsockopt
sys_enter_bind
sys_enter_socket
sys_enter_setsockopt
sys_enter_bind
sys_enter_close
sys_enter_close
sys_enter_getpid
sys_enter_getppid
sys_enter_mmap
sys_enter_mmap
sys_enter_getppid
sys_enter_openat
sys_enter_pipe2
sys_enter_getpid
sys_enter_clone
sys_enter_setsid
sys_enter_close
sys_enter_read
sys_enter_chdir
sys_enter_execve
sys_enter_close
sys_enter_exit_group
sys_enter_mmap
sys_enter_mmap
sys_enter_mprotect
sys_enter_mmap
sys_enter_mmap
sys_enter_mprotect
sys_enter_mmap
sys_enter_mprotect
sys_enter_mmap
sys_enter_mprotect
sys_enter_mmap
sys_enter_mmap
sys_enter_close
sys_enter_munmap
sys_enter_sched_getaffinity
sys_enter_mmap
sys_enter_munmap
sys_enter_mmap
sys_enter_mmap
sys_enter_mmap
sys_enter_mmap
sys_enter_mmap
sys_enter_mmap
sys_enter_rt_sigprocmask
sys_enter_sigaltstack
sys_enter_sigaltstack
sys_enter_gettid
sys_enter_rt_sigprocmask
sys_enter_rt_sigaction
sys_enter_rt_sigaction
sys_enter_rt_sigaction
sys_enter_rt_sigaction
sys_enter_rt_sigaction
sys_enter_rt_sigaction
sys_enter_rt_sigaction
sys_enter_rt_sigaction
sys_enter_rt_sigaction
sys_enter_rt_sigaction
sys_enter_rt_sigaction
sys_enter_rt_sigaction
sys_enter_rt_sigaction
sys_enter_rt_sigaction
sys_enter_rt_sigaction
sys_enter_rt_sigaction
sys_enter_rt_sigaction
sys_enter_rt_sigaction
sys_enter_rt_sigaction
sys_enter_rt_sigaction
sys_enter_rt_sigaction
sys_enter_rt_sigaction
sys_enter_rt_sigaction
sys_enter_rt_sigaction
sys_enter_rt_sigaction
sys_enter_rt_sigaction
sys_enter_rt_sigaction
sys_enter_rt_sigaction
sys_enter_rt_sigaction
sys_enter_rt_sigaction
sys_enter_rt_sigaction
sys_enter_rt_sigaction
sys_enter_rt_sigaction
sys_enter_rt_sigaction
sys_enter_rt_sigaction
sys_enter_rt_sigaction
sys_enter_rt_sigaction
sys_enter_rt_sigaction
sys_enter_rt_sigaction
sys_enter_rt_sigaction
sys_enter_rt_sigaction
sys_enter_rt_sigaction
sys_enter_rt_sigaction
sys_enter_rt_sigaction
sys_enter_rt_sigaction
sys_enter_rt_sigaction
sys_enter_rt_sigaction
sys_enter_rt_sigaction
sys_enter_rt_sigaction
sys_enter_rt_sigaction
sys_enter_rt_sigaction
sys_enter_rt_sigaction
sys_enter_rt_sigaction
sys_enter_rt_sigaction
sys_enter_rt_sigaction
sys_enter_rt_sigaction
sys_enter_rt_sigaction
sys_enter_rt_sigaction
sys_enter_rt_sigaction
sys_enter_rt_sigaction
sys_enter_rt_sigaction
sys_enter_rt_sigaction
sys_enter_rt_sigaction
sys_enter_rt_sigaction
sys_enter_rt_sigaction
sys_enter_rt_sigaction
sys_enter_rt_sigaction
sys_enter_rt_sigaction
sys_enter_rt_sigaction
sys_enter_rt_sigaction
sys_enter_rt_sigaction
sys_enter_rt_sigaction
sys_enter_rt_sigaction
sys_enter_rt_sigaction
sys_enter_rt_sigaction
sys_enter_rt_sigaction
sys_enter_rt_sigaction
sys_enter_rt_sigaction
sys_enter_rt_sigaction
sys_enter_rt_sigaction
sys_enter_rt_sigaction
sys_enter_rt_sigaction
sys_enter_rt_sigaction
sys_enter_rt_sigaction
sys_enter_rt_sigaction
sys_enter_rt_sigaction
sys_enter_rt_sigaction
sys_enter_rt_sigaction
sys_enter_rt_sigaction
sys_enter_rt_sigaction
sys_enter_rt_sigaction
sys_enter_rt_sigaction
sys_enter_rt_sigaction
sys_enter_rt_sigaction
sys_enter_rt_sigaction
sys_enter_rt_sigaction
sys_enter_rt_sigaction
sys_enter_rt_sigaction
sys_enter_rt_sigaction
sys_enter_rt_sigaction
sys_enter_rt_sigaction
sys_enter_rt_sigaction
sys_enter_rt_sigaction
sys_enter_rt_sigaction
sys_enter_rt_sigaction
sys_enter_rt_sigaction
sys_enter_rt_sigaction
sys_enter_rt_sigaction
sys_enter_rt_sigaction
sys_enter_rt_sigaction
sys_enter_rt_sigaction
sys_enter_rt_sigaction
sys_enter_rt_sigaction
sys_enter_rt_sigaction
sys_enter_rt_sigprocmask
sys_enter_clone
sys_enter_rt_sigprocmask
sys_enter_gettid
sys_enter_sigaltstack
sys_enter_sigaltstack
sys_enter_gettid
sys_enter_rt_sigprocmask
sys_enter_rt_sigprocmask
sys_enter_clone
sys_enter_rt_sigprocmask
sys_enter_rt_sigprocmask
sys_enter_clone
sys_enter_gettid
sys_enter_sigaltstack
sys_enter_sigaltstack
sys_enter_gettid
sys_enter_rt_sigprocmask
sys_enter_rt_sigprocmask
sys_enter_futex
sys_enter_gettid
sys_enter_sigaltstack
sys_enter_sigaltstack
sys_enter_gettid
sys_enter_rt_sigprocmask
sys_enter_futex
sys_enter_rt_sigprocmask
sys_enter_clone
sys_enter_rt_sigprocmask
sys_enter_futex
sys_enter_gettid
sys_enter_sigaltstack
sys_enter_sigaltstack
sys_enter_futex
sys_enter_gettid
sys_enter_rt_sigprocmask
sys_enter_futex
sys_enter_futex
sys_enter_futex
sys_enter_futex
sys_enter_futex
sys_enter_futex
sys_enter_futex
sys_enter_futex
sys_enter_mmap
sys_enter_futex
sys_enter_futex
sys_enter_futex
sys_enter_openat
sys_enter_futex
sys_enter_futex
sys_enter_read
sys_enter_read
sys_enter_close
sys_enter_socket
sys_enter_close
sys_enter_socket
sys_enter_setsockopt
sys_enter_bind
sys_enter_socket
sys_enter_setsockopt
sys_enter_bind
sys_enter_close
sys_enter_close
sys_enter_getpid
sys_enter_getppid
sys_enter_mmap
sys_enter_mmap
sys_enter_mmap
sys_enter_getppid
sys_enter_openat
sys_enter_pipe2
sys_enter_getpid
sys_enter_clone
sys_enter_setsid
sys_enter_close
sys_enter_read
sys_enter_chdir
sys_enter_execve
sys_enter_close
sys_enter_exit_group
sys_enter_mmap
sys_enter_mmap
sys_enter_mprotect
sys_enter_mmap
sys_enter_mmap
sys_enter_mprotect
sys_enter_mmap
sys_enter_mprotect
sys_enter_mmap
sys_enter_mprotect
sys_enter_mmap
sys_enter_mmap
sys_enter_close
sys_enter_munmap
sys_enter_sched_getaffinity
sys_enter_mmap
sys_enter_munmap
sys_enter_mmap
sys_enter_mmap
sys_enter_mmap
sys_enter_mmap
sys_enter_mmap
sys_enter_mmap
sys_enter_rt_sigprocmask
sys_enter_sigaltstack
sys_enter_sigaltstack
sys_enter_gettid
sys_enter_rt_sigprocmask
sys_enter_rt_sigaction
sys_enter_rt_sigaction
sys_enter_rt_sigaction
sys_enter_rt_sigaction
sys_enter_rt_sigaction
sys_enter_rt_sigaction
sys_enter_rt_sigaction
sys_enter_rt_sigaction
sys_enter_rt_sigaction
sys_enter_rt_sigaction
sys_enter_rt_sigaction
sys_enter_rt_sigaction
sys_enter_rt_sigaction
sys_enter_rt_sigaction
sys_enter_rt_sigaction
sys_enter_rt_sigaction
sys_enter_rt_sigaction
sys_enter_rt_sigaction
sys_enter_rt_sigaction
sys_enter_rt_sigaction
sys_enter_rt_sigaction
sys_enter_rt_sigaction
sys_enter_rt_sigaction
sys_enter_rt_sigaction
sys_enter_rt_sigaction
sys_enter_rt_sigaction
sys_enter_rt_sigaction
sys_enter_rt_sigaction
sys_enter_rt_sigaction
sys_enter_rt_sigaction
sys_enter_rt_sigaction
sys_enter_rt_sigaction
sys_enter_rt_sigaction
sys_enter_rt_sigaction
sys_enter_rt_sigaction
sys_enter_rt_sigaction
sys_enter_rt_sigaction
sys_enter_rt_sigaction
sys_enter_rt_sigaction
sys_enter_rt_sigaction
sys_enter_rt_sigaction
sys_enter_rt_sigaction
sys_enter_rt_sigaction
sys_enter_rt_sigaction
sys_enter_rt_sigaction
sys_enter_rt_sigaction
sys_enter_rt_sigaction
sys_enter_rt_sigaction
sys_enter_rt_sigaction
sys_enter_rt_sigaction
sys_enter_rt_sigaction
sys_enter_rt_sigaction
sys_enter_rt_sigaction
sys_enter_rt_sigaction
sys_enter_rt_sigaction
sys_enter_rt_sigaction
sys_enter_rt_sigaction
sys_enter_rt_sigaction
sys_enter_rt_sigaction
sys_enter_rt_sigaction
sys_enter_rt_sigaction
sys_enter_rt_sigaction
sys_enter_rt_sigaction
sys_enter_rt_sigaction
sys_enter_rt_sigaction
sys_enter_rt_sigaction
sys_enter_rt_sigaction
sys_enter_rt_sigaction
sys_enter_rt_sigaction
sys_enter_rt_sigaction
sys_enter_rt_sigaction
sys_enter_rt_sigaction
sys_enter_rt_sigaction
sys_enter_rt_sigaction
sys_enter_rt_sigaction
sys_enter_rt_sigaction
sys_enter_rt_sigaction
sys_enter_rt_sigaction
sys_enter_rt_sigaction
sys_enter_rt_sigaction
sys_enter_rt_sigaction
sys_enter_rt_sigaction
sys_enter_rt_sigaction
sys_enter_rt_sigaction
sys_enter_rt_sigaction
sys_enter_rt_sigaction
sys_enter_rt_sigaction
sys_enter_rt_sigaction
sys_enter_rt_sigaction
sys_enter_rt_sigaction
sys_enter_rt_sigaction
sys_enter_rt_sigaction
sys_enter_rt_sigaction
sys_enter_rt_sigaction
sys_enter_rt_sigaction
sys_enter_rt_sigaction
sys_enter_rt_sigaction
sys_enter_rt_sigaction
sys_enter_rt_sigaction
sys_enter_rt_sigaction
sys_enter_rt_sigaction
sys_enter_rt_sigaction
sys_enter_rt_sigaction
sys_enter_rt_sigaction
sys_enter_rt_sigaction
sys_enter_rt_sigaction
sys_enter_rt_sigaction
sys_enter_rt_sigaction
sys_enter_rt_sigaction
sys_enter_rt_sigaction
sys_enter_rt_sigaction
sys_enter_rt_sigaction
sys_enter_rt_sigaction
sys_enter_rt_sigaction
sys_enter_rt_sigprocmask
sys_enter_clone
sys_enter_rt_sigprocmask
sys_enter_gettid
sys_enter_sigaltstack
sys_enter_sigaltstack
sys_enter_gettid
sys_enter_rt_sigprocmask
sys_enter_rt_sigprocmask
sys_enter_clone
sys_enter_rt_sigprocmask
sys_enter_gettid
sys_enter_sigaltstack
sys_enter_sigaltstack
sys_enter_gettid
sys_enter_rt_sigprocmask
sys_enter_rt_sigprocmask
sys_enter_clone
sys_enter_rt_sigprocmask
sys_enter_clone
sys_enter_rt_sigprocmask
sys_enter_futex
sys_enter_rt_sigprocmask
sys_enter_gettid
sys_enter_gettid
sys_enter_sigaltstack
sys_enter_sigaltstack
sys_enter_gettid
sys_enter_sigaltstack
sys_enter_sigaltstack
sys_enter_rt_sigprocmask
sys_enter_gettid
sys_enter_rt_sigprocmask
sys_enter_futex
sys_enter_futex
sys_enter_futex
sys_enter_futex
sys_enter_futex
sys_enter_mmap
sys_enter_futex
sys_enter_futex
sys_enter_futex
sys_enter_openat
sys_enter_read
sys_enter_read
sys_enter_close
sys_enter_socket
sys_enter_close
sys_enter_socket
sys_enter_setsockopt
sys_enter_bind
sys_enter_socket
sys_enter_setsockopt
sys_enter_bind
sys_enter_close
sys_enter_close
sys_enter_getpid
sys_enter_getppid
sys_enter_mmap
sys_enter_mmap
sys_enter_getppid
sys_enter_openat
sys_enter_pipe2
sys_enter_getpid
sys_enter_clone
sys_enter_setsid
sys_enter_close
sys_enter_read
sys_enter_chdir
sys_enter_execve
sys_enter_close
sys_enter_exit_group
sys_enter_mmap
sys_enter_mmap
sys_enter_mprotect
sys_enter_mmap
sys_enter_mmap
sys_enter_mprotect
sys_enter_mmap
sys_enter_mprotect
sys_enter_mmap
sys_enter_mprotect
sys_enter_mmap
sys_enter_mmap
sys_enter_close
sys_enter_munmap
sys_enter_sched_getaffinity
sys_enter_mmap
sys_enter_munmap
sys_enter_mmap
sys_enter_mmap
sys_enter_mmap
sys_enter_mmap
sys_enter_mmap
sys_enter_mmap
sys_enter_rt_sigprocmask
sys_enter_sigaltstack
sys_enter_sigaltstack
sys_enter_gettid
sys_enter_rt_sigprocmask
sys_enter_rt_sigaction
sys_enter_rt_sigaction
sys_enter_rt_sigaction
sys_enter_rt_sigaction
sys_enter_rt_sigaction
sys_enter_rt_sigaction
sys_enter_rt_sigaction
sys_enter_rt_sigaction
sys_enter_rt_sigaction
sys_enter_rt_sigaction
sys_enter_rt_sigaction
sys_enter_rt_sigaction
sys_enter_rt_sigaction
sys_enter_rt_sigaction
sys_enter_rt_sigaction
sys_enter_rt_sigaction
sys_enter_rt_sigaction
sys_enter_rt_sigaction
sys_enter_rt_sigaction
sys_enter_rt_sigaction
sys_enter_rt_sigaction
sys_enter_rt_sigaction
sys_enter_rt_sigaction
sys_enter_rt_sigaction
sys_enter_rt_sigaction
sys_enter_rt_sigaction
sys_enter_rt_sigaction
sys_enter_rt_sigaction
sys_enter_rt_sigaction
sys_enter_rt_sigaction
sys_enter_rt_sigaction
sys_enter_rt_sigaction
sys_enter_rt_sigaction
sys_enter_rt_sigaction
sys_enter_rt_sigaction
sys_enter_rt_sigaction
sys_enter_rt_sigaction
sys_enter_rt_sigaction
sys_enter_rt_sigaction
sys_enter_rt_sigaction
sys_enter_rt_sigaction
sys_enter_rt_sigaction
sys_enter_rt_sigaction
sys_enter_rt_sigaction
sys_enter_rt_sigaction
sys_enter_rt_sigaction
sys_enter_rt_sigaction
sys_enter_rt_sigaction
sys_enter_rt_sigaction
sys_enter_rt_sigaction
sys_enter_rt_sigaction
sys_enter_rt_sigaction
sys_enter_rt_sigaction
sys_enter_rt_sigaction
sys_enter_rt_sigaction
sys_enter_rt_sigaction
sys_enter_rt_sigaction
sys_enter_rt_sigaction
sys_enter_rt_sigaction
sys_enter_rt_sigaction
sys_enter_rt_sigaction
sys_enter_rt_sigaction
sys_enter_rt_sigaction
sys_enter_rt_sigaction
sys_enter_rt_sigaction
sys_enter_rt_sigaction
sys_enter_rt_sigaction
sys_enter_rt_sigaction
sys_enter_rt_sigaction
sys_enter_rt_sigaction
sys_enter_rt_sigaction
sys_enter_rt_sigaction
sys_enter_rt_sigaction
sys_enter_rt_sigaction
sys_enter_rt_sigaction
sys_enter_rt_sigaction
sys_enter_rt_sigaction
sys_enter_rt_sigaction
sys_enter_rt_sigaction
sys_enter_rt_sigaction
sys_enter_rt_sigaction
sys_enter_rt_sigaction
sys_enter_rt_sigaction
sys_enter_rt_sigaction
sys_enter_rt_sigaction
sys_enter_rt_sigaction
sys_enter_rt_sigaction
sys_enter_rt_sigaction
sys_enter_rt_sigaction
sys_enter_rt_sigaction
sys_enter_rt_sigaction
sys_enter_rt_sigaction
sys_enter_rt_sigaction
sys_enter_rt_sigaction
sys_enter_rt_sigaction
sys_enter_rt_sigaction
sys_enter_rt_sigaction
sys_enter_rt_sigaction
sys_enter_rt_sigaction
sys_enter_rt_sigaction
sys_enter_rt_sigaction
sys_enter_rt_sigaction
sys_enter_rt_sigaction
sys_enter_rt_sigaction
sys_enter_rt_sigaction
sys_enter_rt_sigaction
sys_enter_rt_sigaction
sys_enter_rt_sigaction
sys_enter_rt_sigaction
sys_enter_rt_sigaction
sys_enter_rt_sigaction
sys_enter_rt_sigaction
sys_enter_rt_sigaction
sys_enter_rt_sigaction
sys_enter_rt_sigprocmask
sys_enter_clone
sys_enter_rt_sigprocmask
sys_enter_gettid
sys_enter_sigaltstack
sys_enter_sigaltstack
sys_enter_gettid
sys_enter_rt_sigprocmask
sys_enter_rt_sigprocmask
sys_enter_clone
sys_enter_rt_sigprocmask
sys_enter_gettid
sys_enter_sigaltstack
sys_enter_sigaltstack
sys_enter_rt_sigprocmask
sys_enter_clone
sys_enter_gettid
sys_enter_rt_sigprocmask
sys_enter_rt_sigprocmask
sys_enter_sched_yield
sys_enter_gettid
sys_enter_futex
sys_enter_futex
sys_enter_sigaltstack
sys_enter_sigaltstack
sys_enter_gettid
sys_enter_rt_sigprocmask
sys_enter_rt_sigprocmask
sys_enter_futex
sys_enter_futex
sys_enter_clone
sys_enter_rt_sigprocmask
sys_enter_futex
sys_enter_gettid
sys_enter_sigaltstack
sys_enter_sigaltstack
sys_enter_gettid
sys_enter_rt_sigprocmask
sys_enter_futex
sys_enter_futex
sys_enter_mmap
sys_enter_futex
sys_enter_futex
sys_enter_futex
sys_enter_openat
sys_enter_futex
sys_enter_futex
sys_enter_read
sys_enter_read
sys_enter_close
sys_enter_socket
sys_enter_close
sys_enter_socket
sys_enter_setsockopt
sys_enter_bind
sys_enter_socket
sys_enter_setsockopt
sys_enter_bind
sys_enter_close
sys_enter_close
sys_enter_mmap
sys_enter_getpid
sys_enter_getppid
sys_enter_mmap
sys_enter_mmap
sys_enter_mmap
sys_enter_getppid
sys_enter_openat
sys_enter_pipe2
sys_enter_getpid
sys_enter_clone
sys_enter_setsid
sys_enter_close
sys_enter_read
sys_enter_chdir
sys_enter_execve
sys_enter_close
sys_enter_exit_group
sys_enter_mmap
sys_enter_mmap
sys_enter_mprotect
sys_enter_mmap
sys_enter_mmap
sys_enter_mprotect
sys_enter_mmap
sys_enter_mprotect
sys_enter_mmap
sys_enter_mprotect
sys_enter_mmap
sys_enter_mmap
sys_enter_close
sys_enter_munmap
sys_enter_sched_getaffinity
sys_enter_mmap
sys_enter_munmap
sys_enter_mmap
sys_enter_mmap
sys_enter_mmap
sys_enter_mmap
sys_enter_mmap
sys_enter_mmap
sys_enter_rt_sigprocmask
sys_enter_sigaltstack
sys_enter_sigaltstack
sys_enter_gettid
sys_enter_rt_sigprocmask
sys_enter_rt_sigaction
sys_enter_rt_sigaction
sys_enter_rt_sigaction
sys_enter_rt_sigaction
sys_enter_rt_sigaction
sys_enter_rt_sigaction
sys_enter_rt_sigaction
sys_enter_rt_sigaction
sys_enter_rt_sigaction
sys_enter_rt_sigaction
sys_enter_rt_sigaction
sys_enter_rt_sigaction
sys_enter_rt_sigaction
sys_enter_rt_sigaction
sys_enter_rt_sigaction
sys_enter_rt_sigaction
sys_enter_rt_sigaction
sys_enter_rt_sigaction
sys_enter_rt_sigaction
sys_enter_rt_sigaction
sys_enter_rt_sigaction
sys_enter_rt_sigaction
sys_enter_rt_sigaction
sys_enter_rt_sigaction
sys_enter_rt_sigaction
sys_enter_rt_sigaction
sys_enter_rt_sigaction
sys_enter_rt_sigaction
sys_enter_rt_sigaction
sys_enter_rt_sigaction
sys_enter_rt_sigaction
sys_enter_rt_sigaction
sys_enter_rt_sigaction
sys_enter_rt_sigaction
sys_enter_rt_sigaction
sys_enter_rt_sigaction
sys_enter_rt_sigaction
sys_enter_rt_sigaction
sys_enter_rt_sigaction
sys_enter_rt_sigaction
sys_enter_rt_sigaction
sys_enter_rt_sigaction
sys_enter_rt_sigaction
sys_enter_rt_sigaction
sys_enter_rt_sigaction
sys_enter_rt_sigaction
sys_enter_rt_sigaction
sys_enter_rt_sigaction
sys_enter_rt_sigaction
sys_enter_rt_sigaction
sys_enter_rt_sigaction
sys_enter_rt_sigaction
sys_enter_rt_sigaction
sys_enter_rt_sigaction
sys_enter_rt_sigaction
sys_enter_rt_sigaction
sys_enter_rt_sigaction
sys_enter_rt_sigaction
sys_enter_rt_sigaction
sys_enter_rt_sigaction
sys_enter_rt_sigaction
sys_enter_rt_sigaction
sys_enter_rt_sigaction
sys_enter_rt_sigaction
sys_enter_rt_sigaction
sys_enter_rt_sigaction
sys_enter_rt_sigaction
sys_enter_rt_sigaction
sys_enter_rt_sigaction
sys_enter_rt_sigaction
sys_enter_rt_sigaction
sys_enter_rt_sigaction
sys_enter_rt_sigaction
sys_enter_rt_sigaction
sys_enter_rt_sigaction
sys_enter_rt_sigaction
sys_enter_rt_sigaction
sys_enter_rt_sigaction
sys_enter_rt_sigaction
sys_enter_rt_sigaction
sys_enter_rt_sigaction
sys_enter_rt_sigaction
sys_enter_rt_sigaction
sys_enter_rt_sigaction
sys_enter_rt_sigaction
sys_enter_rt_sigaction
sys_enter_rt_sigaction
sys_enter_rt_sigaction
sys_enter_rt_sigaction
sys_enter_rt_sigaction
sys_enter_rt_sigaction
sys_enter_rt_sigaction
sys_enter_rt_sigaction
sys_enter_rt_sigaction
sys_enter_rt_sigaction
sys_enter_rt_sigaction
sys_enter_rt_sigaction
sys_enter_rt_sigaction
sys_enter_rt_sigaction
sys_enter_rt_sigaction
sys_enter_rt_sigaction
sys_enter_rt_sigaction
sys_enter_rt_sigaction
sys_enter_rt_sigaction
sys_enter_rt_sigaction
sys_enter_rt_sigaction
sys_enter_rt_sigaction
sys_enter_rt_sigaction
sys_enter_rt_sigaction
sys_enter_rt_sigaction
sys_enter_rt_sigaction
sys_enter_rt_sigaction
sys_enter_rt_sigaction
sys_enter_rt_sigaction
sys_enter_rt_sigprocmask
sys_enter_clone
sys_enter_rt_sigprocmask
sys_enter_gettid
sys_enter_sigaltstack
sys_enter_sigaltstack
sys_enter_gettid
sys_enter_rt_sigprocmask
sys_enter_rt_sigprocmask
sys_enter_clone
sys_enter_rt_sigprocmask
sys_enter_gettid
sys_enter_sigaltstack
sys_enter_sigaltstack
sys_enter_rt_sigprocmask
sys_enter_gettid
sys_enter_rt_sigprocmask
sys_enter_clone
sys_enter_rt_sigprocmask
sys_enter_sched_yield
sys_enter_gettid
sys_enter_futex
sys_enter_sigaltstack
sys_enter_sigaltstack
sys_enter_futex
sys_enter_gettid
sys_enter_rt_sigprocmask
sys_enter_futex
sys_enter_rt_sigprocmask
sys_enter_clone
sys_enter_futex
sys_enter_rt_sigprocmask
sys_enter_futex
sys_enter_gettid
sys_enter_sigaltstack
sys_enter_sigaltstack
sys_enter_gettid
sys_enter_rt_sigprocmask
sys_enter_futex
sys_enter_futex
sys_enter_mmap
sys_enter_futex
sys_enter_futex
sys_enter_futex
sys_enter_openat
sys_enter_futex
sys_enter_futex
sys_enter_read
sys_enter_read
sys_enter_close
sys_enter_socket
sys_enter_close
sys_enter_socket
sys_enter_setsockopt
sys_enter_bind
sys_enter_socket
sys_enter_setsockopt
sys_enter_bind
sys_enter_close
sys_enter_close
sys_enter_getpid
sys_enter_getppid
sys_enter_mmap
sys_enter_mmap
sys_enter_getppid
sys_enter_openat
sys_enter_pipe2
sys_enter_getpid
sys_enter_clone
sys_enter_setsid
sys_enter_close
sys_enter_chdir
sys_enter_read
sys_enter_execve
sys_enter_close
sys_enter_exit_group
sys_enter_mmap
sys_enter_mmap
sys_enter_mprotect
sys_enter_mmap
sys_enter_mmap
sys_enter_mprotect
sys_enter_mmap
sys_enter_mprotect
sys_enter_mmap
sys_enter_mprotect
sys_enter_mmap
sys_enter_mmap
sys_enter_close
sys_enter_munmap
sys_enter_sched_getaffinity
sys_enter_mmap
sys_enter_munmap
sys_enter_mmap
sys_enter_mmap
sys_enter_mmap
sys_enter_mmap
sys_enter_mmap
sys_enter_mmap
sys_enter_rt_sigprocmask
sys_enter_sigaltstack
sys_enter_sigaltstack
sys_enter_gettid
sys_enter_rt_sigprocmask
sys_enter_rt_sigaction
sys_enter_rt_sigaction
sys_enter_rt_sigaction
sys_enter_rt_sigaction
sys_enter_rt_sigaction
sys_enter_rt_sigaction
sys_enter_rt_sigaction
sys_enter_rt_sigaction
sys_enter_rt_sigaction
sys_enter_rt_sigaction
sys_enter_rt_sigaction
sys_enter_rt_sigaction
sys_enter_rt_sigaction
sys_enter_rt_sigaction
sys_enter_rt_sigaction
sys_enter_rt_sigaction
sys_enter_rt_sigaction
sys_enter_rt_sigaction
sys_enter_rt_sigaction
sys_enter_rt_sigaction
sys_enter_rt_sigaction
sys_enter_rt_sigaction
sys_enter_rt_sigaction
sys_enter_rt_sigaction
sys_enter_rt_sigaction
sys_enter_rt_sigaction
sys_enter_rt_sigaction
sys_enter_rt_sigaction
sys_enter_rt_sigaction
sys_enter_rt_sigaction
sys_enter_rt_sigaction
sys_enter_rt_sigaction
sys_enter_rt_sigaction
sys_enter_rt_sigaction
sys_enter_rt_sigaction
sys_enter_rt_sigaction
sys_enter_rt_sigaction
sys_enter_rt_sigaction
sys_enter_rt_sigaction
sys_enter_rt_sigaction
sys_enter_rt_sigaction
sys_enter_rt_sigaction
sys_enter_rt_sigaction
sys_enter_rt_sigaction
sys_enter_rt_sigaction
sys_enter_rt_sigaction
sys_enter_rt_sigaction
sys_enter_rt_sigaction
sys_enter_rt_sigaction
sys_enter_rt_sigaction
sys_enter_rt_sigaction
sys_enter_rt_sigaction
sys_enter_rt_sigaction
sys_enter_rt_sigaction
sys_enter_rt_sigaction
sys_enter_rt_sigaction
sys_enter_rt_sigaction
sys_enter_rt_sigaction
sys_enter_rt_sigaction
sys_enter_rt_sigaction
sys_enter_rt_sigaction
sys_enter_rt_sigaction
sys_enter_rt_sigaction
sys_enter_rt_sigaction
sys_enter_rt_sigaction
sys_enter_rt_sigaction
sys_enter_rt_sigaction
sys_enter_rt_sigaction
sys_enter_rt_sigaction
sys_enter_rt_sigaction
sys_enter_rt_sigaction
sys_enter_rt_sigaction
sys_enter_rt_sigaction
sys_enter_rt_sigaction
sys_enter_rt_sigaction
sys_enter_rt_sigaction
sys_enter_rt_sigaction
sys_enter_rt_sigaction
sys_enter_rt_sigaction
sys_enter_rt_sigaction
sys_enter_rt_sigaction
sys_enter_rt_sigaction
sys_enter_rt_sigaction
sys_enter_rt_sigaction
sys_enter_rt_sigaction
sys_enter_rt_sigaction
sys_enter_rt_sigaction
sys_enter_rt_sigaction
sys_enter_rt_sigaction
sys_enter_rt_sigaction
sys_enter_rt_sigaction
sys_enter_rt_sigaction
sys_enter_rt_sigaction
sys_enter_rt_sigaction
sys_enter_rt_sigaction
sys_enter_rt_sigaction
sys_enter_rt_sigaction
sys_enter_rt_sigaction
sys_enter_rt_sigaction
sys_enter_rt_sigaction
sys_enter_rt_sigaction
sys_enter_rt_sigaction
sys_enter_rt_sigaction
sys_enter_rt_sigaction
sys_enter_rt_sigaction
sys_enter_rt_sigaction
sys_enter_rt_sigaction
sys_enter_rt_sigaction
sys_enter_rt_sigaction
sys_enter_rt_sigaction
sys_enter_rt_sigaction
sys_enter_rt_sigaction
sys_enter_rt_sigaction
sys_enter_rt_sigaction
sys_enter_rt_sigprocmask
sys_enter_clone
sys_enter_rt_sigprocmask
sys_enter_gettid
sys_enter_sigaltstack
sys_enter_sigaltstack
sys_enter_gettid
sys_enter_rt_sigprocmask
sys_enter_rt_sigprocmask
sys_enter_clone
sys_enter_rt_sigprocmask
sys_enter_gettid
sys_enter_sigaltstack
sys_enter_sigaltstack
sys_enter_rt_sigprocmask
sys_enter_clone
sys_enter_gettid
sys_enter_rt_sigprocmask
sys_enter_rt_sigprocmask
sys_enter_sched_yield
sys_enter_gettid
sys_enter_futex
sys_enter_futex
sys_enter_sigaltstack
sys_enter_sigaltstack
sys_enter_gettid
sys_enter_rt_sigprocmask
sys_enter_rt_sigprocmask
sys_enter_clone
sys_enter_futex
sys_enter_futex
sys_enter_rt_sigprocmask
sys_enter_futex
sys_enter_gettid
sys_enter_sigaltstack
sys_enter_sigaltstack
sys_enter_gettid
sys_enter_rt_sigprocmask
sys_enter_futex
sys_enter_futex
sys_enter_mmap
sys_enter_futex
sys_enter_futex
sys_enter_futex
sys_enter_openat
sys_enter_read
sys_enter_read
sys_enter_close
sys_enter_socket
sys_enter_close
sys_enter_socket
sys_enter_setsockopt
sys_enter_bind
sys_enter_socket
sys_enter_setsockopt
sys_enter_bind
sys_enter_close
sys_enter_close
sys_enter_getpid
sys_enter_getppid
sys_enter_mmap
sys_enter_mmap
sys_enter_getppid
sys_enter_openat
sys_enter_pipe2
sys_enter_getpid
sys_enter_clone
sys_enter_setsid
sys_enter_close
sys_enter_read
sys_enter_chdir
sys_enter_execve
sys_enter_close
sys_enter_mmap
sys_enter_mmap
sys_enter_exit_group
sys_enter_mprotect
sys_enter_mmap
sys_enter_mmap
sys_enter_mprotect
sys_enter_mmap
sys_enter_mprotect
sys_enter_mmap
sys_enter_mprotect
sys_enter_mmap
sys_enter_mmap
sys_enter_close
sys_enter_munmap
sys_enter_sched_getaffinity
sys_enter_mmap
sys_enter_munmap
sys_enter_mmap
sys_enter_mmap
sys_enter_mmap
sys_enter_mmap
sys_enter_mmap
sys_enter_mmap
sys_enter_rt_sigprocmask
sys_enter_sigaltstack
sys_enter_sigaltstack
sys_enter_gettid
sys_enter_rt_sigprocmask
sys_enter_rt_sigaction
sys_enter_rt_sigaction
sys_enter_rt_sigaction
sys_enter_rt_sigaction
sys_enter_rt_sigaction
sys_enter_rt_sigaction
sys_enter_rt_sigaction
sys_enter_rt_sigaction
sys_enter_rt_sigaction
sys_enter_rt_sigaction
sys_enter_rt_sigaction
sys_enter_rt_sigaction
sys_enter_rt_sigaction
sys_enter_rt_sigaction
sys_enter_rt_sigaction
sys_enter_rt_sigaction
sys_enter_rt_sigaction
sys_enter_rt_sigaction
sys_enter_rt_sigaction
sys_enter_rt_sigaction
sys_enter_rt_sigaction
sys_enter_rt_sigaction
sys_enter_rt_sigaction
sys_enter_rt_sigaction
sys_enter_rt_sigaction
sys_enter_rt_sigaction
sys_enter_rt_sigaction
sys_enter_rt_sigaction
sys_enter_rt_sigaction
sys_enter_rt_sigaction
sys_enter_rt_sigaction
sys_enter_rt_sigaction
sys_enter_rt_sigaction
sys_enter_rt_sigaction
sys_enter_rt_sigaction
sys_enter_rt_sigaction
sys_enter_rt_sigaction
sys_enter_rt_sigaction
sys_enter_rt_sigaction
sys_enter_rt_sigaction
sys_enter_rt_sigaction
sys_enter_rt_sigaction
sys_enter_rt_sigaction
sys_enter_rt_sigaction
sys_enter_rt_sigaction
sys_enter_rt_sigaction
sys_enter_rt_sigaction
sys_enter_rt_sigaction
sys_enter_rt_sigaction
sys_enter_rt_sigaction
sys_enter_rt_sigaction
sys_enter_rt_sigaction
sys_enter_rt_sigaction
sys_enter_rt_sigaction
sys_enter_rt_sigaction
sys_enter_rt_sigaction
sys_enter_rt_sigaction
sys_enter_rt_sigaction
sys_enter_rt_sigaction
sys_enter_rt_sigaction
sys_enter_rt_sigaction
sys_enter_rt_sigaction
sys_enter_rt_sigaction
sys_enter_rt_sigaction
sys_enter_rt_sigaction
sys_enter_rt_sigaction
sys_enter_rt_sigaction
sys_enter_rt_sigaction
sys_enter_rt_sigaction
sys_enter_rt_sigaction
sys_enter_rt_sigaction
sys_enter_rt_sigaction
sys_enter_rt_sigaction
sys_enter_rt_sigaction
sys_enter_rt_sigaction
sys_enter_rt_sigaction
sys_enter_rt_sigaction
sys_enter_rt_sigaction
sys_enter_rt_sigaction
sys_enter_rt_sigaction
sys_enter_rt_sigaction
sys_enter_rt_sigaction
sys_enter_rt_sigaction
sys_enter_rt_sigaction
sys_enter_rt_sigaction
sys_enter_rt_sigaction
sys_enter_rt_sigaction
sys_enter_rt_sigaction
sys_enter_rt_sigaction
sys_enter_rt_sigaction
sys_enter_rt_sigaction
sys_enter_rt_sigaction
sys_enter_rt_sigaction
sys_enter_rt_sigaction
sys_enter_rt_sigaction
sys_enter_rt_sigaction
sys_enter_rt_sigaction
sys_enter_rt_sigaction
sys_enter_rt_sigaction
sys_enter_rt_sigaction
sys_enter_rt_sigaction
sys_enter_rt_sigaction
sys_enter_rt_sigaction
sys_enter_rt_sigaction
sys_enter_rt_sigaction
sys_enter_rt_sigaction
sys_enter_rt_sigaction
sys_enter_rt_sigaction
sys_enter_rt_sigaction
sys_enter_rt_sigaction
sys_enter_rt_sigaction
sys_enter_rt_sigaction
sys_enter_rt_sigaction
sys_enter_rt_sigaction
sys_enter_rt_sigprocmask
sys_enter_clone
sys_enter_rt_sigprocmask
sys_enter_gettid
sys_enter_sigaltstack
sys_enter_sigaltstack
sys_enter_gettid
sys_enter_rt_sigprocmask
sys_enter_rt_sigprocmask
sys_enter_clone
sys_enter_rt_sigprocmask
sys_enter_gettid
sys_enter_sigaltstack
sys_enter_sigaltstack
sys_enter_gettid
sys_enter_rt_sigprocmask
sys_enter_rt_sigprocmask
sys_enter_clone
sys_enter_rt_sigprocmask
sys_enter_clone
sys_enter_rt_sigprocmask
sys_enter_futex
sys_enter_gettid
sys_enter_sigaltstack
sys_enter_sigaltstack
sys_enter_rt_sigprocmask
sys_enter_futex
sys_enter_gettid
sys_enter_sigaltstack
sys_enter_sigaltstack
sys_enter_gettid
sys_enter_rt_sigprocmask
sys_enter_futex
sys_enter_futex
sys_enter_gettid
sys_enter_rt_sigprocmask
sys_enter_futex
sys_enter_futex
sys_enter_mmap
sys_enter_futex
sys_enter_futex
sys_enter_futex
sys_enter_openat
sys_enter_read
sys_enter_read
sys_enter_close
sys_enter_socket
sys_enter_close
sys_enter_socket
sys_enter_setsockopt
sys_enter_bind
sys_enter_socket
sys_enter_setsockopt
sys_enter_bind
sys_enter_close
sys_enter_close
sys_enter_getpid
sys_enter_getppid
sys_enter_mmap
sys_enter_mmap
sys_enter_getppid
sys_enter_openat
sys_enter_pipe2
sys_enter_getpid
sys_enter_clone
sys_enter_setsid
sys_enter_close
sys_enter_read
sys_enter_chdir
sys_enter_execve
sys_enter_close
sys_enter_exit_group
sys_enter_mmap
sys_enter_mmap
sys_enter_mprotect
sys_enter_mmap
sys_enter_mmap
sys_enter_mprotect
sys_enter_mmap
sys_enter_mprotect
sys_enter_mmap
sys_enter_mprotect
sys_enter_mmap
sys_enter_mmap
sys_enter_close
sys_enter_munmap
sys_enter_sched_getaffinity
sys_enter_mmap
sys_enter_munmap
sys_enter_mmap
sys_enter_mmap
sys_enter_mmap
sys_enter_mmap
sys_enter_mmap
sys_enter_mmap
sys_enter_rt_sigprocmask
sys_enter_sigaltstack
sys_enter_sigaltstack
sys_enter_gettid
sys_enter_rt_sigprocmask
sys_enter_rt_sigaction
sys_enter_rt_sigaction
sys_enter_rt_sigaction
sys_enter_rt_sigaction
sys_enter_rt_sigaction
sys_enter_rt_sigaction
sys_enter_rt_sigaction
sys_enter_rt_sigaction
sys_enter_rt_sigaction
sys_enter_rt_sigaction
sys_enter_rt_sigaction
sys_enter_rt_sigaction
sys_enter_rt_sigaction
sys_enter_rt_sigaction
sys_enter_rt_sigaction
sys_enter_rt_sigaction
sys_enter_rt_sigaction
sys_enter_rt_sigaction
sys_enter_rt_sigaction
sys_enter_rt_sigaction
sys_enter_rt_sigaction
sys_enter_rt_sigaction
sys_enter_rt_sigaction
sys_enter_rt_sigaction
sys_enter_rt_sigaction
sys_enter_rt_sigaction
sys_enter_rt_sigaction
sys_enter_rt_sigaction
sys_enter_rt_sigaction
sys_enter_rt_sigaction
sys_enter_rt_sigaction
sys_enter_rt_sigaction
sys_enter_rt_sigaction
sys_enter_rt_sigaction
sys_enter_rt_sigaction
sys_enter_rt_sigaction
sys_enter_rt_sigaction
sys_enter_rt_sigaction
sys_enter_rt_sigaction
sys_enter_rt_sigaction
sys_enter_rt_sigaction
sys_enter_rt_sigaction
sys_enter_rt_sigaction
sys_enter_rt_sigaction
sys_enter_rt_sigaction
sys_enter_rt_sigaction
sys_enter_rt_sigaction
sys_enter_rt_sigaction
sys_enter_rt_sigaction
sys_enter_rt_sigaction
sys_enter_rt_sigaction
sys_enter_rt_sigaction
sys_enter_rt_sigaction
sys_enter_rt_sigaction
sys_enter_rt_sigaction
sys_enter_rt_sigaction
sys_enter_rt_sigaction
sys_enter_rt_sigaction
sys_enter_rt_sigaction
sys_enter_rt_sigaction
sys_enter_rt_sigaction
sys_enter_rt_sigaction
sys_enter_rt_sigaction
sys_enter_rt_sigaction
sys_enter_rt_sigaction
sys_enter_rt_sigaction
sys_enter_rt_sigaction
sys_enter_rt_sigaction
sys_enter_rt_sigaction
sys_enter_rt_sigaction
sys_enter_rt_sigaction
sys_enter_rt_sigaction
sys_enter_rt_sigaction
sys_enter_rt_sigaction
sys_enter_rt_sigaction
sys_enter_rt_sigaction
sys_enter_rt_sigaction
sys_enter_rt_sigaction
sys_enter_rt_sigaction
sys_enter_rt_sigaction
sys_enter_rt_sigaction
sys_enter_rt_sigaction
sys_enter_rt_sigaction
sys_enter_rt_sigaction
sys_enter_rt_sigaction
sys_enter_rt_sigaction
sys_enter_rt_sigaction
sys_enter_rt_sigaction
sys_enter_rt_sigaction
sys_enter_rt_sigaction
sys_enter_rt_sigaction
sys_enter_rt_sigaction
sys_enter_rt_sigaction
sys_enter_rt_sigaction
sys_enter_rt_sigaction
sys_enter_rt_sigaction
sys_enter_rt_sigaction
sys_enter_rt_sigaction
sys_enter_rt_sigaction
sys_enter_rt_sigaction
sys_enter_rt_sigaction
sys_enter_rt_sigaction
sys_enter_rt_sigaction
sys_enter_rt_sigaction
sys_enter_rt_sigaction
sys_enter_rt_sigaction
sys_enter_rt_sigaction
sys_enter_rt_sigaction
sys_enter_rt_sigaction
sys_enter_rt_sigaction
sys_enter_rt_sigaction
sys_enter_rt_sigaction
sys_enter_rt_sigaction
sys_enter_rt_sigaction
sys_enter_rt_sigprocmask
sys_enter_clone
sys_enter_rt_sigprocmask
sys_enter_gettid
sys_enter_sigaltstack
sys_enter_sigaltstack
sys_enter_gettid
sys_enter_rt_sigprocmask
sys_enter_rt_sigprocmask
sys_enter_clone
sys_enter_rt_sigprocmask
sys_enter_gettid
sys_enter_sigaltstack
sys_enter_rt_sigprocmask
sys_enter_clone
sys_enter_sigaltstack
sys_enter_gettid
sys_enter_rt_sigprocmask
sys_enter_rt_sigprocmask
sys_enter_futex
sys_enter_rt_sigprocmask
sys_enter_clone
sys_enter_rt_sigprocmask
sys_enter_gettid
sys_enter_sigaltstack
sys_enter_sigaltstack
sys_enter_gettid
sys_enter_rt_sigprocmask
sys_enter_gettid
sys_enter_sigaltstack
sys_enter_sigaltstack
sys_enter_gettid
sys_enter_rt_sigprocmask
sys_enter_futex
sys_enter_futex
sys_enter_futex
sys_enter_futex
sys_enter_futex
sys_enter_mmap
sys_enter_futex
sys_enter_futex
sys_enter_futex
sys_enter_openat
sys_enter_read
sys_enter_read
sys_enter_close
sys_enter_socket
sys_enter_close
sys_enter_socket
sys_enter_setsockopt
sys_enter_bind
sys_enter_socket
sys_enter_setsockopt
sys_enter_bind
sys_enter_close
sys_enter_close
sys_enter_getpid
sys_enter_getppid
sys_enter_mmap
sys_enter_mmap
sys_enter_getppid
sys_enter_openat
sys_enter_pipe2
sys_enter_getpid
sys_enter_clone
sys_enter_setsid
sys_enter_close
sys_enter_read
sys_enter_chdir
sys_enter_execve
sys_enter_close
sys_enter_exit_group
sys_enter_mmap
sys_enter_mmap
sys_enter_mprotect
sys_enter_mmap
sys_enter_mmap
sys_enter_mprotect
sys_enter_mmap
sys_enter_mprotect
sys_enter_mmap
sys_enter_mprotect
sys_enter_mmap
sys_enter_mmap
sys_enter_close
sys_enter_munmap
sys_enter_sched_getaffinity
sys_enter_mmap
sys_enter_munmap
sys_enter_mmap
sys_enter_mmap
sys_enter_mmap
sys_enter_mmap
sys_enter_mmap
sys_enter_mmap
sys_enter_rt_sigprocmask
sys_enter_sigaltstack
sys_enter_sigaltstack
sys_enter_gettid
sys_enter_rt_sigprocmask
sys_enter_rt_sigaction
sys_enter_rt_sigaction
sys_enter_rt_sigaction
sys_enter_rt_sigaction
sys_enter_rt_sigaction
sys_enter_rt_sigaction
sys_enter_rt_sigaction
sys_enter_rt_sigaction
sys_enter_rt_sigaction
sys_enter_rt_sigaction
sys_enter_rt_sigaction
sys_enter_rt_sigaction
sys_enter_rt_sigaction
sys_enter_rt_sigaction
sys_enter_rt_sigaction
sys_enter_rt_sigaction
sys_enter_rt_sigaction
sys_enter_rt_sigaction
sys_enter_rt_sigaction
sys_enter_rt_sigaction
sys_enter_rt_sigaction
sys_enter_rt_sigaction
sys_enter_rt_sigaction
sys_enter_rt_sigaction
sys_enter_rt_sigaction
sys_enter_rt_sigaction
sys_enter_rt_sigaction
sys_enter_rt_sigaction
sys_enter_rt_sigaction
sys_enter_rt_sigaction
sys_enter_rt_sigaction
sys_enter_rt_sigaction
sys_enter_rt_sigaction
sys_enter_rt_sigaction
sys_enter_rt_sigaction
sys_enter_rt_sigaction
sys_enter_rt_sigaction
sys_enter_rt_sigaction
sys_enter_rt_sigaction
sys_enter_rt_sigaction
sys_enter_rt_sigaction
sys_enter_rt_sigaction
sys_enter_rt_sigaction
sys_enter_rt_sigaction
sys_enter_rt_sigaction
sys_enter_rt_sigaction
sys_enter_rt_sigaction
sys_enter_rt_sigaction
sys_enter_rt_sigaction
sys_enter_rt_sigaction
sys_enter_rt_sigaction
sys_enter_rt_sigaction
sys_enter_rt_sigaction
sys_enter_rt_sigaction
sys_enter_rt_sigaction
sys_enter_rt_sigaction
sys_enter_rt_sigaction
sys_enter_rt_sigaction
sys_enter_rt_sigaction
sys_enter_rt_sigaction
sys_enter_rt_sigaction
sys_enter_rt_sigaction
sys_enter_rt_sigaction
sys_enter_rt_sigaction
sys_enter_rt_sigaction
sys_enter_rt_sigaction
sys_enter_rt_sigaction
sys_enter_rt_sigaction
sys_enter_rt_sigaction
sys_enter_rt_sigaction
sys_enter_rt_sigaction
sys_enter_rt_sigaction
sys_enter_rt_sigaction
sys_enter_rt_sigaction
sys_enter_rt_sigaction
sys_enter_rt_sigaction
sys_enter_rt_sigaction
sys_enter_rt_sigaction
sys_enter_rt_sigaction
sys_enter_rt_sigaction
sys_enter_rt_sigaction
sys_enter_rt_sigaction
sys_enter_rt_sigaction
sys_enter_rt_sigaction
sys_enter_rt_sigaction
sys_enter_rt_sigaction
sys_enter_rt_sigaction
sys_enter_rt_sigaction
sys_enter_rt_sigaction
sys_enter_rt_sigaction
sys_enter_rt_sigaction
sys_enter_rt_sigaction
sys_enter_rt_sigaction
sys_enter_rt_sigaction
sys_enter_rt_sigaction
sys_enter_rt_sigaction
sys_enter_rt_sigaction
sys_enter_rt_sigaction
sys_enter_rt_sigaction
sys_enter_rt_sigaction
sys_enter_rt_sigaction
sys_enter_rt_sigaction
sys_enter_rt_sigaction
sys_enter_rt_sigaction
sys_enter_rt_sigaction
sys_enter_rt_sigaction
sys_enter_rt_sigaction
sys_enter_rt_sigaction
sys_enter_rt_sigaction
sys_enter_rt_sigaction
sys_enter_rt_sigaction
sys_enter_rt_sigaction
sys_enter_rt_sigaction
sys_enter_rt_sigaction
sys_enter_rt_sigprocmask
sys_enter_clone
sys_enter_rt_sigprocmask
sys_enter_gettid
sys_enter_sigaltstack
sys_enter_sigaltstack
sys_enter_gettid
sys_enter_rt_sigprocmask
sys_enter_rt_sigprocmask
sys_enter_clone
sys_enter_rt_sigprocmask
sys_enter_gettid
sys_enter_sigaltstack
sys_enter_sigaltstack
sys_enter_gettid
sys_enter_rt_sigprocmask
sys_enter_rt_sigprocmask
sys_enter_clone
sys_enter_rt_sigprocmask
sys_enter_futex
sys_enter_rt_sigprocmask
sys_enter_clone
sys_enter_rt_sigprocmask
sys_enter_futex
sys_enter_gettid
sys_enter_gettid
sys_enter_sigaltstack
sys_enter_sigaltstack
sys_enter_gettid
sys_enter_rt_sigprocmask
sys_enter_futex
sys_enter_futex
sys_enter_sigaltstack
sys_enter_sigaltstack
sys_enter_gettid
sys_enter_rt_sigprocmask
sys_enter_futex
sys_enter_futex
sys_enter_mmap
sys_enter_futex
sys_enter_futex
sys_enter_futex
sys_enter_openat
sys_enter_read
sys_enter_read
sys_enter_close
sys_enter_socket
sys_enter_close
sys_enter_socket
sys_enter_setsockopt
sys_enter_bind
sys_enter_socket
sys_enter_setsockopt
sys_enter_bind
sys_enter_close
sys_enter_close
sys_enter_getpid
sys_enter_getppid
sys_enter_mmap
sys_enter_mmap
sys_enter_getppid
sys_enter_openat
sys_enter_pipe2
sys_enter_getpid
sys_enter_clone
sys_enter_setsid
sys_enter_close
sys_enter_read
sys_enter_chdir
sys_enter_execve
sys_enter_close
sys_enter_exit_group
sys_enter_mmap
sys_enter_mmap
sys_enter_mprotect
sys_enter_mmap
sys_enter_mmap
sys_enter_mprotect
sys_enter_mmap
sys_enter_mprotect
sys_enter_mmap
sys_enter_mprotect
sys_enter_mmap
sys_enter_mmap
sys_enter_close
sys_enter_munmap
sys_enter_sched_getaffinity
sys_enter_mmap
sys_enter_munmap
sys_enter_mmap
sys_enter_mmap
sys_enter_mmap
sys_enter_mmap
sys_enter_mmap
sys_enter_mmap
sys_enter_rt_sigprocmask
sys_enter_sigaltstack
sys_enter_sigaltstack
sys_enter_gettid
sys_enter_rt_sigprocmask
sys_enter_rt_sigaction
sys_enter_rt_sigaction
sys_enter_rt_sigaction
sys_enter_rt_sigaction
sys_enter_rt_sigaction
sys_enter_rt_sigaction
sys_enter_rt_sigaction
sys_enter_rt_sigaction
sys_enter_rt_sigaction
sys_enter_rt_sigaction
sys_enter_rt_sigaction
sys_enter_rt_sigaction
sys_enter_rt_sigaction
sys_enter_rt_sigaction
sys_enter_rt_sigaction
sys_enter_rt_sigaction
sys_enter_rt_sigaction
sys_enter_rt_sigaction
sys_enter_rt_sigaction
sys_enter_rt_sigaction
sys_enter_rt_sigaction
sys_enter_rt_sigaction
sys_enter_rt_sigaction
sys_enter_rt_sigaction
sys_enter_rt_sigaction
sys_enter_rt_sigaction
sys_enter_rt_sigaction
sys_enter_rt_sigaction
sys_enter_rt_sigaction
sys_enter_rt_sigaction
sys_enter_rt_sigaction
sys_enter_rt_sigaction
sys_enter_rt_sigaction
sys_enter_rt_sigaction
sys_enter_rt_sigaction
sys_enter_rt_sigaction
sys_enter_rt_sigaction
sys_enter_rt_sigaction
sys_enter_rt_sigaction
sys_enter_rt_sigaction
sys_enter_rt_sigaction
sys_enter_rt_sigaction
sys_enter_rt_sigaction
sys_enter_rt_sigaction
sys_enter_rt_sigaction
sys_enter_rt_sigaction
sys_enter_rt_sigaction
sys_enter_rt_sigaction
sys_enter_rt_sigaction
sys_enter_rt_sigaction
sys_enter_rt_sigaction
sys_enter_rt_sigaction
sys_enter_rt_sigaction
sys_enter_rt_sigaction
sys_enter_rt_sigaction
sys_enter_rt_sigaction
sys_enter_rt_sigaction
sys_enter_rt_sigaction
sys_enter_rt_sigaction
sys_enter_rt_sigaction
sys_enter_rt_sigaction
sys_enter_rt_sigaction
sys_enter_rt_sigaction
sys_enter_rt_sigaction
sys_enter_rt_sigaction
sys_enter_rt_sigaction
sys_enter_rt_sigaction
sys_enter_rt_sigaction
sys_enter_rt_sigaction
sys_enter_rt_sigaction
sys_enter_rt_sigaction
sys_enter_rt_sigaction
sys_enter_rt_sigaction
sys_enter_rt_sigaction
sys_enter_rt_sigaction
sys_enter_rt_sigaction
sys_enter_rt_sigaction
sys_enter_rt_sigaction
sys_enter_rt_sigaction
sys_enter_rt_sigaction
sys_enter_rt_sigaction
sys_enter_rt_sigaction
sys_enter_rt_sigaction
sys_enter_rt_sigaction
sys_enter_rt_sigaction
sys_enter_rt_sigaction
sys_enter_rt_sigaction
sys_enter_rt_sigaction
sys_enter_rt_sigaction
sys_enter_rt_sigaction
sys_enter_rt_sigaction
sys_enter_rt_sigaction
sys_enter_rt_sigaction
sys_enter_rt_sigaction
sys_enter_rt_sigaction
sys_enter_rt_sigaction
sys_enter_rt_sigaction
sys_enter_rt_sigaction
sys_enter_rt_sigaction
sys_enter_rt_sigaction
sys_enter_rt_sigaction
sys_enter_rt_sigaction
sys_enter_rt_sigaction
sys_enter_rt_sigaction
sys_enter_rt_sigaction
sys_enter_rt_sigaction
sys_enter_rt_sigaction
sys_enter_rt_sigaction
sys_enter_rt_sigaction
sys_enter_rt_sigaction
sys_enter_rt_sigaction
sys_enter_rt_sigaction
sys_enter_rt_sigaction
sys_enter_rt_sigaction
sys_enter_rt_sigprocmask
sys_enter_clone
sys_enter_rt_sigprocmask
sys_enter_gettid
sys_enter_sigaltstack
sys_enter_sigaltstack
sys_enter_gettid
sys_enter_rt_sigprocmask
sys_enter_rt_sigprocmask
sys_enter_clone
sys_enter_rt_sigprocmask
sys_enter_gettid
sys_enter_sigaltstack
sys_enter_sigaltstack
sys_enter_gettid
sys_enter_rt_sigprocmask
sys_enter_rt_sigprocmask
sys_enter_clone
sys_enter_rt_sigprocmask
sys_enter_futex
sys_enter_rt_sigprocmask
sys_enter_clone
sys_enter_rt_sigprocmask
sys_enter_gettid
sys_enter_sigaltstack
sys_enter_sigaltstack
sys_enter_gettid
sys_enter_rt_sigprocmask
sys_enter_gettid
sys_enter_sigaltstack
sys_enter_sigaltstack
sys_enter_futex
sys_enter_futex
sys_enter_gettid
sys_enter_rt_sigprocmask
sys_enter_futex
sys_enter_futex
sys_enter_futex
sys_enter_mmap
sys_enter_futex
sys_enter_futex
sys_enter_futex
sys_enter_openat
sys_enter_read
sys_enter_read
sys_enter_close
sys_enter_socket
sys_enter_close
sys_enter_socket
sys_enter_setsockopt
sys_enter_bind
sys_enter_socket
sys_enter_setsockopt
sys_enter_bind
sys_enter_close
sys_enter_close
sys_enter_getpid
sys_enter_getppid
sys_enter_mmap
sys_enter_mmap
sys_enter_getppid
sys_enter_openat
sys_enter_pipe2
sys_enter_getpid
sys_enter_clone
sys_enter_setsid
sys_enter_close
sys_enter_read
sys_enter_chdir
sys_enter_execve
sys_enter_close
sys_enter_mmap
sys_enter_mmap
sys_enter_exit_group
sys_enter_mprotect
sys_enter_mmap
sys_enter_mmap
sys_enter_mprotect
sys_enter_mmap
sys_enter_mprotect
sys_enter_mmap
sys_enter_mprotect
sys_enter_mmap
sys_enter_mmap
sys_enter_close
sys_enter_munmap
sys_enter_sched_getaffinity
sys_enter_mmap
sys_enter_munmap
sys_enter_mmap
sys_enter_mmap
sys_enter_mmap
sys_enter_mmap
sys_enter_mmap
sys_enter_mmap
sys_enter_rt_sigprocmask
sys_enter_sigaltstack
sys_enter_sigaltstack
sys_enter_gettid
sys_enter_rt_sigprocmask
sys_enter_rt_sigaction
sys_enter_rt_sigaction
sys_enter_rt_sigaction
sys_enter_rt_sigaction
sys_enter_rt_sigaction
sys_enter_rt_sigaction
sys_enter_rt_sigaction
sys_enter_rt_sigaction
sys_enter_rt_sigaction
sys_enter_rt_sigaction
sys_enter_rt_sigaction
sys_enter_rt_sigaction
sys_enter_rt_sigaction
sys_enter_rt_sigaction
sys_enter_rt_sigaction
sys_enter_rt_sigaction
sys_enter_rt_sigaction
sys_enter_rt_sigaction
sys_enter_rt_sigaction
sys_enter_rt_sigaction
sys_enter_rt_sigaction
sys_enter_rt_sigaction
sys_enter_rt_sigaction
sys_enter_rt_sigaction
sys_enter_rt_sigaction
sys_enter_rt_sigaction
sys_enter_rt_sigaction
sys_enter_rt_sigaction
sys_enter_rt_sigaction
sys_enter_rt_sigaction
sys_enter_rt_sigaction
sys_enter_rt_sigaction
sys_enter_rt_sigaction
sys_enter_rt_sigaction
sys_enter_rt_sigaction
sys_enter_rt_sigaction
sys_enter_rt_sigaction
sys_enter_rt_sigaction
sys_enter_rt_sigaction
sys_enter_rt_sigaction
sys_enter_rt_sigaction
sys_enter_rt_sigaction
sys_enter_rt_sigaction
sys_enter_rt_sigaction
sys_enter_rt_sigaction
sys_enter_rt_sigaction
sys_enter_rt_sigaction
sys_enter_rt_sigaction
sys_enter_rt_sigaction
sys_enter_rt_sigaction
sys_enter_rt_sigaction
sys_enter_rt_sigaction
sys_enter_rt_sigaction
sys_enter_rt_sigaction
sys_enter_rt_sigaction
sys_enter_rt_sigaction
sys_enter_rt_sigaction
sys_enter_rt_sigaction
sys_enter_rt_sigaction
sys_enter_rt_sigaction
sys_enter_rt_sigaction
sys_enter_rt_sigaction
sys_enter_rt_sigaction
sys_enter_rt_sigaction
sys_enter_rt_sigaction
sys_enter_rt_sigaction
sys_enter_rt_sigaction
sys_enter_rt_sigaction
sys_enter_rt_sigaction
sys_enter_rt_sigaction
sys_enter_rt_sigaction
sys_enter_rt_sigaction
sys_enter_rt_sigaction
sys_enter_rt_sigaction
sys_enter_rt_sigaction
sys_enter_rt_sigaction
sys_enter_rt_sigaction
sys_enter_rt_sigaction
sys_enter_rt_sigaction
sys_enter_rt_sigaction
sys_enter_rt_sigaction
sys_enter_rt_sigaction
sys_enter_rt_sigaction
sys_enter_rt_sigaction
sys_enter_rt_sigaction
sys_enter_rt_sigaction
sys_enter_rt_sigaction
sys_enter_rt_sigaction
sys_enter_rt_sigaction
sys_enter_rt_sigaction
sys_enter_rt_sigaction
sys_enter_rt_sigaction
sys_enter_rt_sigaction
sys_enter_rt_sigaction
sys_enter_rt_sigaction
sys_enter_rt_sigaction
sys_enter_rt_sigaction
sys_enter_rt_sigaction
sys_enter_rt_sigaction
sys_enter_rt_sigaction
sys_enter_rt_sigaction
sys_enter_rt_sigaction
sys_enter_rt_sigaction
sys_enter_rt_sigaction
sys_enter_rt_sigaction
sys_enter_rt_sigaction
sys_enter_rt_sigaction
sys_enter_rt_sigaction
sys_enter_rt_sigaction
sys_enter_rt_sigaction
sys_enter_rt_sigaction
sys_enter_rt_sigaction
sys_enter_rt_sigaction
sys_enter_rt_sigaction
sys_enter_rt_sigprocmask
sys_enter_clone
sys_enter_rt_sigprocmask
sys_enter_gettid
sys_enter_sigaltstack
sys_enter_sigaltstack
sys_enter_gettid
sys_enter_rt_sigprocmask
sys_enter_rt_sigprocmask
sys_enter_clone
sys_enter_rt_sigprocmask
sys_enter_gettid
sys_enter_sigaltstack
sys_enter_sigaltstack
sys_enter_gettid
sys_enter_rt_sigprocmask
sys_enter_rt_sigprocmask
sys_enter_clone
sys_enter_rt_sigprocmask
sys_enter_clone
sys_enter_rt_sigprocmask
sys_enter_futex
sys_enter_gettid
sys_enter_rt_sigprocmask
sys_enter_sigaltstack
sys_enter_sigaltstack
sys_enter_gettid
sys_enter_rt_sigprocmask
sys_enter_gettid
sys_enter_futex
sys_enter_sigaltstack
sys_enter_sigaltstack
sys_enter_gettid
sys_enter_rt_sigprocmask
sys_enter_futex
sys_enter_mmap
sys_enter_futex
sys_enter_futex
sys_enter_futex
sys_enter_futex
sys_enter_openat
sys_enter_read
sys_enter_read
sys_enter_close
sys_enter_socket
sys_enter_close
sys_enter_socket
sys_enter_setsockopt
sys_enter_bind
sys_enter_socket
sys_enter_setsockopt
sys_enter_bind
sys_enter_close
sys_enter_close
sys_enter_getpid
sys_enter_getppid
sys_enter_mmap
sys_enter_mmap
sys_enter_getppid
sys_enter_openat
sys_enter_pipe2
sys_enter_getpid
sys_enter_clone
sys_enter_setsid
sys_enter_close
sys_enter_read
sys_enter_chdir
sys_enter_execve
sys_enter_close
sys_enter_exit_group
sys_enter_mmap
sys_enter_mmap
sys_enter_mprotect
sys_enter_mmap
sys_enter_mmap
sys_enter_mprotect
sys_enter_mmap
sys_enter_mprotect
sys_enter_mmap
sys_enter_mprotect
sys_enter_mmap
sys_enter_mmap
sys_enter_close
sys_enter_munmap
sys_enter_sched_getaffinity
sys_enter_mmap
sys_enter_munmap
sys_enter_mmap
sys_enter_mmap
sys_enter_mmap
sys_enter_mmap
sys_enter_mmap
sys_enter_mmap
sys_enter_rt_sigprocmask
sys_enter_sigaltstack
sys_enter_sigaltstack
sys_enter_gettid
sys_enter_rt_sigprocmask
sys_enter_rt_sigaction
sys_enter_rt_sigaction
sys_enter_rt_sigaction
sys_enter_rt_sigaction
sys_enter_rt_sigaction
sys_enter_rt_sigaction
sys_enter_rt_sigaction
sys_enter_rt_sigaction
sys_enter_rt_sigaction
sys_enter_rt_sigaction
sys_enter_rt_sigaction
sys_enter_rt_sigaction
sys_enter_rt_sigaction
sys_enter_rt_sigaction
sys_enter_rt_sigaction
sys_enter_rt_sigaction
sys_enter_rt_sigaction
sys_enter_rt_sigaction
sys_enter_rt_sigaction
sys_enter_rt_sigaction
sys_enter_rt_sigaction
sys_enter_rt_sigaction
sys_enter_rt_sigaction
sys_enter_rt_sigaction
sys_enter_rt_sigaction
sys_enter_rt_sigaction
sys_enter_rt_sigaction
sys_enter_rt_sigaction
sys_enter_rt_sigaction
sys_enter_rt_sigaction
sys_enter_rt_sigaction
sys_enter_rt_sigaction
sys_enter_rt_sigaction
sys_enter_rt_sigaction
sys_enter_rt_sigaction
sys_enter_rt_sigaction
sys_enter_rt_sigaction
sys_enter_rt_sigaction
sys_enter_rt_sigaction
sys_enter_rt_sigaction
sys_enter_rt_sigaction
sys_enter_rt_sigaction
sys_enter_rt_sigaction
sys_enter_rt_sigaction
sys_enter_rt_sigaction
sys_enter_rt_sigaction
sys_enter_rt_sigaction
sys_enter_rt_sigaction
sys_enter_rt_sigaction
sys_enter_rt_sigaction
sys_enter_rt_sigaction
sys_enter_rt_sigaction
sys_enter_rt_sigaction
sys_enter_rt_sigaction
sys_enter_rt_sigaction
sys_enter_rt_sigaction
sys_enter_rt_sigaction
sys_enter_rt_sigaction
sys_enter_rt_sigaction
sys_enter_rt_sigaction
sys_enter_rt_sigaction
sys_enter_rt_sigaction
sys_enter_rt_sigaction
sys_enter_rt_sigaction
sys_enter_rt_sigaction
sys_enter_rt_sigaction
sys_enter_rt_sigaction
sys_enter_rt_sigaction
sys_enter_rt_sigaction
sys_enter_rt_sigaction
sys_enter_rt_sigaction
sys_enter_rt_sigaction
sys_enter_rt_sigaction
sys_enter_rt_sigaction
sys_enter_rt_sigaction
sys_enter_rt_sigaction
sys_enter_rt_sigaction
sys_enter_rt_sigaction
sys_enter_rt_sigaction
sys_enter_rt_sigaction
sys_enter_rt_sigaction
sys_enter_rt_sigaction
sys_enter_rt_sigaction
sys_enter_rt_sigaction
sys_enter_rt_sigaction
sys_enter_rt_sigaction
sys_enter_rt_sigaction
sys_enter_rt_sigaction
sys_enter_rt_sigaction
sys_enter_rt_sigaction
sys_enter_rt_sigaction
sys_enter_rt_sigaction
sys_enter_rt_sigaction
sys_enter_rt_sigaction
sys_enter_rt_sigaction
sys_enter_rt_sigaction
sys_enter_rt_sigaction
sys_enter_rt_sigaction
sys_enter_rt_sigaction
sys_enter_rt_sigaction
sys_enter_rt_sigaction
sys_enter_rt_sigaction
sys_enter_rt_sigaction
sys_enter_rt_sigaction
sys_enter_rt_sigaction
sys_enter_rt_sigaction
sys_enter_rt_sigaction
sys_enter_rt_sigaction
sys_enter_rt_sigaction
sys_enter_rt_sigaction
sys_enter_rt_sigaction
sys_enter_rt_sigaction
sys_enter_rt_sigaction
sys_enter_rt_sigaction
sys_enter_rt_sigprocmask
sys_enter_clone
sys_enter_rt_sigprocmask
sys_enter_gettid
sys_enter_sigaltstack
sys_enter_sigaltstack
sys_enter_gettid
sys_enter_rt_sigprocmask
sys_enter_rt_sigprocmask
sys_enter_clone
sys_enter_rt_sigprocmask
sys_enter_gettid
sys_enter_sigaltstack
sys_enter_sigaltstack
sys_enter_gettid
sys_enter_rt_sigprocmask
sys_enter_rt_sigprocmask
sys_enter_clone
sys_enter_rt_sigprocmask
sys_enter_futex
sys_enter_rt_sigprocmask
sys_enter_clone
sys_enter_gettid
sys_enter_sigaltstack
sys_enter_sigaltstack
sys_enter_gettid
sys_enter_rt_sigprocmask
sys_enter_rt_sigprocmask
sys_enter_futex
sys_enter_gettid
sys_enter_futex
sys_enter_futex
sys_enter_sigaltstack
sys_enter_sigaltstack
sys_enter_gettid
sys_enter_rt_sigprocmask
sys_enter_futex
sys_enter_futex
sys_enter_mmap
sys_enter_futex
sys_enter_futex
sys_enter_futex
sys_enter_openat
sys_enter_read
sys_enter_read
sys_enter_close
sys_enter_socket
sys_enter_close
sys_enter_socket
sys_enter_setsockopt
sys_enter_bind
sys_enter_socket
sys_enter_setsockopt
sys_enter_bind
sys_enter_close
sys_enter_close
sys_enter_getpid
sys_enter_getppid
sys_enter_mmap
sys_enter_mmap
sys_enter_getppid
sys_enter_openat
sys_enter_pipe2
sys_enter_getpid
sys_enter_clone
sys_enter_setsid
sys_enter_close
sys_enter_read
sys_enter_chdir
sys_enter_execve
sys_enter_close
sys_enter_exit_group
sys_enter_mmap
sys_enter_mmap
sys_enter_mprotect
sys_enter_mmap
sys_enter_mmap
sys_enter_mprotect
sys_enter_mmap
sys_enter_mprotect
sys_enter_mmap
sys_enter_mprotect
sys_enter_mmap
sys_enter_mmap
sys_enter_close
sys_enter_munmap
sys_enter_sched_getaffinity
sys_enter_mmap
sys_enter_munmap
sys_enter_mmap
sys_enter_mmap
sys_enter_mmap
sys_enter_mmap
sys_enter_mmap
sys_enter_mmap
sys_enter_rt_sigprocmask
sys_enter_sigaltstack
sys_enter_sigaltstack
sys_enter_gettid
sys_enter_rt_sigprocmask
sys_enter_rt_sigaction
sys_enter_rt_sigaction
sys_enter_rt_sigaction
sys_enter_rt_sigaction
sys_enter_rt_sigaction
sys_enter_rt_sigaction
sys_enter_rt_sigaction
sys_enter_rt_sigaction
sys_enter_rt_sigaction
sys_enter_rt_sigaction
sys_enter_rt_sigaction
sys_enter_rt_sigaction
sys_enter_rt_sigaction
sys_enter_rt_sigaction
sys_enter_rt_sigaction
sys_enter_rt_sigaction
sys_enter_rt_sigaction
sys_enter_rt_sigaction
sys_enter_rt_sigaction
sys_enter_rt_sigaction
sys_enter_rt_sigaction
sys_enter_rt_sigaction
sys_enter_rt_sigaction
sys_enter_rt_sigaction
sys_enter_rt_sigaction
sys_enter_rt_sigaction
sys_enter_rt_sigaction
sys_enter_rt_sigaction
sys_enter_rt_sigaction
sys_enter_rt_sigaction
sys_enter_rt_sigaction
sys_enter_rt_sigaction
sys_enter_rt_sigaction
sys_enter_rt_sigaction
sys_enter_rt_sigaction
sys_enter_rt_sigaction
sys_enter_rt_sigaction
sys_enter_rt_sigaction
sys_enter_rt_sigaction
sys_enter_rt_sigaction
sys_enter_rt_sigaction
sys_enter_rt_sigaction
sys_enter_rt_sigaction
sys_enter_rt_sigaction
sys_enter_rt_sigaction
sys_enter_rt_sigaction
sys_enter_rt_sigaction
sys_enter_rt_sigaction
sys_enter_rt_sigaction
sys_enter_rt_sigaction
sys_enter_rt_sigaction
sys_enter_rt_sigaction
sys_enter_rt_sigaction
sys_enter_rt_sigaction
sys_enter_rt_sigaction
sys_enter_rt_sigaction
sys_enter_rt_sigaction
sys_enter_rt_sigaction
sys_enter_rt_sigaction
sys_enter_rt_sigaction
sys_enter_rt_sigaction
sys_enter_rt_sigaction
sys_enter_rt_sigaction
sys_enter_rt_sigaction
sys_enter_rt_sigaction
sys_enter_rt_sigaction
sys_enter_rt_sigaction
sys_enter_rt_sigaction
sys_enter_rt_sigaction
sys_enter_rt_sigaction
sys_enter_rt_sigaction
sys_enter_rt_sigaction
sys_enter_rt_sigaction
sys_enter_rt_sigaction
sys_enter_rt_sigaction
sys_enter_rt_sigaction
sys_enter_rt_sigaction
sys_enter_rt_sigaction
sys_enter_rt_sigaction
sys_enter_rt_sigaction
sys_enter_rt_sigaction
sys_enter_rt_sigaction
sys_enter_rt_sigaction
sys_enter_rt_sigaction
sys_enter_rt_sigaction
sys_enter_rt_sigaction
sys_enter_rt_sigaction
sys_enter_rt_sigaction
sys_enter_rt_sigaction
sys_enter_rt_sigaction
sys_enter_rt_sigaction
sys_enter_rt_sigaction
sys_enter_rt_sigaction
sys_enter_rt_sigaction
sys_enter_rt_sigaction
sys_enter_rt_sigaction
sys_enter_rt_sigaction
sys_enter_rt_sigaction
sys_enter_rt_sigaction
sys_enter_rt_sigaction
sys_enter_rt_sigaction
sys_enter_rt_sigaction
sys_enter_rt_sigaction
sys_enter_rt_sigaction
sys_enter_rt_sigaction
sys_enter_rt_sigaction
sys_enter_rt_sigaction
sys_enter_rt_sigaction
sys_enter_rt_sigaction
sys_enter_rt_sigaction
sys_enter_rt_sigaction
sys_enter_rt_sigaction
sys_enter_rt_sigaction
sys_enter_rt_sigaction
sys_enter_rt_sigprocmask
sys_enter_clone
sys_enter_rt_sigprocmask
sys_enter_gettid
sys_enter_sigaltstack
sys_enter_sigaltstack
sys_enter_gettid
sys_enter_rt_sigprocmask
sys_enter_rt_sigprocmask
sys_enter_clone
sys_enter_rt_sigprocmask
sys_enter_gettid
sys_enter_sigaltstack
sys_enter_sigaltstack
sys_enter_rt_sigprocmask
sys_enter_clone
sys_enter_gettid
sys_enter_rt_sigprocmask
sys_enter_rt_sigprocmask
sys_enter_sched_yield
sys_enter_futex
sys_enter_futex
sys_enter_futex
sys_enter_futex
sys_enter_gettid
sys_enter_sigaltstack
sys_enter_sigaltstack
sys_enter_gettid
sys_enter_rt_sigprocmask
sys_enter_clone
sys_enter_rt_sigprocmask
sys_enter_futex
sys_enter_futex
sys_enter_rt_sigprocmask
sys_enter_futex
sys_enter_gettid
sys_enter_sigaltstack
sys_enter_sigaltstack
sys_enter_gettid
sys_enter_rt_sigprocmask
sys_enter_futex
sys_enter_futex
sys_enter_mmap
sys_enter_futex
sys_enter_futex
sys_enter_futex
sys_enter_openat
sys_enter_read
sys_enter_read
sys_enter_close
sys_enter_socket
sys_enter_close
sys_enter_socket
sys_enter_setsockopt
sys_enter_bind
sys_enter_socket
sys_enter_setsockopt
sys_enter_bind
sys_enter_close
sys_enter_close
sys_enter_getpid
sys_enter_getppid
sys_enter_mmap
sys_enter_mmap
sys_enter_getppid
sys_enter_openat
sys_enter_pipe2
sys_enter_getpid
sys_enter_clone
sys_enter_setsid
sys_enter_close
sys_enter_read
sys_enter_chdir
sys_enter_execve
sys_enter_close
sys_enter_exit_group
sys_enter_mmap
sys_enter_mmap
sys_enter_mprotect
sys_enter_mmap
sys_enter_mmap
sys_enter_mprotect
sys_enter_mmap
sys_enter_mprotect
sys_enter_mmap
sys_enter_mprotect
sys_enter_mmap
sys_enter_mmap
sys_enter_close
sys_enter_munmap
sys_enter_sched_getaffinity
sys_enter_mmap
sys_enter_munmap
sys_enter_mmap
sys_enter_mmap
sys_enter_mmap
sys_enter_mmap
sys_enter_mmap
sys_enter_mmap
sys_enter_rt_sigprocmask
sys_enter_sigaltstack
sys_enter_sigaltstack
sys_enter_gettid
sys_enter_rt_sigprocmask
sys_enter_rt_sigaction
sys_enter_rt_sigaction
sys_enter_rt_sigaction
sys_enter_rt_sigaction
sys_enter_rt_sigaction
sys_enter_rt_sigaction
sys_enter_rt_sigaction
sys_enter_rt_sigaction
sys_enter_rt_sigaction
sys_enter_rt_sigaction
sys_enter_rt_sigaction
sys_enter_rt_sigaction
sys_enter_rt_sigaction
sys_enter_rt_sigaction
sys_enter_rt_sigaction
sys_enter_rt_sigaction
sys_enter_rt_sigaction
sys_enter_rt_sigaction
sys_enter_rt_sigaction
sys_enter_rt_sigaction
sys_enter_rt_sigaction
sys_enter_rt_sigaction
sys_enter_rt_sigaction
sys_enter_rt_sigaction
sys_enter_rt_sigaction
sys_enter_rt_sigaction
sys_enter_rt_sigaction
sys_enter_rt_sigaction
sys_enter_rt_sigaction
sys_enter_rt_sigaction
sys_enter_rt_sigaction
sys_enter_rt_sigaction
sys_enter_rt_sigaction
sys_enter_rt_sigaction
sys_enter_rt_sigaction
sys_enter_rt_sigaction
sys_enter_rt_sigaction
sys_enter_rt_sigaction
sys_enter_rt_sigaction
sys_enter_rt_sigaction
sys_enter_rt_sigaction
sys_enter_rt_sigaction
sys_enter_rt_sigaction
sys_enter_rt_sigaction
sys_enter_rt_sigaction
sys_enter_rt_sigaction
sys_enter_rt_sigaction
sys_enter_rt_sigaction
sys_enter_rt_sigaction
sys_enter_rt_sigaction
sys_enter_rt_sigaction
sys_enter_rt_sigaction
sys_enter_rt_sigaction
sys_enter_rt_sigaction
sys_enter_rt_sigaction
sys_enter_rt_sigaction
sys_enter_rt_sigaction
sys_enter_rt_sigaction
sys_enter_rt_sigaction
sys_enter_rt_sigaction
sys_enter_rt_sigaction
sys_enter_rt_sigaction
sys_enter_rt_sigaction
sys_enter_rt_sigaction
sys_enter_rt_sigaction
sys_enter_rt_sigaction
sys_enter_rt_sigaction
sys_enter_rt_sigaction
sys_enter_rt_sigaction
sys_enter_rt_sigaction
sys_enter_rt_sigaction
sys_enter_rt_sigaction
sys_enter_rt_sigaction
sys_enter_rt_sigaction
sys_enter_rt_sigaction
sys_enter_rt_sigaction
sys_enter_rt_sigaction
sys_enter_rt_sigaction
sys_enter_rt_sigaction
sys_enter_rt_sigaction
sys_enter_rt_sigaction
sys_enter_rt_sigaction
sys_enter_rt_sigaction
sys_enter_rt_sigaction
sys_enter_rt_sigaction
sys_enter_rt_sigaction
sys_enter_rt_sigaction
sys_enter_rt_sigaction
sys_enter_rt_sigaction
sys_enter_rt_sigaction
sys_enter_rt_sigaction
sys_enter_rt_sigaction
sys_enter_rt_sigaction
sys_enter_rt_sigaction
sys_enter_rt_sigaction
sys_enter_rt_sigaction
sys_enter_rt_sigaction
sys_enter_rt_sigaction
sys_enter_rt_sigaction
sys_enter_rt_sigaction
sys_enter_rt_sigaction
sys_enter_rt_sigaction
sys_enter_rt_sigaction
sys_enter_rt_sigaction
sys_enter_rt_sigaction
sys_enter_rt_sigaction
sys_enter_rt_sigaction
sys_enter_rt_sigaction
sys_enter_rt_sigaction
sys_enter_rt_sigaction
sys_enter_rt_sigaction
sys_enter_rt_sigaction
sys_enter_rt_sigaction
sys_enter_rt_sigaction
sys_enter_rt_sigprocmask
sys_enter_clone
sys_enter_rt_sigprocmask
sys_enter_gettid
sys_enter_sigaltstack
sys_enter_sigaltstack
sys_enter_gettid
sys_enter_rt_sigprocmask
sys_enter_rt_sigprocmask
sys_enter_clone
sys_enter_rt_sigprocmask
sys_enter_gettid
sys_enter_sigaltstack
sys_enter_sigaltstack
sys_enter_gettid
sys_enter_rt_sigprocmask
sys_enter_rt_sigprocmask
sys_enter_clone
sys_enter_rt_sigprocmask
sys_enter_futex
sys_enter_rt_sigprocmask
sys_enter_clone
sys_enter_gettid
sys_enter_sigaltstack
sys_enter_sigaltstack
sys_enter_gettid
sys_enter_rt_sigprocmask
sys_enter_rt_sigprocmask
sys_enter_gettid
sys_enter_futex
sys_enter_sigaltstack
sys_enter_sigaltstack
sys_enter_futex
sys_enter_gettid
sys_enter_rt_sigprocmask
sys_enter_futex
sys_enter_futex
sys_enter_futex
sys_enter_mmap
sys_enter_futex
sys_enter_futex
sys_enter_futex
sys_enter_openat
sys_enter_read
sys_enter_read
sys_enter_close
sys_enter_socket
sys_enter_close
sys_enter_socket
sys_enter_setsockopt
sys_enter_bind
sys_enter_socket
sys_enter_setsockopt
sys_enter_bind
sys_enter_close
sys_enter_close
sys_enter_getpid
sys_enter_getppid
sys_enter_mmap
sys_enter_mmap
sys_enter_getppid
sys_enter_openat
sys_enter_pipe2
sys_enter_getpid
sys_enter_clone
sys_enter_setsid
sys_enter_close
sys_enter_read
sys_enter_chdir
sys_enter_execve
sys_enter_close
sys_enter_exit_group
sys_enter_mmap
sys_enter_mmap
sys_enter_mprotect
sys_enter_mmap
sys_enter_mmap
sys_enter_mprotect
sys_enter_mmap
sys_enter_mprotect
sys_enter_mmap
sys_enter_mprotect
sys_enter_mmap
sys_enter_mmap
sys_enter_close
sys_enter_munmap
sys_enter_sched_getaffinity
sys_enter_mmap
sys_enter_munmap
sys_enter_mmap
sys_enter_mmap
sys_enter_mmap
sys_enter_mmap
sys_enter_mmap
sys_enter_mmap
sys_enter_rt_sigprocmask
sys_enter_sigaltstack
sys_enter_sigaltstack
sys_enter_gettid
sys_enter_rt_sigprocmask
sys_enter_rt_sigaction
sys_enter_rt_sigaction
sys_enter_rt_sigaction
sys_enter_rt_sigaction
sys_enter_rt_sigaction
sys_enter_rt_sigaction
sys_enter_rt_sigaction
sys_enter_rt_sigaction
sys_enter_rt_sigaction
sys_enter_rt_sigaction
sys_enter_rt_sigaction
sys_enter_rt_sigaction
sys_enter_rt_sigaction
sys_enter_rt_sigaction
sys_enter_rt_sigaction
sys_enter_rt_sigaction
sys_enter_rt_sigaction
sys_enter_rt_sigaction
sys_enter_rt_sigaction
sys_enter_rt_sigaction
sys_enter_rt_sigaction
sys_enter_rt_sigaction
sys_enter_rt_sigaction
sys_enter_rt_sigaction
sys_enter_rt_sigaction
sys_enter_rt_sigaction
sys_enter_rt_sigaction
sys_enter_rt_sigaction
sys_enter_rt_sigaction
sys_enter_rt_sigaction
sys_enter_rt_sigaction
sys_enter_rt_sigaction
sys_enter_rt_sigaction
sys_enter_rt_sigaction
sys_enter_rt_sigaction
sys_enter_rt_sigaction
sys_enter_rt_sigaction
sys_enter_rt_sigaction
sys_enter_rt_sigaction
sys_enter_rt_sigaction
sys_enter_rt_sigaction
sys_enter_rt_sigaction
sys_enter_rt_sigaction
sys_enter_rt_sigaction
sys_enter_rt_sigaction
sys_enter_rt_sigaction
sys_enter_rt_sigaction
sys_enter_rt_sigaction
sys_enter_rt_sigaction
sys_enter_rt_sigaction
sys_enter_rt_sigaction
sys_enter_rt_sigaction
sys_enter_rt_sigaction
sys_enter_rt_sigaction
sys_enter_rt_sigaction
sys_enter_rt_sigaction
sys_enter_rt_sigaction
sys_enter_rt_sigaction
sys_enter_rt_sigaction
sys_enter_rt_sigaction
sys_enter_rt_sigaction
sys_enter_rt_sigaction
sys_enter_rt_sigaction
sys_enter_rt_sigaction
sys_enter_rt_sigaction
sys_enter_rt_sigaction
sys_enter_rt_sigaction
sys_enter_rt_sigaction
sys_enter_rt_sigaction
sys_enter_rt_sigaction
sys_enter_rt_sigaction
sys_enter_rt_sigaction
sys_enter_rt_sigaction
sys_enter_rt_sigaction
sys_enter_rt_sigaction
sys_enter_rt_sigaction
sys_enter_rt_sigaction
sys_enter_rt_sigaction
sys_enter_rt_sigaction
sys_enter_rt_sigaction
sys_enter_rt_sigaction
sys_enter_rt_sigaction
sys_enter_rt_sigaction
sys_enter_rt_sigaction
sys_enter_rt_sigaction
sys_enter_rt_sigaction
sys_enter_rt_sigaction
sys_enter_rt_sigaction
sys_enter_rt_sigaction
sys_enter_rt_sigaction
sys_enter_rt_sigaction
sys_enter_rt_sigaction
sys_enter_rt_sigaction
sys_enter_rt_sigaction
sys_enter_rt_sigaction
sys_enter_rt_sigaction
sys_enter_rt_sigaction
sys_enter_rt_sigaction
sys_enter_rt_sigaction
sys_enter_rt_sigaction
sys_enter_rt_sigaction
sys_enter_rt_sigaction
sys_enter_rt_sigaction
sys_enter_rt_sigaction
sys_enter_rt_sigaction
sys_enter_rt_sigaction
sys_enter_rt_sigaction
sys_enter_rt_sigaction
sys_enter_rt_sigaction
sys_enter_rt_sigaction
sys_enter_rt_sigaction
sys_enter_rt_sigaction
sys_enter_rt_sigaction
sys_enter_rt_sigaction
sys_enter_rt_sigprocmask
sys_enter_clone
sys_enter_rt_sigprocmask
sys_enter_gettid
sys_enter_sigaltstack
sys_enter_sigaltstack
sys_enter_gettid
sys_enter_rt_sigprocmask
sys_enter_rt_sigprocmask
sys_enter_clone
sys_enter_rt_sigprocmask
sys_enter_gettid
sys_enter_sigaltstack
sys_enter_sigaltstack
sys_enter_gettid
sys_enter_rt_sigprocmask
sys_enter_rt_sigprocmask
sys_enter_clone
sys_enter_rt_sigprocmask
sys_enter_clone
sys_enter_rt_sigprocmask
sys_enter_rt_sigprocmask
sys_enter_futex
sys_enter_gettid
sys_enter_sigaltstack
sys_enter_sigaltstack
sys_enter_gettid
sys_enter_rt_sigprocmask
sys_enter_gettid
sys_enter_sigaltstack
sys_enter_sigaltstack
sys_enter_gettid
sys_enter_rt_sigprocmask
sys_enter_futex
sys_enter_futex
sys_enter_futex
sys_enter_futex
sys_enter_futex
sys_enter_mmap
sys_enter_futex
sys_enter_futex
sys_enter_futex
sys_enter_openat
sys_enter_read
sys_enter_read
sys_enter_close
sys_enter_socket
sys_enter_close
sys_enter_socket
sys_enter_setsockopt
sys_enter_bind
sys_enter_socket
sys_enter_setsockopt
sys_enter_bind
sys_enter_close
sys_enter_close
sys_enter_getpid
sys_enter_getppid
sys_enter_mmap
sys_enter_mmap
sys_enter_getppid
sys_enter_openat
sys_enter_pipe2
sys_enter_getpid
sys_enter_clone
sys_enter_setsid
sys_enter_close
sys_enter_read
sys_enter_chdir
sys_enter_execve
sys_enter_close
sys_enter_exit_group
sys_enter_mmap
sys_enter_mmap
sys_enter_mprotect
sys_enter_mmap
sys_enter_mmap
sys_enter_mprotect
sys_enter_mmap
sys_enter_mprotect
sys_enter_mmap
sys_enter_mprotect
sys_enter_mmap
sys_enter_mmap
sys_enter_close
sys_enter_munmap
sys_enter_sched_getaffinity
sys_enter_mmap
sys_enter_munmap
sys_enter_mmap
sys_enter_mmap
sys_enter_mmap
sys_enter_mmap
sys_enter_mmap
sys_enter_mmap
sys_enter_rt_sigprocmask
sys_enter_sigaltstack
sys_enter_sigaltstack
sys_enter_gettid
sys_enter_rt_sigprocmask
sys_enter_rt_sigaction
sys_enter_rt_sigaction
sys_enter_rt_sigaction
sys_enter_rt_sigaction
sys_enter_rt_sigaction
sys_enter_rt_sigaction
sys_enter_rt_sigaction
sys_enter_rt_sigaction
sys_enter_rt_sigaction
sys_enter_rt_sigaction
sys_enter_rt_sigaction
sys_enter_rt_sigaction
sys_enter_rt_sigaction
sys_enter_rt_sigaction
sys_enter_rt_sigaction
sys_enter_rt_sigaction
sys_enter_rt_sigaction
sys_enter_rt_sigaction
sys_enter_rt_sigaction
sys_enter_rt_sigaction
sys_enter_rt_sigaction
sys_enter_rt_sigaction
sys_enter_rt_sigaction
sys_enter_rt_sigaction
sys_enter_rt_sigaction
sys_enter_rt_sigaction
sys_enter_rt_sigaction
sys_enter_rt_sigaction
sys_enter_rt_sigaction
sys_enter_rt_sigaction
sys_enter_rt_sigaction
sys_enter_rt_sigaction
sys_enter_rt_sigaction
sys_enter_rt_sigaction
sys_enter_rt_sigaction
sys_enter_rt_sigaction
sys_enter_rt_sigaction
sys_enter_rt_sigaction
sys_enter_rt_sigaction
sys_enter_rt_sigaction
sys_enter_rt_sigaction
sys_enter_rt_sigaction
sys_enter_rt_sigaction
sys_enter_rt_sigaction
sys_enter_rt_sigaction
sys_enter_rt_sigaction
sys_enter_rt_sigaction
sys_enter_rt_sigaction
sys_enter_rt_sigaction
sys_enter_rt_sigaction
sys_enter_rt_sigaction
sys_enter_rt_sigaction
sys_enter_rt_sigaction
sys_enter_rt_sigaction
sys_enter_rt_sigaction
sys_enter_rt_sigaction
sys_enter_rt_sigaction
sys_enter_rt_sigaction
sys_enter_rt_sigaction
sys_enter_rt_sigaction
sys_enter_rt_sigaction
sys_enter_rt_sigaction
sys_enter_rt_sigaction
sys_enter_rt_sigaction
sys_enter_rt_sigaction
sys_enter_rt_sigaction
sys_enter_rt_sigaction
sys_enter_rt_sigaction
sys_enter_rt_sigaction
sys_enter_rt_sigaction
sys_enter_rt_sigaction
sys_enter_rt_sigaction
sys_enter_rt_sigaction
sys_enter_rt_sigaction
sys_enter_rt_sigaction
sys_enter_rt_sigaction
sys_enter_rt_sigaction
sys_enter_rt_sigaction
sys_enter_rt_sigaction
sys_enter_rt_sigaction
sys_enter_rt_sigaction
sys_enter_rt_sigaction
sys_enter_rt_sigaction
sys_enter_rt_sigaction
sys_enter_rt_sigaction
sys_enter_rt_sigaction
sys_enter_rt_sigaction
sys_enter_rt_sigaction
sys_enter_rt_sigaction
sys_enter_rt_sigaction
sys_enter_rt_sigaction
sys_enter_rt_sigaction
sys_enter_rt_sigaction
sys_enter_rt_sigaction
sys_enter_rt_sigaction
sys_enter_rt_sigaction
sys_enter_rt_sigaction
sys_enter_rt_sigaction
sys_enter_rt_sigaction
sys_enter_rt_sigaction
sys_enter_rt_sigaction
sys_enter_rt_sigaction
sys_enter_rt_sigaction
sys_enter_rt_sigaction
sys_enter_rt_sigaction
sys_enter_rt_sigaction
sys_enter_rt_sigaction
sys_enter_rt_sigaction
sys_enter_rt_sigaction
sys_enter_rt_sigaction
sys_enter_rt_sigaction
sys_enter_rt_sigaction
sys_enter_rt_sigaction
sys_enter_rt_sigaction
sys_enter_rt_sigprocmask
sys_enter_clone
sys_enter_rt_sigprocmask
sys_enter_gettid
sys_enter_sigaltstack
sys_enter_sigaltstack
sys_enter_gettid
sys_enter_rt_sigprocmask
sys_enter_rt_sigprocmask
sys_enter_clone
sys_enter_rt_sigprocmask
sys_enter_gettid
sys_enter_sigaltstack
sys_enter_sigaltstack
sys_enter_gettid
sys_enter_rt_sigprocmask
sys_enter_rt_sigprocmask
sys_enter_clone
sys_enter_rt_sigprocmask
sys_enter_futex
sys_enter_rt_sigprocmask
sys_enter_clone
sys_enter_rt_sigprocmask
sys_enter_gettid
sys_enter_sigaltstack
sys_enter_sigaltstack
sys_enter_gettid
sys_enter_rt_sigprocmask
sys_enter_futex
sys_enter_futex
sys_enter_gettid
sys_enter_sigaltstack
sys_enter_sigaltstack
sys_enter_gettid
sys_enter_futex
sys_enter_rt_sigprocmask
sys_enter_futex
sys_enter_futex
sys_enter_mmap
sys_enter_futex
sys_enter_futex
sys_enter_futex
sys_enter_openat
sys_enter_read
sys_enter_read
sys_enter_close
sys_enter_socket
sys_enter_close
sys_enter_socket
sys_enter_setsockopt
sys_enter_bind
sys_enter_socket
sys_enter_setsockopt
sys_enter_bind
sys_enter_close
sys_enter_close
sys_enter_getpid
sys_enter_getppid
sys_enter_mmap
sys_enter_mmap
sys_enter_getppid
sys_enter_openat
sys_enter_pipe2
sys_enter_getpid
sys_enter_clone
sys_enter_setsid
sys_enter_close
sys_enter_read
sys_enter_chdir
sys_enter_execve
sys_enter_close
sys_enter_exit_group
sys_enter_mmap
sys_enter_mmap
sys_enter_mprotect
sys_enter_mmap
sys_enter_mmap
sys_enter_mprotect
sys_enter_mmap
sys_enter_mprotect
sys_enter_mmap
sys_enter_mprotect
sys_enter_mmap
sys_enter_mmap
sys_enter_close
sys_enter_munmap
sys_enter_sched_getaffinity
sys_enter_mmap
sys_enter_munmap
sys_enter_mmap
sys_enter_mmap
sys_enter_mmap
sys_enter_mmap
sys_enter_mmap
sys_enter_mmap
sys_enter_rt_sigprocmask
sys_enter_sigaltstack
sys_enter_sigaltstack
sys_enter_gettid
sys_enter_rt_sigprocmask
sys_enter_rt_sigaction
sys_enter_rt_sigaction
sys_enter_rt_sigaction
sys_enter_rt_sigaction
sys_enter_rt_sigaction
sys_enter_rt_sigaction
sys_enter_rt_sigaction
sys_enter_rt_sigaction
sys_enter_rt_sigaction
sys_enter_rt_sigaction
sys_enter_rt_sigaction
sys_enter_rt_sigaction
sys_enter_rt_sigaction
sys_enter_rt_sigaction
sys_enter_rt_sigaction
sys_enter_rt_sigaction
sys_enter_rt_sigaction
sys_enter_rt_sigaction
sys_enter_rt_sigaction
sys_enter_rt_sigaction
sys_enter_rt_sigaction
sys_enter_rt_sigaction
sys_enter_rt_sigaction
sys_enter_rt_sigaction
sys_enter_rt_sigaction
sys_enter_rt_sigaction
sys_enter_rt_sigaction
sys_enter_rt_sigaction
sys_enter_rt_sigaction
sys_enter_rt_sigaction
sys_enter_rt_sigaction
sys_enter_rt_sigaction
sys_enter_rt_sigaction
sys_enter_rt_sigaction
sys_enter_rt_sigaction
sys_enter_rt_sigaction
sys_enter_rt_sigaction
sys_enter_rt_sigaction
sys_enter_rt_sigaction
sys_enter_rt_sigaction
sys_enter_rt_sigaction
sys_enter_rt_sigaction
sys_enter_rt_sigaction
sys_enter_rt_sigaction
sys_enter_rt_sigaction
sys_enter_rt_sigaction
sys_enter_rt_sigaction
sys_enter_rt_sigaction
sys_enter_rt_sigaction
sys_enter_rt_sigaction
sys_enter_rt_sigaction
sys_enter_rt_sigaction
sys_enter_rt_sigaction
sys_enter_rt_sigaction
sys_enter_rt_sigaction
sys_enter_rt_sigaction
sys_enter_rt_sigaction
sys_enter_rt_sigaction
sys_enter_rt_sigaction
sys_enter_rt_sigaction
sys_enter_rt_sigaction
sys_enter_rt_sigaction
sys_enter_rt_sigaction
sys_enter_rt_sigaction
sys_enter_rt_sigaction
sys_enter_rt_sigaction
sys_enter_rt_sigaction
sys_enter_rt_sigaction
sys_enter_rt_sigaction
sys_enter_rt_sigaction
sys_enter_rt_sigaction
sys_enter_rt_sigaction
sys_enter_rt_sigaction
sys_enter_rt_sigaction
sys_enter_rt_sigaction
sys_enter_rt_sigaction
sys_enter_rt_sigaction
sys_enter_rt_sigaction
sys_enter_rt_sigaction
sys_enter_rt_sigaction
sys_enter_rt_sigaction
sys_enter_rt_sigaction
sys_enter_rt_sigaction
sys_enter_rt_sigaction
sys_enter_rt_sigaction
sys_enter_rt_sigaction
sys_enter_rt_sigaction
sys_enter_rt_sigaction
sys_enter_rt_sigaction
sys_enter_rt_sigaction
sys_enter_rt_sigaction
sys_enter_rt_sigaction
sys_enter_rt_sigaction
sys_enter_rt_sigaction
sys_enter_rt_sigaction
sys_enter_rt_sigaction
sys_enter_rt_sigaction
sys_enter_rt_sigaction
sys_enter_rt_sigaction
sys_enter_rt_sigaction
sys_enter_rt_sigaction
sys_enter_rt_sigaction
sys_enter_rt_sigaction
sys_enter_rt_sigaction
sys_enter_rt_sigaction
sys_enter_rt_sigaction
sys_enter_rt_sigaction
sys_enter_rt_sigaction
sys_enter_rt_sigaction
sys_enter_rt_sigaction
sys_enter_rt_sigaction
sys_enter_rt_sigaction
sys_enter_rt_sigaction
sys_enter_rt_sigaction
sys_enter_rt_sigprocmask
sys_enter_clone
sys_enter_rt_sigprocmask
sys_enter_gettid
sys_enter_sigaltstack
sys_enter_sigaltstack
sys_enter_gettid
sys_enter_rt_sigprocmask
sys_enter_rt_sigprocmask
sys_enter_clone
sys_enter_rt_sigprocmask
sys_enter_gettid
sys_enter_sigaltstack
sys_enter_sigaltstack
sys_enter_gettid
sys_enter_rt_sigprocmask
sys_enter_rt_sigprocmask
sys_enter_clone
sys_enter_rt_sigprocmask
sys_enter_clone
sys_enter_rt_sigprocmask
sys_enter_futex
sys_enter_rt_sigprocmask
sys_enter_gettid
sys_enter_sigaltstack
sys_enter_sigaltstack
sys_enter_gettid
sys_enter_rt_sigprocmask
sys_enter_gettid
sys_enter_sigaltstack
sys_enter_sigaltstack
sys_enter_gettid
sys_enter_rt_sigprocmask
sys_enter_futex
sys_enter_futex
sys_enter_futex
sys_enter_futex
sys_enter_futex
sys_enter_mmap
sys_enter_futex
sys_enter_futex
sys_enter_futex
sys_enter_openat
sys_enter_read
sys_enter_read
sys_enter_close
sys_enter_socket
sys_enter_close
sys_enter_socket
sys_enter_setsockopt
sys_enter_bind
sys_enter_socket
sys_enter_setsockopt
sys_enter_bind
sys_enter_close
sys_enter_close
sys_enter_getpid
sys_enter_getppid
sys_enter_mmap
sys_enter_mmap
sys_enter_getppid
sys_enter_openat
sys_enter_pipe2
sys_enter_getpid
sys_enter_clone
sys_enter_setsid
sys_enter_close
sys_enter_read
sys_enter_chdir
sys_enter_execve
sys_enter_close
sys_enter_mmap
sys_enter_exit_group
sys_enter_mmap
sys_enter_mprotect
sys_enter_mmap
sys_enter_mmap
sys_enter_mprotect
sys_enter_mmap
sys_enter_mprotect
sys_enter_mmap
sys_enter_mprotect
sys_enter_mmap
sys_enter_mmap
sys_enter_close
sys_enter_munmap
sys_enter_sched_getaffinity
sys_enter_mmap
sys_enter_munmap
sys_enter_mmap
sys_enter_mmap
sys_enter_mmap
sys_enter_mmap
sys_enter_mmap
sys_enter_mmap
sys_enter_rt_sigprocmask
sys_enter_sigaltstack
sys_enter_sigaltstack
sys_enter_gettid
sys_enter_rt_sigprocmask
sys_enter_rt_sigaction
sys_enter_rt_sigaction
sys_enter_rt_sigaction
sys_enter_rt_sigaction
sys_enter_rt_sigaction
sys_enter_rt_sigaction
sys_enter_rt_sigaction
sys_enter_rt_sigaction
sys_enter_rt_sigaction
sys_enter_rt_sigaction
sys_enter_rt_sigaction
sys_enter_rt_sigaction
sys_enter_rt_sigaction
sys_enter_rt_sigaction
sys_enter_rt_sigaction
sys_enter_rt_sigaction
sys_enter_rt_sigaction
sys_enter_rt_sigaction
sys_enter_rt_sigaction
sys_enter_rt_sigaction
sys_enter_rt_sigaction
sys_enter_rt_sigaction
sys_enter_rt_sigaction
sys_enter_rt_sigaction
sys_enter_rt_sigaction
sys_enter_rt_sigaction
sys_enter_rt_sigaction
sys_enter_rt_sigaction
sys_enter_rt_sigaction
sys_enter_rt_sigaction
sys_enter_rt_sigaction
sys_enter_rt_sigaction
sys_enter_rt_sigaction
sys_enter_rt_sigaction
sys_enter_rt_sigaction
sys_enter_rt_sigaction
sys_enter_rt_sigaction
sys_enter_rt_sigaction
sys_enter_rt_sigaction
sys_enter_rt_sigaction
sys_enter_rt_sigaction
sys_enter_rt_sigaction
sys_enter_rt_sigaction
sys_enter_rt_sigaction
sys_enter_rt_sigaction
sys_enter_rt_sigaction
sys_enter_rt_sigaction
sys_enter_rt_sigaction
sys_enter_rt_sigaction
sys_enter_rt_sigaction
sys_enter_rt_sigaction
sys_enter_rt_sigaction
sys_enter_rt_sigaction
sys_enter_rt_sigaction
sys_enter_rt_sigaction
sys_enter_rt_sigaction
sys_enter_rt_sigaction
sys_enter_rt_sigaction
sys_enter_rt_sigaction
sys_enter_rt_sigaction
sys_enter_rt_sigaction
sys_enter_rt_sigaction
sys_enter_rt_sigaction
sys_enter_rt_sigaction
sys_enter_rt_sigaction
sys_enter_rt_sigaction
sys_enter_rt_sigaction
sys_enter_rt_sigaction
sys_enter_rt_sigaction
sys_enter_rt_sigaction
sys_enter_rt_sigaction
sys_enter_rt_sigaction
sys_enter_rt_sigaction
sys_enter_rt_sigaction
sys_enter_rt_sigaction
sys_enter_rt_sigaction
sys_enter_rt_sigaction
sys_enter_rt_sigaction
sys_enter_rt_sigaction
sys_enter_rt_sigaction
sys_enter_rt_sigaction
sys_enter_rt_sigaction
sys_enter_rt_sigaction
sys_enter_rt_sigaction
sys_enter_rt_sigaction
sys_enter_rt_sigaction
sys_enter_rt_sigaction
sys_enter_rt_sigaction
sys_enter_rt_sigaction
sys_enter_rt_sigaction
sys_enter_rt_sigaction
sys_enter_rt_sigaction
sys_enter_rt_sigaction
sys_enter_rt_sigaction
sys_enter_rt_sigaction
sys_enter_rt_sigaction
sys_enter_rt_sigaction
sys_enter_rt_sigaction
sys_enter_rt_sigaction
sys_enter_rt_sigaction
sys_enter_rt_sigaction
sys_enter_rt_sigaction
sys_enter_rt_sigaction
sys_enter_rt_sigaction
sys_enter_rt_sigaction
sys_enter_rt_sigaction
sys_enter_rt_sigaction
sys_enter_rt_sigaction
sys_enter_rt_sigaction
sys_enter_rt_sigaction
sys_enter_rt_sigaction
sys_enter_rt_sigaction
sys_enter_rt_sigaction
sys_enter_rt_sigaction
sys_enter_rt_sigprocmask
sys_enter_clone
sys_enter_rt_sigprocmask
sys_enter_rt_sigprocmask
sys_enter_clone
sys_enter_rt_sigprocmask
sys_enter_rt_sigprocmask
sys_enter_clone
sys_enter_rt_sigprocmask
sys_enter_sched_yield
sys_enter_futex
sys_enter_futex
sys_enter_futex
sys_enter_mmap
sys_enter_gettid
sys_enter_sigaltstack
sys_enter_sigaltstack
sys_enter_gettid
sys_enter_rt_sigprocmask
sys_enter_gettid
sys_enter_sigaltstack
sys_enter_sigaltstack
sys_enter_gettid
sys_enter_rt_sigprocmask
sys_enter_rt_sigprocmask
sys_enter_clone
sys_enter_rt_sigprocmask
sys_enter_futex
sys_enter_gettid
sys_enter_sigaltstack
sys_enter_sigaltstack
sys_enter_gettid
sys_enter_rt_sigprocmask
sys_enter_futex
sys_enter_futex
sys_enter_futex
sys_enter_gettid
sys_enter_sigaltstack
sys_enter_sigaltstack
sys_enter_gettid
sys_enter_rt_sigprocmask
sys_enter_futex
sys_enter_futex
sys_enter_futex
sys_enter_openat
sys_enter_futex
sys_enter_futex
sys_enter_read
sys_enter_read
sys_enter_close
sys_enter_socket
sys_enter_close
sys_enter_socket
sys_enter_setsockopt
sys_enter_bind
sys_enter_socket
sys_enter_setsockopt
sys_enter_bind
sys_enter_close
sys_enter_close
sys_enter_mmap
sys_enter_getpid
sys_enter_getppid
sys_enter_mmap
sys_enter_mmap
sys_enter_getppid
sys_enter_openat
sys_enter_pipe2
sys_enter_getpid
sys_enter_clone
sys_enter_setsid
sys_enter_close
sys_enter_read
sys_enter_chdir
sys_enter_execve
sys_enter_close
sys_enter_mmap
sys_enter_mmap
sys_enter_exit_group
sys_enter_mprotect
sys_enter_mmap
sys_enter_mmap
sys_enter_mprotect
sys_enter_mmap
sys_enter_mprotect
sys_enter_mmap
sys_enter_mprotect
sys_enter_mmap
sys_enter_mmap
sys_enter_close
sys_enter_munmap
sys_enter_sched_getaffinity
sys_enter_mmap
sys_enter_munmap
sys_enter_mmap
sys_enter_mmap
sys_enter_mmap
sys_enter_mmap
sys_enter_mmap
sys_enter_mmap
sys_enter_rt_sigprocmask
sys_enter_sigaltstack
sys_enter_sigaltstack
sys_enter_gettid
sys_enter_rt_sigprocmask
sys_enter_rt_sigaction
sys_enter_rt_sigaction
sys_enter_rt_sigaction
sys_enter_rt_sigaction
sys_enter_rt_sigaction
sys_enter_rt_sigaction
sys_enter_rt_sigaction
sys_enter_rt_sigaction
sys_enter_rt_sigaction
sys_enter_rt_sigaction
sys_enter_rt_sigaction
sys_enter_rt_sigaction
sys_enter_rt_sigaction
sys_enter_rt_sigaction
sys_enter_rt_sigaction
sys_enter_rt_sigaction
sys_enter_rt_sigaction
sys_enter_rt_sigaction
sys_enter_rt_sigaction
sys_enter_rt_sigaction
sys_enter_rt_sigaction
sys_enter_rt_sigaction
sys_enter_rt_sigaction
sys_enter_rt_sigaction
sys_enter_rt_sigaction
sys_enter_rt_sigaction
sys_enter_rt_sigaction
sys_enter_rt_sigaction
sys_enter_rt_sigaction
sys_enter_rt_sigaction
sys_enter_rt_sigaction
sys_enter_rt_sigaction
sys_enter_rt_sigaction
sys_enter_rt_sigaction
sys_enter_rt_sigaction
sys_enter_rt_sigaction
sys_enter_rt_sigaction
sys_enter_rt_sigaction
sys_enter_rt_sigaction
sys_enter_rt_sigaction
sys_enter_rt_sigaction
sys_enter_rt_sigaction
sys_enter_rt_sigaction
sys_enter_rt_sigaction
sys_enter_rt_sigaction
sys_enter_rt_sigaction
sys_enter_rt_sigaction
sys_enter_rt_sigaction
sys_enter_rt_sigaction
sys_enter_rt_sigaction
sys_enter_rt_sigaction
sys_enter_rt_sigaction
sys_enter_rt_sigaction
sys_enter_rt_sigaction
sys_enter_rt_sigaction
sys_enter_rt_sigaction
sys_enter_rt_sigaction
sys_enter_rt_sigaction
sys_enter_rt_sigaction
sys_enter_rt_sigaction
sys_enter_rt_sigaction
sys_enter_rt_sigaction
sys_enter_rt_sigaction
sys_enter_rt_sigaction
sys_enter_rt_sigaction
sys_enter_rt_sigaction
sys_enter_rt_sigaction
sys_enter_rt_sigaction
sys_enter_rt_sigaction
sys_enter_rt_sigaction
sys_enter_rt_sigaction
sys_enter_rt_sigaction
sys_enter_rt_sigaction
sys_enter_rt_sigaction
sys_enter_rt_sigaction
sys_enter_rt_sigaction
sys_enter_rt_sigaction
sys_enter_rt_sigaction
sys_enter_rt_sigaction
sys_enter_rt_sigaction
sys_enter_rt_sigaction
sys_enter_rt_sigaction
sys_enter_rt_sigaction
sys_enter_rt_sigaction
sys_enter_rt_sigaction
sys_enter_rt_sigaction
sys_enter_rt_sigaction
sys_enter_rt_sigaction
sys_enter_rt_sigaction
sys_enter_rt_sigaction
sys_enter_rt_sigaction
sys_enter_rt_sigaction
sys_enter_rt_sigaction
sys_enter_rt_sigaction
sys_enter_rt_sigaction
sys_enter_rt_sigaction
sys_enter_rt_sigaction
sys_enter_rt_sigaction
sys_enter_rt_sigaction
sys_enter_rt_sigaction
sys_enter_rt_sigaction
sys_enter_rt_sigaction
sys_enter_rt_sigaction
sys_enter_rt_sigaction
sys_enter_rt_sigaction
sys_enter_rt_sigaction
sys_enter_rt_sigaction
sys_enter_rt_sigaction
sys_enter_rt_sigaction
sys_enter_rt_sigaction
sys_enter_rt_sigaction
sys_enter_rt_sigaction
sys_enter_rt_sigaction
sys_enter_rt_sigaction
sys_enter_rt_sigprocmask
sys_enter_clone
sys_enter_rt_sigprocmask
sys_enter_gettid
sys_enter_sigaltstack
sys_enter_sigaltstack
sys_enter_gettid
sys_enter_rt_sigprocmask
sys_enter_rt_sigprocmask
sys_enter_clone
sys_enter_rt_sigprocmask
sys_enter_rt_sigprocmask
sys_enter_clone
sys_enter_gettid
sys_enter_sigaltstack
sys_enter_sigaltstack
sys_enter_gettid
sys_enter_rt_sigprocmask
sys_enter_rt_sigprocmask
sys_enter_futex
sys_enter_gettid
sys_enter_rt_sigprocmask
sys_enter_clone
sys_enter_sigaltstack
sys_enter_sigaltstack
sys_enter_rt_sigprocmask
sys_enter_gettid
sys_enter_rt_sigprocmask
sys_enter_futex
sys_enter_gettid
sys_enter_sigaltstack
sys_enter_sigaltstack
sys_enter_gettid
sys_enter_rt_sigprocmask
sys_enter_futex
sys_enter_futex
sys_enter_futex
sys_enter_futex
sys_enter_mmap
sys_enter_futex
sys_enter_futex
sys_enter_futex
sys_enter_openat
sys_enter_read
sys_enter_read
sys_enter_close
sys_enter_socket
sys_enter_close
sys_enter_socket
sys_enter_setsockopt
sys_enter_bind
sys_enter_socket
sys_enter_setsockopt
sys_enter_bind
sys_enter_close
sys_enter_close
sys_enter_getpid
sys_enter_getppid
sys_enter_mmap
sys_enter_mmap
sys_enter_getppid
sys_enter_openat
sys_enter_pipe2
sys_enter_getpid
sys_enter_clone
sys_enter_setsid
sys_enter_close
sys_enter_read
sys_enter_chdir
sys_enter_execve
sys_enter_close
sys_enter_exit_group
sys_enter_mmap
sys_enter_mmap
sys_enter_mprotect
sys_enter_mmap
sys_enter_mmap
sys_enter_mprotect
sys_enter_mmap
sys_enter_mprotect
sys_enter_mmap
sys_enter_mprotect
sys_enter_mmap
sys_enter_mmap
sys_enter_close
sys_enter_munmap
sys_enter_sched_getaffinity
sys_enter_mmap
sys_enter_munmap
sys_enter_mmap
sys_enter_mmap
sys_enter_mmap
sys_enter_mmap
sys_enter_mmap
sys_enter_mmap
sys_enter_rt_sigprocmask
sys_enter_sigaltstack
sys_enter_sigaltstack
sys_enter_gettid
sys_enter_rt_sigprocmask
sys_enter_rt_sigaction
sys_enter_rt_sigaction
sys_enter_rt_sigaction
sys_enter_rt_sigaction
sys_enter_rt_sigaction
sys_enter_rt_sigaction
sys_enter_rt_sigaction
sys_enter_rt_sigaction
sys_enter_rt_sigaction
sys_enter_rt_sigaction
sys_enter_rt_sigaction
sys_enter_rt_sigaction
sys_enter_rt_sigaction
sys_enter_rt_sigaction
sys_enter_rt_sigaction
sys_enter_rt_sigaction
sys_enter_rt_sigaction
sys_enter_rt_sigaction
sys_enter_rt_sigaction
sys_enter_rt_sigaction
sys_enter_rt_sigaction
sys_enter_rt_sigaction
sys_enter_rt_sigaction
sys_enter_rt_sigaction
sys_enter_rt_sigaction
sys_enter_rt_sigaction
sys_enter_rt_sigaction
sys_enter_rt_sigaction
sys_enter_rt_sigaction
sys_enter_rt_sigaction
sys_enter_rt_sigaction
sys_enter_rt_sigaction
sys_enter_rt_sigaction
sys_enter_rt_sigaction
sys_enter_rt_sigaction
sys_enter_rt_sigaction
sys_enter_rt_sigaction
sys_enter_rt_sigaction
sys_enter_rt_sigaction
sys_enter_rt_sigaction
sys_enter_rt_sigaction
sys_enter_rt_sigaction
sys_enter_rt_sigaction
sys_enter_rt_sigaction
sys_enter_rt_sigaction
sys_enter_rt_sigaction
sys_enter_rt_sigaction
sys_enter_rt_sigaction
sys_enter_rt_sigaction
sys_enter_rt_sigaction
sys_enter_rt_sigaction
sys_enter_rt_sigaction
sys_enter_rt_sigaction
sys_enter_rt_sigaction
sys_enter_rt_sigaction
sys_enter_rt_sigaction
sys_enter_rt_sigaction
sys_enter_rt_sigaction
sys_enter_rt_sigaction
sys_enter_rt_sigaction
sys_enter_rt_sigaction
sys_enter_rt_sigaction
sys_enter_rt_sigaction
sys_enter_rt_sigaction
sys_enter_rt_sigaction
sys_enter_rt_sigaction
sys_enter_rt_sigaction
sys_enter_rt_sigaction
sys_enter_rt_sigaction
sys_enter_rt_sigaction
sys_enter_rt_sigaction
sys_enter_rt_sigaction
sys_enter_rt_sigaction
sys_enter_rt_sigaction
sys_enter_rt_sigaction
sys_enter_rt_sigaction
sys_enter_rt_sigaction
sys_enter_rt_sigaction
sys_enter_rt_sigaction
sys_enter_rt_sigaction
sys_enter_rt_sigaction
sys_enter_rt_sigaction
sys_enter_rt_sigaction
sys_enter_rt_sigaction
sys_enter_rt_sigaction
sys_enter_rt_sigaction
sys_enter_rt_sigaction
sys_enter_rt_sigaction
sys_enter_rt_sigaction
sys_enter_rt_sigaction
sys_enter_rt_sigaction
sys_enter_rt_sigaction
sys_enter_rt_sigaction
sys_enter_rt_sigaction
sys_enter_rt_sigaction
sys_enter_rt_sigaction
sys_enter_rt_sigaction
sys_enter_rt_sigaction
sys_enter_rt_sigaction
sys_enter_rt_sigaction
sys_enter_rt_sigaction
sys_enter_rt_sigaction
sys_enter_rt_sigaction
sys_enter_rt_sigaction
sys_enter_rt_sigaction
sys_enter_rt_sigaction
sys_enter_rt_sigaction
sys_enter_rt_sigaction
sys_enter_rt_sigaction
sys_enter_rt_sigaction
sys_enter_rt_sigaction
sys_enter_rt_sigaction
sys_enter_rt_sigaction
sys_enter_rt_sigaction
sys_enter_rt_sigprocmask
sys_enter_clone
sys_enter_rt_sigprocmask
sys_enter_gettid
sys_enter_sigaltstack
sys_enter_sigaltstack
sys_enter_gettid
sys_enter_rt_sigprocmask
sys_enter_rt_sigprocmask
sys_enter_clone
sys_enter_rt_sigprocmask
sys_enter_gettid
sys_enter_sigaltstack
sys_enter_sigaltstack
sys_enter_gettid
sys_enter_rt_sigprocmask
sys_enter_clone
sys_enter_rt_sigprocmask
sys_enter_rt_sigprocmask
sys_enter_futex
sys_enter_gettid
sys_enter_sigaltstack
sys_enter_sigaltstack
sys_enter_gettid
sys_enter_rt_sigprocmask
sys_enter_futex
sys_enter_futex
sys_enter_rt_sigprocmask
sys_enter_clone
sys_enter_rt_sigprocmask
sys_enter_futex
sys_enter_gettid
sys_enter_sigaltstack
sys_enter_sigaltstack
sys_enter_gettid
sys_enter_rt_sigprocmask
sys_enter_futex
sys_enter_futex
sys_enter_mmap
sys_enter_futex
sys_enter_futex
sys_enter_futex
sys_enter_openat
sys_enter_read
sys_enter_read
sys_enter_close
sys_enter_socket
sys_enter_close
sys_enter_socket
sys_enter_setsockopt
sys_enter_bind
sys_enter_socket
sys_enter_setsockopt
sys_enter_bind
sys_enter_close
sys_enter_close
sys_enter_getpid
sys_enter_getppid
sys_enter_mmap
sys_enter_mmap
sys_enter_getppid
sys_enter_openat
sys_enter_pipe2
sys_enter_getpid
sys_enter_clone
sys_enter_setsid
sys_enter_close
sys_enter_read
sys_enter_chdir
sys_enter_execve
sys_enter_close
sys_enter_exit_group
sys_enter_mmap
sys_enter_mmap
sys_enter_mprotect
sys_enter_mmap
sys_enter_mmap
sys_enter_mprotect
sys_enter_mmap
sys_enter_mprotect
sys_enter_mmap
sys_enter_mprotect
sys_enter_mmap
sys_enter_mmap
sys_enter_close
sys_enter_munmap
sys_enter_sched_getaffinity
sys_enter_mmap
sys_enter_munmap
sys_enter_mmap
sys_enter_mmap
sys_enter_mmap
sys_enter_mmap
sys_enter_mmap
sys_enter_mmap
sys_enter_rt_sigprocmask
sys_enter_sigaltstack
sys_enter_sigaltstack
sys_enter_gettid
sys_enter_rt_sigprocmask
sys_enter_rt_sigaction
sys_enter_rt_sigaction
sys_enter_rt_sigaction
sys_enter_rt_sigaction
sys_enter_rt_sigaction
sys_enter_rt_sigaction
sys_enter_rt_sigaction
sys_enter_rt_sigaction
sys_enter_rt_sigaction
sys_enter_rt_sigaction
sys_enter_rt_sigaction
sys_enter_rt_sigaction
sys_enter_rt_sigaction
sys_enter_rt_sigaction
sys_enter_rt_sigaction
sys_enter_rt_sigaction
sys_enter_rt_sigaction
sys_enter_rt_sigaction
sys_enter_rt_sigaction
sys_enter_rt_sigaction
sys_enter_rt_sigaction
sys_enter_rt_sigaction
sys_enter_rt_sigaction
sys_enter_rt_sigaction
sys_enter_rt_sigaction
sys_enter_rt_sigaction
sys_enter_rt_sigaction
sys_enter_rt_sigaction
sys_enter_rt_sigaction
sys_enter_rt_sigaction
sys_enter_rt_sigaction
sys_enter_rt_sigaction
sys_enter_rt_sigaction
sys_enter_rt_sigaction
sys_enter_rt_sigaction
sys_enter_rt_sigaction
sys_enter_rt_sigaction
sys_enter_rt_sigaction
sys_enter_rt_sigaction
sys_enter_rt_sigaction
sys_enter_rt_sigaction
sys_enter_rt_sigaction
sys_enter_rt_sigaction
sys_enter_rt_sigaction
sys_enter_rt_sigaction
sys_enter_rt_sigaction
sys_enter_rt_sigaction
sys_enter_rt_sigaction
sys_enter_rt_sigaction
sys_enter_rt_sigaction
sys_enter_rt_sigaction
sys_enter_rt_sigaction
sys_enter_rt_sigaction
sys_enter_rt_sigaction
sys_enter_rt_sigaction
sys_enter_rt_sigaction
sys_enter_rt_sigaction
sys_enter_rt_sigaction
sys_enter_rt_sigaction
sys_enter_rt_sigaction
sys_enter_rt_sigaction
sys_enter_rt_sigaction
sys_enter_rt_sigaction
sys_enter_rt_sigaction
sys_enter_rt_sigaction
sys_enter_rt_sigaction
sys_enter_rt_sigaction
sys_enter_rt_sigaction
sys_enter_rt_sigaction
sys_enter_rt_sigaction
sys_enter_rt_sigaction
sys_enter_rt_sigaction
sys_enter_rt_sigaction
sys_enter_rt_sigaction
sys_enter_rt_sigaction
sys_enter_rt_sigaction
sys_enter_rt_sigaction
sys_enter_rt_sigaction
sys_enter_rt_sigaction
sys_enter_rt_sigaction
sys_enter_rt_sigaction
sys_enter_rt_sigaction
sys_enter_rt_sigaction
sys_enter_rt_sigaction
sys_enter_rt_sigaction
sys_enter_rt_sigaction
sys_enter_rt_sigaction
sys_enter_rt_sigaction
sys_enter_rt_sigaction
sys_enter_rt_sigaction
sys_enter_rt_sigaction
sys_enter_rt_sigaction
sys_enter_rt_sigaction
sys_enter_rt_sigaction
sys_enter_rt_sigaction
sys_enter_rt_sigaction
sys_enter_rt_sigaction
sys_enter_rt_sigaction
sys_enter_rt_sigaction
sys_enter_rt_sigaction
sys_enter_rt_sigaction
sys_enter_rt_sigaction
sys_enter_rt_sigaction
sys_enter_rt_sigaction
sys_enter_rt_sigaction
sys_enter_rt_sigaction
sys_enter_rt_sigaction
sys_enter_rt_sigaction
sys_enter_rt_sigaction
sys_enter_rt_sigaction
sys_enter_rt_sigaction
sys_enter_rt_sigaction
sys_enter_rt_sigaction
sys_enter_rt_sigaction
sys_enter_rt_sigprocmask
sys_enter_clone
sys_enter_rt_sigprocmask
sys_enter_gettid
sys_enter_sigaltstack
sys_enter_sigaltstack
sys_enter_gettid
sys_enter_rt_sigprocmask
sys_enter_rt_sigprocmask
sys_enter_clone
sys_enter_rt_sigprocmask
sys_enter_gettid
sys_enter_sigaltstack
sys_enter_sigaltstack
sys_enter_gettid
sys_enter_rt_sigprocmask
sys_enter_rt_sigprocmask
sys_enter_clone
sys_enter_rt_sigprocmask
sys_enter_futex
sys_enter_gettid
sys_enter_sigaltstack
sys_enter_sigaltstack
sys_enter_rt_sigprocmask
sys_enter_clone
sys_enter_rt_sigprocmask
sys_enter_gettid
sys_enter_rt_sigprocmask
sys_enter_futex
sys_enter_gettid
sys_enter_futex
sys_enter_sigaltstack
sys_enter_sigaltstack
sys_enter_gettid
sys_enter_rt_sigprocmask
sys_enter_futex
sys_enter_futex
sys_enter_futex
sys_enter_mmap
sys_enter_futex
sys_enter_futex
sys_enter_futex
sys_enter_openat
sys_enter_read
sys_enter_read
sys_enter_close
sys_enter_socket
sys_enter_close
sys_enter_socket
sys_enter_setsockopt
sys_enter_bind
sys_enter_socket
sys_enter_setsockopt
sys_enter_bind
sys_enter_close
sys_enter_close
sys_enter_getpid
sys_enter_getppid
sys_enter_mmap
sys_enter_mmap
sys_enter_getppid
sys_enter_openat
sys_enter_pipe2
sys_enter_getpid
sys_enter_clone
sys_enter_setsid
sys_enter_close
sys_enter_read
sys_enter_chdir
sys_enter_execve
sys_enter_close
sys_enter_exit_group
sys_enter_mmap
sys_enter_mmap
sys_enter_mprotect
sys_enter_mmap
sys_enter_mmap
sys_enter_mprotect
sys_enter_mmap
sys_enter_mprotect
sys_enter_mmap
sys_enter_mprotect
sys_enter_mmap
sys_enter_mmap
sys_enter_close
sys_enter_munmap
sys_enter_sched_getaffinity
sys_enter_mmap
sys_enter_munmap
sys_enter_mmap
sys_enter_mmap
sys_enter_mmap
sys_enter_mmap
sys_enter_mmap
sys_enter_mmap
sys_enter_rt_sigprocmask
sys_enter_sigaltstack
sys_enter_sigaltstack
sys_enter_gettid
sys_enter_rt_sigprocmask
sys_enter_rt_sigaction
sys_enter_rt_sigaction
sys_enter_rt_sigaction
sys_enter_rt_sigaction
sys_enter_rt_sigaction
sys_enter_rt_sigaction
sys_enter_rt_sigaction
sys_enter_rt_sigaction
sys_enter_rt_sigaction
sys_enter_rt_sigaction
sys_enter_rt_sigaction
sys_enter_rt_sigaction
sys_enter_rt_sigaction
sys_enter_rt_sigaction
sys_enter_rt_sigaction
sys_enter_rt_sigaction
sys_enter_rt_sigaction
sys_enter_rt_sigaction
sys_enter_rt_sigaction
sys_enter_rt_sigaction
sys_enter_rt_sigaction
sys_enter_rt_sigaction
sys_enter_rt_sigaction
sys_enter_rt_sigaction
sys_enter_rt_sigaction
sys_enter_rt_sigaction
sys_enter_rt_sigaction
sys_enter_rt_sigaction
sys_enter_rt_sigaction
sys_enter_rt_sigaction
sys_enter_rt_sigaction
sys_enter_rt_sigaction
sys_enter_rt_sigaction
sys_enter_rt_sigaction
sys_enter_rt_sigaction
sys_enter_rt_sigaction
sys_enter_rt_sigaction
sys_enter_rt_sigaction
sys_enter_rt_sigaction
sys_enter_rt_sigaction
sys_enter_rt_sigaction
sys_enter_rt_sigaction
sys_enter_rt_sigaction
sys_enter_rt_sigaction
sys_enter_rt_sigaction
sys_enter_rt_sigaction
sys_enter_rt_sigaction
sys_enter_rt_sigaction
sys_enter_rt_sigaction
sys_enter_rt_sigaction
sys_enter_rt_sigaction
sys_enter_rt_sigaction
sys_enter_rt_sigaction
sys_enter_rt_sigaction
sys_enter_rt_sigaction
sys_enter_rt_sigaction
sys_enter_rt_sigaction
sys_enter_rt_sigaction
sys_enter_rt_sigaction
sys_enter_rt_sigaction
sys_enter_rt_sigaction
sys_enter_rt_sigaction
sys_enter_rt_sigaction
sys_enter_rt_sigaction
sys_enter_rt_sigaction
sys_enter_rt_sigaction
sys_enter_rt_sigaction
sys_enter_rt_sigaction
sys_enter_rt_sigaction
sys_enter_rt_sigaction
sys_enter_rt_sigaction
sys_enter_rt_sigaction
sys_enter_rt_sigaction
sys_enter_rt_sigaction
sys_enter_rt_sigaction
sys_enter_rt_sigaction
sys_enter_rt_sigaction
sys_enter_rt_sigaction
sys_enter_rt_sigaction
sys_enter_rt_sigaction
sys_enter_rt_sigaction
sys_enter_rt_sigaction
sys_enter_rt_sigaction
sys_enter_rt_sigaction
sys_enter_rt_sigaction
sys_enter_rt_sigaction
sys_enter_rt_sigaction
sys_enter_rt_sigaction
sys_enter_rt_sigaction
sys_enter_rt_sigaction
sys_enter_rt_sigaction
sys_enter_rt_sigaction
sys_enter_rt_sigaction
sys_enter_rt_sigaction
sys_enter_rt_sigaction
sys_enter_rt_sigaction
sys_enter_rt_sigaction
sys_enter_rt_sigaction
sys_enter_rt_sigaction
sys_enter_rt_sigaction
sys_enter_rt_sigaction
sys_enter_rt_sigaction
sys_enter_rt_sigaction
sys_enter_rt_sigaction
sys_enter_rt_sigaction
sys_enter_rt_sigaction
sys_enter_rt_sigaction
sys_enter_rt_sigaction
sys_enter_rt_sigaction
sys_enter_rt_sigaction
sys_enter_rt_sigaction
sys_enter_rt_sigaction
sys_enter_rt_sigaction
sys_enter_rt_sigaction
sys_enter_rt_sigprocmask
sys_enter_clone
sys_enter_rt_sigprocmask
sys_enter_gettid
sys_enter_sigaltstack
sys_enter_sigaltstack
sys_enter_gettid
sys_enter_rt_sigprocmask
sys_enter_rt_sigprocmask
sys_enter_clone
sys_enter_rt_sigprocmask
sys_enter_gettid
sys_enter_sigaltstack
sys_enter_sigaltstack
sys_enter_rt_sigprocmask
sys_enter_clone
sys_enter_gettid
sys_enter_rt_sigprocmask
sys_enter_rt_sigprocmask
sys_enter_futex
sys_enter_gettid
sys_enter_sigaltstack
sys_enter_sigaltstack
sys_enter_gettid
sys_enter_rt_sigprocmask
sys_enter_futex
sys_enter_rt_sigprocmask
sys_enter_futex
sys_enter_clone
sys_enter_rt_sigprocmask
sys_enter_futex
sys_enter_gettid
sys_enter_sigaltstack
sys_enter_sigaltstack
sys_enter_gettid
sys_enter_rt_sigprocmask
sys_enter_futex
sys_enter_futex
sys_enter_mmap
sys_enter_futex
sys_enter_futex
sys_enter_futex
sys_enter_openat
sys_enter_read
sys_enter_read
sys_enter_close
sys_enter_socket
sys_enter_close
sys_enter_socket
sys_enter_setsockopt
sys_enter_bind
sys_enter_socket
sys_enter_setsockopt
sys_enter_bind
sys_enter_close
sys_enter_close
sys_enter_getpid
sys_enter_getppid
sys_enter_mmap
sys_enter_mmap
sys_enter_getppid
sys_enter_openat
sys_enter_pipe2
sys_enter_getpid
sys_enter_clone
sys_enter_setsid
sys_enter_close
sys_enter_read
sys_enter_chdir
sys_enter_execve
sys_enter_close
sys_enter_exit_group
sys_enter_mmap
sys_enter_mmap
sys_enter_mprotect
sys_enter_mmap
sys_enter_mmap
sys_enter_mprotect
sys_enter_mmap
sys_enter_mprotect
sys_enter_mmap
sys_enter_mprotect
sys_enter_mmap
sys_enter_mmap
sys_enter_close
sys_enter_munmap
sys_enter_sched_getaffinity
sys_enter_mmap
sys_enter_munmap
sys_enter_mmap
sys_enter_mmap
sys_enter_mmap
sys_enter_mmap
sys_enter_mmap
sys_enter_mmap
sys_enter_rt_sigprocmask
sys_enter_sigaltstack
sys_enter_sigaltstack
sys_enter_gettid
sys_enter_rt_sigprocmask
sys_enter_rt_sigaction
sys_enter_rt_sigaction
sys_enter_rt_sigaction
sys_enter_rt_sigaction
sys_enter_rt_sigaction
sys_enter_rt_sigaction
sys_enter_rt_sigaction
sys_enter_rt_sigaction
sys_enter_rt_sigaction
sys_enter_rt_sigaction
sys_enter_rt_sigaction
sys_enter_rt_sigaction
sys_enter_rt_sigaction
sys_enter_rt_sigaction
sys_enter_rt_sigaction
sys_enter_rt_sigaction
sys_enter_rt_sigaction
sys_enter_rt_sigaction
sys_enter_rt_sigaction
sys_enter_rt_sigaction
sys_enter_rt_sigaction
sys_enter_rt_sigaction
sys_enter_rt_sigaction
sys_enter_rt_sigaction
sys_enter_rt_sigaction
sys_enter_rt_sigaction
sys_enter_rt_sigaction
sys_enter_rt_sigaction
sys_enter_rt_sigaction
sys_enter_rt_sigaction
sys_enter_rt_sigaction
sys_enter_rt_sigaction
sys_enter_rt_sigaction
sys_enter_rt_sigaction
sys_enter_rt_sigaction
sys_enter_rt_sigaction
sys_enter_rt_sigaction
sys_enter_rt_sigaction
sys_enter_rt_sigaction
sys_enter_rt_sigaction
sys_enter_rt_sigaction
sys_enter_rt_sigaction
sys_enter_rt_sigaction
sys_enter_rt_sigaction
sys_enter_rt_sigaction
sys_enter_rt_sigaction
sys_enter_rt_sigaction
sys_enter_rt_sigaction
sys_enter_rt_sigaction
sys_enter_rt_sigaction
sys_enter_rt_sigaction
sys_enter_rt_sigaction
sys_enter_rt_sigaction
sys_enter_rt_sigaction
sys_enter_rt_sigaction
sys_enter_rt_sigaction
sys_enter_rt_sigaction
sys_enter_rt_sigaction
sys_enter_rt_sigaction
sys_enter_rt_sigaction
sys_enter_rt_sigaction
sys_enter_rt_sigaction
sys_enter_rt_sigaction
sys_enter_rt_sigaction
sys_enter_rt_sigaction
sys_enter_rt_sigaction
sys_enter_rt_sigaction
sys_enter_rt_sigaction
sys_enter_rt_sigaction
sys_enter_rt_sigaction
sys_enter_rt_sigaction
sys_enter_rt_sigaction
sys_enter_rt_sigaction
sys_enter_rt_sigaction
sys_enter_rt_sigaction
sys_enter_rt_sigaction
sys_enter_rt_sigaction
sys_enter_rt_sigaction
sys_enter_rt_sigaction
sys_enter_rt_sigaction
sys_enter_rt_sigaction
sys_enter_rt_sigaction
sys_enter_rt_sigaction
sys_enter_rt_sigaction
sys_enter_rt_sigaction
sys_enter_rt_sigaction
sys_enter_rt_sigaction
sys_enter_rt_sigaction
sys_enter_rt_sigaction
sys_enter_rt_sigaction
sys_enter_rt_sigaction
sys_enter_rt_sigaction
sys_enter_rt_sigaction
sys_enter_rt_sigaction
sys_enter_rt_sigaction
sys_enter_rt_sigaction
sys_enter_rt_sigaction
sys_enter_rt_sigaction
sys_enter_rt_sigaction
sys_enter_rt_sigaction
sys_enter_rt_sigaction
sys_enter_rt_sigaction
sys_enter_rt_sigaction
sys_enter_rt_sigaction
sys_enter_rt_sigaction
sys_enter_rt_sigaction
sys_enter_rt_sigaction
sys_enter_rt_sigaction
sys_enter_rt_sigaction
sys_enter_rt_sigaction
sys_enter_rt_sigaction
sys_enter_rt_sigaction
sys_enter_rt_sigaction
sys_enter_rt_sigaction
sys_enter_rt_sigprocmask
sys_enter_clone
sys_enter_rt_sigprocmask
sys_enter_gettid
sys_enter_sigaltstack
sys_enter_sigaltstack
sys_enter_gettid
sys_enter_rt_sigprocmask
sys_enter_rt_sigprocmask
sys_enter_clone
sys_enter_rt_sigprocmask
sys_enter_rt_sigprocmask
sys_enter_clone
sys_enter_rt_sigprocmask
sys_enter_futex
sys_enter_gettid
sys_enter_sigaltstack
sys_enter_sigaltstack
sys_enter_gettid
sys_enter_rt_sigprocmask
sys_enter_futex
sys_enter_mmap
sys_enter_gettid
sys_enter_sigaltstack
sys_enter_sigaltstack
sys_enter_gettid
sys_enter_rt_sigprocmask
sys_enter_rt_sigprocmask
sys_enter_clone
sys_enter_rt_sigprocmask
sys_enter_gettid
sys_enter_sigaltstack
sys_enter_sigaltstack
sys_enter_gettid
sys_enter_rt_sigprocmask
sys_enter_futex
sys_enter_openat
sys_enter_read
sys_enter_read
sys_enter_close
sys_enter_socket
sys_enter_close
sys_enter_socket
sys_enter_setsockopt
sys_enter_bind
sys_enter_socket
sys_enter_setsockopt
sys_enter_bind
sys_enter_close
sys_enter_close
sys_enter_futex
sys_enter_futex
sys_enter_getpid
sys_enter_getppid
sys_enter_mmap
sys_enter_mmap
sys_enter_getppid
sys_enter_openat
sys_enter_pipe2
sys_enter_getpid
sys_enter_clone
sys_enter_setsid
sys_enter_close
sys_enter_read
sys_enter_chdir
sys_enter_execve
sys_enter_close
sys_enter_exit_group
sys_enter_mmap
sys_enter_mmap
sys_enter_mprotect
sys_enter_mmap
sys_enter_mmap
sys_enter_mprotect
sys_enter_mmap
sys_enter_mprotect
sys_enter_mmap
sys_enter_mprotect
sys_enter_mmap
sys_enter_mmap
sys_enter_close
sys_enter_munmap
sys_enter_sched_getaffinity
sys_enter_mmap
sys_enter_munmap
sys_enter_mmap
sys_enter_mmap
sys_enter_mmap
sys_enter_mmap
sys_enter_mmap
sys_enter_mmap
sys_enter_rt_sigprocmask
sys_enter_sigaltstack
sys_enter_sigaltstack
sys_enter_gettid
sys_enter_rt_sigprocmask
sys_enter_rt_sigaction
sys_enter_rt_sigaction
sys_enter_rt_sigaction
sys_enter_rt_sigaction
sys_enter_rt_sigaction
sys_enter_rt_sigaction
sys_enter_rt_sigaction
sys_enter_rt_sigaction
sys_enter_rt_sigaction
sys_enter_rt_sigaction
sys_enter_rt_sigaction
sys_enter_rt_sigaction
sys_enter_rt_sigaction
sys_enter_rt_sigaction
sys_enter_rt_sigaction
sys_enter_rt_sigaction
sys_enter_rt_sigaction
sys_enter_rt_sigaction
sys_enter_rt_sigaction
sys_enter_rt_sigaction
sys_enter_rt_sigaction
sys_enter_rt_sigaction
sys_enter_rt_sigaction
sys_enter_rt_sigaction
sys_enter_rt_sigaction
sys_enter_rt_sigaction
sys_enter_rt_sigaction
sys_enter_rt_sigaction
sys_enter_rt_sigaction
sys_enter_rt_sigaction
sys_enter_rt_sigaction
sys_enter_rt_sigaction
sys_enter_rt_sigaction
sys_enter_rt_sigaction
sys_enter_rt_sigaction
sys_enter_rt_sigaction
sys_enter_rt_sigaction
sys_enter_rt_sigaction
sys_enter_rt_sigaction
sys_enter_rt_sigaction
sys_enter_rt_sigaction
sys_enter_rt_sigaction
sys_enter_rt_sigaction
sys_enter_rt_sigaction
sys_enter_rt_sigaction
sys_enter_rt_sigaction
sys_enter_rt_sigaction
sys_enter_rt_sigaction
sys_enter_rt_sigaction
sys_enter_rt_sigaction
sys_enter_rt_sigaction
sys_enter_rt_sigaction
sys_enter_rt_sigaction
sys_enter_rt_sigaction
sys_enter_rt_sigaction
sys_enter_rt_sigaction
sys_enter_rt_sigaction
sys_enter_rt_sigaction
sys_enter_rt_sigaction
sys_enter_rt_sigaction
sys_enter_rt_sigaction
sys_enter_rt_sigaction
sys_enter_rt_sigaction
sys_enter_rt_sigaction
sys_enter_rt_sigaction
sys_enter_rt_sigaction
sys_enter_rt_sigaction
sys_enter_rt_sigaction
sys_enter_rt_sigaction
sys_enter_rt_sigaction
sys_enter_rt_sigaction
sys_enter_rt_sigaction
sys_enter_rt_sigaction
sys_enter_rt_sigaction
sys_enter_rt_sigaction
sys_enter_rt_sigaction
sys_enter_rt_sigaction
sys_enter_rt_sigaction
sys_enter_rt_sigaction
sys_enter_rt_sigaction
sys_enter_rt_sigaction
sys_enter_rt_sigaction
sys_enter_rt_sigaction
sys_enter_rt_sigaction
sys_enter_rt_sigaction
sys_enter_rt_sigaction
sys_enter_rt_sigaction
sys_enter_rt_sigaction
sys_enter_rt_sigaction
sys_enter_rt_sigaction
sys_enter_rt_sigaction
sys_enter_rt_sigaction
sys_enter_rt_sigaction
sys_enter_rt_sigaction
sys_enter_rt_sigaction
sys_enter_rt_sigaction
sys_enter_rt_sigaction
sys_enter_rt_sigaction
sys_enter_rt_sigaction
sys_enter_rt_sigaction
sys_enter_rt_sigaction
sys_enter_rt_sigaction
sys_enter_rt_sigaction
sys_enter_rt_sigaction
sys_enter_rt_sigaction
sys_enter_rt_sigaction
sys_enter_rt_sigaction
sys_enter_rt_sigaction
sys_enter_rt_sigaction
sys_enter_rt_sigaction
sys_enter_rt_sigaction
sys_enter_rt_sigaction
sys_enter_rt_sigaction
sys_enter_rt_sigaction
sys_enter_rt_sigprocmask
sys_enter_clone
sys_enter_rt_sigprocmask
sys_enter_gettid
sys_enter_sigaltstack
sys_enter_sigaltstack
sys_enter_gettid
sys_enter_rt_sigprocmask
sys_enter_rt_sigprocmask
sys_enter_clone
sys_enter_rt_sigprocmask
sys_enter_gettid
sys_enter_sigaltstack
sys_enter_sigaltstack
sys_enter_gettid
sys_enter_rt_sigprocmask
sys_enter_rt_sigprocmask
sys_enter_clone
sys_enter_rt_sigprocmask
sys_enter_clone
sys_enter_rt_sigprocmask
sys_enter_rt_sigprocmask
sys_enter_futex
sys_enter_gettid
sys_enter_sigaltstack
sys_enter_sigaltstack
sys_enter_gettid
sys_enter_rt_sigprocmask
sys_enter_futex
sys_enter_futex
sys_enter_futex
sys_enter_gettid
sys_enter_sigaltstack
sys_enter_sigaltstack
sys_enter_gettid
sys_enter_rt_sigprocmask
sys_enter_futex
sys_enter_futex
sys_enter_mmap
sys_enter_futex
sys_enter_futex
sys_enter_futex
sys_enter_openat
sys_enter_futex
sys_enter_futex
sys_enter_read
sys_enter_read
sys_enter_close
sys_enter_socket
sys_enter_close
sys_enter_socket
sys_enter_setsockopt
sys_enter_bind
sys_enter_socket
sys_enter_setsockopt
sys_enter_bind
sys_enter_close
sys_enter_close
sys_enter_mmap
sys_enter_mmap
sys_enter_getpid
sys_enter_getppid
sys_enter_mmap
sys_enter_mmap
sys_enter_getppid
sys_enter_openat
sys_enter_pipe2
sys_enter_getpid
sys_enter_clone
sys_enter_setsid
sys_enter_close
sys_enter_read
sys_enter_chdir
sys_enter_execve
sys_enter_close
sys_enter_mmap
sys_enter_exit_group
sys_enter_mmap
sys_enter_mprotect
sys_enter_mmap
sys_enter_mmap
sys_enter_mprotect
sys_enter_mmap
sys_enter_mprotect
sys_enter_mmap
sys_enter_mprotect
sys_enter_mmap
sys_enter_mmap
sys_enter_close
sys_enter_munmap
sys_enter_sched_getaffinity
sys_enter_mmap
sys_enter_munmap
sys_enter_mmap
sys_enter_mmap
sys_enter_mmap
sys_enter_mmap
sys_enter_mmap
sys_enter_mmap
sys_enter_rt_sigprocmask
sys_enter_sigaltstack
sys_enter_sigaltstack
sys_enter_gettid
sys_enter_rt_sigprocmask
sys_enter_rt_sigaction
sys_enter_rt_sigaction
sys_enter_rt_sigaction
sys_enter_rt_sigaction
sys_enter_rt_sigaction
sys_enter_rt_sigaction
sys_enter_rt_sigaction
sys_enter_rt_sigaction
sys_enter_rt_sigaction
sys_enter_rt_sigaction
sys_enter_rt_sigaction
sys_enter_rt_sigaction
sys_enter_rt_sigaction
sys_enter_rt_sigaction
sys_enter_rt_sigaction
sys_enter_rt_sigaction
sys_enter_rt_sigaction
sys_enter_rt_sigaction
sys_enter_rt_sigaction
sys_enter_rt_sigaction
sys_enter_rt_sigaction
sys_enter_rt_sigaction
sys_enter_rt_sigaction
sys_enter_rt_sigaction
sys_enter_rt_sigaction
sys_enter_rt_sigaction
sys_enter_rt_sigaction
sys_enter_rt_sigaction
sys_enter_rt_sigaction
sys_enter_rt_sigaction
sys_enter_rt_sigaction
sys_enter_rt_sigaction
sys_enter_rt_sigaction
sys_enter_rt_sigaction
sys_enter_rt_sigaction
sys_enter_rt_sigaction
sys_enter_rt_sigaction
sys_enter_rt_sigaction
sys_enter_rt_sigaction
sys_enter_rt_sigaction
sys_enter_rt_sigaction
sys_enter_rt_sigaction
sys_enter_rt_sigaction
sys_enter_rt_sigaction
sys_enter_rt_sigaction
sys_enter_rt_sigaction
sys_enter_rt_sigaction
sys_enter_rt_sigaction
sys_enter_rt_sigaction
sys_enter_rt_sigaction
sys_enter_rt_sigaction
sys_enter_rt_sigaction
sys_enter_rt_sigaction
sys_enter_rt_sigaction
sys_enter_rt_sigaction
sys_enter_rt_sigaction
sys_enter_rt_sigaction
sys_enter_rt_sigaction
sys_enter_rt_sigaction
sys_enter_rt_sigaction
sys_enter_rt_sigaction
sys_enter_rt_sigaction
sys_enter_rt_sigaction
sys_enter_rt_sigaction
sys_enter_rt_sigaction
sys_enter_rt_sigaction
sys_enter_rt_sigaction
sys_enter_rt_sigaction
sys_enter_rt_sigaction
sys_enter_rt_sigaction
sys_enter_rt_sigaction
sys_enter_rt_sigaction
sys_enter_rt_sigaction
sys_enter_rt_sigaction
sys_enter_rt_sigaction
sys_enter_rt_sigaction
sys_enter_rt_sigaction
sys_enter_rt_sigaction
sys_enter_rt_sigaction
sys_enter_rt_sigaction
sys_enter_rt_sigaction
sys_enter_rt_sigaction
sys_enter_rt_sigaction
sys_enter_rt_sigaction
sys_enter_rt_sigaction
sys_enter_rt_sigaction
sys_enter_rt_sigaction
sys_enter_rt_sigaction
sys_enter_rt_sigaction
sys_enter_rt_sigaction
sys_enter_rt_sigaction
sys_enter_rt_sigaction
sys_enter_rt_sigaction
sys_enter_rt_sigaction
sys_enter_rt_sigaction
sys_enter_rt_sigaction
sys_enter_rt_sigaction
sys_enter_rt_sigaction
sys_enter_rt_sigaction
sys_enter_rt_sigaction
sys_enter_rt_sigaction
sys_enter_rt_sigaction
sys_enter_rt_sigaction
sys_enter_rt_sigaction
sys_enter_rt_sigaction
sys_enter_rt_sigaction
sys_enter_rt_sigaction
sys_enter_rt_sigaction
sys_enter_rt_sigaction
sys_enter_rt_sigaction
sys_enter_rt_sigaction
sys_enter_rt_sigaction
sys_enter_rt_sigaction
sys_enter_rt_sigaction
sys_enter_rt_sigprocmask
sys_enter_clone
sys_enter_rt_sigprocmask
sys_enter_gettid
sys_enter_sigaltstack
sys_enter_sigaltstack
sys_enter_gettid
sys_enter_rt_sigprocmask
sys_enter_rt_sigprocmask
sys_enter_clone
sys_enter_rt_sigprocmask
sys_enter_gettid
sys_enter_sigaltstack
sys_enter_sigaltstack
sys_enter_gettid
sys_enter_rt_sigprocmask
sys_enter_clone
sys_enter_rt_sigprocmask
sys_enter_rt_sigprocmask
sys_enter_futex
sys_enter_gettid
sys_enter_sigaltstack
sys_enter_sigaltstack
sys_enter_gettid
sys_enter_rt_sigprocmask
sys_enter_futex
sys_enter_rt_sigprocmask
sys_enter_clone
sys_enter_futex
sys_enter_rt_sigprocmask
sys_enter_futex
sys_enter_gettid
sys_enter_sigaltstack
sys_enter_sigaltstack
sys_enter_gettid
sys_enter_rt_sigprocmask
sys_enter_futex
sys_enter_futex
sys_enter_mmap
sys_enter_futex
sys_enter_futex
sys_enter_futex
sys_enter_openat
sys_enter_read
sys_enter_read
sys_enter_close
sys_enter_socket
sys_enter_close
sys_enter_socket
sys_enter_setsockopt
sys_enter_bind
sys_enter_socket
sys_enter_setsockopt
sys_enter_bind
sys_enter_close
sys_enter_close
sys_enter_getpid
sys_enter_getppid
sys_enter_mmap
sys_enter_mmap
sys_enter_getppid
sys_enter_openat
sys_enter_pipe2
sys_enter_getpid
sys_enter_clone
sys_enter_setsid
sys_enter_close
sys_enter_read
sys_enter_chdir
sys_enter_execve
sys_enter_close
sys_enter_exit_group
sys_enter_mmap
sys_enter_mmap
sys_enter_mprotect
sys_enter_mmap
sys_enter_mmap
sys_enter_mprotect
sys_enter_mmap
sys_enter_mprotect
sys_enter_mmap
sys_enter_mprotect
sys_enter_mmap
sys_enter_mmap
sys_enter_close
sys_enter_munmap
sys_enter_sched_getaffinity
sys_enter_mmap
sys_enter_munmap
sys_enter_mmap
sys_enter_mmap
sys_enter_mmap
sys_enter_mmap
sys_enter_mmap
sys_enter_mmap
sys_enter_rt_sigprocmask
sys_enter_sigaltstack
sys_enter_sigaltstack
sys_enter_gettid
sys_enter_rt_sigprocmask
sys_enter_rt_sigaction
sys_enter_rt_sigaction
sys_enter_rt_sigaction
sys_enter_rt_sigaction
sys_enter_rt_sigaction
sys_enter_rt_sigaction
sys_enter_rt_sigaction
sys_enter_rt_sigaction
sys_enter_rt_sigaction
sys_enter_rt_sigaction
sys_enter_rt_sigaction
sys_enter_rt_sigaction
sys_enter_rt_sigaction
sys_enter_rt_sigaction
sys_enter_rt_sigaction
sys_enter_rt_sigaction
sys_enter_rt_sigaction
sys_enter_rt_sigaction
sys_enter_rt_sigaction
sys_enter_rt_sigaction
sys_enter_rt_sigaction
sys_enter_rt_sigaction
sys_enter_rt_sigaction
sys_enter_rt_sigaction
sys_enter_rt_sigaction
sys_enter_rt_sigaction
sys_enter_rt_sigaction
sys_enter_rt_sigaction
sys_enter_rt_sigaction
sys_enter_rt_sigaction
sys_enter_rt_sigaction
sys_enter_rt_sigaction
sys_enter_rt_sigaction
sys_enter_rt_sigaction
sys_enter_rt_sigaction
sys_enter_rt_sigaction
sys_enter_rt_sigaction
sys_enter_rt_sigaction
sys_enter_rt_sigaction
sys_enter_rt_sigaction
sys_enter_rt_sigaction
sys_enter_rt_sigaction
sys_enter_rt_sigaction
sys_enter_rt_sigaction
sys_enter_rt_sigaction
sys_enter_rt_sigaction
sys_enter_rt_sigaction
sys_enter_rt_sigaction
sys_enter_rt_sigaction
sys_enter_rt_sigaction
sys_enter_rt_sigaction
sys_enter_rt_sigaction
sys_enter_rt_sigaction
sys_enter_rt_sigaction
sys_enter_rt_sigaction
sys_enter_rt_sigaction
sys_enter_rt_sigaction
sys_enter_rt_sigaction
sys_enter_rt_sigaction
sys_enter_rt_sigaction
sys_enter_rt_sigaction
sys_enter_rt_sigaction
sys_enter_rt_sigaction
sys_enter_rt_sigaction
sys_enter_rt_sigaction
sys_enter_rt_sigaction
sys_enter_rt_sigaction
sys_enter_rt_sigaction
sys_enter_rt_sigaction
sys_enter_rt_sigaction
sys_enter_rt_sigaction
sys_enter_rt_sigaction
sys_enter_rt_sigaction
sys_enter_rt_sigaction
sys_enter_rt_sigaction
sys_enter_rt_sigaction
sys_enter_rt_sigaction
sys_enter_rt_sigaction
sys_enter_rt_sigaction
sys_enter_rt_sigaction
sys_enter_rt_sigaction
sys_enter_rt_sigaction
sys_enter_rt_sigaction
sys_enter_rt_sigaction
sys_enter_rt_sigaction
sys_enter_rt_sigaction
sys_enter_rt_sigaction
sys_enter_rt_sigaction
sys_enter_rt_sigaction
sys_enter_rt_sigaction
sys_enter_rt_sigaction
sys_enter_rt_sigaction
sys_enter_rt_sigaction
sys_enter_rt_sigaction
sys_enter_rt_sigaction
sys_enter_rt_sigaction
sys_enter_rt_sigaction
sys_enter_rt_sigaction
sys_enter_rt_sigaction
sys_enter_rt_sigaction
sys_enter_rt_sigaction
sys_enter_rt_sigaction
sys_enter_rt_sigaction
sys_enter_rt_sigaction
sys_enter_rt_sigaction
sys_enter_rt_sigaction
sys_enter_rt_sigaction
sys_enter_rt_sigaction
sys_enter_rt_sigaction
sys_enter_rt_sigaction
sys_enter_rt_sigaction
sys_enter_rt_sigaction
sys_enter_rt_sigaction
sys_enter_rt_sigaction
sys_enter_rt_sigprocmask
sys_enter_clone
sys_enter_rt_sigprocmask
sys_enter_gettid
sys_enter_sigaltstack
sys_enter_sigaltstack
sys_enter_gettid
sys_enter_rt_sigprocmask
sys_enter_rt_sigprocmask
sys_enter_clone
sys_enter_rt_sigprocmask
sys_enter_gettid
sys_enter_sigaltstack
sys_enter_sigaltstack
sys_enter_gettid
sys_enter_rt_sigprocmask
sys_enter_rt_sigprocmask
sys_enter_clone
sys_enter_rt_sigprocmask
sys_enter_clone
sys_enter_rt_sigprocmask
sys_enter_futex
sys_enter_gettid
sys_enter_sigaltstack
sys_enter_sigaltstack
sys_enter_gettid
sys_enter_rt_sigprocmask
sys_enter_rt_sigprocmask
sys_enter_gettid
sys_enter_futex
sys_enter_futex
sys_enter_sigaltstack
sys_enter_sigaltstack
sys_enter_gettid
sys_enter_rt_sigprocmask
sys_enter_futex
sys_enter_futex
sys_enter_futex
sys_enter_mmap
sys_enter_futex
sys_enter_futex
sys_enter_futex
sys_enter_openat
sys_enter_read
sys_enter_read
sys_enter_close
sys_enter_socket
sys_enter_close
sys_enter_socket
sys_enter_setsockopt
sys_enter_bind
sys_enter_socket
sys_enter_setsockopt
sys_enter_bind
sys_enter_close
sys_enter_close
sys_enter_getpid
sys_enter_getppid
sys_enter_mmap
sys_enter_mmap
sys_enter_getppid
sys_enter_openat
sys_enter_pipe2
sys_enter_getpid
sys_enter_clone
sys_enter_setsid
sys_enter_close
sys_enter_read
sys_enter_chdir
sys_enter_execve
sys_enter_close
sys_enter_exit_group
sys_enter_mmap
sys_enter_mmap
sys_enter_mprotect
sys_enter_mmap
sys_enter_mmap
sys_enter_mprotect
sys_enter_mmap
sys_enter_mprotect
sys_enter_mmap
sys_enter_mprotect
sys_enter_mmap
sys_enter_mmap
sys_enter_close
sys_enter_munmap
sys_enter_sched_getaffinity
sys_enter_mmap
sys_enter_munmap
sys_enter_mmap
sys_enter_mmap
sys_enter_mmap
sys_enter_mmap
sys_enter_mmap
sys_enter_mmap
sys_enter_rt_sigprocmask
sys_enter_sigaltstack
sys_enter_sigaltstack
sys_enter_gettid
sys_enter_rt_sigprocmask
sys_enter_rt_sigaction
sys_enter_rt_sigaction
sys_enter_rt_sigaction
sys_enter_rt_sigaction
sys_enter_rt_sigaction
sys_enter_rt_sigaction
sys_enter_rt_sigaction
sys_enter_rt_sigaction
sys_enter_rt_sigaction
sys_enter_rt_sigaction
sys_enter_rt_sigaction
sys_enter_rt_sigaction
sys_enter_rt_sigaction
sys_enter_rt_sigaction
sys_enter_rt_sigaction
sys_enter_rt_sigaction
sys_enter_rt_sigaction
sys_enter_rt_sigaction
sys_enter_rt_sigaction
sys_enter_rt_sigaction
sys_enter_rt_sigaction
sys_enter_rt_sigaction
sys_enter_rt_sigaction
sys_enter_rt_sigaction
sys_enter_rt_sigaction
sys_enter_rt_sigaction
sys_enter_rt_sigaction
sys_enter_rt_sigaction
sys_enter_rt_sigaction
sys_enter_rt_sigaction
sys_enter_rt_sigaction
sys_enter_rt_sigaction
sys_enter_rt_sigaction
sys_enter_rt_sigaction
sys_enter_rt_sigaction
sys_enter_rt_sigaction
sys_enter_rt_sigaction
sys_enter_rt_sigaction
sys_enter_rt_sigaction
sys_enter_rt_sigaction
sys_enter_rt_sigaction
sys_enter_rt_sigaction
sys_enter_rt_sigaction
sys_enter_rt_sigaction
sys_enter_rt_sigaction
sys_enter_rt_sigaction
sys_enter_rt_sigaction
sys_enter_rt_sigaction
sys_enter_rt_sigaction
sys_enter_rt_sigaction
sys_enter_rt_sigaction
sys_enter_rt_sigaction
sys_enter_rt_sigaction
sys_enter_rt_sigaction
sys_enter_rt_sigaction
sys_enter_rt_sigaction
sys_enter_rt_sigaction
sys_enter_rt_sigaction
sys_enter_rt_sigaction
sys_enter_rt_sigaction
sys_enter_rt_sigaction
sys_enter_rt_sigaction
sys_enter_rt_sigaction
sys_enter_rt_sigaction
sys_enter_rt_sigaction
sys_enter_rt_sigaction
sys_enter_rt_sigaction
sys_enter_rt_sigaction
sys_enter_rt_sigaction
sys_enter_rt_sigaction
sys_enter_rt_sigaction
sys_enter_rt_sigaction
sys_enter_rt_sigaction
sys_enter_rt_sigaction
sys_enter_rt_sigaction
sys_enter_rt_sigaction
sys_enter_rt_sigaction
sys_enter_rt_sigaction
sys_enter_rt_sigaction
sys_enter_rt_sigaction
sys_enter_rt_sigaction
sys_enter_rt_sigaction
sys_enter_rt_sigaction
sys_enter_rt_sigaction
sys_enter_rt_sigaction
sys_enter_rt_sigaction
sys_enter_rt_sigaction
sys_enter_rt_sigaction
sys_enter_rt_sigaction
sys_enter_rt_sigaction
sys_enter_rt_sigaction
sys_enter_rt_sigaction
sys_enter_rt_sigaction
sys_enter_rt_sigaction
sys_enter_rt_sigaction
sys_enter_rt_sigaction
sys_enter_rt_sigaction
sys_enter_rt_sigaction
sys_enter_rt_sigaction
sys_enter_rt_sigaction
sys_enter_rt_sigaction
sys_enter_rt_sigaction
sys_enter_rt_sigaction
sys_enter_rt_sigaction
sys_enter_rt_sigaction
sys_enter_rt_sigaction
sys_enter_rt_sigaction
sys_enter_rt_sigaction
sys_enter_rt_sigaction
sys_enter_rt_sigaction
sys_enter_rt_sigaction
sys_enter_rt_sigaction
sys_enter_rt_sigaction
sys_enter_rt_sigaction
sys_enter_rt_sigprocmask
sys_enter_clone
sys_enter_rt_sigprocmask
sys_enter_gettid
sys_enter_sigaltstack
sys_enter_sigaltstack
sys_enter_gettid
sys_enter_rt_sigprocmask
sys_enter_rt_sigprocmask
sys_enter_clone
sys_enter_rt_sigprocmask
sys_enter_gettid
sys_enter_sigaltstack
sys_enter_sigaltstack
sys_enter_rt_sigprocmask
sys_enter_clone
sys_enter_gettid
sys_enter_rt_sigprocmask
sys_enter_rt_sigprocmask
sys_enter_futex
sys_enter_rt_sigprocmask
sys_enter_clone
sys_enter_gettid
sys_enter_sigaltstack
sys_enter_sigaltstack
sys_enter_gettid
sys_enter_rt_sigprocmask
sys_enter_gettid
sys_enter_rt_sigprocmask
sys_enter_sigaltstack
sys_enter_sigaltstack
sys_enter_futex
sys_enter_gettid
sys_enter_rt_sigprocmask
sys_enter_futex
sys_enter_futex
sys_enter_futex
sys_enter_futex
sys_enter_mmap
sys_enter_futex
sys_enter_futex
sys_enter_futex
sys_enter_openat
sys_enter_read
sys_enter_read
sys_enter_close
sys_enter_socket
sys_enter_close
sys_enter_socket
sys_enter_setsockopt
sys_enter_bind
sys_enter_socket
sys_enter_setsockopt
sys_enter_bind
sys_enter_close
sys_enter_close
sys_enter_getpid
sys_enter_getppid
sys_enter_mmap
sys_enter_mmap
sys_enter_getppid
sys_enter_openat
sys_enter_pipe2
sys_enter_getpid
sys_enter_clone
sys_enter_setsid
sys_enter_close
sys_enter_read
sys_enter_chdir
sys_enter_execve
sys_enter_close
sys_enter_exit_group
sys_enter_mmap
sys_enter_mmap
sys_enter_mprotect
sys_enter_mmap
sys_enter_mmap
sys_enter_mprotect
sys_enter_mmap
sys_enter_mprotect
sys_enter_mmap
sys_enter_mprotect
sys_enter_mmap
sys_enter_mmap
sys_enter_close
sys_enter_munmap
sys_enter_sched_getaffinity
sys_enter_mmap
sys_enter_munmap
sys_enter_mmap
sys_enter_mmap
sys_enter_mmap
sys_enter_mmap
sys_enter_mmap
sys_enter_mmap
sys_enter_rt_sigprocmask
sys_enter_sigaltstack
sys_enter_sigaltstack
sys_enter_gettid
sys_enter_rt_sigprocmask
sys_enter_rt_sigaction
sys_enter_rt_sigaction
sys_enter_rt_sigaction
sys_enter_rt_sigaction
sys_enter_rt_sigaction
sys_enter_rt_sigaction
sys_enter_rt_sigaction
sys_enter_rt_sigaction
sys_enter_rt_sigaction
sys_enter_rt_sigaction
sys_enter_rt_sigaction
sys_enter_rt_sigaction
sys_enter_rt_sigaction
sys_enter_rt_sigaction
sys_enter_rt_sigaction
sys_enter_rt_sigaction
sys_enter_rt_sigaction
sys_enter_rt_sigaction
sys_enter_rt_sigaction
sys_enter_rt_sigaction
sys_enter_rt_sigaction
sys_enter_rt_sigaction
sys_enter_rt_sigaction
sys_enter_rt_sigaction
sys_enter_rt_sigaction
sys_enter_rt_sigaction
sys_enter_rt_sigaction
sys_enter_rt_sigaction
sys_enter_rt_sigaction
sys_enter_rt_sigaction
sys_enter_rt_sigaction
sys_enter_rt_sigaction
sys_enter_rt_sigaction
sys_enter_rt_sigaction
sys_enter_rt_sigaction
sys_enter_rt_sigaction
sys_enter_rt_sigaction
sys_enter_rt_sigaction
sys_enter_rt_sigaction
sys_enter_rt_sigaction
sys_enter_rt_sigaction
sys_enter_rt_sigaction
sys_enter_rt_sigaction
sys_enter_rt_sigaction
sys_enter_rt_sigaction
sys_enter_rt_sigaction
sys_enter_rt_sigaction
sys_enter_rt_sigaction
sys_enter_rt_sigaction
sys_enter_rt_sigaction
sys_enter_rt_sigaction
sys_enter_rt_sigaction
sys_enter_rt_sigaction
sys_enter_rt_sigaction
sys_enter_rt_sigaction
sys_enter_rt_sigaction
sys_enter_rt_sigaction
sys_enter_rt_sigaction
sys_enter_rt_sigaction
sys_enter_rt_sigaction
sys_enter_rt_sigaction
sys_enter_rt_sigaction
sys_enter_rt_sigaction
sys_enter_rt_sigaction
sys_enter_rt_sigaction
sys_enter_rt_sigaction
sys_enter_rt_sigaction
sys_enter_rt_sigaction
sys_enter_rt_sigaction
sys_enter_rt_sigaction
sys_enter_rt_sigaction
sys_enter_rt_sigaction
sys_enter_rt_sigaction
sys_enter_rt_sigaction
sys_enter_rt_sigaction
sys_enter_rt_sigaction
sys_enter_rt_sigaction
sys_enter_rt_sigaction
sys_enter_rt_sigaction
sys_enter_rt_sigaction
sys_enter_rt_sigaction
sys_enter_rt_sigaction
sys_enter_rt_sigaction
sys_enter_rt_sigaction
sys_enter_rt_sigaction
sys_enter_rt_sigaction
sys_enter_rt_sigaction
sys_enter_rt_sigaction
sys_enter_rt_sigaction
sys_enter_rt_sigaction
sys_enter_rt_sigaction
sys_enter_rt_sigaction
sys_enter_rt_sigaction
sys_enter_rt_sigaction
sys_enter_rt_sigaction
sys_enter_rt_sigaction
sys_enter_rt_sigaction
sys_enter_rt_sigaction
sys_enter_rt_sigaction
sys_enter_rt_sigaction
sys_enter_rt_sigaction
sys_enter_rt_sigaction
sys_enter_rt_sigaction
sys_enter_rt_sigaction
sys_enter_rt_sigaction
sys_enter_rt_sigaction
sys_enter_rt_sigaction
sys_enter_rt_sigaction
sys_enter_rt_sigaction
sys_enter_rt_sigaction
sys_enter_rt_sigaction
sys_enter_rt_sigaction
sys_enter_rt_sigaction
sys_enter_rt_sigaction
sys_enter_rt_sigprocmask
sys_enter_clone
sys_enter_rt_sigprocmask
sys_enter_gettid
sys_enter_sigaltstack
sys_enter_sigaltstack
sys_enter_gettid
sys_enter_rt_sigprocmask
sys_enter_rt_sigprocmask
sys_enter_clone
sys_enter_rt_sigprocmask
sys_enter_gettid
sys_enter_sigaltstack
sys_enter_sigaltstack
sys_enter_gettid
sys_enter_rt_sigprocmask
sys_enter_rt_sigprocmask
sys_enter_clone
sys_enter_rt_sigprocmask
sys_enter_clone
sys_enter_rt_sigprocmask
sys_enter_rt_sigprocmask
sys_enter_futex
sys_enter_gettid
sys_enter_sigaltstack
sys_enter_sigaltstack
sys_enter_gettid
sys_enter_rt_sigprocmask
sys_enter_futex
sys_enter_gettid
sys_enter_futex
sys_enter_sigaltstack
sys_enter_sigaltstack
sys_enter_gettid
sys_enter_rt_sigprocmask
sys_enter_futex
sys_enter_futex
sys_enter_futex
sys_enter_mmap
sys_enter_futex
sys_enter_futex
sys_enter_futex
sys_enter_openat
sys_enter_read
sys_enter_read
sys_enter_close
sys_enter_socket
sys_enter_close
sys_enter_socket
sys_enter_setsockopt
sys_enter_bind
sys_enter_socket
sys_enter_setsockopt
sys_enter_bind
sys_enter_close
sys_enter_close
sys_enter_getpid
sys_enter_getppid
sys_enter_mmap
sys_enter_mmap
sys_enter_getppid
sys_enter_openat
sys_enter_pipe2
sys_enter_getpid
sys_enter_clone
sys_enter_setsid
sys_enter_close
sys_enter_read
sys_enter_chdir
sys_enter_execve
sys_enter_close
sys_enter_mmap
sys_enter_mmap
sys_enter_exit_group
sys_enter_mprotect
sys_enter_mmap
sys_enter_mmap
sys_enter_mprotect
sys_enter_mmap
sys_enter_mprotect
sys_enter_mmap
sys_enter_mprotect
sys_enter_mmap
sys_enter_mmap
sys_enter_close
sys_enter_munmap
sys_enter_sched_getaffinity
sys_enter_mmap
sys_enter_munmap
sys_enter_mmap
sys_enter_mmap
sys_enter_mmap
sys_enter_mmap
sys_enter_mmap
sys_enter_mmap
sys_enter_rt_sigprocmask
sys_enter_sigaltstack
sys_enter_sigaltstack
sys_enter_gettid
sys_enter_rt_sigprocmask
sys_enter_rt_sigaction
sys_enter_rt_sigaction
sys_enter_rt_sigaction
sys_enter_rt_sigaction
sys_enter_rt_sigaction
sys_enter_rt_sigaction
sys_enter_rt_sigaction
sys_enter_rt_sigaction
sys_enter_rt_sigaction
sys_enter_rt_sigaction
sys_enter_rt_sigaction
sys_enter_rt_sigaction
sys_enter_rt_sigaction
sys_enter_rt_sigaction
sys_enter_rt_sigaction
sys_enter_rt_sigaction
sys_enter_rt_sigaction
sys_enter_rt_sigaction
sys_enter_rt_sigaction
sys_enter_rt_sigaction
sys_enter_rt_sigaction
sys_enter_rt_sigaction
sys_enter_rt_sigaction
sys_enter_rt_sigaction
sys_enter_rt_sigaction
sys_enter_rt_sigaction
sys_enter_rt_sigaction
sys_enter_rt_sigaction
sys_enter_rt_sigaction
sys_enter_rt_sigaction
sys_enter_rt_sigaction
sys_enter_rt_sigaction
sys_enter_rt_sigaction
sys_enter_rt_sigaction
sys_enter_rt_sigaction
sys_enter_rt_sigaction
sys_enter_rt_sigaction
sys_enter_rt_sigaction
sys_enter_rt_sigaction
sys_enter_rt_sigaction
sys_enter_rt_sigaction
sys_enter_rt_sigaction
sys_enter_rt_sigaction
sys_enter_rt_sigaction
sys_enter_rt_sigaction
sys_enter_rt_sigaction
sys_enter_rt_sigaction
sys_enter_rt_sigaction
sys_enter_rt_sigaction
sys_enter_rt_sigaction
sys_enter_rt_sigaction
sys_enter_rt_sigaction
sys_enter_rt_sigaction
sys_enter_rt_sigaction
sys_enter_rt_sigaction
sys_enter_rt_sigaction
sys_enter_rt_sigaction
sys_enter_rt_sigaction
sys_enter_rt_sigaction
sys_enter_rt_sigaction
sys_enter_rt_sigaction
sys_enter_rt_sigaction
sys_enter_rt_sigaction
sys_enter_rt_sigaction
sys_enter_rt_sigaction
sys_enter_rt_sigaction
sys_enter_rt_sigaction
sys_enter_rt_sigaction
sys_enter_rt_sigaction
sys_enter_rt_sigaction
sys_enter_rt_sigaction
sys_enter_rt_sigaction
sys_enter_rt_sigaction
sys_enter_rt_sigaction
sys_enter_rt_sigaction
sys_enter_rt_sigaction
sys_enter_rt_sigaction
sys_enter_rt_sigaction
sys_enter_rt_sigaction
sys_enter_rt_sigaction
sys_enter_rt_sigaction
sys_enter_rt_sigaction
sys_enter_rt_sigaction
sys_enter_rt_sigaction
sys_enter_rt_sigaction
sys_enter_rt_sigaction
sys_enter_rt_sigaction
sys_enter_rt_sigaction
sys_enter_rt_sigaction
sys_enter_rt_sigaction
sys_enter_rt_sigaction
sys_enter_rt_sigaction
sys_enter_rt_sigaction
sys_enter_rt_sigaction
sys_enter_rt_sigaction
sys_enter_rt_sigaction
sys_enter_rt_sigaction
sys_enter_rt_sigaction
sys_enter_rt_sigaction
sys_enter_rt_sigaction
sys_enter_rt_sigaction
sys_enter_rt_sigaction
sys_enter_rt_sigaction
sys_enter_rt_sigaction
sys_enter_rt_sigaction
sys_enter_rt_sigaction
sys_enter_rt_sigaction
sys_enter_rt_sigaction
sys_enter_rt_sigaction
sys_enter_rt_sigaction
sys_enter_rt_sigaction
sys_enter_rt_sigaction
sys_enter_rt_sigaction
sys_enter_rt_sigaction
sys_enter_rt_sigprocmask
sys_enter_clone
sys_enter_rt_sigprocmask
sys_enter_gettid
sys_enter_sigaltstack
sys_enter_sigaltstack
sys_enter_gettid
sys_enter_rt_sigprocmask
sys_enter_rt_sigprocmask
sys_enter_clone
sys_enter_rt_sigprocmask
sys_enter_gettid
sys_enter_sigaltstack
sys_enter_sigaltstack
sys_enter_gettid
sys_enter_rt_sigprocmask
sys_enter_rt_sigprocmask
sys_enter_clone
sys_enter_rt_sigprocmask
sys_enter_clone
sys_enter_rt_sigprocmask
sys_enter_rt_sigprocmask
sys_enter_futex
sys_enter_gettid
sys_enter_sigaltstack
sys_enter_sigaltstack
sys_enter_gettid
sys_enter_sigaltstack
sys_enter_gettid
sys_enter_sigaltstack
sys_enter_rt_sigprocmask
sys_enter_gettid
sys_enter_futex
sys_enter_rt_sigprocmask
sys_enter_futex
sys_enter_futex
sys_enter_futex
sys_enter_futex
sys_enter_mmap
sys_enter_futex
sys_enter_futex
sys_enter_futex
sys_enter_openat
sys_enter_futex
sys_enter_futex
sys_enter_read
sys_enter_read
sys_enter_close
sys_enter_socket
sys_enter_close
sys_enter_socket
sys_enter_setsockopt
sys_enter_bind
sys_enter_socket
sys_enter_setsockopt
sys_enter_bind
sys_enter_close
sys_enter_close
sys_enter_getpid
sys_enter_getppid
sys_enter_mmap
sys_enter_mmap
sys_enter_getppid
sys_enter_openat
sys_enter_pipe2
sys_enter_getpid
sys_enter_clone
sys_enter_setsid
sys_enter_chdir
sys_enter_close
sys_enter_read
sys_enter_execve
sys_enter_close
sys_enter_mmap
sys_enter_mmap
sys_enter_exit_group
sys_enter_mprotect
sys_enter_mmap
sys_enter_mmap
sys_enter_mprotect
sys_enter_mmap
sys_enter_mprotect
sys_enter_mmap
sys_enter_mprotect
sys_enter_mmap
sys_enter_mmap
sys_enter_close
sys_enter_munmap
sys_enter_sched_getaffinity
sys_enter_mmap
sys_enter_munmap
sys_enter_mmap
sys_enter_mmap
sys_enter_mmap
sys_enter_mmap
sys_enter_mmap
sys_enter_mmap
sys_enter_rt_sigprocmask
sys_enter_sigaltstack
sys_enter_sigaltstack
sys_enter_gettid
sys_enter_rt_sigprocmask
sys_enter_rt_sigaction
sys_enter_rt_sigaction
sys_enter_rt_sigaction
sys_enter_rt_sigaction
sys_enter_rt_sigaction
sys_enter_rt_sigaction
sys_enter_rt_sigaction
sys_enter_rt_sigaction
sys_enter_rt_sigaction
sys_enter_rt_sigaction
sys_enter_rt_sigaction
sys_enter_rt_sigaction
sys_enter_rt_sigaction
sys_enter_rt_sigaction
sys_enter_rt_sigaction
sys_enter_rt_sigaction
sys_enter_rt_sigaction
sys_enter_rt_sigaction
sys_enter_rt_sigaction
sys_enter_rt_sigaction
sys_enter_rt_sigaction
sys_enter_rt_sigaction
sys_enter_rt_sigaction
sys_enter_rt_sigaction
sys_enter_rt_sigaction
sys_enter_rt_sigaction
sys_enter_rt_sigaction
sys_enter_rt_sigaction
sys_enter_rt_sigaction
sys_enter_rt_sigaction
sys_enter_rt_sigaction
sys_enter_rt_sigaction
sys_enter_rt_sigaction
sys_enter_rt_sigaction
sys_enter_rt_sigaction
sys_enter_rt_sigaction
sys_enter_rt_sigaction
sys_enter_rt_sigaction
sys_enter_rt_sigaction
sys_enter_rt_sigaction
sys_enter_rt_sigaction
sys_enter_rt_sigaction
sys_enter_rt_sigaction
sys_enter_rt_sigaction
sys_enter_rt_sigaction
sys_enter_rt_sigaction
sys_enter_rt_sigaction
sys_enter_rt_sigaction
sys_enter_rt_sigaction
sys_enter_rt_sigaction
sys_enter_rt_sigaction
sys_enter_rt_sigaction
sys_enter_rt_sigaction
sys_enter_rt_sigaction
sys_enter_rt_sigaction
sys_enter_rt_sigaction
sys_enter_rt_sigaction
sys_enter_rt_sigaction
sys_enter_rt_sigaction
sys_enter_rt_sigaction
sys_enter_rt_sigaction
sys_enter_rt_sigaction
sys_enter_rt_sigaction
sys_enter_rt_sigaction
sys_enter_rt_sigaction
sys_enter_rt_sigaction
sys_enter_rt_sigaction
sys_enter_rt_sigaction
sys_enter_rt_sigaction
sys_enter_rt_sigaction
sys_enter_rt_sigaction
sys_enter_rt_sigaction
sys_enter_rt_sigaction
sys_enter_rt_sigaction
sys_enter_rt_sigaction
sys_enter_rt_sigaction
sys_enter_rt_sigaction
sys_enter_rt_sigaction
sys_enter_rt_sigaction
sys_enter_rt_sigaction
sys_enter_rt_sigaction
sys_enter_rt_sigaction
sys_enter_rt_sigaction
sys_enter_rt_sigaction
sys_enter_rt_sigaction
sys_enter_rt_sigaction
sys_enter_rt_sigaction
sys_enter_rt_sigaction
sys_enter_rt_sigaction
sys_enter_rt_sigaction
sys_enter_rt_sigaction
sys_enter_rt_sigaction
sys_enter_rt_sigaction
sys_enter_rt_sigaction
sys_enter_rt_sigaction
sys_enter_rt_sigaction
sys_enter_rt_sigaction
sys_enter_rt_sigaction
sys_enter_rt_sigaction
sys_enter_rt_sigaction
sys_enter_rt_sigaction
sys_enter_rt_sigaction
sys_enter_rt_sigaction
sys_enter_rt_sigaction
sys_enter_rt_sigaction
sys_enter_rt_sigaction
sys_enter_rt_sigaction
sys_enter_rt_sigaction
sys_enter_rt_sigaction
sys_enter_rt_sigaction
sys_enter_rt_sigaction
sys_enter_rt_sigaction
sys_enter_rt_sigaction
sys_enter_rt_sigaction
sys_enter_rt_sigprocmask
sys_enter_clone
sys_enter_rt_sigprocmask
sys_enter_gettid
sys_enter_sigaltstack
sys_enter_sigaltstack
sys_enter_gettid
sys_enter_rt_sigprocmask
sys_enter_rt_sigprocmask
sys_enter_clone
sys_enter_rt_sigprocmask
sys_enter_gettid
sys_enter_sigaltstack
sys_enter_sigaltstack
sys_enter_rt_sigprocmask
sys_enter_clone
sys_enter_gettid
sys_enter_rt_sigprocmask
sys_enter_rt_sigprocmask
sys_enter_clone
sys_enter_rt_sigprocmask
sys_enter_sched_yield
sys_enter_futex
sys_enter_futex
sys_enter_gettid
sys_enter_sigaltstack
sys_enter_sigaltstack
sys_enter_gettid
sys_enter_rt_sigprocmask
sys_enter_futex
sys_enter_futex
sys_enter_rt_sigprocmask
sys_enter_futex
sys_enter_gettid
sys_enter_sigaltstack
sys_enter_sigaltstack
sys_enter_gettid
sys_enter_rt_sigprocmask
sys_enter_mmap
sys_enter_futex
sys_enter_futex
sys_enter_futex
sys_enter_openat
sys_enter_read
sys_enter_read
sys_enter_close
sys_enter_socket
sys_enter_close
sys_enter_socket
sys_enter_setsockopt
sys_enter_bind
sys_enter_socket
sys_enter_setsockopt
sys_enter_bind
sys_enter_close
sys_enter_close
sys_enter_getpid
sys_enter_getppid
sys_enter_mmap
sys_enter_mmap
sys_enter_getppid
sys_enter_openat
sys_enter_pipe2
sys_enter_getpid
sys_enter_clone
sys_enter_setsid
sys_enter_close
sys_enter_read
sys_enter_chdir
sys_enter_execve
sys_enter_close
sys_enter_exit_group
sys_enter_mmap
sys_enter_mmap
sys_enter_mprotect
sys_enter_mmap
sys_enter_mmap
sys_enter_mprotect
sys_enter_mmap
sys_enter_mprotect
sys_enter_mmap
sys_enter_mprotect
sys_enter_mmap
sys_enter_mmap
sys_enter_close
sys_enter_munmap
sys_enter_sched_getaffinity
sys_enter_mmap
sys_enter_munmap
sys_enter_mmap
sys_enter_mmap
sys_enter_mmap
sys_enter_mmap
sys_enter_mmap
sys_enter_mmap
sys_enter_rt_sigprocmask
sys_enter_sigaltstack
sys_enter_sigaltstack
sys_enter_gettid
sys_enter_rt_sigprocmask
sys_enter_rt_sigaction
sys_enter_rt_sigaction
sys_enter_rt_sigaction
sys_enter_rt_sigaction
sys_enter_rt_sigaction
sys_enter_rt_sigaction
sys_enter_rt_sigaction
sys_enter_rt_sigaction
sys_enter_rt_sigaction
sys_enter_rt_sigaction
sys_enter_rt_sigaction
sys_enter_rt_sigaction
sys_enter_rt_sigaction
sys_enter_rt_sigaction
sys_enter_rt_sigaction
sys_enter_rt_sigaction
sys_enter_rt_sigaction
sys_enter_rt_sigaction
sys_enter_rt_sigaction
sys_enter_rt_sigaction
sys_enter_rt_sigaction
sys_enter_rt_sigaction
sys_enter_rt_sigaction
sys_enter_rt_sigaction
sys_enter_rt_sigaction
sys_enter_rt_sigaction
sys_enter_rt_sigaction
sys_enter_rt_sigaction
sys_enter_rt_sigaction
sys_enter_rt_sigaction
sys_enter_rt_sigaction
sys_enter_rt_sigaction
sys_enter_rt_sigaction
sys_enter_rt_sigaction
sys_enter_rt_sigaction
sys_enter_rt_sigaction
sys_enter_rt_sigaction
sys_enter_rt_sigaction
sys_enter_rt_sigaction
sys_enter_rt_sigaction
sys_enter_rt_sigaction
sys_enter_rt_sigaction
sys_enter_rt_sigaction
sys_enter_rt_sigaction
sys_enter_rt_sigaction
sys_enter_rt_sigaction
sys_enter_rt_sigaction
sys_enter_rt_sigaction
sys_enter_rt_sigaction
sys_enter_rt_sigaction
sys_enter_rt_sigaction
sys_enter_rt_sigaction
sys_enter_rt_sigaction
sys_enter_rt_sigaction
sys_enter_rt_sigaction
sys_enter_rt_sigaction
sys_enter_rt_sigaction
sys_enter_rt_sigaction
sys_enter_rt_sigaction
sys_enter_rt_sigaction
sys_enter_rt_sigaction
sys_enter_rt_sigaction
sys_enter_rt_sigaction
sys_enter_rt_sigaction
sys_enter_rt_sigaction
sys_enter_rt_sigaction
sys_enter_rt_sigaction
sys_enter_rt_sigaction
sys_enter_rt_sigaction
sys_enter_rt_sigaction
sys_enter_rt_sigaction
sys_enter_rt_sigaction
sys_enter_rt_sigaction
sys_enter_rt_sigaction
sys_enter_rt_sigaction
sys_enter_rt_sigaction
sys_enter_rt_sigaction
sys_enter_rt_sigaction
sys_enter_rt_sigaction
sys_enter_rt_sigaction
sys_enter_rt_sigaction
sys_enter_rt_sigaction
sys_enter_rt_sigaction
sys_enter_rt_sigaction
sys_enter_rt_sigaction
sys_enter_rt_sigaction
sys_enter_rt_sigaction
sys_enter_rt_sigaction
sys_enter_rt_sigaction
sys_enter_rt_sigaction
sys_enter_rt_sigaction
sys_enter_rt_sigaction
sys_enter_rt_sigaction
sys_enter_rt_sigaction
sys_enter_rt_sigaction
sys_enter_rt_sigaction
sys_enter_rt_sigaction
sys_enter_rt_sigaction
sys_enter_rt_sigaction
sys_enter_rt_sigaction
sys_enter_rt_sigaction
sys_enter_rt_sigaction
sys_enter_rt_sigaction
sys_enter_rt_sigaction
sys_enter_rt_sigaction
sys_enter_rt_sigaction
sys_enter_rt_sigaction
sys_enter_rt_sigaction
sys_enter_rt_sigaction
sys_enter_rt_sigaction
sys_enter_rt_sigaction
sys_enter_rt_sigaction
sys_enter_rt_sigaction
sys_enter_rt_sigaction
sys_enter_rt_sigprocmask
sys_enter_clone
sys_enter_rt_sigprocmask
sys_enter_gettid
sys_enter_sigaltstack
sys_enter_sigaltstack
sys_enter_gettid
sys_enter_rt_sigprocmask
sys_enter_rt_sigprocmask
sys_enter_clone
sys_enter_rt_sigprocmask
sys_enter_gettid
sys_enter_sigaltstack
sys_enter_sigaltstack
sys_enter_gettid
sys_enter_rt_sigprocmask
sys_enter_rt_sigprocmask
sys_enter_clone
sys_enter_rt_sigprocmask
sys_enter_futex
sys_enter_rt_sigprocmask
sys_enter_clone
sys_enter_gettid
sys_enter_sigaltstack
sys_enter_sigaltstack
sys_enter_gettid
sys_enter_rt_sigprocmask
sys_enter_rt_sigprocmask
sys_enter_futex
sys_enter_futex
sys_enter_gettid
sys_enter_sigaltstack
sys_enter_sigaltstack
sys_enter_gettid
sys_enter_rt_sigprocmask
sys_enter_futex
sys_enter_futex
sys_enter_futex
sys_enter_mmap
sys_enter_futex
sys_enter_futex
sys_enter_futex
sys_enter_openat
sys_enter_read
sys_enter_read
sys_enter_close
sys_enter_socket
sys_enter_close
sys_enter_socket
sys_enter_setsockopt
sys_enter_bind
sys_enter_socket
sys_enter_setsockopt
sys_enter_bind
sys_enter_close
sys_enter_close
sys_enter_getpid
sys_enter_getppid
sys_enter_mmap
sys_enter_mmap
sys_enter_getppid
sys_enter_openat
sys_enter_pipe2
sys_enter_getpid
sys_enter_clone
sys_enter_setsid
sys_enter_close
sys_enter_read
sys_enter_chdir
sys_enter_execve
sys_enter_close
sys_enter_exit_group
sys_enter_mmap
sys_enter_mmap
sys_enter_mprotect
sys_enter_mmap
sys_enter_mmap
sys_enter_mprotect
sys_enter_mmap
sys_enter_mprotect
sys_enter_mmap
sys_enter_mprotect
sys_enter_mmap
sys_enter_mmap
sys_enter_close
sys_enter_munmap
sys_enter_sched_getaffinity
sys_enter_mmap
sys_enter_munmap
sys_enter_mmap
sys_enter_mmap
sys_enter_mmap
sys_enter_mmap
sys_enter_mmap
sys_enter_mmap
sys_enter_rt_sigprocmask
sys_enter_sigaltstack
sys_enter_sigaltstack
sys_enter_gettid
sys_enter_rt_sigprocmask
sys_enter_rt_sigaction
sys_enter_rt_sigaction
sys_enter_rt_sigaction
sys_enter_rt_sigaction
sys_enter_rt_sigaction
sys_enter_rt_sigaction
sys_enter_rt_sigaction
sys_enter_rt_sigaction
sys_enter_rt_sigaction
sys_enter_rt_sigaction
sys_enter_rt_sigaction
sys_enter_rt_sigaction
sys_enter_rt_sigaction
sys_enter_rt_sigaction
sys_enter_rt_sigaction
sys_enter_rt_sigaction
sys_enter_rt_sigaction
sys_enter_rt_sigaction
sys_enter_rt_sigaction
sys_enter_rt_sigaction
sys_enter_rt_sigaction
sys_enter_rt_sigaction
sys_enter_rt_sigaction
sys_enter_rt_sigaction
sys_enter_rt_sigaction
sys_enter_rt_sigaction
sys_enter_rt_sigaction
sys_enter_rt_sigaction
sys_enter_rt_sigaction
sys_enter_rt_sigaction
sys_enter_rt_sigaction
sys_enter_rt_sigaction
sys_enter_rt_sigaction
sys_enter_rt_sigaction
sys_enter_rt_sigaction
sys_enter_rt_sigaction
sys_enter_rt_sigaction
sys_enter_rt_sigaction
sys_enter_rt_sigaction
sys_enter_rt_sigaction
sys_enter_rt_sigaction
sys_enter_rt_sigaction
sys_enter_rt_sigaction
sys_enter_rt_sigaction
sys_enter_rt_sigaction
sys_enter_rt_sigaction
sys_enter_rt_sigaction
sys_enter_rt_sigaction
sys_enter_rt_sigaction
sys_enter_rt_sigaction
sys_enter_rt_sigaction
sys_enter_rt_sigaction
sys_enter_rt_sigaction
sys_enter_rt_sigaction
sys_enter_rt_sigaction
sys_enter_rt_sigaction
sys_enter_rt_sigaction
sys_enter_rt_sigaction
sys_enter_rt_sigaction
sys_enter_rt_sigaction
sys_enter_rt_sigaction
sys_enter_rt_sigaction
sys_enter_rt_sigaction
sys_enter_rt_sigaction
sys_enter_rt_sigaction
sys_enter_rt_sigaction
sys_enter_rt_sigaction
sys_enter_rt_sigaction
sys_enter_rt_sigaction
sys_enter_rt_sigaction
sys_enter_rt_sigaction
sys_enter_rt_sigaction
sys_enter_rt_sigaction
sys_enter_rt_sigaction
sys_enter_rt_sigaction
sys_enter_rt_sigaction
sys_enter_rt_sigaction
sys_enter_rt_sigaction
sys_enter_rt_sigaction
sys_enter_rt_sigaction
sys_enter_rt_sigaction
sys_enter_rt_sigaction
sys_enter_rt_sigaction
sys_enter_rt_sigaction
sys_enter_rt_sigaction
sys_enter_rt_sigaction
sys_enter_rt_sigaction
sys_enter_rt_sigaction
sys_enter_rt_sigaction
sys_enter_rt_sigaction
sys_enter_rt_sigaction
sys_enter_rt_sigaction
sys_enter_rt_sigaction
sys_enter_rt_sigaction
sys_enter_rt_sigaction
sys_enter_rt_sigaction
sys_enter_rt_sigaction
sys_enter_rt_sigaction
sys_enter_rt_sigaction
sys_enter_gettid
sys_enter_sigaltstack
sys_enter_sigaltstack
sys_enter_gettid
sys_enter_rt_sigprocmask
sys_enter_gettid
sys_enter_sigaltstack
sys_enter_sigaltstack
sys_enter_gettid
sys_enter_rt_sigprocmask
sys_enter_rt_sigprocmask
sys_enter_clone
sys_enter_rt_sigprocmask
sys_enter_rt_sigaction
sys_enter_rt_sigaction
sys_enter_rt_sigaction
sys_enter_rt_sigaction
sys_enter_rt_sigaction
sys_enter_rt_sigaction
sys_enter_rt_sigaction
sys_enter_rt_sigaction
sys_enter_rt_sigaction
sys_enter_rt_sigaction
sys_enter_rt_sigaction
sys_enter_rt_sigaction
sys_enter_rt_sigaction
sys_enter_rt_sigaction
sys_enter_rt_sigaction
sys_enter_rt_sigprocmask
sys_enter_clone
sys_enter_rt_sigprocmask
sys_enter_rt_sigprocmask
sys_enter_clone
sys_enter_rt_sigprocmask
sys_enter_rt_sigprocmask
sys_enter_clone
sys_enter_rt_sigprocmask
sys_enter_futex
sys_enter_gettid
sys_enter_sigaltstack
sys_enter_sigaltstack
sys_enter_gettid
sys_enter_rt_sigprocmask
sys_enter_futex
sys_enter_futex
sys_enter_gettid
sys_enter_sigaltstack
sys_enter_sigaltstack
sys_enter_gettid
sys_enter_rt_sigprocmask
sys_enter_futex
sys_enter_futex
sys_enter_mmap
sys_enter_futex
sys_enter_futex
sys_enter_futex
sys_enter_openat
sys_enter_read
sys_enter_read
sys_enter_close
sys_enter_socket
sys_enter_futex
sys_enter_close
sys_enter_socket
sys_enter_setsockopt
sys_enter_bind
sys_enter_socket
sys_enter_setsockopt
sys_enter_bind
sys_enter_close
sys_enter_close
sys_enter_getpid
sys_enter_getppid
sys_enter_mmap
sys_enter_mmap
sys_enter_getppid
sys_enter_openat
sys_enter_pipe2
sys_enter_getpid
sys_enter_clone
sys_enter_setsid
sys_enter_close
sys_enter_read
sys_enter_chdir
sys_enter_execve
sys_enter_close
sys_enter_mmap
sys_enter_exit_group
sys_enter_mmap
sys_enter_mprotect
sys_enter_mmap
sys_enter_mmap
sys_enter_mprotect
sys_enter_mmap
sys_enter_mprotect
sys_enter_mmap
sys_enter_mprotect
sys_enter_mmap
sys_enter_mmap
sys_enter_close
sys_enter_munmap
sys_enter_sched_getaffinity
sys_enter_mmap
sys_enter_munmap
sys_enter_mmap
sys_enter_mmap
sys_enter_mmap
sys_enter_mmap
sys_enter_mmap
sys_enter_mmap
sys_enter_rt_sigprocmask
sys_enter_sigaltstack
sys_enter_sigaltstack
sys_enter_gettid
sys_enter_rt_sigprocmask
sys_enter_rt_sigaction
sys_enter_rt_sigaction
sys_enter_rt_sigaction
sys_enter_rt_sigaction
sys_enter_rt_sigaction
sys_enter_rt_sigaction
sys_enter_rt_sigaction
sys_enter_rt_sigaction
sys_enter_rt_sigaction
sys_enter_rt_sigaction
sys_enter_rt_sigaction
sys_enter_rt_sigaction
sys_enter_rt_sigaction
sys_enter_rt_sigaction
sys_enter_rt_sigaction
sys_enter_rt_sigaction
sys_enter_rt_sigaction
sys_enter_rt_sigaction
sys_enter_rt_sigaction
sys_enter_rt_sigaction
sys_enter_rt_sigaction
sys_enter_rt_sigaction
sys_enter_rt_sigaction
sys_enter_rt_sigaction
sys_enter_rt_sigaction
sys_enter_rt_sigaction
sys_enter_rt_sigaction
sys_enter_rt_sigaction
sys_enter_rt_sigaction
sys_enter_rt_sigaction
sys_enter_rt_sigaction
sys_enter_rt_sigaction
sys_enter_rt_sigaction
sys_enter_rt_sigaction
sys_enter_rt_sigaction
sys_enter_rt_sigaction
sys_enter_rt_sigaction
sys_enter_rt_sigaction
sys_enter_rt_sigaction
sys_enter_rt_sigaction
sys_enter_rt_sigaction
sys_enter_rt_sigaction
sys_enter_rt_sigaction
sys_enter_rt_sigaction
sys_enter_rt_sigaction
sys_enter_rt_sigaction
sys_enter_rt_sigaction
sys_enter_rt_sigaction
sys_enter_rt_sigaction
sys_enter_rt_sigaction
sys_enter_rt_sigaction
sys_enter_rt_sigaction
sys_enter_rt_sigaction
sys_enter_rt_sigaction
sys_enter_rt_sigaction
sys_enter_rt_sigaction
sys_enter_rt_sigaction
sys_enter_rt_sigaction
sys_enter_rt_sigaction
sys_enter_rt_sigaction
sys_enter_rt_sigaction
sys_enter_rt_sigaction
sys_enter_rt_sigaction
sys_enter_rt_sigaction
sys_enter_rt_sigaction
sys_enter_rt_sigaction
sys_enter_rt_sigaction
sys_enter_rt_sigaction
sys_enter_rt_sigaction
sys_enter_rt_sigaction
sys_enter_rt_sigaction
sys_enter_rt_sigaction
sys_enter_rt_sigaction
sys_enter_rt_sigaction
sys_enter_rt_sigaction
sys_enter_rt_sigaction
sys_enter_rt_sigaction
sys_enter_rt_sigaction
sys_enter_rt_sigaction
sys_enter_rt_sigaction
sys_enter_rt_sigaction
sys_enter_rt_sigaction
sys_enter_rt_sigaction
sys_enter_rt_sigaction
sys_enter_rt_sigaction
sys_enter_rt_sigaction
sys_enter_rt_sigaction
sys_enter_rt_sigaction
sys_enter_rt_sigaction
sys_enter_rt_sigaction
sys_enter_rt_sigaction
sys_enter_rt_sigaction
sys_enter_rt_sigaction
sys_enter_rt_sigaction
sys_enter_rt_sigaction
sys_enter_rt_sigaction
sys_enter_rt_sigaction
sys_enter_rt_sigaction
sys_enter_rt_sigaction
sys_enter_rt_sigaction
sys_enter_rt_sigaction
sys_enter_rt_sigaction
sys_enter_rt_sigaction
sys_enter_rt_sigaction
sys_enter_rt_sigaction
sys_enter_rt_sigaction
sys_enter_rt_sigaction
sys_enter_rt_sigaction
sys_enter_rt_sigaction
sys_enter_rt_sigaction
sys_enter_rt_sigaction
sys_enter_rt_sigaction
sys_enter_rt_sigaction
sys_enter_rt_sigaction
sys_enter_rt_sigprocmask
sys_enter_clone
sys_enter_rt_sigprocmask
sys_enter_gettid
sys_enter_sigaltstack
sys_enter_sigaltstack
sys_enter_gettid
sys_enter_rt_sigprocmask
sys_enter_rt_sigprocmask
sys_enter_clone
sys_enter_rt_sigprocmask
sys_enter_gettid
sys_enter_sigaltstack
sys_enter_sigaltstack
sys_enter_gettid
sys_enter_rt_sigprocmask
sys_enter_rt_sigprocmask
sys_enter_clone
sys_enter_rt_sigprocmask
sys_enter_sched_yield
sys_enter_futex
sys_enter_futex
sys_enter_futex
sys_enter_gettid
sys_enter_sigaltstack
sys_enter_sigaltstack
sys_enter_gettid
sys_enter_rt_sigprocmask
sys_enter_futex
sys_enter_futex
sys_enter_futex
sys_enter_rt_sigprocmask
sys_enter_clone
sys_enter_rt_sigprocmask
sys_enter_gettid
sys_enter_sigaltstack
sys_enter_sigaltstack
sys_enter_futex
sys_enter_gettid
sys_enter_rt_sigprocmask
sys_enter_futex
sys_enter_futex
sys_enter_mmap
sys_enter_futex
sys_enter_futex
sys_enter_futex
sys_enter_openat
sys_enter_read
sys_enter_read
sys_enter_close
sys_enter_socket
sys_enter_close
sys_enter_socket
sys_enter_setsockopt
sys_enter_bind
sys_enter_socket
sys_enter_setsockopt
sys_enter_bind
sys_enter_close
sys_enter_close
sys_enter_getpid
sys_enter_getppid
sys_enter_mmap
sys_enter_mmap
sys_enter_getppid
sys_enter_openat
sys_enter_pipe2
sys_enter_getpid
sys_enter_clone
sys_enter_setsid
sys_enter_close
sys_enter_read
sys_enter_chdir
sys_enter_execve
sys_enter_close
sys_enter_exit_group
sys_enter_mmap
sys_enter_mmap
sys_enter_mprotect
sys_enter_mmap
sys_enter_mmap
sys_enter_mprotect
sys_enter_mmap
sys_enter_mprotect
sys_enter_mmap
sys_enter_mprotect
sys_enter_mmap
sys_enter_mmap
sys_enter_close
sys_enter_munmap
sys_enter_sched_getaffinity
sys_enter_mmap
sys_enter_munmap
sys_enter_mmap
sys_enter_mmap
sys_enter_mmap
sys_enter_mmap
sys_enter_mmap
sys_enter_mmap
sys_enter_rt_sigprocmask
sys_enter_sigaltstack
sys_enter_sigaltstack
sys_enter_gettid
sys_enter_rt_sigprocmask
sys_enter_rt_sigaction
sys_enter_rt_sigaction
sys_enter_rt_sigaction
sys_enter_rt_sigaction
sys_enter_rt_sigaction
sys_enter_rt_sigaction
sys_enter_rt_sigaction
sys_enter_rt_sigaction
sys_enter_rt_sigaction
sys_enter_rt_sigaction
sys_enter_rt_sigaction
sys_enter_rt_sigaction
sys_enter_rt_sigaction
sys_enter_rt_sigaction
sys_enter_rt_sigaction
sys_enter_rt_sigaction
sys_enter_rt_sigaction
sys_enter_rt_sigaction
sys_enter_rt_sigaction
sys_enter_rt_sigaction
sys_enter_rt_sigaction
sys_enter_rt_sigaction
sys_enter_rt_sigaction
sys_enter_rt_sigaction
sys_enter_rt_sigaction
sys_enter_rt_sigaction
sys_enter_rt_sigaction
sys_enter_rt_sigaction
sys_enter_rt_sigaction
sys_enter_rt_sigaction
sys_enter_rt_sigaction
sys_enter_rt_sigaction
sys_enter_rt_sigaction
sys_enter_rt_sigaction
sys_enter_rt_sigaction
sys_enter_rt_sigaction
sys_enter_rt_sigaction
sys_enter_rt_sigaction
sys_enter_rt_sigaction
sys_enter_rt_sigaction
sys_enter_rt_sigaction
sys_enter_rt_sigaction
sys_enter_rt_sigaction
sys_enter_rt_sigaction
sys_enter_rt_sigaction
sys_enter_rt_sigaction
sys_enter_rt_sigaction
sys_enter_rt_sigaction
sys_enter_rt_sigaction
sys_enter_rt_sigaction
sys_enter_rt_sigaction
sys_enter_rt_sigaction
sys_enter_rt_sigaction
sys_enter_rt_sigaction
sys_enter_rt_sigaction
sys_enter_rt_sigaction
sys_enter_rt_sigaction
sys_enter_rt_sigaction
sys_enter_rt_sigaction
sys_enter_rt_sigaction
sys_enter_rt_sigaction
sys_enter_rt_sigaction
sys_enter_rt_sigaction
sys_enter_rt_sigaction
sys_enter_rt_sigaction
sys_enter_rt_sigaction
sys_enter_rt_sigaction
sys_enter_rt_sigaction
sys_enter_rt_sigaction
sys_enter_rt_sigaction
sys_enter_rt_sigaction
sys_enter_rt_sigaction
sys_enter_rt_sigaction
sys_enter_rt_sigaction
sys_enter_rt_sigaction
sys_enter_rt_sigaction
sys_enter_rt_sigaction
sys_enter_rt_sigaction
sys_enter_rt_sigaction
sys_enter_rt_sigaction
sys_enter_rt_sigaction
sys_enter_rt_sigaction
sys_enter_rt_sigaction
sys_enter_rt_sigaction
sys_enter_rt_sigaction
sys_enter_rt_sigaction
sys_enter_rt_sigaction
sys_enter_rt_sigaction
sys_enter_rt_sigaction
sys_enter_rt_sigaction
sys_enter_rt_sigaction
sys_enter_rt_sigaction
sys_enter_rt_sigaction
sys_enter_rt_sigaction
sys_enter_rt_sigaction
sys_enter_rt_sigaction
sys_enter_rt_sigaction
sys_enter_rt_sigaction
sys_enter_rt_sigaction
sys_enter_rt_sigaction
sys_enter_rt_sigaction
sys_enter_rt_sigaction
sys_enter_rt_sigaction
sys_enter_rt_sigaction
sys_enter_rt_sigaction
sys_enter_rt_sigaction
sys_enter_rt_sigaction
sys_enter_rt_sigaction
sys_enter_rt_sigaction
sys_enter_rt_sigaction
sys_enter_rt_sigaction
sys_enter_rt_sigaction
sys_enter_rt_sigaction
sys_enter_rt_sigaction
sys_enter_rt_sigprocmask
sys_enter_clone
sys_enter_rt_sigprocmask
sys_enter_gettid
sys_enter_sigaltstack
sys_enter_sigaltstack
sys_enter_gettid
sys_enter_rt_sigprocmask
sys_enter_rt_sigprocmask
sys_enter_clone
sys_enter_rt_sigprocmask
sys_enter_gettid
sys_enter_sigaltstack
sys_enter_sigaltstack
sys_enter_gettid
sys_enter_rt_sigprocmask
sys_enter_rt_sigprocmask
sys_enter_clone
sys_enter_rt_sigprocmask
sys_enter_futex
sys_enter_gettid
sys_enter_rt_sigprocmask
sys_enter_sigaltstack
sys_enter_clone
sys_enter_sigaltstack
sys_enter_gettid
sys_enter_rt_sigprocmask
sys_enter_futex
sys_enter_futex
sys_enter_rt_sigprocmask
sys_enter_futex
sys_enter_gettid
sys_enter_sigaltstack
sys_enter_sigaltstack
sys_enter_gettid
sys_enter_rt_sigprocmask
sys_enter_futex
sys_enter_futex
sys_enter_mmap
sys_enter_futex
sys_enter_futex
sys_enter_futex
sys_enter_openat
sys_enter_read
sys_enter_read
sys_enter_close
sys_enter_socket
sys_enter_close
sys_enter_socket
sys_enter_setsockopt
sys_enter_bind
sys_enter_socket
sys_enter_setsockopt
sys_enter_bind
sys_enter_close
sys_enter_close
sys_enter_getpid
sys_enter_getppid
sys_enter_mmap
sys_enter_mmap
sys_enter_getppid
sys_enter_openat
sys_enter_pipe2
sys_enter_getpid
sys_enter_clone
sys_enter_setsid
sys_enter_close
sys_enter_read
sys_enter_chdir
sys_enter_execve
sys_enter_close
sys_enter_exit_group
sys_enter_mmap
sys_enter_mmap
sys_enter_mprotect
sys_enter_mmap
sys_enter_mmap
sys_enter_mprotect
sys_enter_mmap
sys_enter_mprotect
sys_enter_mmap
sys_enter_mprotect
sys_enter_mmap
sys_enter_mmap
sys_enter_close
sys_enter_munmap
sys_enter_sched_getaffinity
sys_enter_mmap
sys_enter_munmap
sys_enter_mmap
sys_enter_mmap
sys_enter_mmap
sys_enter_mmap
sys_enter_mmap
sys_enter_mmap
sys_enter_rt_sigprocmask
sys_enter_sigaltstack
sys_enter_sigaltstack
sys_enter_gettid
sys_enter_rt_sigprocmask
sys_enter_rt_sigaction
sys_enter_rt_sigaction
sys_enter_rt_sigaction
sys_enter_rt_sigaction
sys_enter_rt_sigaction
sys_enter_rt_sigaction
sys_enter_rt_sigaction
sys_enter_rt_sigaction
sys_enter_rt_sigaction
sys_enter_rt_sigaction
sys_enter_rt_sigaction
sys_enter_rt_sigaction
sys_enter_rt_sigaction
sys_enter_rt_sigaction
sys_enter_rt_sigaction
sys_enter_rt_sigaction
sys_enter_rt_sigaction
sys_enter_rt_sigaction
sys_enter_rt_sigaction
sys_enter_rt_sigaction
sys_enter_rt_sigaction
sys_enter_rt_sigaction
sys_enter_rt_sigaction
sys_enter_rt_sigaction
sys_enter_rt_sigaction
sys_enter_rt_sigaction
sys_enter_rt_sigaction
sys_enter_rt_sigaction
sys_enter_rt_sigaction
sys_enter_rt_sigaction
sys_enter_rt_sigaction
sys_enter_rt_sigaction
sys_enter_rt_sigaction
sys_enter_rt_sigaction
sys_enter_rt_sigaction
sys_enter_rt_sigaction
sys_enter_rt_sigaction
sys_enter_rt_sigaction
sys_enter_rt_sigaction
sys_enter_rt_sigaction
sys_enter_rt_sigaction
sys_enter_rt_sigaction
sys_enter_rt_sigaction
sys_enter_rt_sigaction
sys_enter_rt_sigaction
sys_enter_rt_sigaction
sys_enter_rt_sigaction
sys_enter_rt_sigaction
sys_enter_rt_sigaction
sys_enter_rt_sigaction
sys_enter_rt_sigaction
sys_enter_rt_sigaction
sys_enter_rt_sigaction
sys_enter_rt_sigaction
sys_enter_rt_sigaction
sys_enter_rt_sigaction
sys_enter_rt_sigaction
sys_enter_rt_sigaction
sys_enter_rt_sigaction
sys_enter_rt_sigaction
sys_enter_rt_sigaction
sys_enter_rt_sigaction
sys_enter_rt_sigaction
sys_enter_rt_sigaction
sys_enter_rt_sigaction
sys_enter_rt_sigaction
sys_enter_rt_sigaction
sys_enter_rt_sigaction
sys_enter_rt_sigaction
sys_enter_rt_sigaction
sys_enter_rt_sigaction
sys_enter_rt_sigaction
sys_enter_rt_sigaction
sys_enter_rt_sigaction
sys_enter_rt_sigaction
sys_enter_rt_sigaction
sys_enter_rt_sigaction
sys_enter_rt_sigaction
sys_enter_rt_sigaction
sys_enter_rt_sigaction
sys_enter_rt_sigaction
sys_enter_rt_sigaction
sys_enter_rt_sigaction
sys_enter_rt_sigaction
sys_enter_rt_sigaction
sys_enter_rt_sigaction
sys_enter_rt_sigaction
sys_enter_rt_sigaction
sys_enter_rt_sigaction
sys_enter_rt_sigaction
sys_enter_rt_sigaction
sys_enter_rt_sigaction
sys_enter_rt_sigaction
sys_enter_rt_sigaction
sys_enter_rt_sigaction
sys_enter_rt_sigaction
sys_enter_rt_sigaction
sys_enter_rt_sigaction
sys_enter_rt_sigaction
sys_enter_rt_sigaction
sys_enter_rt_sigaction
sys_enter_rt_sigaction
sys_enter_rt_sigaction
sys_enter_rt_sigaction
sys_enter_rt_sigaction
sys_enter_rt_sigaction
sys_enter_rt_sigaction
sys_enter_rt_sigaction
sys_enter_rt_sigaction
sys_enter_rt_sigaction
sys_enter_rt_sigaction
sys_enter_rt_sigaction
sys_enter_rt_sigaction
sys_enter_rt_sigaction
sys_enter_rt_sigprocmask
sys_enter_clone
sys_enter_rt_sigprocmask
sys_enter_gettid
sys_enter_sigaltstack
sys_enter_sigaltstack
sys_enter_gettid
sys_enter_rt_sigprocmask
sys_enter_rt_sigprocmask
sys_enter_clone
sys_enter_rt_sigprocmask
sys_enter_gettid
sys_enter_sigaltstack
sys_enter_sigaltstack
sys_enter_rt_sigprocmask
sys_enter_clone
sys_enter_gettid
sys_enter_rt_sigprocmask
sys_enter_rt_sigprocmask
sys_enter_sched_yield
sys_enter_gettid
sys_enter_futex
sys_enter_sigaltstack
sys_enter_futex
sys_enter_rt_sigprocmask
sys_enter_sigaltstack
sys_enter_clone
sys_enter_gettid
sys_enter_rt_sigprocmask
sys_enter_futex
sys_enter_futex
sys_enter_rt_sigprocmask
sys_enter_futex
sys_enter_gettid
sys_enter_sigaltstack
sys_enter_sigaltstack
sys_enter_gettid
sys_enter_rt_sigprocmask
sys_enter_futex
sys_enter_futex
sys_enter_mmap
sys_enter_futex
sys_enter_futex
sys_enter_futex
sys_enter_openat
sys_enter_read
sys_enter_read
sys_enter_close
sys_enter_socket
sys_enter_close
sys_enter_socket
sys_enter_setsockopt
sys_enter_bind
sys_enter_socket
sys_enter_setsockopt
sys_enter_bind
sys_enter_close
sys_enter_close
sys_enter_getpid
sys_enter_getppid
sys_enter_mmap
sys_enter_mmap
sys_enter_getppid
sys_enter_openat
sys_enter_pipe2
sys_enter_getpid
sys_enter_clone
sys_enter_setsid
sys_enter_close
sys_enter_read
sys_enter_chdir
sys_enter_execve
sys_enter_close
sys_enter_exit_group
sys_enter_mmap
sys_enter_mmap
sys_enter_mprotect
sys_enter_mmap
sys_enter_mmap
sys_enter_mprotect
sys_enter_mmap
sys_enter_mprotect
sys_enter_mmap
sys_enter_mprotect
sys_enter_mmap
sys_enter_mmap
sys_enter_close
sys_enter_munmap
sys_enter_sched_getaffinity
sys_enter_mmap
sys_enter_munmap
sys_enter_mmap
sys_enter_mmap
sys_enter_mmap
sys_enter_mmap
sys_enter_mmap
sys_enter_mmap
sys_enter_rt_sigprocmask
sys_enter_sigaltstack
sys_enter_sigaltstack
sys_enter_gettid
sys_enter_rt_sigprocmask
sys_enter_rt_sigaction
sys_enter_rt_sigaction
sys_enter_rt_sigaction
sys_enter_rt_sigaction
sys_enter_rt_sigaction
sys_enter_rt_sigaction
sys_enter_rt_sigaction
sys_enter_rt_sigaction
sys_enter_rt_sigaction
sys_enter_rt_sigaction
sys_enter_rt_sigaction
sys_enter_rt_sigaction
sys_enter_rt_sigaction
sys_enter_rt_sigaction
sys_enter_rt_sigaction
sys_enter_rt_sigaction
sys_enter_rt_sigaction
sys_enter_rt_sigaction
sys_enter_rt_sigaction
sys_enter_rt_sigaction
sys_enter_rt_sigaction
sys_enter_rt_sigaction
sys_enter_rt_sigaction
sys_enter_rt_sigaction
sys_enter_rt_sigaction
sys_enter_rt_sigaction
sys_enter_rt_sigaction
sys_enter_rt_sigaction
sys_enter_rt_sigaction
sys_enter_rt_sigaction
sys_enter_rt_sigaction
sys_enter_rt_sigaction
sys_enter_rt_sigaction
sys_enter_rt_sigaction
sys_enter_rt_sigaction
sys_enter_rt_sigaction
sys_enter_rt_sigaction
sys_enter_rt_sigaction
sys_enter_rt_sigaction
sys_enter_rt_sigaction
sys_enter_rt_sigaction
sys_enter_rt_sigaction
sys_enter_rt_sigaction
sys_enter_rt_sigaction
sys_enter_rt_sigaction
sys_enter_rt_sigaction
sys_enter_rt_sigaction
sys_enter_rt_sigaction
sys_enter_rt_sigaction
sys_enter_rt_sigaction
sys_enter_rt_sigaction
sys_enter_rt_sigaction
sys_enter_rt_sigaction
sys_enter_rt_sigaction
sys_enter_rt_sigaction
sys_enter_rt_sigaction
sys_enter_rt_sigaction
sys_enter_rt_sigaction
sys_enter_rt_sigaction
sys_enter_rt_sigaction
sys_enter_rt_sigaction
sys_enter_rt_sigaction
sys_enter_rt_sigaction
sys_enter_rt_sigaction
sys_enter_rt_sigaction
sys_enter_rt_sigaction
sys_enter_rt_sigaction
sys_enter_rt_sigaction
sys_enter_rt_sigaction
sys_enter_rt_sigaction
sys_enter_rt_sigaction
sys_enter_rt_sigaction
sys_enter_rt_sigaction
sys_enter_rt_sigaction
sys_enter_rt_sigaction
sys_enter_rt_sigaction
sys_enter_rt_sigaction
sys_enter_rt_sigaction
sys_enter_rt_sigaction
sys_enter_rt_sigaction
sys_enter_rt_sigaction
sys_enter_rt_sigaction
sys_enter_rt_sigaction
sys_enter_rt_sigaction
sys_enter_rt_sigaction
sys_enter_rt_sigaction
sys_enter_rt_sigaction
sys_enter_rt_sigaction
sys_enter_rt_sigaction
sys_enter_rt_sigaction
sys_enter_rt_sigaction
sys_enter_rt_sigaction
sys_enter_rt_sigaction
sys_enter_rt_sigaction
sys_enter_rt_sigaction
sys_enter_rt_sigaction
sys_enter_rt_sigaction
sys_enter_rt_sigaction
sys_enter_rt_sigaction
sys_enter_rt_sigaction
sys_enter_rt_sigaction
sys_enter_rt_sigaction
sys_enter_rt_sigaction
sys_enter_rt_sigaction
sys_enter_rt_sigaction
sys_enter_rt_sigaction
sys_enter_rt_sigaction
sys_enter_rt_sigaction
sys_enter_rt_sigaction
sys_enter_rt_sigaction
sys_enter_rt_sigaction
sys_enter_rt_sigaction
sys_enter_rt_sigaction
sys_enter_rt_sigaction
sys_enter_rt_sigprocmask
sys_enter_clone
sys_enter_rt_sigprocmask
sys_enter_gettid
sys_enter_sigaltstack
sys_enter_sigaltstack
sys_enter_gettid
sys_enter_rt_sigprocmask
sys_enter_rt_sigprocmask
sys_enter_clone
sys_enter_rt_sigprocmask
sys_enter_gettid
sys_enter_sigaltstack
sys_enter_sigaltstack
sys_enter_gettid
sys_enter_rt_sigprocmask
sys_enter_rt_sigprocmask
sys_enter_clone
sys_enter_rt_sigprocmask
sys_enter_futex
sys_enter_rt_sigprocmask
sys_enter_clone
sys_enter_gettid
sys_enter_sigaltstack
sys_enter_sigaltstack
sys_enter_gettid
sys_enter_rt_sigprocmask
sys_enter_rt_sigprocmask
sys_enter_futex
sys_enter_gettid
sys_enter_futex
sys_enter_futex
sys_enter_sigaltstack
sys_enter_sigaltstack
sys_enter_gettid
sys_enter_rt_sigprocmask
sys_enter_futex
sys_enter_futex
sys_enter_mmap
sys_enter_futex
sys_enter_futex
sys_enter_futex
sys_enter_openat
sys_enter_read
sys_enter_read
sys_enter_close
sys_enter_socket
sys_enter_close
sys_enter_socket
sys_enter_setsockopt
sys_enter_bind
sys_enter_socket
sys_enter_setsockopt
sys_enter_bind
sys_enter_close
sys_enter_close
sys_enter_getpid
sys_enter_getppid
sys_enter_mmap
sys_enter_mmap
sys_enter_getppid
sys_enter_openat
sys_enter_pipe2
sys_enter_getpid
sys_enter_clone
sys_enter_close
sys_enter_read
sys_enter_setsid
sys_enter_chdir
sys_enter_execve
sys_enter_close
sys_enter_exit_group
sys_enter_mmap
sys_enter_mmap
sys_enter_mprotect
sys_enter_mmap
sys_enter_mmap
sys_enter_mprotect
sys_enter_mmap
sys_enter_mprotect
sys_enter_mmap
sys_enter_mprotect
sys_enter_mmap
sys_enter_mmap
sys_enter_close
sys_enter_munmap
sys_enter_sched_getaffinity
sys_enter_mmap
sys_enter_munmap
sys_enter_mmap
sys_enter_mmap
sys_enter_mmap
sys_enter_mmap
sys_enter_mmap
sys_enter_mmap
sys_enter_rt_sigprocmask
sys_enter_sigaltstack
sys_enter_sigaltstack
sys_enter_gettid
sys_enter_rt_sigprocmask
sys_enter_rt_sigaction
sys_enter_rt_sigaction
sys_enter_rt_sigaction
sys_enter_rt_sigaction
sys_enter_rt_sigaction
sys_enter_rt_sigaction
sys_enter_rt_sigaction
sys_enter_rt_sigaction
sys_enter_rt_sigaction
sys_enter_rt_sigaction
sys_enter_rt_sigaction
sys_enter_rt_sigaction
sys_enter_rt_sigaction
sys_enter_rt_sigaction
sys_enter_rt_sigaction
sys_enter_rt_sigaction
sys_enter_rt_sigaction
sys_enter_rt_sigaction
sys_enter_rt_sigaction
sys_enter_rt_sigaction
sys_enter_rt_sigaction
sys_enter_rt_sigaction
sys_enter_rt_sigaction
sys_enter_rt_sigaction
sys_enter_rt_sigaction
sys_enter_rt_sigaction
sys_enter_rt_sigaction
sys_enter_rt_sigaction
sys_enter_rt_sigaction
sys_enter_rt_sigaction
sys_enter_rt_sigaction
sys_enter_rt_sigaction
sys_enter_rt_sigaction
sys_enter_rt_sigaction
sys_enter_rt_sigaction
sys_enter_rt_sigaction
sys_enter_rt_sigaction
sys_enter_rt_sigaction
sys_enter_rt_sigaction
sys_enter_rt_sigaction
sys_enter_rt_sigaction
sys_enter_rt_sigaction
sys_enter_rt_sigaction
sys_enter_rt_sigaction
sys_enter_rt_sigaction
sys_enter_rt_sigaction
sys_enter_rt_sigaction
sys_enter_rt_sigaction
sys_enter_rt_sigaction
sys_enter_rt_sigaction
sys_enter_rt_sigaction
sys_enter_rt_sigaction
sys_enter_rt_sigaction
sys_enter_rt_sigaction
sys_enter_rt_sigaction
sys_enter_rt_sigaction
sys_enter_rt_sigaction
sys_enter_rt_sigaction
sys_enter_rt_sigaction
sys_enter_rt_sigaction
sys_enter_rt_sigaction
sys_enter_rt_sigaction
sys_enter_rt_sigaction
sys_enter_rt_sigaction
sys_enter_rt_sigaction
sys_enter_rt_sigaction
sys_enter_rt_sigaction
sys_enter_rt_sigaction
sys_enter_rt_sigaction
sys_enter_rt_sigaction
sys_enter_rt_sigaction
sys_enter_rt_sigaction
sys_enter_rt_sigaction
sys_enter_rt_sigaction
sys_enter_rt_sigaction
sys_enter_rt_sigaction
sys_enter_rt_sigaction
sys_enter_rt_sigaction
sys_enter_rt_sigaction
sys_enter_rt_sigaction
sys_enter_rt_sigaction
sys_enter_rt_sigaction
sys_enter_rt_sigaction
sys_enter_rt_sigaction
sys_enter_rt_sigaction
sys_enter_rt_sigaction
sys_enter_rt_sigaction
sys_enter_rt_sigaction
sys_enter_rt_sigaction
sys_enter_rt_sigaction
sys_enter_rt_sigaction
sys_enter_rt_sigaction
sys_enter_rt_sigaction
sys_enter_rt_sigaction
sys_enter_rt_sigaction
sys_enter_rt_sigaction
sys_enter_rt_sigaction
sys_enter_rt_sigaction
sys_enter_rt_sigaction
sys_enter_rt_sigaction
sys_enter_rt_sigaction
sys_enter_rt_sigaction
sys_enter_rt_sigaction
sys_enter_rt_sigaction
sys_enter_rt_sigaction
sys_enter_rt_sigaction
sys_enter_rt_sigaction
sys_enter_rt_sigaction
sys_enter_rt_sigaction
sys_enter_rt_sigaction
sys_enter_rt_sigaction
sys_enter_rt_sigaction
sys_enter_rt_sigaction
sys_enter_rt_sigaction
sys_enter_rt_sigprocmask
sys_enter_clone
sys_enter_rt_sigprocmask
sys_enter_gettid
sys_enter_sigaltstack
sys_enter_sigaltstack
sys_enter_gettid
sys_enter_rt_sigprocmask
sys_enter_rt_sigprocmask
sys_enter_clone
sys_enter_rt_sigprocmask
sys_enter_gettid
sys_enter_sigaltstack
sys_enter_sigaltstack
sys_enter_gettid
sys_enter_rt_sigprocmask
sys_enter_rt_sigprocmask
sys_enter_clone
sys_enter_rt_sigprocmask
sys_enter_clone
sys_enter_rt_sigprocmask
sys_enter_futex
sys_enter_gettid
sys_enter_sigaltstack
sys_enter_sigaltstack
sys_enter_gettid
sys_enter_rt_sigprocmask
sys_enter_rt_sigprocmask
sys_enter_gettid
sys_enter_futex
sys_enter_futex
sys_enter_sigaltstack
sys_enter_futex
sys_enter_sigaltstack
sys_enter_gettid
sys_enter_rt_sigprocmask
sys_enter_futex
sys_enter_futex
sys_enter_mmap
sys_enter_futex
sys_enter_futex
sys_enter_futex
sys_enter_openat
sys_enter_read
sys_enter_read
sys_enter_close
sys_enter_socket
sys_enter_close
sys_enter_socket
sys_enter_setsockopt
sys_enter_bind
sys_enter_socket
sys_enter_setsockopt
sys_enter_bind
sys_enter_close
sys_enter_close
sys_enter_getpid
sys_enter_getppid
sys_enter_mmap
sys_enter_mmap
sys_enter_getppid
sys_enter_openat
sys_enter_pipe2
sys_enter_getpid
sys_enter_clone
sys_enter_setsid
sys_enter_close
sys_enter_read
sys_enter_chdir
sys_enter_execve
sys_enter_close
sys_enter_exit_group
sys_enter_mmap
sys_enter_mmap
sys_enter_mprotect
sys_enter_mmap
sys_enter_mmap
sys_enter_mprotect
sys_enter_mmap
sys_enter_mprotect
sys_enter_mmap
sys_enter_mprotect
sys_enter_mmap
sys_enter_mmap
sys_enter_close
sys_enter_munmap
sys_enter_sched_getaffinity
sys_enter_mmap
sys_enter_munmap
sys_enter_mmap
sys_enter_mmap
sys_enter_mmap
sys_enter_mmap
sys_enter_mmap
sys_enter_mmap
sys_enter_rt_sigprocmask
sys_enter_sigaltstack
sys_enter_sigaltstack
sys_enter_gettid
sys_enter_rt_sigprocmask
sys_enter_rt_sigaction
sys_enter_rt_sigaction
sys_enter_rt_sigaction
sys_enter_rt_sigaction
sys_enter_rt_sigaction
sys_enter_rt_sigaction
sys_enter_rt_sigaction
sys_enter_rt_sigaction
sys_enter_rt_sigaction
sys_enter_rt_sigaction
sys_enter_rt_sigaction
sys_enter_rt_sigaction
sys_enter_rt_sigaction
sys_enter_rt_sigaction
sys_enter_rt_sigaction
sys_enter_rt_sigaction
sys_enter_rt_sigaction
sys_enter_rt_sigaction
sys_enter_rt_sigaction
sys_enter_rt_sigaction
sys_enter_rt_sigaction
sys_enter_rt_sigaction
sys_enter_rt_sigaction
sys_enter_rt_sigaction
sys_enter_rt_sigaction
sys_enter_rt_sigaction
sys_enter_rt_sigaction
sys_enter_rt_sigaction
sys_enter_rt_sigaction
sys_enter_rt_sigaction
sys_enter_rt_sigaction
sys_enter_rt_sigaction
sys_enter_rt_sigaction
sys_enter_rt_sigaction
sys_enter_rt_sigaction
sys_enter_rt_sigaction
sys_enter_rt_sigaction
sys_enter_rt_sigaction
sys_enter_rt_sigaction
sys_enter_rt_sigaction
sys_enter_rt_sigaction
sys_enter_rt_sigaction
sys_enter_rt_sigaction
sys_enter_rt_sigaction
sys_enter_rt_sigaction
sys_enter_rt_sigaction
sys_enter_rt_sigaction
sys_enter_rt_sigaction
sys_enter_rt_sigaction
sys_enter_rt_sigaction
sys_enter_rt_sigaction
sys_enter_rt_sigaction
sys_enter_rt_sigaction
sys_enter_rt_sigaction
sys_enter_rt_sigaction
sys_enter_rt_sigaction
sys_enter_rt_sigaction
sys_enter_rt_sigaction
sys_enter_rt_sigaction
sys_enter_rt_sigaction
sys_enter_rt_sigaction
sys_enter_rt_sigaction
sys_enter_rt_sigaction
sys_enter_rt_sigaction
sys_enter_rt_sigaction
sys_enter_rt_sigaction
sys_enter_rt_sigaction
sys_enter_rt_sigaction
sys_enter_rt_sigaction
sys_enter_rt_sigaction
sys_enter_rt_sigaction
sys_enter_rt_sigaction
sys_enter_rt_sigaction
sys_enter_rt_sigaction
sys_enter_rt_sigaction
sys_enter_rt_sigaction
sys_enter_rt_sigaction
sys_enter_rt_sigaction
sys_enter_rt_sigaction
sys_enter_rt_sigaction
sys_enter_rt_sigaction
sys_enter_rt_sigaction
sys_enter_rt_sigaction
sys_enter_rt_sigaction
sys_enter_rt_sigaction
sys_enter_rt_sigaction
sys_enter_rt_sigaction
sys_enter_rt_sigaction
sys_enter_rt_sigaction
sys_enter_rt_sigaction
sys_enter_rt_sigaction
sys_enter_rt_sigaction
sys_enter_rt_sigaction
sys_enter_rt_sigaction
sys_enter_rt_sigaction
sys_enter_rt_sigaction
sys_enter_rt_sigaction
sys_enter_rt_sigaction
sys_enter_rt_sigaction
sys_enter_rt_sigaction
sys_enter_rt_sigaction
sys_enter_rt_sigaction
sys_enter_rt_sigaction
sys_enter_rt_sigaction
sys_enter_rt_sigaction
sys_enter_rt_sigaction
sys_enter_rt_sigaction
sys_enter_rt_sigaction
sys_enter_rt_sigaction
sys_enter_rt_sigaction
sys_enter_rt_sigaction
sys_enter_rt_sigaction
sys_enter_rt_sigaction
sys_enter_rt_sigaction
sys_enter_rt_sigprocmask
sys_enter_clone
sys_enter_rt_sigprocmask
sys_enter_gettid
sys_enter_sigaltstack
sys_enter_sigaltstack
sys_enter_gettid
sys_enter_rt_sigprocmask
sys_enter_rt_sigprocmask
sys_enter_clone
sys_enter_rt_sigprocmask
sys_enter_gettid
sys_enter_sigaltstack
sys_enter_sigaltstack
sys_enter_gettid
sys_enter_rt_sigprocmask
sys_enter_rt_sigprocmask
sys_enter_clone
sys_enter_rt_sigprocmask
sys_enter_futex
sys_enter_rt_sigprocmask
sys_enter_clone
sys_enter_gettid
sys_enter_sigaltstack
sys_enter_sigaltstack
sys_enter_gettid
sys_enter_rt_sigprocmask
sys_enter_rt_sigprocmask
sys_enter_futex
sys_enter_gettid
sys_enter_futex
sys_enter_futex
sys_enter_mmap
sys_enter_sigaltstack
sys_enter_sigaltstack
sys_enter_gettid
sys_enter_rt_sigprocmask
sys_enter_futex
sys_enter_futex
sys_enter_futex
sys_enter_openat
sys_enter_read
sys_enter_read
sys_enter_close
sys_enter_socket
sys_enter_close
sys_enter_socket
sys_enter_setsockopt
sys_enter_bind
sys_enter_socket
sys_enter_setsockopt
sys_enter_bind
sys_enter_close
sys_enter_close
sys_enter_getpid
sys_enter_getppid
sys_enter_mmap
sys_enter_mmap
sys_enter_getppid
sys_enter_openat
sys_enter_pipe2
sys_enter_getpid
sys_enter_clone
sys_enter_setsid
sys_enter_close
sys_enter_read
sys_enter_chdir
sys_enter_execve
sys_enter_close
sys_enter_exit_group
sys_enter_mmap
sys_enter_mmap
sys_enter_mprotect
sys_enter_mmap
sys_enter_mmap
sys_enter_mprotect
sys_enter_mmap
sys_enter_mprotect
sys_enter_mmap
sys_enter_mprotect
sys_enter_mmap
sys_enter_mmap
sys_enter_close
sys_enter_munmap
sys_enter_sched_getaffinity
sys_enter_mmap
sys_enter_munmap
sys_enter_mmap
sys_enter_mmap
sys_enter_mmap
sys_enter_mmap
sys_enter_mmap
sys_enter_mmap
sys_enter_rt_sigprocmask
sys_enter_sigaltstack
sys_enter_sigaltstack
sys_enter_gettid
sys_enter_rt_sigprocmask
sys_enter_rt_sigaction
sys_enter_rt_sigaction
sys_enter_rt_sigaction
sys_enter_rt_sigaction
sys_enter_rt_sigaction
sys_enter_rt_sigaction
sys_enter_rt_sigaction
sys_enter_rt_sigaction
sys_enter_rt_sigaction
sys_enter_rt_sigaction
sys_enter_rt_sigaction
sys_enter_rt_sigaction
sys_enter_rt_sigaction
sys_enter_rt_sigaction
sys_enter_rt_sigaction
sys_enter_rt_sigaction
sys_enter_rt_sigaction
sys_enter_rt_sigaction
sys_enter_rt_sigaction
sys_enter_rt_sigaction
sys_enter_rt_sigaction
sys_enter_rt_sigaction
sys_enter_rt_sigaction
sys_enter_rt_sigaction
sys_enter_rt_sigaction
sys_enter_rt_sigaction
sys_enter_rt_sigaction
sys_enter_rt_sigaction
sys_enter_rt_sigaction
sys_enter_rt_sigaction
sys_enter_rt_sigaction
sys_enter_rt_sigaction
sys_enter_rt_sigaction
sys_enter_rt_sigaction
sys_enter_rt_sigaction
sys_enter_rt_sigaction
sys_enter_rt_sigaction
sys_enter_rt_sigaction
sys_enter_rt_sigaction
sys_enter_rt_sigaction
sys_enter_rt_sigaction
sys_enter_rt_sigaction
sys_enter_rt_sigaction
sys_enter_rt_sigaction
sys_enter_rt_sigaction
sys_enter_rt_sigaction
sys_enter_rt_sigaction
sys_enter_rt_sigaction
sys_enter_rt_sigaction
sys_enter_rt_sigaction
sys_enter_rt_sigaction
sys_enter_rt_sigaction
sys_enter_rt_sigaction
sys_enter_rt_sigaction
sys_enter_rt_sigaction
sys_enter_rt_sigaction
sys_enter_rt_sigaction
sys_enter_rt_sigaction
sys_enter_rt_sigaction
sys_enter_rt_sigaction
sys_enter_rt_sigaction
sys_enter_rt_sigaction
sys_enter_rt_sigaction
sys_enter_rt_sigaction
sys_enter_rt_sigaction
sys_enter_rt_sigaction
sys_enter_rt_sigaction
sys_enter_rt_sigaction
sys_enter_rt_sigaction
sys_enter_rt_sigaction
sys_enter_rt_sigaction
sys_enter_rt_sigaction
sys_enter_rt_sigaction
sys_enter_rt_sigaction
sys_enter_rt_sigaction
sys_enter_rt_sigaction
sys_enter_rt_sigaction
sys_enter_rt_sigaction
sys_enter_rt_sigaction
sys_enter_rt_sigaction
sys_enter_rt_sigaction
sys_enter_rt_sigaction
sys_enter_rt_sigaction
sys_enter_rt_sigaction
sys_enter_rt_sigaction
sys_enter_rt_sigaction
sys_enter_rt_sigaction
sys_enter_rt_sigaction
sys_enter_rt_sigaction
sys_enter_rt_sigaction
sys_enter_rt_sigaction
sys_enter_rt_sigaction
sys_enter_rt_sigaction
sys_enter_rt_sigaction
sys_enter_rt_sigaction
sys_enter_rt_sigaction
sys_enter_rt_sigaction
sys_enter_rt_sigaction
sys_enter_rt_sigaction
sys_enter_rt_sigaction
sys_enter_rt_sigaction
sys_enter_rt_sigaction
sys_enter_rt_sigaction
sys_enter_rt_sigaction
sys_enter_rt_sigaction
sys_enter_rt_sigaction
sys_enter_rt_sigaction
sys_enter_rt_sigaction
sys_enter_rt_sigaction
sys_enter_rt_sigaction
sys_enter_rt_sigaction
sys_enter_rt_sigaction
sys_enter_rt_sigaction
sys_enter_rt_sigaction
sys_enter_rt_sigprocmask
sys_enter_clone
sys_enter_rt_sigprocmask
sys_enter_gettid
sys_enter_sigaltstack
sys_enter_sigaltstack
sys_enter_gettid
sys_enter_rt_sigprocmask
sys_enter_rt_sigprocmask
sys_enter_clone
sys_enter_rt_sigprocmask
sys_enter_gettid
sys_enter_sigaltstack
sys_enter_sigaltstack
sys_enter_gettid
sys_enter_rt_sigprocmask
sys_enter_rt_sigprocmask
sys_enter_clone
sys_enter_rt_sigprocmask
sys_enter_futex
sys_enter_rt_sigprocmask
sys_enter_clone
sys_enter_gettid
sys_enter_sigaltstack
sys_enter_sigaltstack
sys_enter_gettid
sys_enter_rt_sigprocmask
sys_enter_futex
sys_enter_rt_sigprocmask
sys_enter_gettid
sys_enter_futex
sys_enter_futex
sys_enter_sigaltstack
sys_enter_sigaltstack
sys_enter_gettid
sys_enter_rt_sigprocmask
sys_enter_futex
sys_enter_futex
sys_enter_mmap
sys_enter_futex
sys_enter_futex
sys_enter_futex
sys_enter_openat
sys_enter_read
sys_enter_read
sys_enter_close
sys_enter_socket
sys_enter_close
sys_enter_socket
sys_enter_setsockopt
sys_enter_bind
sys_enter_socket
sys_enter_setsockopt
sys_enter_bind
sys_enter_close
sys_enter_close
sys_enter_getpid
sys_enter_getppid
sys_enter_mmap
sys_enter_mmap
sys_enter_getppid
sys_enter_openat
sys_enter_pipe2
sys_enter_getpid
sys_enter_clone
sys_enter_setsid
sys_enter_chdir
sys_enter_close
sys_enter_read
sys_enter_execve
sys_enter_close
sys_enter_mmap
sys_enter_exit_group
sys_enter_mmap
sys_enter_mprotect
sys_enter_mmap
sys_enter_mmap
sys_enter_mprotect
sys_enter_mmap
sys_enter_mprotect
sys_enter_mmap
sys_enter_mprotect
sys_enter_mmap
sys_enter_mmap
sys_enter_close
sys_enter_munmap
sys_enter_sched_getaffinity
sys_enter_mmap
sys_enter_munmap
sys_enter_mmap
sys_enter_mmap
sys_enter_mmap
sys_enter_mmap
sys_enter_mmap
sys_enter_mmap
sys_enter_rt_sigprocmask
sys_enter_sigaltstack
sys_enter_sigaltstack
sys_enter_gettid
sys_enter_rt_sigprocmask
sys_enter_rt_sigaction
sys_enter_rt_sigaction
sys_enter_rt_sigaction
sys_enter_rt_sigaction
sys_enter_rt_sigaction
sys_enter_rt_sigaction
sys_enter_rt_sigaction
sys_enter_rt_sigaction
sys_enter_rt_sigaction
sys_enter_rt_sigaction
sys_enter_rt_sigaction
sys_enter_rt_sigaction
sys_enter_rt_sigaction
sys_enter_rt_sigaction
sys_enter_rt_sigaction
sys_enter_rt_sigaction
sys_enter_rt_sigaction
sys_enter_rt_sigaction
sys_enter_rt_sigaction
sys_enter_rt_sigaction
sys_enter_rt_sigaction
sys_enter_rt_sigaction
sys_enter_rt_sigaction
sys_enter_rt_sigaction
sys_enter_rt_sigaction
sys_enter_rt_sigaction
sys_enter_rt_sigaction
sys_enter_rt_sigaction
sys_enter_rt_sigaction
sys_enter_rt_sigaction
sys_enter_rt_sigaction
sys_enter_rt_sigaction
sys_enter_rt_sigaction
sys_enter_rt_sigaction
sys_enter_rt_sigaction
sys_enter_rt_sigaction
sys_enter_rt_sigaction
sys_enter_rt_sigaction
sys_enter_rt_sigaction
sys_enter_rt_sigaction
sys_enter_rt_sigaction
sys_enter_rt_sigaction
sys_enter_rt_sigaction
sys_enter_rt_sigaction
sys_enter_rt_sigaction
sys_enter_rt_sigaction
sys_enter_rt_sigaction
sys_enter_rt_sigaction
sys_enter_rt_sigaction
sys_enter_rt_sigaction
sys_enter_rt_sigaction
sys_enter_rt_sigaction
sys_enter_rt_sigaction
sys_enter_rt_sigaction
sys_enter_rt_sigaction
sys_enter_rt_sigaction
sys_enter_rt_sigaction
sys_enter_rt_sigaction
sys_enter_rt_sigaction
sys_enter_rt_sigaction
sys_enter_rt_sigaction
sys_enter_rt_sigaction
sys_enter_rt_sigaction
sys_enter_rt_sigaction
sys_enter_rt_sigaction
sys_enter_rt_sigaction
sys_enter_rt_sigaction
sys_enter_rt_sigaction
sys_enter_rt_sigaction
sys_enter_rt_sigaction
sys_enter_rt_sigaction
sys_enter_rt_sigaction
sys_enter_rt_sigaction
sys_enter_rt_sigaction
sys_enter_rt_sigaction
sys_enter_rt_sigaction
sys_enter_rt_sigaction
sys_enter_rt_sigaction
sys_enter_rt_sigaction
sys_enter_rt_sigaction
sys_enter_rt_sigaction
sys_enter_rt_sigaction
sys_enter_rt_sigaction
sys_enter_rt_sigaction
sys_enter_rt_sigaction
sys_enter_rt_sigaction
sys_enter_rt_sigaction
sys_enter_rt_sigaction
sys_enter_rt_sigaction
sys_enter_rt_sigaction
sys_enter_rt_sigaction
sys_enter_rt_sigaction
sys_enter_rt_sigaction
sys_enter_rt_sigaction
sys_enter_rt_sigaction
sys_enter_rt_sigaction
sys_enter_rt_sigaction
sys_enter_rt_sigaction
sys_enter_rt_sigaction
sys_enter_rt_sigaction
sys_enter_rt_sigaction
sys_enter_rt_sigaction
sys_enter_rt_sigaction
sys_enter_rt_sigaction
sys_enter_rt_sigaction
sys_enter_rt_sigaction
sys_enter_rt_sigaction
sys_enter_rt_sigaction
sys_enter_rt_sigaction
sys_enter_rt_sigaction
sys_enter_rt_sigaction
sys_enter_rt_sigaction
sys_enter_rt_sigaction
sys_enter_rt_sigaction
sys_enter_rt_sigprocmask
sys_enter_clone
sys_enter_rt_sigprocmask
sys_enter_gettid
sys_enter_sigaltstack
sys_enter_sigaltstack
sys_enter_gettid
sys_enter_rt_sigprocmask
sys_enter_rt_sigprocmask
sys_enter_clone
sys_enter_rt_sigprocmask
sys_enter_gettid
sys_enter_sigaltstack
sys_enter_sigaltstack
sys_enter_gettid
sys_enter_rt_sigprocmask
sys_enter_rt_sigprocmask
sys_enter_clone
sys_enter_rt_sigprocmask
sys_enter_clone
sys_enter_rt_sigprocmask
sys_enter_futex
sys_enter_gettid
sys_enter_sigaltstack
sys_enter_sigaltstack
sys_enter_gettid
sys_enter_rt_sigprocmask
sys_enter_rt_sigprocmask
sys_enter_gettid
sys_enter_futex
sys_enter_sigaltstack
sys_enter_sigaltstack
sys_enter_gettid
sys_enter_futex
sys_enter_rt_sigprocmask
sys_enter_futex
sys_enter_futex
sys_enter_futex
sys_enter_mmap
sys_enter_futex
sys_enter_futex
sys_enter_futex
sys_enter_openat
sys_enter_futex
sys_enter_futex
sys_enter_futex
sys_enter_futex
sys_enter_futex
sys_enter_futex
sys_enter_read
sys_enter_read
sys_enter_close
sys_enter_socket
sys_enter_close
sys_enter_socket
sys_enter_setsockopt
sys_enter_bind
sys_enter_socket
sys_enter_setsockopt
sys_enter_bind
sys_enter_close
sys_enter_close
sys_enter_getpid
sys_enter_getppid
sys_enter_mmap
sys_enter_mmap
sys_enter_getppid
sys_enter_openat
sys_enter_pipe2
sys_enter_getpid
sys_enter_clone
sys_enter_setsid
sys_enter_close
sys_enter_read
sys_enter_chdir
sys_enter_execve
sys_enter_close
sys_enter_exit_group
sys_enter_mmap
sys_enter_mmap
sys_enter_mprotect
sys_enter_mmap
sys_enter_mmap
sys_enter_mprotect
sys_enter_mmap
sys_enter_mprotect
sys_enter_mmap
sys_enter_mprotect
sys_enter_mmap
sys_enter_mmap
sys_enter_close
sys_enter_munmap
sys_enter_sched_getaffinity
sys_enter_mmap
sys_enter_munmap
sys_enter_mmap
sys_enter_mmap
sys_enter_mmap
sys_enter_mmap
sys_enter_mmap
sys_enter_mmap
sys_enter_rt_sigprocmask
sys_enter_sigaltstack
sys_enter_sigaltstack
sys_enter_gettid
sys_enter_rt_sigprocmask
sys_enter_rt_sigaction
sys_enter_rt_sigaction
sys_enter_rt_sigaction
sys_enter_rt_sigaction
sys_enter_rt_sigaction
sys_enter_rt_sigaction
sys_enter_rt_sigaction
sys_enter_rt_sigaction
sys_enter_rt_sigaction
sys_enter_rt_sigaction
sys_enter_rt_sigaction
sys_enter_rt_sigaction
sys_enter_rt_sigaction
sys_enter_rt_sigaction
sys_enter_rt_sigaction
sys_enter_rt_sigaction
sys_enter_rt_sigaction
sys_enter_rt_sigaction
sys_enter_rt_sigaction
sys_enter_rt_sigaction
sys_enter_rt_sigaction
sys_enter_rt_sigaction
sys_enter_rt_sigaction
sys_enter_rt_sigaction
sys_enter_rt_sigaction
sys_enter_rt_sigaction
sys_enter_rt_sigaction
sys_enter_rt_sigaction
sys_enter_rt_sigaction
sys_enter_rt_sigaction
sys_enter_rt_sigaction
sys_enter_rt_sigaction
sys_enter_rt_sigaction
sys_enter_rt_sigaction
sys_enter_rt_sigaction
sys_enter_rt_sigaction
sys_enter_rt_sigaction
sys_enter_rt_sigaction
sys_enter_rt_sigaction
sys_enter_rt_sigaction
sys_enter_rt_sigaction
sys_enter_rt_sigaction
sys_enter_rt_sigaction
sys_enter_rt_sigaction
sys_enter_rt_sigaction
sys_enter_rt_sigaction
sys_enter_rt_sigaction
sys_enter_rt_sigaction
sys_enter_rt_sigaction
sys_enter_rt_sigaction
sys_enter_rt_sigaction
sys_enter_rt_sigaction
sys_enter_rt_sigaction
sys_enter_rt_sigaction
sys_enter_rt_sigaction
sys_enter_rt_sigaction
sys_enter_rt_sigaction
sys_enter_rt_sigaction
sys_enter_rt_sigaction
sys_enter_rt_sigaction
sys_enter_rt_sigaction
sys_enter_rt_sigaction
sys_enter_rt_sigaction
sys_enter_rt_sigaction
sys_enter_rt_sigaction
sys_enter_rt_sigaction
sys_enter_rt_sigaction
sys_enter_rt_sigaction
sys_enter_rt_sigaction
sys_enter_rt_sigaction
sys_enter_rt_sigaction
sys_enter_rt_sigaction
sys_enter_rt_sigaction
sys_enter_rt_sigaction
sys_enter_rt_sigaction
sys_enter_rt_sigaction
sys_enter_rt_sigaction
sys_enter_rt_sigaction
sys_enter_rt_sigaction
sys_enter_rt_sigaction
sys_enter_rt_sigaction
sys_enter_rt_sigaction
sys_enter_rt_sigaction
sys_enter_rt_sigaction
sys_enter_rt_sigaction
sys_enter_rt_sigaction
sys_enter_rt_sigaction
sys_enter_rt_sigaction
sys_enter_rt_sigaction
sys_enter_rt_sigaction
sys_enter_rt_sigaction
sys_enter_rt_sigaction
sys_enter_rt_sigaction
sys_enter_rt_sigaction
sys_enter_rt_sigaction
sys_enter_rt_sigaction
sys_enter_rt_sigaction
sys_enter_rt_sigaction
sys_enter_rt_sigaction
sys_enter_rt_sigaction
sys_enter_rt_sigaction
sys_enter_rt_sigaction
sys_enter_rt_sigaction
sys_enter_rt_sigaction
sys_enter_rt_sigaction
sys_enter_rt_sigaction
sys_enter_rt_sigaction
sys_enter_rt_sigaction
sys_enter_rt_sigaction
sys_enter_rt_sigaction
sys_enter_rt_sigaction
sys_enter_rt_sigaction
sys_enter_rt_sigaction
sys_enter_rt_sigaction
sys_enter_rt_sigprocmask
sys_enter_clone
sys_enter_rt_sigprocmask
sys_enter_gettid
sys_enter_sigaltstack
sys_enter_sigaltstack
sys_enter_gettid
sys_enter_rt_sigprocmask
sys_enter_rt_sigprocmask
sys_enter_clone
sys_enter_rt_sigprocmask
sys_enter_gettid
sys_enter_sigaltstack
sys_enter_sigaltstack
sys_enter_gettid
sys_enter_rt_sigprocmask
sys_enter_rt_sigprocmask
sys_enter_clone
sys_enter_rt_sigprocmask
sys_enter_futex
sys_enter_rt_sigprocmask
sys_enter_clone
sys_enter_rt_sigprocmask
sys_enter_futex
sys_enter_gettid
sys_enter_sigaltstack
sys_enter_sigaltstack
sys_enter_gettid
sys_enter_rt_sigprocmask
sys_enter_futex
sys_enter_futex
sys_enter_gettid
sys_enter_sigaltstack
sys_enter_sigaltstack
sys_enter_gettid
sys_enter_rt_sigprocmask
sys_enter_futex
sys_enter_futex
sys_enter_mmap
sys_enter_futex
sys_enter_futex
sys_enter_openat
sys_enter_read
sys_enter_read
sys_enter_close
sys_enter_futex
sys_enter_socket
sys_enter_close
sys_enter_socket
sys_enter_setsockopt
sys_enter_bind
sys_enter_socket
sys_enter_setsockopt
sys_enter_bind
sys_enter_close
sys_enter_close
sys_enter_getpid
sys_enter_getppid
sys_enter_mmap
sys_enter_mmap
sys_enter_getppid
sys_enter_openat
sys_enter_pipe2
sys_enter_getpid
sys_enter_clone
sys_enter_setsid
sys_enter_close
sys_enter_read
sys_enter_chdir
sys_enter_execve
sys_enter_close
sys_enter_mmap
sys_enter_exit_group
sys_enter_mmap
sys_enter_mprotect
sys_enter_mmap
sys_enter_mmap
sys_enter_mprotect
sys_enter_mmap
sys_enter_mprotect
sys_enter_mmap
sys_enter_mprotect
sys_enter_mmap
sys_enter_mmap
sys_enter_close
sys_enter_munmap
sys_enter_sched_getaffinity
sys_enter_mmap
sys_enter_munmap
sys_enter_mmap
sys_enter_mmap
sys_enter_mmap
sys_enter_mmap
sys_enter_mmap
sys_enter_mmap
sys_enter_rt_sigprocmask
sys_enter_sigaltstack
sys_enter_sigaltstack
sys_enter_gettid
sys_enter_rt_sigprocmask
sys_enter_rt_sigaction
sys_enter_rt_sigaction
sys_enter_rt_sigaction
sys_enter_rt_sigaction
sys_enter_rt_sigaction
sys_enter_rt_sigaction
sys_enter_rt_sigaction
sys_enter_rt_sigaction
sys_enter_rt_sigaction
sys_enter_rt_sigaction
sys_enter_rt_sigaction
sys_enter_rt_sigaction
sys_enter_rt_sigaction
sys_enter_rt_sigaction
sys_enter_rt_sigaction
sys_enter_rt_sigaction
sys_enter_rt_sigaction
sys_enter_rt_sigaction
sys_enter_rt_sigaction
sys_enter_rt_sigaction
sys_enter_rt_sigaction
sys_enter_rt_sigaction
sys_enter_rt_sigaction
sys_enter_rt_sigaction
sys_enter_rt_sigaction
sys_enter_rt_sigaction
sys_enter_rt_sigaction
sys_enter_rt_sigaction
sys_enter_rt_sigaction
sys_enter_rt_sigaction
sys_enter_rt_sigaction
sys_enter_rt_sigaction
sys_enter_rt_sigaction
sys_enter_rt_sigaction
sys_enter_rt_sigaction
sys_enter_rt_sigaction
sys_enter_rt_sigaction
sys_enter_rt_sigaction
sys_enter_rt_sigaction
sys_enter_rt_sigaction
sys_enter_rt_sigaction
sys_enter_rt_sigaction
sys_enter_rt_sigaction
sys_enter_rt_sigaction
sys_enter_rt_sigaction
sys_enter_rt_sigaction
sys_enter_rt_sigaction
sys_enter_rt_sigaction
sys_enter_rt_sigaction
sys_enter_rt_sigaction
sys_enter_rt_sigaction
sys_enter_rt_sigaction
sys_enter_rt_sigaction
sys_enter_rt_sigaction
sys_enter_rt_sigaction
sys_enter_rt_sigaction
sys_enter_rt_sigaction
sys_enter_rt_sigaction
sys_enter_rt_sigaction
sys_enter_rt_sigaction
sys_enter_rt_sigaction
sys_enter_rt_sigaction
sys_enter_rt_sigaction
sys_enter_rt_sigaction
sys_enter_rt_sigaction
sys_enter_rt_sigaction
sys_enter_rt_sigaction
sys_enter_rt_sigaction
sys_enter_rt_sigaction
sys_enter_rt_sigaction
sys_enter_rt_sigaction
sys_enter_rt_sigaction
sys_enter_rt_sigaction
sys_enter_rt_sigaction
sys_enter_rt_sigaction
sys_enter_rt_sigaction
sys_enter_rt_sigaction
sys_enter_rt_sigaction
sys_enter_rt_sigaction
sys_enter_rt_sigaction
sys_enter_rt_sigaction
sys_enter_rt_sigaction
sys_enter_rt_sigaction
sys_enter_rt_sigaction
sys_enter_rt_sigaction
sys_enter_rt_sigaction
sys_enter_rt_sigaction
sys_enter_rt_sigaction
sys_enter_rt_sigaction
sys_enter_rt_sigaction
sys_enter_rt_sigaction
sys_enter_rt_sigaction
sys_enter_rt_sigaction
sys_enter_rt_sigaction
sys_enter_rt_sigaction
sys_enter_rt_sigaction
sys_enter_rt_sigaction
sys_enter_rt_sigaction
sys_enter_rt_sigaction
sys_enter_rt_sigaction
sys_enter_rt_sigaction
sys_enter_rt_sigaction
sys_enter_rt_sigaction
sys_enter_rt_sigaction
sys_enter_rt_sigaction
sys_enter_rt_sigaction
sys_enter_rt_sigaction
sys_enter_rt_sigaction
sys_enter_rt_sigaction
sys_enter_rt_sigaction
sys_enter_rt_sigaction
sys_enter_rt_sigaction
sys_enter_rt_sigaction
sys_enter_rt_sigaction
sys_enter_rt_sigprocmask
sys_enter_clone
sys_enter_rt_sigprocmask
sys_enter_gettid
sys_enter_sigaltstack
sys_enter_sigaltstack
sys_enter_gettid
sys_enter_rt_sigprocmask
sys_enter_rt_sigprocmask
sys_enter_clone
sys_enter_rt_sigprocmask
sys_enter_gettid
sys_enter_sigaltstack
sys_enter_sigaltstack
sys_enter_rt_sigprocmask
sys_enter_clone
sys_enter_gettid
sys_enter_rt_sigprocmask
sys_enter_rt_sigprocmask
sys_enter_futex
sys_enter_gettid
sys_enter_sigaltstack
sys_enter_sigaltstack
sys_enter_rt_sigprocmask
sys_enter_clone
sys_enter_gettid
sys_enter_rt_sigprocmask
sys_enter_futex
sys_enter_rt_sigprocmask
sys_enter_futex
sys_enter_gettid
sys_enter_sigaltstack
sys_enter_sigaltstack
sys_enter_gettid
sys_enter_rt_sigprocmask
sys_enter_futex
sys_enter_futex
sys_enter_futex
sys_enter_mmap
sys_enter_futex
sys_enter_futex
sys_enter_futex
sys_enter_openat
sys_enter_read
sys_enter_read
sys_enter_close
sys_enter_socket
sys_enter_close
sys_enter_socket
sys_enter_setsockopt
sys_enter_bind
sys_enter_socket
sys_enter_setsockopt
sys_enter_bind
sys_enter_close
sys_enter_close
sys_enter_getpid
sys_enter_getppid
sys_enter_mmap
sys_enter_mmap
sys_enter_getppid
sys_enter_openat
sys_enter_pipe2
sys_enter_getpid
sys_enter_clone
sys_enter_setsid
sys_enter_close
sys_enter_read
sys_enter_chdir
sys_enter_execve
sys_enter_close
sys_enter_exit_group
sys_enter_mmap
sys_enter_mmap
sys_enter_mprotect
sys_enter_mmap
sys_enter_mmap
sys_enter_mprotect
sys_enter_mmap
sys_enter_mprotect
sys_enter_mmap
sys_enter_mprotect
sys_enter_mmap
sys_enter_mmap
sys_enter_close
sys_enter_munmap
sys_enter_sched_getaffinity
sys_enter_mmap
sys_enter_munmap
sys_enter_mmap
sys_enter_mmap
sys_enter_mmap
sys_enter_mmap
sys_enter_mmap
sys_enter_mmap
sys_enter_rt_sigprocmask
sys_enter_sigaltstack
sys_enter_sigaltstack
sys_enter_gettid
sys_enter_rt_sigprocmask
sys_enter_rt_sigaction
sys_enter_rt_sigaction
sys_enter_rt_sigaction
sys_enter_rt_sigaction
sys_enter_rt_sigaction
sys_enter_rt_sigaction
sys_enter_rt_sigaction
sys_enter_rt_sigaction
sys_enter_rt_sigaction
sys_enter_rt_sigaction
sys_enter_rt_sigaction
sys_enter_rt_sigaction
sys_enter_rt_sigaction
sys_enter_rt_sigaction
sys_enter_rt_sigaction
sys_enter_rt_sigaction
sys_enter_rt_sigaction
sys_enter_rt_sigaction
sys_enter_rt_sigaction
sys_enter_rt_sigaction
sys_enter_rt_sigaction
sys_enter_rt_sigaction
sys_enter_rt_sigaction
sys_enter_rt_sigaction
sys_enter_rt_sigaction
sys_enter_rt_sigaction
sys_enter_rt_sigaction
sys_enter_rt_sigaction
sys_enter_rt_sigaction
sys_enter_rt_sigaction
sys_enter_rt_sigaction
sys_enter_rt_sigaction
sys_enter_rt_sigaction
sys_enter_rt_sigaction
sys_enter_rt_sigaction
sys_enter_rt_sigaction
sys_enter_rt_sigaction
sys_enter_rt_sigaction
sys_enter_rt_sigaction
sys_enter_rt_sigaction
sys_enter_rt_sigaction
sys_enter_rt_sigaction
sys_enter_rt_sigaction
sys_enter_rt_sigaction
sys_enter_rt_sigaction
sys_enter_rt_sigaction
sys_enter_rt_sigaction
sys_enter_rt_sigaction
sys_enter_rt_sigaction
sys_enter_rt_sigaction
sys_enter_rt_sigaction
sys_enter_rt_sigaction
sys_enter_rt_sigaction
sys_enter_rt_sigaction
sys_enter_rt_sigaction
sys_enter_rt_sigaction
sys_enter_rt_sigaction
sys_enter_rt_sigaction
sys_enter_rt_sigaction
sys_enter_rt_sigaction
sys_enter_rt_sigaction
sys_enter_rt_sigaction
sys_enter_rt_sigaction
sys_enter_rt_sigaction
sys_enter_rt_sigaction
sys_enter_rt_sigaction
sys_enter_rt_sigaction
sys_enter_rt_sigaction
sys_enter_rt_sigaction
sys_enter_rt_sigaction
sys_enter_rt_sigaction
sys_enter_rt_sigaction
sys_enter_rt_sigaction
sys_enter_rt_sigaction
sys_enter_rt_sigaction
sys_enter_rt_sigaction
sys_enter_rt_sigaction
sys_enter_rt_sigaction
sys_enter_rt_sigaction
sys_enter_rt_sigaction
sys_enter_rt_sigaction
sys_enter_rt_sigaction
sys_enter_rt_sigaction
sys_enter_rt_sigaction
sys_enter_rt_sigaction
sys_enter_rt_sigaction
sys_enter_rt_sigaction
sys_enter_rt_sigaction
sys_enter_rt_sigaction
sys_enter_rt_sigaction
sys_enter_rt_sigaction
sys_enter_rt_sigaction
sys_enter_rt_sigaction
sys_enter_rt_sigaction
sys_enter_rt_sigaction
sys_enter_rt_sigaction
sys_enter_rt_sigaction
sys_enter_rt_sigaction
sys_enter_rt_sigaction
sys_enter_rt_sigaction
sys_enter_rt_sigaction
sys_enter_rt_sigaction
sys_enter_rt_sigaction
sys_enter_rt_sigaction
sys_enter_rt_sigaction
sys_enter_rt_sigaction
sys_enter_rt_sigaction
sys_enter_rt_sigaction
sys_enter_rt_sigaction
sys_enter_rt_sigaction
sys_enter_rt_sigaction
sys_enter_rt_sigaction
sys_enter_rt_sigaction
sys_enter_rt_sigaction
sys_enter_rt_sigprocmask
sys_enter_clone
sys_enter_rt_sigprocmask
sys_enter_gettid
sys_enter_sigaltstack
sys_enter_sigaltstack
sys_enter_gettid
sys_enter_rt_sigprocmask
sys_enter_rt_sigprocmask
sys_enter_clone
sys_enter_rt_sigprocmask
sys_enter_gettid
sys_enter_sigaltstack
sys_enter_sigaltstack
sys_enter_rt_sigprocmask
sys_enter_clone
sys_enter_gettid
sys_enter_rt_sigprocmask
sys_enter_rt_sigprocmask
sys_enter_sched_yield
sys_enter_futex
sys_enter_futex
sys_enter_rt_sigprocmask
sys_enter_clone
sys_enter_gettid
sys_enter_sigaltstack
sys_enter_sigaltstack
sys_enter_gettid
sys_enter_rt_sigprocmask
sys_enter_futex
sys_enter_rt_sigprocmask
sys_enter_futex
sys_enter_gettid
sys_enter_sigaltstack
sys_enter_sigaltstack
sys_enter_gettid
sys_enter_rt_sigprocmask
sys_enter_futex
sys_enter_futex
sys_enter_futex
sys_enter_mmap
sys_enter_futex
sys_enter_futex
sys_enter_futex
sys_enter_openat
sys_enter_futex
sys_enter_futex
sys_enter_read
sys_enter_read
sys_enter_close
sys_enter_socket
sys_enter_close
sys_enter_socket
sys_enter_setsockopt
sys_enter_bind
sys_enter_socket
sys_enter_setsockopt
sys_enter_bind
sys_enter_close
sys_enter_close
sys_enter_mmap
sys_enter_getpid
sys_enter_getppid
sys_enter_mmap
sys_enter_mmap
sys_enter_getppid
sys_enter_openat
sys_enter_pipe2
sys_enter_getpid
sys_enter_clone
sys_enter_setsid
sys_enter_close
sys_enter_read
sys_enter_chdir
sys_enter_execve
sys_enter_close
sys_enter_exit_group
sys_enter_mmap
sys_enter_mmap
sys_enter_mprotect
sys_enter_mmap
sys_enter_mmap
sys_enter_mprotect
sys_enter_mmap
sys_enter_mprotect
sys_enter_mmap
sys_enter_mprotect
sys_enter_mmap
sys_enter_mmap
sys_enter_close
sys_enter_munmap
sys_enter_sched_getaffinity
sys_enter_mmap
sys_enter_munmap
sys_enter_mmap
sys_enter_mmap
sys_enter_mmap
sys_enter_mmap
sys_enter_mmap
sys_enter_mmap
sys_enter_rt_sigprocmask
sys_enter_sigaltstack
sys_enter_sigaltstack
sys_enter_gettid
sys_enter_rt_sigprocmask
sys_enter_rt_sigaction
sys_enter_rt_sigaction
sys_enter_rt_sigaction
sys_enter_rt_sigaction
sys_enter_rt_sigaction
sys_enter_rt_sigaction
sys_enter_rt_sigaction
sys_enter_rt_sigaction
sys_enter_rt_sigaction
sys_enter_rt_sigaction
sys_enter_rt_sigaction
sys_enter_rt_sigaction
sys_enter_rt_sigaction
sys_enter_rt_sigaction
sys_enter_rt_sigaction
sys_enter_rt_sigaction
sys_enter_rt_sigaction
sys_enter_rt_sigaction
sys_enter_rt_sigaction
sys_enter_rt_sigaction
sys_enter_rt_sigaction
sys_enter_rt_sigaction
sys_enter_rt_sigaction
sys_enter_rt_sigaction
sys_enter_rt_sigaction
sys_enter_rt_sigaction
sys_enter_rt_sigaction
sys_enter_rt_sigaction
sys_enter_rt_sigaction
sys_enter_rt_sigaction
sys_enter_rt_sigaction
sys_enter_rt_sigaction
sys_enter_rt_sigaction
sys_enter_rt_sigaction
sys_enter_rt_sigaction
sys_enter_rt_sigaction
sys_enter_rt_sigaction
sys_enter_rt_sigaction
sys_enter_rt_sigaction
sys_enter_rt_sigaction
sys_enter_rt_sigaction
sys_enter_rt_sigaction
sys_enter_rt_sigaction
sys_enter_rt_sigaction
sys_enter_rt_sigaction
sys_enter_rt_sigaction
sys_enter_rt_sigaction
sys_enter_rt_sigaction
sys_enter_rt_sigaction
sys_enter_rt_sigaction
sys_enter_rt_sigaction
sys_enter_rt_sigaction
sys_enter_rt_sigaction
sys_enter_rt_sigaction
sys_enter_rt_sigaction
sys_enter_rt_sigaction
sys_enter_rt_sigaction
sys_enter_rt_sigaction
sys_enter_rt_sigaction
sys_enter_rt_sigaction
sys_enter_rt_sigaction
sys_enter_rt_sigaction
sys_enter_rt_sigaction
sys_enter_rt_sigaction
sys_enter_rt_sigaction
sys_enter_rt_sigaction
sys_enter_rt_sigaction
sys_enter_rt_sigaction
sys_enter_rt_sigaction
sys_enter_rt_sigaction
sys_enter_rt_sigaction
sys_enter_rt_sigaction
sys_enter_rt_sigaction
sys_enter_rt_sigaction
sys_enter_rt_sigaction
sys_enter_rt_sigaction
sys_enter_rt_sigaction
sys_enter_rt_sigaction
sys_enter_rt_sigaction
sys_enter_rt_sigaction
sys_enter_rt_sigaction
sys_enter_rt_sigaction
sys_enter_rt_sigaction
sys_enter_rt_sigaction
sys_enter_rt_sigaction
sys_enter_rt_sigaction
sys_enter_rt_sigaction
sys_enter_rt_sigaction
sys_enter_rt_sigaction
sys_enter_rt_sigaction
sys_enter_rt_sigaction
sys_enter_rt_sigaction
sys_enter_rt_sigaction
sys_enter_rt_sigaction
sys_enter_rt_sigaction
sys_enter_rt_sigaction
sys_enter_rt_sigaction
sys_enter_rt_sigaction
sys_enter_rt_sigaction
sys_enter_rt_sigaction
sys_enter_rt_sigaction
sys_enter_rt_sigaction
sys_enter_rt_sigaction
sys_enter_rt_sigaction
sys_enter_rt_sigaction
sys_enter_rt_sigaction
sys_enter_rt_sigaction
sys_enter_rt_sigaction
sys_enter_rt_sigaction
sys_enter_rt_sigaction
sys_enter_rt_sigaction
sys_enter_rt_sigaction
sys_enter_rt_sigaction
sys_enter_rt_sigaction
sys_enter_rt_sigprocmask
sys_enter_clone
sys_enter_rt_sigprocmask
sys_enter_gettid
sys_enter_sigaltstack
sys_enter_sigaltstack
sys_enter_gettid
sys_enter_rt_sigprocmask
sys_enter_rt_sigprocmask
sys_enter_clone
sys_enter_rt_sigprocmask
sys_enter_gettid
sys_enter_sigaltstack
sys_enter_sigaltstack
sys_enter_gettid
sys_enter_rt_sigprocmask
sys_enter_rt_sigprocmask
sys_enter_clone
sys_enter_rt_sigprocmask
sys_enter_clone
sys_enter_rt_sigprocmask
sys_enter_futex
sys_enter_gettid
sys_enter_sigaltstack
sys_enter_sigaltstack
sys_enter_gettid
sys_enter_rt_sigprocmask
sys_enter_gettid
sys_enter_rt_sigprocmask
sys_enter_sigaltstack
sys_enter_sigaltstack
sys_enter_gettid
sys_enter_rt_sigprocmask
sys_enter_futex
sys_enter_futex
sys_enter_futex
sys_enter_futex
sys_enter_futex
sys_enter_mmap
sys_enter_futex
sys_enter_futex
sys_enter_futex
sys_enter_openat
sys_enter_read
sys_enter_read
sys_enter_close
sys_enter_socket
sys_enter_close
sys_enter_socket
sys_enter_setsockopt
sys_enter_bind
sys_enter_socket
sys_enter_setsockopt
sys_enter_bind
sys_enter_close
sys_enter_close
sys_enter_getpid
sys_enter_getppid
sys_enter_mmap
sys_enter_mmap
sys_enter_getppid
sys_enter_openat
sys_enter_pipe2
sys_enter_getpid
sys_enter_clone
sys_enter_setsid
sys_enter_close
sys_enter_read
sys_enter_chdir
sys_enter_execve
sys_enter_close
sys_enter_exit_group
sys_enter_mmap
sys_enter_mmap
sys_enter_mprotect
sys_enter_mmap
sys_enter_mmap
sys_enter_mprotect
sys_enter_mmap
sys_enter_mprotect
sys_enter_mmap
sys_enter_mprotect
sys_enter_mmap
sys_enter_mmap
sys_enter_close
sys_enter_munmap
sys_enter_sched_getaffinity
sys_enter_mmap
sys_enter_munmap
sys_enter_mmap
sys_enter_mmap
sys_enter_mmap
sys_enter_mmap
sys_enter_mmap
sys_enter_mmap
sys_enter_rt_sigprocmask
sys_enter_sigaltstack
sys_enter_sigaltstack
sys_enter_gettid
sys_enter_rt_sigprocmask
sys_enter_rt_sigaction
sys_enter_rt_sigaction
sys_enter_rt_sigaction
sys_enter_rt_sigaction
sys_enter_rt_sigaction
sys_enter_rt_sigaction
sys_enter_rt_sigaction
sys_enter_rt_sigaction
sys_enter_rt_sigaction
sys_enter_rt_sigaction
sys_enter_rt_sigaction
sys_enter_rt_sigaction
sys_enter_rt_sigaction
sys_enter_rt_sigaction
sys_enter_rt_sigaction
sys_enter_rt_sigaction
sys_enter_rt_sigaction
sys_enter_rt_sigaction
sys_enter_rt_sigaction
sys_enter_rt_sigaction
sys_enter_rt_sigaction
sys_enter_rt_sigaction
sys_enter_rt_sigaction
sys_enter_rt_sigaction
sys_enter_rt_sigaction
sys_enter_rt_sigaction
sys_enter_rt_sigaction
sys_enter_rt_sigaction
sys_enter_rt_sigaction
sys_enter_rt_sigaction
sys_enter_rt_sigaction
sys_enter_rt_sigaction
sys_enter_rt_sigaction
sys_enter_rt_sigaction
sys_enter_rt_sigaction
sys_enter_rt_sigaction
sys_enter_rt_sigaction
sys_enter_rt_sigaction
sys_enter_rt_sigaction
sys_enter_rt_sigaction
sys_enter_rt_sigaction
sys_enter_rt_sigaction
sys_enter_rt_sigaction
sys_enter_rt_sigaction
sys_enter_rt_sigaction
sys_enter_rt_sigaction
sys_enter_rt_sigaction
sys_enter_rt_sigaction
sys_enter_rt_sigaction
sys_enter_rt_sigaction
sys_enter_rt_sigaction
sys_enter_rt_sigaction
sys_enter_rt_sigaction
sys_enter_rt_sigaction
sys_enter_rt_sigaction
sys_enter_rt_sigaction
sys_enter_rt_sigaction
sys_enter_rt_sigaction
sys_enter_rt_sigaction
sys_enter_rt_sigaction
sys_enter_rt_sigaction
sys_enter_rt_sigaction
sys_enter_rt_sigaction
sys_enter_rt_sigaction
sys_enter_rt_sigaction
sys_enter_rt_sigaction
sys_enter_rt_sigaction
sys_enter_rt_sigaction
sys_enter_rt_sigaction
sys_enter_rt_sigaction
sys_enter_rt_sigaction
sys_enter_rt_sigaction
sys_enter_rt_sigaction
sys_enter_rt_sigaction
sys_enter_rt_sigaction
sys_enter_rt_sigaction
sys_enter_rt_sigaction
sys_enter_rt_sigaction
sys_enter_rt_sigaction
sys_enter_rt_sigaction
sys_enter_rt_sigaction
sys_enter_rt_sigaction
sys_enter_rt_sigaction
sys_enter_rt_sigaction
sys_enter_rt_sigaction
sys_enter_rt_sigaction
sys_enter_rt_sigaction
sys_enter_rt_sigaction
sys_enter_rt_sigaction
sys_enter_rt_sigaction
sys_enter_rt_sigaction
sys_enter_rt_sigaction
sys_enter_rt_sigaction
sys_enter_rt_sigaction
sys_enter_rt_sigaction
sys_enter_rt_sigaction
sys_enter_rt_sigaction
sys_enter_rt_sigaction
sys_enter_rt_sigaction
sys_enter_rt_sigaction
sys_enter_rt_sigaction
sys_enter_rt_sigaction
sys_enter_rt_sigaction
sys_enter_rt_sigaction
sys_enter_rt_sigaction
sys_enter_rt_sigaction
sys_enter_rt_sigaction
sys_enter_rt_sigaction
sys_enter_rt_sigaction
sys_enter_rt_sigaction
sys_enter_rt_sigaction
sys_enter_rt_sigaction
sys_enter_rt_sigaction
sys_enter_rt_sigaction
sys_enter_rt_sigprocmask
sys_enter_clone
sys_enter_rt_sigprocmask
sys_enter_rt_sigprocmask
sys_enter_clone
sys_enter_rt_sigprocmask
sys_enter_rt_sigprocmask
sys_enter_clone
sys_enter_rt_sigprocmask
sys_enter_sched_yield
sys_enter_futex
sys_enter_futex
sys_enter_gettid
sys_enter_sigaltstack
sys_enter_sigaltstack
sys_enter_gettid
sys_enter_rt_sigprocmask
sys_enter_futex
sys_enter_futex
sys_enter_gettid
sys_enter_sigaltstack
sys_enter_sigaltstack
sys_enter_gettid
sys_enter_rt_sigprocmask
sys_enter_gettid
sys_enter_sigaltstack
sys_enter_sigaltstack
sys_enter_gettid
sys_enter_rt_sigprocmask
sys_enter_futex
sys_enter_gettid
sys_enter_sigaltstack
sys_enter_sigaltstack
sys_enter_gettid
sys_enter_rt_sigprocmask
sys_enter_rt_sigprocmask
sys_enter_clone
sys_enter_rt_sigprocmask
sys_enter_futex
sys_enter_futex
sys_enter_mmap
sys_enter_futex
sys_enter_futex
sys_enter_futex
sys_enter_openat
sys_enter_read
sys_enter_read
sys_enter_close
sys_enter_socket
sys_enter_close
sys_enter_socket
sys_enter_setsockopt
sys_enter_bind
sys_enter_socket
sys_enter_setsockopt
sys_enter_bind
sys_enter_close
sys_enter_close
sys_enter_getpid
sys_enter_getppid
sys_enter_mmap
sys_enter_mmap
sys_enter_getppid
sys_enter_openat
sys_enter_pipe2
sys_enter_getpid
sys_enter_clone
sys_enter_setsid
sys_enter_close
sys_enter_read
sys_enter_chdir
sys_enter_execve
sys_enter_close
sys_enter_exit_group
sys_enter_mmap
sys_enter_mmap
sys_enter_mprotect
sys_enter_mmap
sys_enter_mmap
sys_enter_mprotect
sys_enter_mmap
sys_enter_mprotect
sys_enter_mmap
sys_enter_mprotect
sys_enter_mmap
sys_enter_mmap
sys_enter_close
sys_enter_munmap
sys_enter_sched_getaffinity
sys_enter_mmap
sys_enter_munmap
sys_enter_mmap
sys_enter_mmap
sys_enter_mmap
sys_enter_mmap
sys_enter_mmap
sys_enter_mmap
sys_enter_rt_sigprocmask
sys_enter_sigaltstack
sys_enter_sigaltstack
sys_enter_gettid
sys_enter_rt_sigprocmask
sys_enter_rt_sigaction
sys_enter_rt_sigaction
sys_enter_rt_sigaction
sys_enter_rt_sigaction
sys_enter_rt_sigaction
sys_enter_rt_sigaction
sys_enter_rt_sigaction
sys_enter_rt_sigaction
sys_enter_rt_sigaction
sys_enter_rt_sigaction
sys_enter_rt_sigaction
sys_enter_rt_sigaction
sys_enter_rt_sigaction
sys_enter_rt_sigaction
sys_enter_rt_sigaction
sys_enter_rt_sigaction
sys_enter_rt_sigaction
sys_enter_rt_sigaction
sys_enter_rt_sigaction
sys_enter_rt_sigaction
sys_enter_rt_sigaction
sys_enter_rt_sigaction
sys_enter_rt_sigaction
sys_enter_rt_sigaction
sys_enter_rt_sigaction
sys_enter_rt_sigaction
sys_enter_rt_sigaction
sys_enter_rt_sigaction
sys_enter_rt_sigaction
sys_enter_rt_sigaction
sys_enter_rt_sigaction
sys_enter_rt_sigaction
sys_enter_rt_sigaction
sys_enter_rt_sigaction
sys_enter_rt_sigaction
sys_enter_rt_sigaction
sys_enter_rt_sigaction
sys_enter_rt_sigaction
sys_enter_rt_sigaction
sys_enter_rt_sigaction
sys_enter_rt_sigaction
sys_enter_rt_sigaction
sys_enter_rt_sigaction
sys_enter_rt_sigaction
sys_enter_rt_sigaction
sys_enter_rt_sigaction
sys_enter_rt_sigaction
sys_enter_rt_sigaction
sys_enter_rt_sigaction
sys_enter_rt_sigaction
sys_enter_rt_sigaction
sys_enter_rt_sigaction
sys_enter_rt_sigaction
sys_enter_rt_sigaction
sys_enter_rt_sigaction
sys_enter_rt_sigaction
sys_enter_rt_sigaction
sys_enter_rt_sigaction
sys_enter_rt_sigaction
sys_enter_rt_sigaction
sys_enter_rt_sigaction
sys_enter_rt_sigaction
sys_enter_rt_sigaction
sys_enter_rt_sigaction
sys_enter_rt_sigaction
sys_enter_rt_sigaction
sys_enter_rt_sigaction
sys_enter_rt_sigaction
sys_enter_rt_sigaction
sys_enter_rt_sigaction
sys_enter_rt_sigaction
sys_enter_rt_sigaction
sys_enter_rt_sigaction
sys_enter_rt_sigaction
sys_enter_rt_sigaction
sys_enter_rt_sigaction
sys_enter_rt_sigaction
sys_enter_rt_sigaction
sys_enter_rt_sigaction
sys_enter_rt_sigaction
sys_enter_rt_sigaction
sys_enter_rt_sigaction
sys_enter_rt_sigaction
sys_enter_rt_sigaction
sys_enter_rt_sigaction
sys_enter_rt_sigaction
sys_enter_rt_sigaction
sys_enter_rt_sigaction
sys_enter_rt_sigaction
sys_enter_rt_sigaction
sys_enter_rt_sigaction
sys_enter_rt_sigaction
sys_enter_rt_sigaction
sys_enter_rt_sigaction
sys_enter_rt_sigaction
sys_enter_rt_sigaction
sys_enter_rt_sigaction
sys_enter_rt_sigaction
sys_enter_rt_sigaction
sys_enter_rt_sigaction
sys_enter_rt_sigaction
sys_enter_rt_sigaction
sys_enter_rt_sigaction
sys_enter_rt_sigaction
sys_enter_rt_sigaction
sys_enter_rt_sigaction
sys_enter_rt_sigaction
sys_enter_rt_sigaction
sys_enter_rt_sigaction
sys_enter_rt_sigaction
sys_enter_rt_sigaction
sys_enter_rt_sigaction
sys_enter_rt_sigaction
sys_enter_rt_sigaction
sys_enter_rt_sigprocmask
sys_enter_clone
sys_enter_rt_sigprocmask
sys_enter_gettid
sys_enter_sigaltstack
sys_enter_sigaltstack
sys_enter_gettid
sys_enter_rt_sigprocmask
sys_enter_rt_sigprocmask
sys_enter_clone
sys_enter_rt_sigprocmask
sys_enter_gettid
sys_enter_sigaltstack
sys_enter_sigaltstack
sys_enter_gettid
sys_enter_rt_sigprocmask
sys_enter_rt_sigprocmask
sys_enter_clone
sys_enter_rt_sigprocmask
sys_enter_clone
sys_enter_rt_sigprocmask
sys_enter_futex
sys_enter_gettid
sys_enter_sigaltstack
sys_enter_sigaltstack
sys_enter_gettid
sys_enter_rt_sigprocmask
sys_enter_rt_sigprocmask
sys_enter_gettid
sys_enter_futex
sys_enter_futex
sys_enter_sigaltstack
sys_enter_sigaltstack
sys_enter_futex
sys_enter_mmap
sys_enter_openat
sys_enter_futex
sys_enter_gettid
sys_enter_rt_sigprocmask
sys_enter_futex
sys_enter_read
sys_enter_read
sys_enter_close
sys_enter_socket
sys_enter_futex
sys_enter_close
sys_enter_socket
sys_enter_setsockopt
sys_enter_bind
sys_enter_socket
sys_enter_setsockopt
sys_enter_bind
sys_enter_close
sys_enter_close
sys_enter_mmap
sys_enter_getpid
sys_enter_getppid
sys_enter_mmap
sys_enter_mmap
sys_enter_getppid
sys_enter_openat
sys_enter_pipe2
sys_enter_getpid
sys_enter_clone
sys_enter_setsid
sys_enter_close
sys_enter_read
sys_enter_chdir
sys_enter_execve
sys_enter_close
sys_enter_exit_group
sys_enter_mmap
sys_enter_mmap
sys_enter_mprotect
sys_enter_mmap
sys_enter_mmap
sys_enter_mprotect
sys_enter_mmap
sys_enter_mprotect
sys_enter_mmap
sys_enter_mprotect
sys_enter_mmap
sys_enter_mmap
sys_enter_close
sys_enter_munmap
sys_enter_sched_getaffinity
sys_enter_mmap
sys_enter_munmap
sys_enter_mmap
sys_enter_mmap
sys_enter_mmap
sys_enter_mmap
sys_enter_mmap
sys_enter_mmap
sys_enter_rt_sigprocmask
sys_enter_sigaltstack
sys_enter_sigaltstack
sys_enter_gettid
sys_enter_rt_sigprocmask
sys_enter_rt_sigaction
sys_enter_rt_sigaction
sys_enter_rt_sigaction
sys_enter_rt_sigaction
sys_enter_rt_sigaction
sys_enter_rt_sigaction
sys_enter_rt_sigaction
sys_enter_rt_sigaction
sys_enter_rt_sigaction
sys_enter_rt_sigaction
sys_enter_rt_sigaction
sys_enter_rt_sigaction
sys_enter_rt_sigaction
sys_enter_rt_sigaction
sys_enter_rt_sigaction
sys_enter_rt_sigaction
sys_enter_rt_sigaction
sys_enter_rt_sigaction
sys_enter_rt_sigaction
sys_enter_rt_sigaction
sys_enter_rt_sigaction
sys_enter_rt_sigaction
sys_enter_rt_sigaction
sys_enter_rt_sigaction
sys_enter_rt_sigaction
sys_enter_rt_sigaction
sys_enter_rt_sigaction
sys_enter_rt_sigaction
sys_enter_rt_sigaction
sys_enter_rt_sigaction
sys_enter_rt_sigaction
sys_enter_rt_sigaction
sys_enter_rt_sigaction
sys_enter_rt_sigaction
sys_enter_rt_sigaction
sys_enter_rt_sigaction
sys_enter_rt_sigaction
sys_enter_rt_sigaction
sys_enter_rt_sigaction
sys_enter_rt_sigaction
sys_enter_rt_sigaction
sys_enter_rt_sigaction
sys_enter_rt_sigaction
sys_enter_rt_sigaction
sys_enter_rt_sigaction
sys_enter_rt_sigaction
sys_enter_rt_sigaction
sys_enter_rt_sigaction
sys_enter_rt_sigaction
sys_enter_rt_sigaction
sys_enter_rt_sigaction
sys_enter_rt_sigaction
sys_enter_rt_sigaction
sys_enter_rt_sigaction
sys_enter_rt_sigaction
sys_enter_rt_sigaction
sys_enter_rt_sigaction
sys_enter_rt_sigaction
sys_enter_rt_sigaction
sys_enter_rt_sigaction
sys_enter_rt_sigaction
sys_enter_rt_sigaction
sys_enter_rt_sigaction
sys_enter_rt_sigaction
sys_enter_rt_sigaction
sys_enter_rt_sigaction
sys_enter_rt_sigaction
sys_enter_rt_sigaction
sys_enter_rt_sigaction
sys_enter_rt_sigaction
sys_enter_rt_sigaction
sys_enter_rt_sigaction
sys_enter_rt_sigaction
sys_enter_rt_sigaction
sys_enter_rt_sigaction
sys_enter_rt_sigaction
sys_enter_rt_sigaction
sys_enter_rt_sigaction
sys_enter_rt_sigaction
sys_enter_rt_sigaction
sys_enter_rt_sigaction
sys_enter_rt_sigaction
sys_enter_rt_sigaction
sys_enter_rt_sigaction
sys_enter_rt_sigaction
sys_enter_rt_sigaction
sys_enter_rt_sigaction
sys_enter_rt_sigaction
sys_enter_rt_sigaction
sys_enter_rt_sigaction
sys_enter_rt_sigaction
sys_enter_rt_sigaction
sys_enter_rt_sigaction
sys_enter_rt_sigaction
sys_enter_rt_sigaction
sys_enter_rt_sigaction
sys_enter_rt_sigaction
sys_enter_rt_sigaction
sys_enter_rt_sigaction
sys_enter_rt_sigaction
sys_enter_rt_sigaction
sys_enter_rt_sigaction
sys_enter_rt_sigaction
sys_enter_rt_sigaction
sys_enter_rt_sigaction
sys_enter_rt_sigaction
sys_enter_rt_sigaction
sys_enter_rt_sigaction
sys_enter_rt_sigaction
sys_enter_rt_sigaction
sys_enter_rt_sigaction
sys_enter_rt_sigaction
sys_enter_rt_sigaction
sys_enter_rt_sigaction
sys_enter_rt_sigprocmask
sys_enter_clone
sys_enter_rt_sigprocmask
sys_enter_gettid
sys_enter_sigaltstack
sys_enter_sigaltstack
sys_enter_gettid
sys_enter_rt_sigprocmask
sys_enter_rt_sigprocmask
sys_enter_clone
sys_enter_rt_sigprocmask
sys_enter_gettid
sys_enter_sigaltstack
sys_enter_sigaltstack
sys_enter_gettid
sys_enter_rt_sigprocmask
sys_enter_rt_sigprocmask
sys_enter_clone
sys_enter_rt_sigprocmask
sys_enter_futex
sys_enter_rt_sigprocmask
sys_enter_clone
sys_enter_rt_sigprocmask
sys_enter_futex
sys_enter_gettid
sys_enter_sigaltstack
sys_enter_sigaltstack
sys_enter_gettid
sys_enter_rt_sigprocmask
sys_enter_futex
sys_enter_futex
sys_enter_gettid
sys_enter_sigaltstack
sys_enter_sigaltstack
sys_enter_gettid
sys_enter_rt_sigprocmask
sys_enter_futex
sys_enter_futex
sys_enter_mmap
sys_enter_futex
sys_enter_futex
sys_enter_futex
sys_enter_openat
sys_enter_read
sys_enter_read
sys_enter_close
sys_enter_socket
sys_enter_close
sys_enter_socket
sys_enter_setsockopt
sys_enter_bind
sys_enter_socket
sys_enter_setsockopt
sys_enter_bind
sys_enter_close
sys_enter_close
sys_enter_getpid
sys_enter_getppid
sys_enter_mmap
sys_enter_mmap
sys_enter_getppid
sys_enter_openat
sys_enter_pipe2
sys_enter_getpid
sys_enter_clone
sys_enter_setsid
sys_enter_close
sys_enter_read
sys_enter_chdir
sys_enter_execve
sys_enter_close
sys_enter_mmap
sys_enter_exit_group
sys_enter_mmap
sys_enter_mprotect
sys_enter_mmap
sys_enter_mmap
sys_enter_mprotect
sys_enter_mmap
sys_enter_mprotect
sys_enter_mmap
sys_enter_mprotect
sys_enter_mmap
sys_enter_mmap
sys_enter_close
sys_enter_munmap
sys_enter_sched_getaffinity
sys_enter_mmap
sys_enter_munmap
sys_enter_mmap
sys_enter_mmap
sys_enter_mmap
sys_enter_mmap
sys_enter_mmap
sys_enter_mmap
sys_enter_rt_sigprocmask
sys_enter_sigaltstack
sys_enter_sigaltstack
sys_enter_gettid
sys_enter_rt_sigprocmask
sys_enter_rt_sigaction
sys_enter_rt_sigaction
sys_enter_rt_sigaction
sys_enter_rt_sigaction
sys_enter_rt_sigaction
sys_enter_rt_sigaction
sys_enter_rt_sigaction
sys_enter_rt_sigaction
sys_enter_rt_sigaction
sys_enter_rt_sigaction
sys_enter_rt_sigaction
sys_enter_rt_sigaction
sys_enter_rt_sigaction
sys_enter_rt_sigaction
sys_enter_rt_sigaction
sys_enter_rt_sigaction
sys_enter_rt_sigaction
sys_enter_rt_sigaction
sys_enter_rt_sigaction
sys_enter_rt_sigaction
sys_enter_rt_sigaction
sys_enter_rt_sigaction
sys_enter_rt_sigaction
sys_enter_rt_sigaction
sys_enter_rt_sigaction
sys_enter_rt_sigaction
sys_enter_rt_sigaction
sys_enter_rt_sigaction
sys_enter_rt_sigaction
sys_enter_rt_sigaction
sys_enter_rt_sigaction
sys_enter_rt_sigaction
sys_enter_rt_sigaction
sys_enter_rt_sigaction
sys_enter_rt_sigaction
sys_enter_rt_sigaction
sys_enter_rt_sigaction
sys_enter_rt_sigaction
sys_enter_rt_sigaction
sys_enter_rt_sigaction
sys_enter_rt_sigaction
sys_enter_rt_sigaction
sys_enter_rt_sigaction
sys_enter_rt_sigaction
sys_enter_rt_sigaction
sys_enter_rt_sigaction
sys_enter_rt_sigaction
sys_enter_rt_sigaction
sys_enter_rt_sigaction
sys_enter_rt_sigaction
sys_enter_rt_sigaction
sys_enter_rt_sigaction
sys_enter_rt_sigaction
sys_enter_rt_sigaction
sys_enter_rt_sigaction
sys_enter_rt_sigaction
sys_enter_rt_sigaction
sys_enter_rt_sigaction
sys_enter_rt_sigaction
sys_enter_rt_sigaction
sys_enter_rt_sigaction
sys_enter_rt_sigaction
sys_enter_rt_sigaction
sys_enter_rt_sigaction
sys_enter_rt_sigaction
sys_enter_rt_sigaction
sys_enter_rt_sigaction
sys_enter_rt_sigaction
sys_enter_rt_sigaction
sys_enter_rt_sigaction
sys_enter_rt_sigaction
sys_enter_rt_sigaction
sys_enter_rt_sigaction
sys_enter_rt_sigaction
sys_enter_rt_sigaction
sys_enter_rt_sigaction
sys_enter_rt_sigaction
sys_enter_rt_sigaction
sys_enter_rt_sigaction
sys_enter_rt_sigaction
sys_enter_rt_sigaction
sys_enter_rt_sigaction
sys_enter_rt_sigaction
sys_enter_rt_sigaction
sys_enter_rt_sigaction
sys_enter_rt_sigaction
sys_enter_rt_sigaction
sys_enter_rt_sigaction
sys_enter_rt_sigaction
sys_enter_rt_sigaction
sys_enter_rt_sigaction
sys_enter_rt_sigaction
sys_enter_rt_sigaction
sys_enter_rt_sigaction
sys_enter_rt_sigaction
sys_enter_rt_sigaction
sys_enter_rt_sigaction
sys_enter_rt_sigaction
sys_enter_rt_sigaction
sys_enter_rt_sigaction
sys_enter_rt_sigaction
sys_enter_rt_sigaction
sys_enter_rt_sigaction
sys_enter_rt_sigaction
sys_enter_rt_sigaction
sys_enter_rt_sigaction
sys_enter_rt_sigaction
sys_enter_rt_sigaction
sys_enter_rt_sigaction
sys_enter_rt_sigaction
sys_enter_rt_sigaction
sys_enter_rt_sigaction
sys_enter_rt_sigaction
sys_enter_rt_sigaction
sys_enter_rt_sigprocmask
sys_enter_clone
sys_enter_rt_sigprocmask
sys_enter_gettid
sys_enter_sigaltstack
sys_enter_sigaltstack
sys_enter_gettid
sys_enter_rt_sigprocmask
sys_enter_rt_sigprocmask
sys_enter_clone
sys_enter_rt_sigprocmask
sys_enter_gettid
sys_enter_sigaltstack
sys_enter_sigaltstack
sys_enter_rt_sigprocmask
sys_enter_clone
sys_enter_gettid
sys_enter_rt_sigprocmask
sys_enter_rt_sigprocmask
sys_enter_sched_yield
sys_enter_futex
sys_enter_futex
sys_enter_gettid
sys_enter_sigaltstack
sys_enter_sigaltstack
sys_enter_gettid
sys_enter_rt_sigprocmask
sys_enter_clone
sys_enter_rt_sigprocmask
sys_enter_futex
sys_enter_futex
sys_enter_rt_sigprocmask
sys_enter_futex
sys_enter_gettid
sys_enter_sigaltstack
sys_enter_sigaltstack
sys_enter_gettid
sys_enter_rt_sigprocmask
sys_enter_futex
sys_enter_futex
sys_enter_mmap
sys_enter_futex
sys_enter_futex
sys_enter_futex
sys_enter_openat
sys_enter_futex
sys_enter_futex
sys_enter_read
sys_enter_read
sys_enter_close
sys_enter_socket
sys_enter_close
sys_enter_socket
sys_enter_setsockopt
sys_enter_bind
sys_enter_socket
sys_enter_setsockopt
sys_enter_bind
sys_enter_close
sys_enter_close
sys_enter_getpid
sys_enter_getppid
sys_enter_mmap
sys_enter_mmap
sys_enter_getppid
sys_enter_openat
sys_enter_pipe2
sys_enter_getpid
sys_enter_clone
sys_enter_setsid
sys_enter_close
sys_enter_chdir
sys_enter_read
sys_enter_execve
sys_enter_close
sys_enter_exit_group
sys_enter_mmap
sys_enter_mmap
sys_enter_mprotect
sys_enter_mmap
sys_enter_mmap
sys_enter_mprotect
sys_enter_mmap
sys_enter_mprotect
sys_enter_mmap
sys_enter_mprotect
sys_enter_mmap
sys_enter_mmap
sys_enter_close
sys_enter_munmap
sys_enter_sched_getaffinity
sys_enter_mmap
sys_enter_munmap
sys_enter_mmap
sys_enter_mmap
sys_enter_mmap
sys_enter_mmap
sys_enter_mmap
sys_enter_mmap
sys_enter_rt_sigprocmask
sys_enter_sigaltstack
sys_enter_sigaltstack
sys_enter_gettid
sys_enter_rt_sigprocmask
sys_enter_rt_sigaction
sys_enter_rt_sigaction
sys_enter_rt_sigaction
sys_enter_rt_sigaction
sys_enter_rt_sigaction
sys_enter_rt_sigaction
sys_enter_rt_sigaction
sys_enter_rt_sigaction
sys_enter_rt_sigaction
sys_enter_rt_sigaction
sys_enter_rt_sigaction
sys_enter_rt_sigaction
sys_enter_rt_sigaction
sys_enter_rt_sigaction
sys_enter_rt_sigaction
sys_enter_rt_sigaction
sys_enter_rt_sigaction
sys_enter_rt_sigaction
sys_enter_rt_sigaction
sys_enter_rt_sigaction
sys_enter_rt_sigaction
sys_enter_rt_sigaction
sys_enter_rt_sigaction
sys_enter_rt_sigaction
sys_enter_rt_sigaction
sys_enter_rt_sigaction
sys_enter_rt_sigaction
sys_enter_rt_sigaction
sys_enter_rt_sigaction
sys_enter_rt_sigaction
sys_enter_rt_sigaction
sys_enter_rt_sigaction
sys_enter_rt_sigaction
sys_enter_rt_sigaction
sys_enter_rt_sigaction
sys_enter_rt_sigaction
sys_enter_rt_sigaction
sys_enter_rt_sigaction
sys_enter_rt_sigaction
sys_enter_rt_sigaction
sys_enter_rt_sigaction
sys_enter_rt_sigaction
sys_enter_rt_sigaction
sys_enter_rt_sigaction
sys_enter_rt_sigaction
sys_enter_rt_sigaction
sys_enter_rt_sigaction
sys_enter_rt_sigaction
sys_enter_rt_sigaction
sys_enter_rt_sigaction
sys_enter_rt_sigaction
sys_enter_rt_sigaction
sys_enter_rt_sigaction
sys_enter_rt_sigaction
sys_enter_rt_sigaction
sys_enter_rt_sigaction
sys_enter_rt_sigaction
sys_enter_rt_sigaction
sys_enter_rt_sigaction
sys_enter_rt_sigaction
sys_enter_rt_sigaction
sys_enter_rt_sigaction
sys_enter_rt_sigaction
sys_enter_rt_sigaction
sys_enter_rt_sigaction
sys_enter_rt_sigaction
sys_enter_rt_sigaction
sys_enter_rt_sigaction
sys_enter_rt_sigaction
sys_enter_rt_sigaction
sys_enter_rt_sigaction
sys_enter_rt_sigaction
sys_enter_rt_sigaction
sys_enter_rt_sigaction
sys_enter_rt_sigaction
sys_enter_rt_sigaction
sys_enter_rt_sigaction
sys_enter_rt_sigaction
sys_enter_rt_sigaction
sys_enter_rt_sigaction
sys_enter_rt_sigaction
sys_enter_rt_sigaction
sys_enter_rt_sigaction
sys_enter_rt_sigaction
sys_enter_rt_sigaction
sys_enter_rt_sigaction
sys_enter_rt_sigaction
sys_enter_rt_sigaction
sys_enter_rt_sigaction
sys_enter_rt_sigaction
sys_enter_rt_sigaction
sys_enter_rt_sigaction
sys_enter_rt_sigaction
sys_enter_rt_sigaction
sys_enter_rt_sigaction
sys_enter_rt_sigaction
sys_enter_rt_sigaction
sys_enter_rt_sigaction
sys_enter_rt_sigaction
sys_enter_rt_sigaction
sys_enter_rt_sigaction
sys_enter_rt_sigaction
sys_enter_rt_sigaction
sys_enter_rt_sigaction
sys_enter_rt_sigaction
sys_enter_rt_sigaction
sys_enter_rt_sigaction
sys_enter_rt_sigaction
sys_enter_rt_sigaction
sys_enter_rt_sigaction
sys_enter_rt_sigaction
sys_enter_rt_sigaction
sys_enter_rt_sigaction
sys_enter_rt_sigaction
sys_enter_rt_sigprocmask
sys_enter_clone
sys_enter_rt_sigprocmask
sys_enter_gettid
sys_enter_sigaltstack
sys_enter_sigaltstack
sys_enter_gettid
sys_enter_rt_sigprocmask
sys_enter_rt_sigprocmask
sys_enter_clone
sys_enter_rt_sigprocmask
sys_enter_gettid
sys_enter_sigaltstack
sys_enter_sigaltstack
sys_enter_gettid
sys_enter_rt_sigprocmask
sys_enter_rt_sigprocmask
sys_enter_clone
sys_enter_rt_sigprocmask
sys_enter_clone
sys_enter_rt_sigprocmask
sys_enter_futex
sys_enter_rt_sigprocmask
sys_enter_futex
sys_enter_gettid
sys_enter_sigaltstack
sys_enter_sigaltstack
sys_enter_gettid
sys_enter_rt_sigprocmask
sys_enter_futex
sys_enter_gettid
sys_enter_futex
sys_enter_sigaltstack
sys_enter_sigaltstack
sys_enter_gettid
sys_enter_rt_sigprocmask
sys_enter_futex
sys_enter_futex
sys_enter_mmap
sys_enter_futex
sys_enter_futex
sys_enter_futex
sys_enter_openat
sys_enter_read
sys_enter_read
sys_enter_close
sys_enter_socket
sys_enter_close
sys_enter_socket
sys_enter_setsockopt
sys_enter_bind
sys_enter_socket
sys_enter_setsockopt
sys_enter_bind
sys_enter_close
sys_enter_close
sys_enter_getpid
sys_enter_getppid
sys_enter_mmap
sys_enter_mmap
sys_enter_getppid
sys_enter_openat
sys_enter_pipe2
sys_enter_getpid
sys_enter_clone
sys_enter_setsid
sys_enter_close
sys_enter_read
sys_enter_chdir
sys_enter_execve
sys_enter_close
sys_enter_exit_group
sys_enter_mmap
sys_enter_mmap
sys_enter_mprotect
sys_enter_mmap
sys_enter_mmap
sys_enter_mprotect
sys_enter_mmap
sys_enter_mprotect
sys_enter_mmap
sys_enter_mprotect
sys_enter_mmap
sys_enter_mmap
sys_enter_close
sys_enter_munmap
sys_enter_sched_getaffinity
sys_enter_mmap
sys_enter_munmap
sys_enter_mmap
sys_enter_mmap
sys_enter_mmap
sys_enter_mmap
sys_enter_mmap
sys_enter_mmap
sys_enter_rt_sigprocmask
sys_enter_sigaltstack
sys_enter_sigaltstack
sys_enter_gettid
sys_enter_rt_sigprocmask
sys_enter_rt_sigaction
sys_enter_rt_sigaction
sys_enter_rt_sigaction
sys_enter_rt_sigaction
sys_enter_rt_sigaction
sys_enter_rt_sigaction
sys_enter_rt_sigaction
sys_enter_rt_sigaction
sys_enter_rt_sigaction
sys_enter_rt_sigaction
sys_enter_rt_sigaction
sys_enter_rt_sigaction
sys_enter_rt_sigaction
sys_enter_rt_sigaction
sys_enter_rt_sigaction
sys_enter_rt_sigaction
sys_enter_rt_sigaction
sys_enter_rt_sigaction
sys_enter_rt_sigaction
sys_enter_rt_sigaction
sys_enter_rt_sigaction
sys_enter_rt_sigaction
sys_enter_rt_sigaction
sys_enter_rt_sigaction
sys_enter_rt_sigaction
sys_enter_rt_sigaction
sys_enter_rt_sigaction
sys_enter_rt_sigaction
sys_enter_rt_sigaction
sys_enter_rt_sigaction
sys_enter_rt_sigaction
sys_enter_rt_sigaction
sys_enter_rt_sigaction
sys_enter_rt_sigaction
sys_enter_rt_sigaction
sys_enter_rt_sigaction
sys_enter_rt_sigaction
sys_enter_rt_sigaction
sys_enter_rt_sigaction
sys_enter_rt_sigaction
sys_enter_rt_sigaction
sys_enter_rt_sigaction
sys_enter_rt_sigaction
sys_enter_rt_sigaction
sys_enter_rt_sigaction
sys_enter_rt_sigaction
sys_enter_rt_sigaction
sys_enter_rt_sigaction
sys_enter_rt_sigaction
sys_enter_rt_sigaction
sys_enter_rt_sigaction
sys_enter_rt_sigaction
sys_enter_rt_sigaction
sys_enter_rt_sigaction
sys_enter_rt_sigaction
sys_enter_rt_sigaction
sys_enter_rt_sigaction
sys_enter_rt_sigaction
sys_enter_rt_sigaction
sys_enter_rt_sigaction
sys_enter_rt_sigaction
sys_enter_rt_sigaction
sys_enter_rt_sigaction
sys_enter_rt_sigaction
sys_enter_rt_sigaction
sys_enter_rt_sigaction
sys_enter_rt_sigaction
sys_enter_rt_sigaction
sys_enter_rt_sigaction
sys_enter_rt_sigaction
sys_enter_rt_sigaction
sys_enter_rt_sigaction
sys_enter_rt_sigaction
sys_enter_rt_sigaction
sys_enter_rt_sigaction
sys_enter_rt_sigaction
sys_enter_rt_sigaction
sys_enter_rt_sigaction
sys_enter_rt_sigaction
sys_enter_rt_sigaction
sys_enter_rt_sigaction
sys_enter_rt_sigaction
sys_enter_rt_sigaction
sys_enter_rt_sigaction
sys_enter_rt_sigaction
sys_enter_rt_sigaction
sys_enter_rt_sigaction
sys_enter_rt_sigaction
sys_enter_rt_sigaction
sys_enter_rt_sigaction
sys_enter_rt_sigaction
sys_enter_rt_sigaction
sys_enter_rt_sigaction
sys_enter_rt_sigaction
sys_enter_rt_sigaction
sys_enter_rt_sigaction
sys_enter_rt_sigaction
sys_enter_rt_sigaction
sys_enter_rt_sigaction
sys_enter_rt_sigaction
sys_enter_rt_sigaction
sys_enter_rt_sigaction
sys_enter_rt_sigaction
sys_enter_rt_sigaction
sys_enter_rt_sigaction
sys_enter_rt_sigaction
sys_enter_rt_sigaction
sys_enter_rt_sigaction
sys_enter_rt_sigaction
sys_enter_rt_sigaction
sys_enter_rt_sigaction
sys_enter_rt_sigaction
sys_enter_rt_sigaction
sys_enter_rt_sigaction
sys_enter_rt_sigprocmask
sys_enter_clone
sys_enter_rt_sigprocmask
sys_enter_gettid
sys_enter_sigaltstack
sys_enter_sigaltstack
sys_enter_gettid
sys_enter_rt_sigprocmask
sys_enter_rt_sigprocmask
sys_enter_clone
sys_enter_rt_sigprocmask
sys_enter_gettid
sys_enter_sigaltstack
sys_enter_sigaltstack
sys_enter_rt_sigprocmask
sys_enter_clone
sys_enter_gettid
sys_enter_rt_sigprocmask
sys_enter_rt_sigprocmask
sys_enter_futex
sys_enter_gettid
sys_enter_sigaltstack
sys_enter_sigaltstack
sys_enter_gettid
sys_enter_rt_sigprocmask
sys_enter_rt_sigprocmask
sys_enter_clone
sys_enter_futex
sys_enter_futex
sys_enter_rt_sigprocmask
sys_enter_gettid
sys_enter_futex
sys_enter_sigaltstack
sys_enter_sigaltstack
sys_enter_gettid
sys_enter_rt_sigprocmask
sys_enter_futex
sys_enter_futex
sys_enter_mmap
sys_enter_futex
sys_enter_futex
sys_enter_futex
sys_enter_openat
sys_enter_read
sys_enter_read
sys_enter_close
sys_enter_socket
sys_enter_close
sys_enter_socket
sys_enter_setsockopt
sys_enter_bind
sys_enter_socket
sys_enter_setsockopt
sys_enter_bind
sys_enter_close
sys_enter_close
sys_enter_getpid
sys_enter_getppid
sys_enter_mmap
sys_enter_mmap
sys_enter_getppid
sys_enter_openat
sys_enter_pipe2
sys_enter_getpid
sys_enter_clone
sys_enter_setsid
sys_enter_close
sys_enter_read
sys_enter_chdir
sys_enter_execve
sys_enter_close
sys_enter_exit_group
sys_enter_mmap
sys_enter_mmap
sys_enter_mprotect
sys_enter_mmap
sys_enter_mmap
sys_enter_mprotect
sys_enter_mmap
sys_enter_mprotect
sys_enter_mmap
sys_enter_mprotect
sys_enter_mmap
sys_enter_mmap
sys_enter_close
sys_enter_munmap
sys_enter_sched_getaffinity
sys_enter_mmap
sys_enter_munmap
sys_enter_mmap
sys_enter_mmap
sys_enter_mmap
sys_enter_mmap
sys_enter_mmap
sys_enter_mmap
sys_enter_rt_sigprocmask
sys_enter_sigaltstack
sys_enter_sigaltstack
sys_enter_gettid
sys_enter_rt_sigprocmask
sys_enter_rt_sigaction
sys_enter_rt_sigaction
sys_enter_rt_sigaction
sys_enter_rt_sigaction
sys_enter_rt_sigaction
sys_enter_rt_sigaction
sys_enter_rt_sigaction
sys_enter_rt_sigaction
sys_enter_rt_sigaction
sys_enter_rt_sigaction
sys_enter_rt_sigaction
sys_enter_rt_sigaction
sys_enter_rt_sigaction
sys_enter_rt_sigaction
sys_enter_rt_sigaction
sys_enter_rt_sigaction
sys_enter_rt_sigaction
sys_enter_rt_sigaction
sys_enter_rt_sigaction
sys_enter_rt_sigaction
sys_enter_rt_sigaction
sys_enter_rt_sigaction
sys_enter_rt_sigaction
sys_enter_rt_sigaction
sys_enter_rt_sigaction
sys_enter_rt_sigaction
sys_enter_rt_sigaction
sys_enter_rt_sigaction
sys_enter_rt_sigaction
sys_enter_rt_sigaction
sys_enter_rt_sigaction
sys_enter_rt_sigaction
sys_enter_rt_sigaction
sys_enter_rt_sigaction
sys_enter_rt_sigaction
sys_enter_rt_sigaction
sys_enter_rt_sigaction
sys_enter_rt_sigaction
sys_enter_rt_sigaction
sys_enter_rt_sigaction
sys_enter_rt_sigaction
sys_enter_rt_sigaction
sys_enter_rt_sigaction
sys_enter_rt_sigaction
sys_enter_rt_sigaction
sys_enter_rt_sigaction
sys_enter_rt_sigaction
sys_enter_rt_sigaction
sys_enter_rt_sigaction
sys_enter_rt_sigaction
sys_enter_rt_sigaction
sys_enter_rt_sigaction
sys_enter_rt_sigaction
sys_enter_rt_sigaction
sys_enter_rt_sigaction
sys_enter_rt_sigaction
sys_enter_rt_sigaction
sys_enter_rt_sigaction
sys_enter_rt_sigaction
sys_enter_rt_sigaction
sys_enter_rt_sigaction
sys_enter_rt_sigaction
sys_enter_rt_sigaction
sys_enter_rt_sigaction
sys_enter_rt_sigaction
sys_enter_rt_sigaction
sys_enter_rt_sigaction
sys_enter_rt_sigaction
sys_enter_rt_sigaction
sys_enter_rt_sigaction
sys_enter_rt_sigaction
sys_enter_rt_sigaction
sys_enter_rt_sigaction
sys_enter_rt_sigaction
sys_enter_rt_sigaction
sys_enter_rt_sigaction
sys_enter_rt_sigaction
sys_enter_rt_sigaction
sys_enter_rt_sigaction
sys_enter_rt_sigaction
sys_enter_rt_sigaction
sys_enter_rt_sigaction
sys_enter_rt_sigaction
sys_enter_rt_sigaction
sys_enter_rt_sigaction
sys_enter_rt_sigaction
sys_enter_rt_sigaction
sys_enter_rt_sigaction
sys_enter_rt_sigaction
sys_enter_rt_sigaction
sys_enter_rt_sigaction
sys_enter_rt_sigaction
sys_enter_rt_sigaction
sys_enter_rt_sigaction
sys_enter_rt_sigaction
sys_enter_rt_sigaction
sys_enter_rt_sigaction
sys_enter_rt_sigaction
sys_enter_rt_sigaction
sys_enter_rt_sigaction
sys_enter_rt_sigaction
sys_enter_rt_sigaction
sys_enter_rt_sigaction
sys_enter_rt_sigaction
sys_enter_rt_sigaction
sys_enter_rt_sigaction
sys_enter_rt_sigaction
sys_enter_rt_sigaction
sys_enter_rt_sigaction
sys_enter_rt_sigaction
sys_enter_rt_sigaction
sys_enter_rt_sigaction
sys_enter_rt_sigaction
sys_enter_rt_sigaction
sys_enter_rt_sigprocmask
sys_enter_clone
sys_enter_rt_sigprocmask
sys_enter_gettid
sys_enter_sigaltstack
sys_enter_sigaltstack
sys_enter_gettid
sys_enter_rt_sigprocmask
sys_enter_rt_sigprocmask
sys_enter_clone
sys_enter_rt_sigprocmask
sys_enter_gettid
sys_enter_sigaltstack
sys_enter_sigaltstack
sys_enter_gettid
sys_enter_rt_sigprocmask
sys_enter_rt_sigprocmask
sys_enter_clone
sys_enter_rt_sigprocmask
sys_enter_futex
sys_enter_rt_sigprocmask
sys_enter_clone
sys_enter_rt_sigprocmask
sys_enter_futex
sys_enter_gettid
sys_enter_sigaltstack
sys_enter_sigaltstack
sys_enter_gettid
sys_enter_rt_sigprocmask
sys_enter_futex
sys_enter_futex
sys_enter_gettid
sys_enter_sigaltstack
sys_enter_sigaltstack
sys_enter_gettid
sys_enter_rt_sigprocmask
sys_enter_futex
sys_enter_futex
sys_enter_mmap
sys_enter_futex
sys_enter_futex
sys_enter_futex
sys_enter_openat
sys_enter_read
sys_enter_read
sys_enter_close
sys_enter_socket
sys_enter_close
sys_enter_socket
sys_enter_setsockopt
sys_enter_bind
sys_enter_socket
sys_enter_setsockopt
sys_enter_bind
sys_enter_close
sys_enter_close
sys_enter_getpid
sys_enter_getppid
sys_enter_mmap
sys_enter_mmap
sys_enter_getppid
sys_enter_openat
sys_enter_pipe2
sys_enter_getpid
sys_enter_clone
sys_enter_setsid
sys_enter_close
sys_enter_read
sys_enter_chdir
sys_enter_execve
sys_enter_close
sys_enter_exit_group
sys_enter_mmap
sys_enter_mmap
sys_enter_mprotect
sys_enter_mmap
sys_enter_mmap
sys_enter_mprotect
sys_enter_mmap
sys_enter_mprotect
sys_enter_mmap
sys_enter_mprotect
sys_enter_mmap
sys_enter_mmap
sys_enter_close
sys_enter_munmap
sys_enter_sched_getaffinity
sys_enter_mmap
sys_enter_munmap
sys_enter_mmap
sys_enter_mmap
sys_enter_mmap
sys_enter_mmap
sys_enter_mmap
sys_enter_mmap
sys_enter_rt_sigprocmask
sys_enter_sigaltstack
sys_enter_sigaltstack
sys_enter_gettid
sys_enter_rt_sigprocmask
sys_enter_rt_sigaction
sys_enter_rt_sigaction
sys_enter_rt_sigaction
sys_enter_rt_sigaction
sys_enter_rt_sigaction
sys_enter_rt_sigaction
sys_enter_rt_sigaction
sys_enter_rt_sigaction
sys_enter_rt_sigaction
sys_enter_rt_sigaction
sys_enter_rt_sigaction
sys_enter_rt_sigaction
sys_enter_rt_sigaction
sys_enter_rt_sigaction
sys_enter_rt_sigaction
sys_enter_rt_sigaction
sys_enter_rt_sigaction
sys_enter_rt_sigaction
sys_enter_rt_sigaction
sys_enter_rt_sigaction
sys_enter_rt_sigaction
sys_enter_rt_sigaction
sys_enter_rt_sigaction
sys_enter_rt_sigaction
sys_enter_rt_sigaction
sys_enter_rt_sigaction
sys_enter_rt_sigaction
sys_enter_rt_sigaction
sys_enter_rt_sigaction
sys_enter_rt_sigaction
sys_enter_rt_sigaction
sys_enter_rt_sigaction
sys_enter_rt_sigaction
sys_enter_rt_sigaction
sys_enter_rt_sigaction
sys_enter_rt_sigaction
sys_enter_rt_sigaction
sys_enter_rt_sigaction
sys_enter_rt_sigaction
sys_enter_rt_sigaction
sys_enter_rt_sigaction
sys_enter_rt_sigaction
sys_enter_rt_sigaction
sys_enter_rt_sigaction
sys_enter_rt_sigaction
sys_enter_rt_sigaction
sys_enter_rt_sigaction
sys_enter_rt_sigaction
sys_enter_rt_sigaction
sys_enter_rt_sigaction
sys_enter_rt_sigaction
sys_enter_rt_sigaction
sys_enter_rt_sigaction
sys_enter_rt_sigaction
sys_enter_rt_sigaction
sys_enter_rt_sigaction
sys_enter_rt_sigaction
sys_enter_rt_sigaction
sys_enter_rt_sigaction
sys_enter_rt_sigaction
sys_enter_rt_sigaction
sys_enter_rt_sigaction
sys_enter_rt_sigaction
sys_enter_rt_sigaction
sys_enter_rt_sigaction
sys_enter_rt_sigaction
sys_enter_rt_sigaction
sys_enter_rt_sigaction
sys_enter_rt_sigaction
sys_enter_rt_sigaction
sys_enter_rt_sigaction
sys_enter_rt_sigaction
sys_enter_rt_sigaction
sys_enter_rt_sigaction
sys_enter_rt_sigaction
sys_enter_rt_sigaction
sys_enter_rt_sigaction
sys_enter_rt_sigaction
sys_enter_rt_sigaction
sys_enter_rt_sigaction
sys_enter_rt_sigaction
sys_enter_rt_sigaction
sys_enter_rt_sigaction
sys_enter_rt_sigaction
sys_enter_rt_sigaction
sys_enter_rt_sigaction
sys_enter_rt_sigaction
sys_enter_rt_sigaction
sys_enter_rt_sigaction
sys_enter_rt_sigaction
sys_enter_rt_sigaction
sys_enter_rt_sigaction
sys_enter_rt_sigaction
sys_enter_rt_sigaction
sys_enter_rt_sigaction
sys_enter_rt_sigaction
sys_enter_rt_sigaction
sys_enter_rt_sigaction
sys_enter_rt_sigaction
sys_enter_rt_sigaction
sys_enter_rt_sigaction
sys_enter_rt_sigaction
sys_enter_rt_sigaction
sys_enter_rt_sigaction
sys_enter_rt_sigaction
sys_enter_rt_sigaction
sys_enter_rt_sigaction
sys_enter_rt_sigaction
sys_enter_rt_sigaction
sys_enter_rt_sigaction
sys_enter_rt_sigaction
sys_enter_rt_sigaction
sys_enter_rt_sigaction
sys_enter_rt_sigaction
sys_enter_rt_sigprocmask
sys_enter_clone
sys_enter_rt_sigprocmask
sys_enter_gettid
sys_enter_sigaltstack
sys_enter_sigaltstack
sys_enter_gettid
sys_enter_rt_sigprocmask
sys_enter_rt_sigprocmask
sys_enter_clone
sys_enter_rt_sigprocmask
sys_enter_gettid
sys_enter_sigaltstack
sys_enter_sigaltstack
sys_enter_gettid
sys_enter_rt_sigprocmask
sys_enter_rt_sigprocmask
sys_enter_clone
sys_enter_rt_sigprocmask
sys_enter_futex
sys_enter_gettid
sys_enter_sigaltstack
sys_enter_sigaltstack
sys_enter_gettid
sys_enter_rt_sigprocmask
sys_enter_futex
sys_enter_futex
sys_enter_gettid
sys_enter_sigaltstack
sys_enter_rt_sigprocmask
sys_enter_clone
sys_enter_rt_sigprocmask
sys_enter_futex
sys_enter_sigaltstack
sys_enter_gettid
sys_enter_rt_sigprocmask
sys_enter_futex
sys_enter_futex
sys_enter_mmap
sys_enter_futex
sys_enter_futex
sys_enter_futex
sys_enter_openat
sys_enter_read
sys_enter_read
sys_enter_close
sys_enter_socket
sys_enter_close
sys_enter_socket
sys_enter_setsockopt
sys_enter_bind
sys_enter_socket
sys_enter_setsockopt
sys_enter_bind
sys_enter_close
sys_enter_close
sys_enter_getpid
sys_enter_getppid
sys_enter_mmap
sys_enter_mmap
sys_enter_getppid
sys_enter_openat
sys_enter_pipe2
sys_enter_getpid
sys_enter_clone
sys_enter_setsid
sys_enter_close
sys_enter_read
sys_enter_chdir
sys_enter_execve
sys_enter_close
sys_enter_exit_group
sys_enter_mmap
sys_enter_mmap
sys_enter_mprotect
sys_enter_mmap
sys_enter_mmap
sys_enter_mprotect
sys_enter_mmap
sys_enter_mprotect
sys_enter_mmap
sys_enter_mprotect
sys_enter_mmap
sys_enter_mmap
sys_enter_close
sys_enter_munmap
sys_enter_sched_getaffinity
sys_enter_mmap
sys_enter_munmap
sys_enter_mmap
sys_enter_mmap
sys_enter_mmap
sys_enter_mmap
sys_enter_mmap
sys_enter_mmap
sys_enter_rt_sigprocmask
sys_enter_sigaltstack
sys_enter_sigaltstack
sys_enter_gettid
sys_enter_rt_sigprocmask
sys_enter_rt_sigaction
sys_enter_rt_sigaction
sys_enter_rt_sigaction
sys_enter_rt_sigaction
sys_enter_rt_sigaction
sys_enter_rt_sigaction
sys_enter_rt_sigaction
sys_enter_rt_sigaction
sys_enter_rt_sigaction
sys_enter_rt_sigaction
sys_enter_rt_sigaction
sys_enter_rt_sigaction
sys_enter_rt_sigaction
sys_enter_rt_sigaction
sys_enter_rt_sigaction
sys_enter_rt_sigaction
sys_enter_rt_sigaction
sys_enter_rt_sigaction
sys_enter_rt_sigaction
sys_enter_rt_sigaction
sys_enter_rt_sigaction
sys_enter_rt_sigaction
sys_enter_rt_sigaction
sys_enter_rt_sigaction
sys_enter_rt_sigaction
sys_enter_rt_sigaction
sys_enter_rt_sigaction
sys_enter_rt_sigaction
sys_enter_rt_sigaction
sys_enter_rt_sigaction
sys_enter_rt_sigaction
sys_enter_rt_sigaction
sys_enter_rt_sigaction
sys_enter_rt_sigaction
sys_enter_rt_sigaction
sys_enter_rt_sigaction
sys_enter_rt_sigaction
sys_enter_rt_sigaction
sys_enter_rt_sigaction
sys_enter_rt_sigaction
sys_enter_rt_sigaction
sys_enter_rt_sigaction
sys_enter_rt_sigaction
sys_enter_rt_sigaction
sys_enter_rt_sigaction
sys_enter_rt_sigaction
sys_enter_rt_sigaction
sys_enter_rt_sigaction
sys_enter_rt_sigaction
sys_enter_rt_sigaction
sys_enter_rt_sigaction
sys_enter_rt_sigaction
sys_enter_rt_sigaction
sys_enter_rt_sigaction
sys_enter_rt_sigaction
sys_enter_rt_sigaction
sys_enter_rt_sigaction
sys_enter_rt_sigaction
sys_enter_rt_sigaction
sys_enter_rt_sigaction
sys_enter_rt_sigaction
sys_enter_rt_sigaction
sys_enter_rt_sigaction
sys_enter_rt_sigaction
sys_enter_rt_sigaction
sys_enter_rt_sigaction
sys_enter_rt_sigaction
sys_enter_rt_sigaction
sys_enter_rt_sigaction
sys_enter_rt_sigaction
sys_enter_rt_sigaction
sys_enter_rt_sigaction
sys_enter_rt_sigaction
sys_enter_rt_sigaction
sys_enter_rt_sigaction
sys_enter_rt_sigaction
sys_enter_rt_sigaction
sys_enter_rt_sigaction
sys_enter_rt_sigaction
sys_enter_rt_sigaction
sys_enter_rt_sigaction
sys_enter_rt_sigaction
sys_enter_rt_sigaction
sys_enter_rt_sigaction
sys_enter_rt_sigaction
sys_enter_rt_sigaction
sys_enter_rt_sigaction
sys_enter_rt_sigaction
sys_enter_rt_sigaction
sys_enter_rt_sigaction
sys_enter_rt_sigaction
sys_enter_rt_sigaction
sys_enter_rt_sigaction
sys_enter_rt_sigaction
sys_enter_rt_sigaction
sys_enter_rt_sigaction
sys_enter_rt_sigaction
sys_enter_rt_sigaction
sys_enter_rt_sigaction
sys_enter_rt_sigaction
sys_enter_rt_sigaction
sys_enter_rt_sigaction
sys_enter_rt_sigaction
sys_enter_rt_sigaction
sys_enter_rt_sigaction
sys_enter_rt_sigaction
sys_enter_rt_sigaction
sys_enter_rt_sigaction
sys_enter_rt_sigaction
sys_enter_rt_sigaction
sys_enter_rt_sigaction
sys_enter_rt_sigaction
sys_enter_rt_sigaction
sys_enter_rt_sigaction
sys_enter_rt_sigprocmask
sys_enter_clone
sys_enter_rt_sigprocmask
sys_enter_gettid
sys_enter_rt_sigprocmask
sys_enter_clone
sys_enter_rt_sigprocmask
sys_enter_sigaltstack
sys_enter_sigaltstack
sys_enter_gettid
sys_enter_rt_sigprocmask
sys_enter_gettid
sys_enter_rt_sigprocmask
sys_enter_clone
sys_enter_sigaltstack
sys_enter_sigaltstack
sys_enter_gettid
sys_enter_rt_sigprocmask
sys_enter_rt_sigprocmask
sys_enter_futex
sys_enter_gettid
sys_enter_gettid
sys_enter_sigaltstack
sys_enter_sigaltstack
sys_enter_gettid
sys_enter_rt_sigprocmask
sys_enter_futex
sys_enter_futex
sys_enter_rt_sigprocmask
sys_enter_clone
sys_enter_rt_sigprocmask
sys_enter_futex
sys_enter_sigaltstack
sys_enter_sigaltstack
sys_enter_gettid
sys_enter_rt_sigprocmask
sys_enter_futex
sys_enter_futex
sys_enter_mmap
sys_enter_futex
sys_enter_futex
sys_enter_futex
sys_enter_openat
sys_enter_read
sys_enter_read
sys_enter_close
sys_enter_socket
sys_enter_close
sys_enter_socket
sys_enter_setsockopt
sys_enter_bind
sys_enter_socket
sys_enter_setsockopt
sys_enter_bind
sys_enter_close
sys_enter_close
sys_enter_getpid
sys_enter_getppid
sys_enter_mmap
sys_enter_mmap
sys_enter_getppid
sys_enter_openat
sys_enter_pipe2
sys_enter_getpid
sys_enter_clone
sys_enter_setsid
sys_enter_close
sys_enter_read
sys_enter_chdir
sys_enter_execve
sys_enter_close
sys_enter_exit_group
sys_enter_mmap
sys_enter_mmap
sys_enter_mprotect
sys_enter_mmap
sys_enter_mmap
sys_enter_mprotect
sys_enter_mmap
sys_enter_mprotect
sys_enter_mmap
sys_enter_mprotect
sys_enter_mmap
sys_enter_mmap
sys_enter_close
sys_enter_munmap
sys_enter_sched_getaffinity
sys_enter_mmap
sys_enter_munmap
sys_enter_mmap
sys_enter_mmap
sys_enter_mmap
sys_enter_mmap
sys_enter_mmap
sys_enter_mmap
sys_enter_rt_sigprocmask
sys_enter_sigaltstack
sys_enter_sigaltstack
sys_enter_gettid
sys_enter_rt_sigprocmask
sys_enter_rt_sigaction
sys_enter_rt_sigaction
sys_enter_rt_sigaction
sys_enter_rt_sigaction
sys_enter_rt_sigaction
sys_enter_rt_sigaction
sys_enter_rt_sigaction
sys_enter_rt_sigaction
sys_enter_rt_sigaction
sys_enter_rt_sigaction
sys_enter_rt_sigaction
sys_enter_rt_sigaction
sys_enter_rt_sigaction
sys_enter_rt_sigaction
sys_enter_rt_sigaction
sys_enter_rt_sigaction
sys_enter_rt_sigaction
sys_enter_rt_sigaction
sys_enter_rt_sigaction
sys_enter_rt_sigaction
sys_enter_rt_sigaction
sys_enter_rt_sigaction
sys_enter_rt_sigaction
sys_enter_rt_sigaction
sys_enter_rt_sigaction
sys_enter_rt_sigaction
sys_enter_rt_sigaction
sys_enter_rt_sigaction
sys_enter_rt_sigaction
sys_enter_rt_sigaction
sys_enter_rt_sigaction
sys_enter_rt_sigaction
sys_enter_rt_sigaction
sys_enter_rt_sigaction
sys_enter_rt_sigaction
sys_enter_rt_sigaction
sys_enter_rt_sigaction
sys_enter_rt_sigaction
sys_enter_rt_sigaction
sys_enter_rt_sigaction
sys_enter_rt_sigaction
sys_enter_rt_sigaction
sys_enter_rt_sigaction
sys_enter_rt_sigaction
sys_enter_rt_sigaction
sys_enter_rt_sigaction
sys_enter_rt_sigaction
sys_enter_rt_sigaction
sys_enter_rt_sigaction
sys_enter_rt_sigaction
sys_enter_rt_sigaction
sys_enter_rt_sigaction
sys_enter_rt_sigaction
sys_enter_rt_sigaction
sys_enter_rt_sigaction
sys_enter_rt_sigaction
sys_enter_rt_sigaction
sys_enter_rt_sigaction
sys_enter_rt_sigaction
sys_enter_rt_sigaction
sys_enter_rt_sigaction
sys_enter_rt_sigaction
sys_enter_rt_sigaction
sys_enter_rt_sigaction
sys_enter_rt_sigaction
sys_enter_rt_sigaction
sys_enter_rt_sigaction
sys_enter_rt_sigaction
sys_enter_rt_sigaction
sys_enter_rt_sigaction
sys_enter_rt_sigaction
sys_enter_rt_sigaction
sys_enter_rt_sigaction
sys_enter_rt_sigaction
sys_enter_rt_sigaction
sys_enter_rt_sigaction
sys_enter_rt_sigaction
sys_enter_rt_sigaction
sys_enter_rt_sigaction
sys_enter_rt_sigaction
sys_enter_rt_sigaction
sys_enter_rt_sigaction
sys_enter_rt_sigaction
sys_enter_rt_sigaction
sys_enter_rt_sigaction
sys_enter_rt_sigaction
sys_enter_rt_sigaction
sys_enter_rt_sigaction
sys_enter_rt_sigaction
sys_enter_rt_sigaction
sys_enter_rt_sigaction
sys_enter_rt_sigaction
sys_enter_rt_sigaction
sys_enter_rt_sigaction
sys_enter_rt_sigaction
sys_enter_rt_sigaction
sys_enter_rt_sigaction
sys_enter_rt_sigaction
sys_enter_rt_sigaction
sys_enter_rt_sigaction
sys_enter_rt_sigaction
sys_enter_rt_sigaction
sys_enter_rt_sigaction
sys_enter_rt_sigaction
sys_enter_rt_sigaction
sys_enter_rt_sigaction
sys_enter_rt_sigaction
sys_enter_rt_sigaction
sys_enter_rt_sigaction
sys_enter_rt_sigaction
sys_enter_rt_sigaction
sys_enter_rt_sigaction
sys_enter_rt_sigaction
sys_enter_rt_sigaction
sys_enter_rt_sigprocmask
sys_enter_clone
sys_enter_rt_sigprocmask
sys_enter_gettid
sys_enter_sigaltstack
sys_enter_sigaltstack
sys_enter_gettid
sys_enter_rt_sigprocmask
sys_enter_rt_sigprocmask
sys_enter_clone
sys_enter_rt_sigprocmask
sys_enter_gettid
sys_enter_sigaltstack
sys_enter_sigaltstack
sys_enter_gettid
sys_enter_rt_sigprocmask
sys_enter_rt_sigprocmask
sys_enter_clone
sys_enter_rt_sigprocmask
sys_enter_futex
sys_enter_gettid
sys_enter_gettid
sys_enter_sigaltstack
sys_enter_sigaltstack
sys_enter_gettid
sys_enter_rt_sigprocmask
sys_enter_futex
sys_enter_futex
sys_enter_rt_sigprocmask
sys_enter_clone
sys_enter_rt_sigprocmask
sys_enter_futex
sys_enter_sigaltstack
sys_enter_sigaltstack
sys_enter_gettid
sys_enter_rt_sigprocmask
sys_enter_futex
sys_enter_futex
sys_enter_mmap
sys_enter_futex
sys_enter_futex
sys_enter_futex
sys_enter_openat
sys_enter_read
sys_enter_read
sys_enter_close
sys_enter_socket
sys_enter_close
sys_enter_socket
sys_enter_setsockopt
sys_enter_bind
sys_enter_socket
sys_enter_setsockopt
sys_enter_bind
sys_enter_close
sys_enter_close
sys_enter_getpid
sys_enter_getppid
sys_enter_mmap
sys_enter_mmap
sys_enter_getppid
sys_enter_openat
sys_enter_pipe2
sys_enter_getpid
sys_enter_clone
sys_enter_setsid
sys_enter_close
sys_enter_read
sys_enter_chdir
sys_enter_execve
sys_enter_close
sys_enter_mmap
sys_enter_mmap
sys_enter_exit_group
sys_enter_mprotect
sys_enter_mmap
sys_enter_mmap
sys_enter_mprotect
sys_enter_mmap
sys_enter_mprotect
sys_enter_mmap
sys_enter_mprotect
sys_enter_mmap
sys_enter_mmap
sys_enter_close
sys_enter_munmap
sys_enter_sched_getaffinity
sys_enter_mmap
sys_enter_munmap
sys_enter_mmap
sys_enter_mmap
sys_enter_mmap
sys_enter_mmap
sys_enter_mmap
sys_enter_mmap
sys_enter_rt_sigprocmask
sys_enter_sigaltstack
sys_enter_sigaltstack
sys_enter_gettid
sys_enter_rt_sigprocmask
sys_enter_rt_sigaction
sys_enter_rt_sigaction
sys_enter_rt_sigaction
sys_enter_rt_sigaction
sys_enter_rt_sigaction
sys_enter_rt_sigaction
sys_enter_rt_sigaction
sys_enter_rt_sigaction
sys_enter_rt_sigaction
sys_enter_rt_sigaction
sys_enter_rt_sigaction
sys_enter_rt_sigaction
sys_enter_rt_sigaction
sys_enter_rt_sigaction
sys_enter_rt_sigaction
sys_enter_rt_sigaction
sys_enter_rt_sigaction
sys_enter_rt_sigaction
sys_enter_rt_sigaction
sys_enter_rt_sigaction
sys_enter_rt_sigaction
sys_enter_rt_sigaction
sys_enter_rt_sigaction
sys_enter_rt_sigaction
sys_enter_rt_sigaction
sys_enter_rt_sigaction
sys_enter_rt_sigaction
sys_enter_rt_sigaction
sys_enter_rt_sigaction
sys_enter_rt_sigaction
sys_enter_rt_sigaction
sys_enter_rt_sigaction
sys_enter_rt_sigaction
sys_enter_rt_sigaction
sys_enter_rt_sigaction
sys_enter_rt_sigaction
sys_enter_rt_sigaction
sys_enter_rt_sigaction
sys_enter_rt_sigaction
sys_enter_rt_sigaction
sys_enter_rt_sigaction
sys_enter_rt_sigaction
sys_enter_rt_sigaction
sys_enter_rt_sigaction
sys_enter_rt_sigaction
sys_enter_rt_sigaction
sys_enter_rt_sigaction
sys_enter_rt_sigaction
sys_enter_rt_sigaction
sys_enter_rt_sigaction
sys_enter_rt_sigaction
sys_enter_rt_sigaction
sys_enter_rt_sigaction
sys_enter_rt_sigaction
sys_enter_rt_sigaction
sys_enter_rt_sigaction
sys_enter_rt_sigaction
sys_enter_rt_sigaction
sys_enter_rt_sigaction
sys_enter_rt_sigaction
sys_enter_rt_sigaction
sys_enter_rt_sigaction
sys_enter_rt_sigaction
sys_enter_rt_sigaction
sys_enter_rt_sigaction
sys_enter_rt_sigaction
sys_enter_rt_sigaction
sys_enter_rt_sigaction
sys_enter_rt_sigaction
sys_enter_rt_sigaction
sys_enter_rt_sigaction
sys_enter_rt_sigaction
sys_enter_rt_sigaction
sys_enter_rt_sigaction
sys_enter_rt_sigaction
sys_enter_rt_sigaction
sys_enter_rt_sigaction
sys_enter_rt_sigaction
sys_enter_rt_sigaction
sys_enter_rt_sigaction
sys_enter_rt_sigaction
sys_enter_rt_sigaction
sys_enter_rt_sigaction
sys_enter_rt_sigaction
sys_enter_rt_sigaction
sys_enter_rt_sigaction
sys_enter_rt_sigaction
sys_enter_rt_sigaction
sys_enter_rt_sigaction
sys_enter_rt_sigaction
sys_enter_rt_sigaction
sys_enter_rt_sigaction
sys_enter_rt_sigaction
sys_enter_rt_sigaction
sys_enter_rt_sigaction
sys_enter_rt_sigaction
sys_enter_rt_sigaction
sys_enter_rt_sigaction
sys_enter_rt_sigaction
sys_enter_rt_sigaction
sys_enter_rt_sigaction
sys_enter_rt_sigaction
sys_enter_rt_sigaction
sys_enter_rt_sigaction
sys_enter_rt_sigaction
sys_enter_rt_sigaction
sys_enter_rt_sigaction
sys_enter_rt_sigaction
sys_enter_rt_sigaction
sys_enter_rt_sigaction
sys_enter_rt_sigaction
sys_enter_rt_sigaction
sys_enter_rt_sigaction
sys_enter_rt_sigaction
sys_enter_rt_sigprocmask
sys_enter_clone
sys_enter_rt_sigprocmask
sys_enter_gettid
sys_enter_sigaltstack
sys_enter_sigaltstack
sys_enter_gettid
sys_enter_rt_sigprocmask
sys_enter_rt_sigprocmask
sys_enter_clone
sys_enter_rt_sigprocmask
sys_enter_gettid
sys_enter_sigaltstack
sys_enter_sigaltstack
sys_enter_gettid
sys_enter_rt_sigprocmask
sys_enter_rt_sigprocmask
sys_enter_clone
sys_enter_rt_sigprocmask
sys_enter_futex
sys_enter_gettid
sys_enter_sigaltstack
sys_enter_sigaltstack
sys_enter_gettid
sys_enter_rt_sigprocmask
sys_enter_rt_sigprocmask
sys_enter_clone
sys_enter_futex
sys_enter_futex
sys_enter_rt_sigprocmask
sys_enter_futex
sys_enter_gettid
sys_enter_sigaltstack
sys_enter_sigaltstack
sys_enter_gettid
sys_enter_rt_sigprocmask
sys_enter_futex
sys_enter_futex
sys_enter_mmap
sys_enter_futex
sys_enter_futex
sys_enter_futex
sys_enter_openat
sys_enter_read
sys_enter_read
sys_enter_close
sys_enter_socket
sys_enter_close
sys_enter_socket
sys_enter_setsockopt
sys_enter_bind
sys_enter_socket
sys_enter_setsockopt
sys_enter_bind
sys_enter_close
sys_enter_close
sys_enter_getpid
sys_enter_getppid
sys_enter_mmap
sys_enter_mmap
sys_enter_getppid
sys_enter_openat
sys_enter_pipe2
sys_enter_getpid
sys_enter_clone
sys_enter_setsid
sys_enter_close
sys_enter_read
sys_enter_chdir
sys_enter_execve
sys_enter_close
sys_enter_exit_group
sys_enter_mmap
sys_enter_mmap
sys_enter_mprotect
sys_enter_mmap
sys_enter_mmap
sys_enter_mprotect
sys_enter_mmap
sys_enter_mprotect
sys_enter_mmap
sys_enter_mprotect
sys_enter_mmap
sys_enter_mmap
sys_enter_close
sys_enter_munmap
sys_enter_sched_getaffinity
sys_enter_mmap
sys_enter_munmap
sys_enter_mmap
sys_enter_mmap
sys_enter_mmap
sys_enter_mmap
sys_enter_mmap
sys_enter_mmap
sys_enter_rt_sigprocmask
sys_enter_sigaltstack
sys_enter_sigaltstack
sys_enter_gettid
sys_enter_rt_sigprocmask
sys_enter_rt_sigaction
sys_enter_rt_sigaction
sys_enter_rt_sigaction
sys_enter_rt_sigaction
sys_enter_rt_sigaction
sys_enter_rt_sigaction
sys_enter_rt_sigaction
sys_enter_rt_sigaction
sys_enter_rt_sigaction
sys_enter_rt_sigaction
sys_enter_rt_sigaction
sys_enter_rt_sigaction
sys_enter_rt_sigaction
sys_enter_rt_sigaction
sys_enter_rt_sigaction
sys_enter_rt_sigaction
sys_enter_rt_sigaction
sys_enter_rt_sigaction
sys_enter_rt_sigaction
sys_enter_rt_sigaction
sys_enter_rt_sigaction
sys_enter_rt_sigaction
sys_enter_rt_sigaction
sys_enter_rt_sigaction
sys_enter_rt_sigaction
sys_enter_rt_sigaction
sys_enter_rt_sigaction
sys_enter_rt_sigaction
sys_enter_rt_sigaction
sys_enter_rt_sigaction
sys_enter_rt_sigaction
sys_enter_rt_sigaction
sys_enter_rt_sigaction
sys_enter_rt_sigaction
sys_enter_rt_sigaction
sys_enter_rt_sigaction
sys_enter_rt_sigaction
sys_enter_rt_sigaction
sys_enter_rt_sigaction
sys_enter_rt_sigaction
sys_enter_rt_sigaction
sys_enter_rt_sigaction
sys_enter_rt_sigaction
sys_enter_rt_sigaction
sys_enter_rt_sigaction
sys_enter_rt_sigaction
sys_enter_rt_sigaction
sys_enter_rt_sigaction
sys_enter_rt_sigaction
sys_enter_rt_sigaction
sys_enter_rt_sigaction
sys_enter_rt_sigaction
sys_enter_rt_sigaction
sys_enter_rt_sigaction
sys_enter_rt_sigaction
sys_enter_rt_sigaction
sys_enter_rt_sigaction
sys_enter_rt_sigaction
sys_enter_rt_sigaction
sys_enter_rt_sigaction
sys_enter_rt_sigaction
sys_enter_rt_sigaction
sys_enter_rt_sigaction
sys_enter_rt_sigaction
sys_enter_rt_sigaction
sys_enter_rt_sigaction
sys_enter_rt_sigaction
sys_enter_rt_sigaction
sys_enter_rt_sigaction
sys_enter_rt_sigaction
sys_enter_rt_sigaction
sys_enter_rt_sigaction
sys_enter_rt_sigaction
sys_enter_rt_sigaction
sys_enter_rt_sigaction
sys_enter_rt_sigaction
sys_enter_rt_sigaction
sys_enter_rt_sigaction
sys_enter_rt_sigaction
sys_enter_rt_sigaction
sys_enter_rt_sigaction
sys_enter_rt_sigaction
sys_enter_rt_sigaction
sys_enter_rt_sigaction
sys_enter_rt_sigaction
sys_enter_rt_sigaction
sys_enter_rt_sigaction
sys_enter_rt_sigaction
sys_enter_rt_sigaction
sys_enter_rt_sigaction
sys_enter_rt_sigaction
sys_enter_rt_sigaction
sys_enter_rt_sigaction
sys_enter_rt_sigaction
sys_enter_rt_sigaction
sys_enter_rt_sigaction
sys_enter_rt_sigaction
sys_enter_rt_sigaction
sys_enter_rt_sigaction
sys_enter_rt_sigaction
sys_enter_rt_sigaction
sys_enter_rt_sigaction
sys_enter_rt_sigaction
sys_enter_rt_sigaction
sys_enter_rt_sigaction
sys_enter_rt_sigaction
sys_enter_rt_sigaction
sys_enter_rt_sigaction
sys_enter_rt_sigaction
sys_enter_rt_sigaction
sys_enter_rt_sigaction
sys_enter_rt_sigaction
sys_enter_rt_sigaction
sys_enter_rt_sigaction
sys_enter_rt_sigprocmask
sys_enter_clone
sys_enter_rt_sigprocmask
sys_enter_gettid
sys_enter_sigaltstack
sys_enter_sigaltstack
sys_enter_gettid
sys_enter_rt_sigprocmask
sys_enter_rt_sigprocmask
sys_enter_clone
sys_enter_rt_sigprocmask
sys_enter_gettid
sys_enter_sigaltstack
sys_enter_sigaltstack
sys_enter_rt_sigprocmask
sys_enter_clone
sys_enter_gettid
sys_enter_rt_sigprocmask
sys_enter_rt_sigprocmask
sys_enter_sched_yield
sys_enter_gettid
sys_enter_futex
sys_enter_sigaltstack
sys_enter_sigaltstack
sys_enter_futex
sys_enter_rt_sigprocmask
sys_enter_gettid
sys_enter_clone
sys_enter_rt_sigprocmask
sys_enter_futex
sys_enter_futex
sys_enter_rt_sigprocmask
sys_enter_futex
sys_enter_gettid
sys_enter_sigaltstack
sys_enter_sigaltstack
sys_enter_gettid
sys_enter_rt_sigprocmask
sys_enter_futex
sys_enter_futex
sys_enter_mmap
sys_enter_futex
sys_enter_futex
sys_enter_futex
sys_enter_openat
sys_enter_read
sys_enter_read
sys_enter_close
sys_enter_socket
sys_enter_close
sys_enter_socket
sys_enter_setsockopt
sys_enter_bind
sys_enter_socket
sys_enter_setsockopt
sys_enter_bind
sys_enter_close
sys_enter_close
sys_enter_getpid
sys_enter_getppid
sys_enter_mmap
sys_enter_mmap
sys_enter_getppid
sys_enter_openat
sys_enter_pipe2
sys_enter_getpid
sys_enter_clone
sys_enter_setsid
sys_enter_close
sys_enter_read
sys_enter_chdir
sys_enter_execve
sys_enter_close
sys_enter_exit_group
sys_enter_mmap
sys_enter_mmap
sys_enter_mprotect
sys_enter_mmap
sys_enter_mmap
sys_enter_mprotect
sys_enter_mmap
sys_enter_mprotect
sys_enter_mmap
sys_enter_mprotect
sys_enter_mmap
sys_enter_mmap
sys_enter_close
sys_enter_munmap
sys_enter_sched_getaffinity
sys_enter_mmap
sys_enter_munmap
sys_enter_mmap
sys_enter_mmap
sys_enter_mmap
sys_enter_mmap
sys_enter_mmap
sys_enter_mmap
sys_enter_rt_sigprocmask
sys_enter_sigaltstack
sys_enter_sigaltstack
sys_enter_gettid
sys_enter_rt_sigprocmask
sys_enter_rt_sigaction
sys_enter_rt_sigaction
sys_enter_rt_sigaction
sys_enter_rt_sigaction
sys_enter_rt_sigaction
sys_enter_rt_sigaction
sys_enter_rt_sigaction
sys_enter_rt_sigaction
sys_enter_rt_sigaction
sys_enter_rt_sigaction
sys_enter_rt_sigaction
sys_enter_rt_sigaction
sys_enter_rt_sigaction
sys_enter_rt_sigaction
sys_enter_rt_sigaction
sys_enter_rt_sigaction
sys_enter_rt_sigaction
sys_enter_rt_sigaction
sys_enter_rt_sigaction
sys_enter_rt_sigaction
sys_enter_rt_sigaction
sys_enter_rt_sigaction
sys_enter_rt_sigaction
sys_enter_rt_sigaction
sys_enter_rt_sigaction
sys_enter_rt_sigaction
sys_enter_rt_sigaction
sys_enter_rt_sigaction
sys_enter_rt_sigaction
sys_enter_rt_sigaction
sys_enter_rt_sigaction
sys_enter_rt_sigaction
sys_enter_rt_sigaction
sys_enter_rt_sigaction
sys_enter_rt_sigaction
sys_enter_rt_sigaction
sys_enter_rt_sigaction
sys_enter_rt_sigaction
sys_enter_rt_sigaction
sys_enter_rt_sigaction
sys_enter_rt_sigaction
sys_enter_rt_sigaction
sys_enter_rt_sigaction
sys_enter_rt_sigaction
sys_enter_rt_sigaction
sys_enter_rt_sigaction
sys_enter_rt_sigaction
sys_enter_rt_sigaction
sys_enter_rt_sigaction
sys_enter_rt_sigaction
sys_enter_rt_sigaction
sys_enter_rt_sigaction
sys_enter_rt_sigaction
sys_enter_rt_sigaction
sys_enter_rt_sigaction
sys_enter_rt_sigaction
sys_enter_rt_sigaction
sys_enter_rt_sigaction
sys_enter_rt_sigaction
sys_enter_rt_sigaction
sys_enter_rt_sigaction
sys_enter_rt_sigaction
sys_enter_rt_sigaction
sys_enter_rt_sigaction
sys_enter_rt_sigaction
sys_enter_rt_sigaction
sys_enter_rt_sigaction
sys_enter_rt_sigaction
sys_enter_rt_sigaction
sys_enter_rt_sigaction
sys_enter_rt_sigaction
sys_enter_rt_sigaction
sys_enter_rt_sigaction
sys_enter_rt_sigaction
sys_enter_rt_sigaction
sys_enter_rt_sigaction
sys_enter_rt_sigaction
sys_enter_rt_sigaction
sys_enter_rt_sigaction
sys_enter_rt_sigaction
sys_enter_rt_sigaction
sys_enter_rt_sigaction
sys_enter_rt_sigaction
sys_enter_rt_sigaction
sys_enter_rt_sigaction
sys_enter_rt_sigaction
sys_enter_rt_sigaction
sys_enter_rt_sigaction
sys_enter_rt_sigaction
sys_enter_rt_sigaction
sys_enter_rt_sigaction
sys_enter_rt_sigaction
sys_enter_rt_sigaction
sys_enter_rt_sigaction
sys_enter_rt_sigaction
sys_enter_rt_sigaction
sys_enter_rt_sigaction
sys_enter_rt_sigaction
sys_enter_rt_sigaction
sys_enter_rt_sigaction
sys_enter_rt_sigaction
sys_enter_rt_sigaction
sys_enter_rt_sigaction
sys_enter_rt_sigaction
sys_enter_rt_sigaction
sys_enter_rt_sigaction
sys_enter_rt_sigaction
sys_enter_rt_sigaction
sys_enter_rt_sigaction
sys_enter_rt_sigaction
sys_enter_rt_sigaction
sys_enter_rt_sigaction
sys_enter_rt_sigaction
sys_enter_rt_sigaction
sys_enter_rt_sigprocmask
sys_enter_clone
sys_enter_rt_sigprocmask
sys_enter_gettid
sys_enter_sigaltstack
sys_enter_sigaltstack
sys_enter_gettid
sys_enter_rt_sigprocmask
sys_enter_rt_sigprocmask
sys_enter_clone
sys_enter_rt_sigprocmask
sys_enter_gettid
sys_enter_sigaltstack
sys_enter_sigaltstack
sys_enter_gettid
sys_enter_rt_sigprocmask
sys_enter_clone
sys_enter_rt_sigprocmask
sys_enter_rt_sigprocmask
sys_enter_futex
sys_enter_gettid
sys_enter_sigaltstack
sys_enter_sigaltstack
sys_enter_gettid
sys_enter_rt_sigprocmask
sys_enter_futex
sys_enter_futex
sys_enter_rt_sigprocmask
sys_enter_clone
sys_enter_rt_sigprocmask
sys_enter_futex
sys_enter_gettid
sys_enter_sigaltstack
sys_enter_sigaltstack
sys_enter_gettid
sys_enter_rt_sigprocmask
sys_enter_futex
sys_enter_futex
sys_enter_mmap
sys_enter_futex
sys_enter_futex
sys_enter_futex
sys_enter_openat
sys_enter_read
sys_enter_read
sys_enter_close
sys_enter_socket
sys_enter_close
sys_enter_socket
sys_enter_setsockopt
sys_enter_bind
sys_enter_socket
sys_enter_setsockopt
sys_enter_bind
sys_enter_close
sys_enter_close
sys_enter_getpid
sys_enter_getppid
sys_enter_mmap
sys_enter_mmap
sys_enter_getppid
sys_enter_openat
sys_enter_pipe2
sys_enter_getpid
sys_enter_clone
sys_enter_setsid
sys_enter_close
sys_enter_read
sys_enter_chdir
sys_enter_execve
sys_enter_close
sys_enter_exit_group
sys_enter_mmap
sys_enter_mmap
sys_enter_mprotect
sys_enter_mmap
sys_enter_mmap
sys_enter_mprotect
sys_enter_mmap
sys_enter_mprotect
sys_enter_mmap
sys_enter_mprotect
sys_enter_mmap
sys_enter_mmap
sys_enter_close
sys_enter_munmap
sys_enter_sched_getaffinity
sys_enter_mmap
sys_enter_munmap
sys_enter_mmap
sys_enter_mmap
sys_enter_mmap
sys_enter_mmap
sys_enter_mmap
sys_enter_mmap
sys_enter_rt_sigprocmask
sys_enter_sigaltstack
sys_enter_sigaltstack
sys_enter_gettid
sys_enter_rt_sigprocmask
sys_enter_rt_sigaction
sys_enter_rt_sigaction
sys_enter_rt_sigaction
sys_enter_rt_sigaction
sys_enter_rt_sigaction
sys_enter_rt_sigaction
sys_enter_rt_sigaction
sys_enter_rt_sigaction
sys_enter_rt_sigaction
sys_enter_rt_sigaction
sys_enter_rt_sigaction
sys_enter_rt_sigaction
sys_enter_rt_sigaction
sys_enter_rt_sigaction
sys_enter_rt_sigaction
sys_enter_rt_sigaction
sys_enter_rt_sigaction
sys_enter_rt_sigaction
sys_enter_rt_sigaction
sys_enter_rt_sigaction
sys_enter_rt_sigaction
sys_enter_rt_sigaction
sys_enter_rt_sigaction
sys_enter_rt_sigaction
sys_enter_rt_sigaction
sys_enter_rt_sigaction
sys_enter_rt_sigaction
sys_enter_rt_sigaction
sys_enter_rt_sigaction
sys_enter_rt_sigaction
sys_enter_rt_sigaction
sys_enter_rt_sigaction
sys_enter_rt_sigaction
sys_enter_rt_sigaction
sys_enter_rt_sigaction
sys_enter_rt_sigaction
sys_enter_rt_sigaction
sys_enter_rt_sigaction
sys_enter_rt_sigaction
sys_enter_rt_sigaction
sys_enter_rt_sigaction
sys_enter_rt_sigaction
sys_enter_rt_sigaction
sys_enter_rt_sigaction
sys_enter_rt_sigaction
sys_enter_rt_sigaction
sys_enter_rt_sigaction
sys_enter_rt_sigaction
sys_enter_rt_sigaction
sys_enter_rt_sigaction
sys_enter_rt_sigaction
sys_enter_rt_sigaction
sys_enter_rt_sigaction
sys_enter_rt_sigaction
sys_enter_rt_sigaction
sys_enter_rt_sigaction
sys_enter_rt_sigaction
sys_enter_rt_sigaction
sys_enter_rt_sigaction
sys_enter_rt_sigaction
sys_enter_rt_sigaction
sys_enter_rt_sigaction
sys_enter_rt_sigaction
sys_enter_rt_sigaction
sys_enter_rt_sigaction
sys_enter_rt_sigaction
sys_enter_rt_sigaction
sys_enter_rt_sigaction
sys_enter_rt_sigaction
sys_enter_rt_sigaction
sys_enter_rt_sigaction
sys_enter_rt_sigaction
sys_enter_rt_sigaction
sys_enter_rt_sigaction
sys_enter_rt_sigaction
sys_enter_rt_sigaction
sys_enter_rt_sigaction
sys_enter_rt_sigaction
sys_enter_rt_sigaction
sys_enter_rt_sigaction
sys_enter_rt_sigaction
sys_enter_rt_sigaction
sys_enter_rt_sigaction
sys_enter_rt_sigaction
sys_enter_rt_sigaction
sys_enter_rt_sigaction
sys_enter_rt_sigaction
sys_enter_rt_sigaction
sys_enter_rt_sigaction
sys_enter_rt_sigaction
sys_enter_rt_sigaction
sys_enter_rt_sigaction
sys_enter_rt_sigaction
sys_enter_rt_sigaction
sys_enter_rt_sigaction
sys_enter_rt_sigaction
sys_enter_rt_sigaction
sys_enter_rt_sigaction
sys_enter_rt_sigaction
sys_enter_rt_sigaction
sys_enter_rt_sigaction
sys_enter_rt_sigaction
sys_enter_rt_sigaction
sys_enter_rt_sigaction
sys_enter_rt_sigaction
sys_enter_rt_sigaction
sys_enter_rt_sigaction
sys_enter_rt_sigaction
sys_enter_rt_sigaction
sys_enter_rt_sigaction
sys_enter_rt_sigaction
sys_enter_rt_sigaction
sys_enter_rt_sigaction
sys_enter_rt_sigaction
sys_enter_rt_sigprocmask
sys_enter_clone
sys_enter_rt_sigprocmask
sys_enter_gettid
sys_enter_sigaltstack
sys_enter_sigaltstack
sys_enter_gettid
sys_enter_rt_sigprocmask
sys_enter_rt_sigprocmask
sys_enter_clone
sys_enter_rt_sigprocmask
sys_enter_rt_sigprocmask
sys_enter_clone
sys_enter_gettid
sys_enter_sigaltstack
sys_enter_sigaltstack
sys_enter_gettid
sys_enter_rt_sigprocmask
sys_enter_rt_sigprocmask
sys_enter_futex
sys_enter_rt_sigprocmask
sys_enter_clone
sys_enter_gettid
sys_enter_sigaltstack
sys_enter_sigaltstack
sys_enter_gettid
sys_enter_rt_sigprocmask
sys_enter_futex
sys_enter_rt_sigprocmask
sys_enter_futex
sys_enter_gettid
sys_enter_sigaltstack
sys_enter_sigaltstack
sys_enter_gettid
sys_enter_rt_sigprocmask
sys_enter_futex
sys_enter_futex
sys_enter_mmap
sys_enter_futex
sys_enter_futex
sys_enter_futex
sys_enter_futex
sys_enter_openat
sys_enter_read
sys_enter_read
sys_enter_close
sys_enter_socket
sys_enter_close
sys_enter_socket
sys_enter_setsockopt
sys_enter_bind
sys_enter_socket
sys_enter_setsockopt
sys_enter_bind
sys_enter_close
sys_enter_close
sys_enter_getpid
sys_enter_getppid
sys_enter_mmap
sys_enter_mmap
sys_enter_getppid
sys_enter_openat
sys_enter_pipe2
sys_enter_getpid
sys_enter_clone
sys_enter_setsid
sys_enter_chdir
sys_enter_close
sys_enter_read
sys_enter_execve
sys_enter_close
sys_enter_exit_group
sys_enter_mmap
sys_enter_mmap
sys_enter_mprotect
sys_enter_mmap
sys_enter_mmap
sys_enter_mprotect
sys_enter_mmap
sys_enter_mprotect
sys_enter_mmap
sys_enter_mprotect
sys_enter_mmap
sys_enter_mmap
sys_enter_close
sys_enter_munmap
sys_enter_sched_getaffinity
sys_enter_mmap
sys_enter_munmap
sys_enter_mmap
sys_enter_mmap
sys_enter_mmap
sys_enter_mmap
sys_enter_mmap
sys_enter_mmap
sys_enter_rt_sigprocmask
sys_enter_sigaltstack
sys_enter_sigaltstack
sys_enter_gettid
sys_enter_rt_sigprocmask
sys_enter_rt_sigaction
sys_enter_rt_sigaction
sys_enter_rt_sigaction
sys_enter_rt_sigaction
sys_enter_rt_sigaction
sys_enter_rt_sigaction
sys_enter_rt_sigaction
sys_enter_rt_sigaction
sys_enter_rt_sigaction
sys_enter_rt_sigaction
sys_enter_rt_sigaction
sys_enter_rt_sigaction
sys_enter_rt_sigaction
sys_enter_rt_sigaction
sys_enter_rt_sigaction
sys_enter_rt_sigaction
sys_enter_rt_sigaction
sys_enter_rt_sigaction
sys_enter_rt_sigaction
sys_enter_rt_sigaction
sys_enter_rt_sigaction
sys_enter_rt_sigaction
sys_enter_rt_sigaction
sys_enter_rt_sigaction
sys_enter_rt_sigaction
sys_enter_rt_sigaction
sys_enter_rt_sigaction
sys_enter_rt_sigaction
sys_enter_rt_sigaction
sys_enter_rt_sigaction
sys_enter_rt_sigaction
sys_enter_rt_sigaction
sys_enter_rt_sigaction
sys_enter_rt_sigaction
sys_enter_rt_sigaction
sys_enter_rt_sigaction
sys_enter_rt_sigaction
sys_enter_rt_sigaction
sys_enter_rt_sigaction
sys_enter_rt_sigaction
sys_enter_rt_sigaction
sys_enter_rt_sigaction
sys_enter_rt_sigaction
sys_enter_rt_sigaction
sys_enter_rt_sigaction
sys_enter_rt_sigaction
sys_enter_rt_sigaction
sys_enter_rt_sigaction
sys_enter_rt_sigaction
sys_enter_rt_sigaction
sys_enter_rt_sigaction
sys_enter_rt_sigaction
sys_enter_rt_sigaction
sys_enter_rt_sigaction
sys_enter_rt_sigaction
sys_enter_rt_sigaction
sys_enter_rt_sigaction
sys_enter_rt_sigaction
sys_enter_rt_sigaction
sys_enter_rt_sigaction
sys_enter_rt_sigaction
sys_enter_rt_sigaction
sys_enter_rt_sigaction
sys_enter_rt_sigaction
sys_enter_rt_sigaction
sys_enter_rt_sigaction
sys_enter_rt_sigaction
sys_enter_rt_sigaction
sys_enter_rt_sigaction
sys_enter_rt_sigaction
sys_enter_rt_sigaction
sys_enter_rt_sigaction
sys_enter_rt_sigaction
sys_enter_rt_sigaction
sys_enter_rt_sigaction
sys_enter_rt_sigaction
sys_enter_rt_sigaction
sys_enter_rt_sigaction
sys_enter_rt_sigaction
sys_enter_rt_sigaction
sys_enter_rt_sigaction
sys_enter_rt_sigaction
sys_enter_rt_sigaction
sys_enter_rt_sigaction
sys_enter_rt_sigaction
sys_enter_rt_sigaction
sys_enter_rt_sigaction
sys_enter_rt_sigaction
sys_enter_rt_sigaction
sys_enter_rt_sigaction
sys_enter_rt_sigaction
sys_enter_rt_sigaction
sys_enter_rt_sigaction
sys_enter_rt_sigaction
sys_enter_rt_sigaction
sys_enter_rt_sigaction
sys_enter_rt_sigaction
sys_enter_rt_sigaction
sys_enter_rt_sigaction
sys_enter_rt_sigaction
sys_enter_rt_sigaction
sys_enter_rt_sigaction
sys_enter_rt_sigaction
sys_enter_rt_sigaction
sys_enter_rt_sigaction
sys_enter_rt_sigaction
sys_enter_rt_sigaction
sys_enter_rt_sigaction
sys_enter_rt_sigaction
sys_enter_rt_sigaction
sys_enter_rt_sigaction
sys_enter_rt_sigaction
sys_enter_rt_sigaction
sys_enter_rt_sigaction
sys_enter_rt_sigprocmask
sys_enter_clone
sys_enter_rt_sigprocmask
sys_enter_gettid
sys_enter_sigaltstack
sys_enter_sigaltstack
sys_enter_gettid
sys_enter_rt_sigprocmask
sys_enter_rt_sigprocmask
sys_enter_clone
sys_enter_rt_sigprocmask
sys_enter_gettid
sys_enter_sigaltstack
sys_enter_sigaltstack
sys_enter_gettid
sys_enter_rt_sigprocmask
sys_enter_rt_sigprocmask
sys_enter_clone
sys_enter_rt_sigprocmask
sys_enter_clone
sys_enter_rt_sigprocmask
sys_enter_futex
sys_enter_gettid
sys_enter_sigaltstack
sys_enter_sigaltstack
sys_enter_gettid
sys_enter_rt_sigprocmask
sys_enter_rt_sigprocmask
sys_enter_futex
sys_enter_gettid
sys_enter_futex
sys_enter_futex
sys_enter_sigaltstack
sys_enter_sigaltstack
sys_enter_gettid
sys_enter_rt_sigprocmask
sys_enter_futex
sys_enter_futex
sys_enter_mmap
sys_enter_futex
sys_enter_futex
sys_enter_futex
sys_enter_openat
sys_enter_read
sys_enter_read
sys_enter_close
sys_enter_socket
sys_enter_close
sys_enter_socket
sys_enter_setsockopt
sys_enter_bind
sys_enter_socket
sys_enter_setsockopt
sys_enter_bind
sys_enter_close
sys_enter_close
sys_enter_getpid
sys_enter_getppid
sys_enter_mmap
sys_enter_mmap
sys_enter_getppid
sys_enter_openat
sys_enter_pipe2
sys_enter_getpid
sys_enter_clone
sys_enter_setsid
sys_enter_close
sys_enter_read
sys_enter_chdir
sys_enter_execve
sys_enter_close
sys_enter_mmap
sys_enter_exit_group
sys_enter_mmap
sys_enter_mprotect
sys_enter_mmap
sys_enter_mmap
sys_enter_mprotect
sys_enter_mmap
sys_enter_mprotect
sys_enter_mmap
sys_enter_mprotect
sys_enter_mmap
sys_enter_mmap
sys_enter_close
sys_enter_munmap
sys_enter_sched_getaffinity
sys_enter_mmap
sys_enter_munmap
sys_enter_mmap
sys_enter_mmap
sys_enter_mmap
sys_enter_mmap
sys_enter_mmap
sys_enter_mmap
sys_enter_rt_sigprocmask
sys_enter_sigaltstack
sys_enter_sigaltstack
sys_enter_gettid
sys_enter_rt_sigprocmask
sys_enter_rt_sigaction
sys_enter_rt_sigaction
sys_enter_rt_sigaction
sys_enter_rt_sigaction
sys_enter_rt_sigaction
sys_enter_rt_sigaction
sys_enter_rt_sigaction
sys_enter_rt_sigaction
sys_enter_rt_sigaction
sys_enter_rt_sigaction
sys_enter_rt_sigaction
sys_enter_rt_sigaction
sys_enter_rt_sigaction
sys_enter_rt_sigaction
sys_enter_rt_sigaction
sys_enter_rt_sigaction
sys_enter_rt_sigaction
sys_enter_rt_sigaction
sys_enter_rt_sigaction
sys_enter_rt_sigaction
sys_enter_rt_sigaction
sys_enter_rt_sigaction
sys_enter_rt_sigaction
sys_enter_rt_sigaction
sys_enter_rt_sigaction
sys_enter_rt_sigaction
sys_enter_rt_sigaction
sys_enter_rt_sigaction
sys_enter_rt_sigaction
sys_enter_rt_sigaction
sys_enter_rt_sigaction
sys_enter_rt_sigaction
sys_enter_rt_sigaction
sys_enter_rt_sigaction
sys_enter_rt_sigaction
sys_enter_rt_sigaction
sys_enter_rt_sigaction
sys_enter_rt_sigaction
sys_enter_rt_sigaction
sys_enter_rt_sigaction
sys_enter_rt_sigaction
sys_enter_rt_sigaction
sys_enter_rt_sigaction
sys_enter_rt_sigaction
sys_enter_rt_sigaction
sys_enter_rt_sigaction
sys_enter_rt_sigaction
sys_enter_rt_sigaction
sys_enter_rt_sigaction
sys_enter_rt_sigaction
sys_enter_rt_sigaction
sys_enter_rt_sigaction
sys_enter_rt_sigaction
sys_enter_rt_sigaction
sys_enter_rt_sigaction
sys_enter_rt_sigaction
sys_enter_rt_sigaction
sys_enter_rt_sigaction
sys_enter_rt_sigaction
sys_enter_rt_sigaction
sys_enter_rt_sigaction
sys_enter_rt_sigaction
sys_enter_rt_sigaction
sys_enter_rt_sigaction
sys_enter_rt_sigaction
sys_enter_rt_sigaction
sys_enter_rt_sigaction
sys_enter_rt_sigaction
sys_enter_rt_sigaction
sys_enter_rt_sigaction
sys_enter_rt_sigaction
sys_enter_rt_sigaction
sys_enter_rt_sigaction
sys_enter_rt_sigaction
sys_enter_rt_sigaction
sys_enter_rt_sigaction
sys_enter_rt_sigaction
sys_enter_rt_sigaction
sys_enter_rt_sigaction
sys_enter_rt_sigaction
sys_enter_rt_sigaction
sys_enter_rt_sigaction
sys_enter_rt_sigaction
sys_enter_rt_sigaction
sys_enter_rt_sigaction
sys_enter_rt_sigaction
sys_enter_rt_sigaction
sys_enter_rt_sigaction
sys_enter_rt_sigaction
sys_enter_rt_sigaction
sys_enter_rt_sigaction
sys_enter_rt_sigaction
sys_enter_rt_sigaction
sys_enter_rt_sigaction
sys_enter_rt_sigaction
sys_enter_rt_sigaction
sys_enter_rt_sigaction
sys_enter_rt_sigaction
sys_enter_rt_sigaction
sys_enter_rt_sigaction
sys_enter_rt_sigaction
sys_enter_rt_sigaction
sys_enter_rt_sigaction
sys_enter_rt_sigaction
sys_enter_rt_sigaction
sys_enter_rt_sigaction
sys_enter_rt_sigaction
sys_enter_rt_sigaction
sys_enter_rt_sigaction
sys_enter_rt_sigaction
sys_enter_rt_sigaction
sys_enter_rt_sigaction
sys_enter_rt_sigaction
sys_enter_rt_sigaction
sys_enter_rt_sigprocmask
sys_enter_clone
sys_enter_rt_sigprocmask
sys_enter_gettid
sys_enter_sigaltstack
sys_enter_sigaltstack
sys_enter_gettid
sys_enter_rt_sigprocmask
sys_enter_rt_sigprocmask
sys_enter_clone
sys_enter_rt_sigprocmask
sys_enter_gettid
sys_enter_sigaltstack
sys_enter_sigaltstack
sys_enter_gettid
sys_enter_rt_sigprocmask
sys_enter_rt_sigprocmask
sys_enter_clone
sys_enter_rt_sigprocmask
sys_enter_clone
sys_enter_rt_sigprocmask
sys_enter_rt_sigprocmask
sys_enter_futex
sys_enter_gettid
sys_enter_sigaltstack
sys_enter_sigaltstack
sys_enter_gettid
sys_enter_rt_sigprocmask
sys_enter_gettid
sys_enter_sigaltstack
sys_enter_sigaltstack
sys_enter_futex
sys_enter_gettid
sys_enter_futex
sys_enter_rt_sigprocmask
sys_enter_futex
sys_enter_futex
sys_enter_futex
sys_enter_mmap
sys_enter_futex
sys_enter_futex
sys_enter_futex
sys_enter_openat
sys_enter_read
sys_enter_read
sys_enter_close
sys_enter_socket
sys_enter_close
sys_enter_socket
sys_enter_setsockopt
sys_enter_bind
sys_enter_socket
sys_enter_setsockopt
sys_enter_bind
sys_enter_close
sys_enter_close
sys_enter_getpid
sys_enter_getppid
sys_enter_mmap
sys_enter_mmap
sys_enter_getppid
sys_enter_openat
sys_enter_pipe2
sys_enter_getpid
sys_enter_clone
sys_enter_setsid
sys_enter_close
sys_enter_read
sys_enter_chdir
sys_enter_execve
sys_enter_close
sys_enter_mmap
sys_enter_exit_group
sys_enter_mmap
sys_enter_mprotect
sys_enter_mmap
sys_enter_mmap
sys_enter_mprotect
sys_enter_mmap
sys_enter_mprotect
sys_enter_mmap
sys_enter_mprotect
sys_enter_mmap
sys_enter_mmap
sys_enter_close
sys_enter_munmap
sys_enter_sched_getaffinity
sys_enter_mmap
sys_enter_munmap
sys_enter_mmap
sys_enter_mmap
sys_enter_mmap
sys_enter_mmap
sys_enter_mmap
sys_enter_mmap
sys_enter_rt_sigprocmask
sys_enter_sigaltstack
sys_enter_sigaltstack
sys_enter_gettid
sys_enter_rt_sigprocmask
sys_enter_rt_sigaction
sys_enter_rt_sigaction
sys_enter_rt_sigaction
sys_enter_rt_sigaction
sys_enter_rt_sigaction
sys_enter_rt_sigaction
sys_enter_rt_sigaction
sys_enter_rt_sigaction
sys_enter_rt_sigaction
sys_enter_rt_sigaction
sys_enter_rt_sigaction
sys_enter_rt_sigaction
sys_enter_rt_sigaction
sys_enter_rt_sigaction
sys_enter_rt_sigaction
sys_enter_rt_sigaction
sys_enter_rt_sigaction
sys_enter_rt_sigaction
sys_enter_rt_sigaction
sys_enter_rt_sigaction
sys_enter_rt_sigaction
sys_enter_rt_sigaction
sys_enter_rt_sigaction
sys_enter_rt_sigaction
sys_enter_rt_sigaction
sys_enter_rt_sigaction
sys_enter_rt_sigaction
sys_enter_rt_sigaction
sys_enter_rt_sigaction
sys_enter_rt_sigaction
sys_enter_rt_sigaction
sys_enter_rt_sigaction
sys_enter_rt_sigaction
sys_enter_rt_sigaction
sys_enter_rt_sigaction
sys_enter_rt_sigaction
sys_enter_rt_sigaction
sys_enter_rt_sigaction
sys_enter_rt_sigaction
sys_enter_rt_sigaction
sys_enter_rt_sigaction
sys_enter_rt_sigaction
sys_enter_rt_sigaction
sys_enter_rt_sigaction
sys_enter_rt_sigaction
sys_enter_rt_sigaction
sys_enter_rt_sigaction
sys_enter_rt_sigaction
sys_enter_rt_sigaction
sys_enter_rt_sigaction
sys_enter_rt_sigaction
sys_enter_rt_sigaction
sys_enter_rt_sigaction
sys_enter_rt_sigaction
sys_enter_rt_sigaction
sys_enter_rt_sigaction
sys_enter_rt_sigaction
sys_enter_rt_sigaction
sys_enter_rt_sigaction
sys_enter_rt_sigaction
sys_enter_rt_sigaction
sys_enter_rt_sigaction
sys_enter_rt_sigaction
sys_enter_rt_sigaction
sys_enter_rt_sigaction
sys_enter_rt_sigaction
sys_enter_rt_sigaction
sys_enter_rt_sigaction
sys_enter_rt_sigaction
sys_enter_rt_sigaction
sys_enter_rt_sigaction
sys_enter_rt_sigaction
sys_enter_rt_sigaction
sys_enter_rt_sigaction
sys_enter_rt_sigaction
sys_enter_rt_sigaction
sys_enter_rt_sigaction
sys_enter_rt_sigaction
sys_enter_rt_sigaction
sys_enter_rt_sigaction
sys_enter_rt_sigaction
sys_enter_rt_sigaction
sys_enter_rt_sigaction
sys_enter_rt_sigaction
sys_enter_rt_sigaction
sys_enter_rt_sigaction
sys_enter_rt_sigaction
sys_enter_rt_sigaction
sys_enter_rt_sigaction
sys_enter_rt_sigaction
sys_enter_rt_sigaction
sys_enter_rt_sigaction
sys_enter_rt_sigaction
sys_enter_rt_sigaction
sys_enter_rt_sigaction
sys_enter_rt_sigaction
sys_enter_rt_sigaction
sys_enter_rt_sigaction
sys_enter_rt_sigaction
sys_enter_rt_sigaction
sys_enter_rt_sigaction
sys_enter_rt_sigaction
sys_enter_rt_sigaction
sys_enter_rt_sigaction
sys_enter_rt_sigaction
sys_enter_rt_sigaction
sys_enter_rt_sigaction
sys_enter_rt_sigaction
sys_enter_rt_sigaction
sys_enter_rt_sigaction
sys_enter_rt_sigaction
sys_enter_rt_sigaction
sys_enter_rt_sigaction
sys_enter_rt_sigaction
sys_enter_rt_sigprocmask
sys_enter_clone
sys_enter_rt_sigprocmask
sys_enter_gettid
sys_enter_sigaltstack
sys_enter_sigaltstack
sys_enter_gettid
sys_enter_rt_sigprocmask
sys_enter_rt_sigprocmask
sys_enter_clone
sys_enter_rt_sigprocmask
sys_enter_gettid
sys_enter_sigaltstack
sys_enter_sigaltstack
sys_enter_gettid
sys_enter_rt_sigprocmask
sys_enter_clone
sys_enter_rt_sigprocmask
sys_enter_rt_sigprocmask
sys_enter_futex
sys_enter_gettid
sys_enter_sigaltstack
sys_enter_sigaltstack
sys_enter_gettid
sys_enter_rt_sigprocmask
sys_enter_rt_sigprocmask
sys_enter_clone
sys_enter_futex
sys_enter_futex
sys_enter_rt_sigprocmask
sys_enter_futex
sys_enter_gettid
sys_enter_sigaltstack
sys_enter_sigaltstack
sys_enter_gettid
sys_enter_rt_sigprocmask
sys_enter_futex
sys_enter_futex
sys_enter_mmap
sys_enter_futex
sys_enter_futex
sys_enter_futex
sys_enter_openat
sys_enter_futex
sys_enter_futex
sys_enter_read
sys_enter_read
sys_enter_close
sys_enter_socket
sys_enter_close
sys_enter_socket
sys_enter_setsockopt
sys_enter_bind
sys_enter_socket
sys_enter_setsockopt
sys_enter_bind
sys_enter_close
sys_enter_close
sys_enter_getpid
sys_enter_getppid
sys_enter_mmap
sys_enter_mmap
sys_enter_getppid
sys_enter_openat
sys_enter_pipe2
sys_enter_getpid
sys_enter_clone
sys_enter_setsid
sys_enter_close
sys_enter_read
sys_enter_chdir
sys_enter_execve
sys_enter_close
sys_enter_mmap
sys_enter_exit_group
sys_enter_mmap
sys_enter_mprotect
sys_enter_mmap
sys_enter_mmap
sys_enter_mprotect
sys_enter_mmap
sys_enter_mprotect
sys_enter_mmap
sys_enter_mprotect
sys_enter_mmap
sys_enter_mmap
sys_enter_close
sys_enter_munmap
sys_enter_sched_getaffinity
sys_enter_mmap
sys_enter_munmap
sys_enter_mmap
sys_enter_mmap
sys_enter_mmap
sys_enter_mmap
sys_enter_mmap
sys_enter_mmap
sys_enter_rt_sigprocmask
sys_enter_sigaltstack
sys_enter_sigaltstack
sys_enter_gettid
sys_enter_rt_sigprocmask
sys_enter_rt_sigaction
sys_enter_rt_sigaction
sys_enter_rt_sigaction
sys_enter_rt_sigaction
sys_enter_rt_sigaction
sys_enter_rt_sigaction
sys_enter_rt_sigaction
sys_enter_rt_sigaction
sys_enter_rt_sigaction
sys_enter_rt_sigaction
sys_enter_rt_sigaction
sys_enter_rt_sigaction
sys_enter_rt_sigaction
sys_enter_rt_sigaction
sys_enter_rt_sigaction
sys_enter_rt_sigaction
sys_enter_rt_sigaction
sys_enter_rt_sigaction
sys_enter_rt_sigaction
sys_enter_rt_sigaction
sys_enter_rt_sigaction
sys_enter_rt_sigaction
sys_enter_rt_sigaction
sys_enter_rt_sigaction
sys_enter_rt_sigaction
sys_enter_rt_sigaction
sys_enter_rt_sigaction
sys_enter_rt_sigaction
sys_enter_rt_sigaction
sys_enter_rt_sigaction
sys_enter_rt_sigaction
sys_enter_rt_sigaction
sys_enter_rt_sigaction
sys_enter_rt_sigaction
sys_enter_rt_sigaction
sys_enter_rt_sigaction
sys_enter_rt_sigaction
sys_enter_rt_sigaction
sys_enter_rt_sigaction
sys_enter_rt_sigaction
sys_enter_rt_sigaction
sys_enter_rt_sigaction
sys_enter_rt_sigaction
sys_enter_rt_sigaction
sys_enter_rt_sigaction
sys_enter_rt_sigaction
sys_enter_rt_sigaction
sys_enter_rt_sigaction
sys_enter_rt_sigaction
sys_enter_rt_sigaction
sys_enter_rt_sigaction
sys_enter_rt_sigaction
sys_enter_rt_sigaction
sys_enter_rt_sigaction
sys_enter_rt_sigaction
sys_enter_rt_sigaction
sys_enter_rt_sigaction
sys_enter_rt_sigaction
sys_enter_rt_sigaction
sys_enter_rt_sigaction
sys_enter_rt_sigaction
sys_enter_rt_sigaction
sys_enter_rt_sigaction
sys_enter_rt_sigaction
sys_enter_rt_sigaction
sys_enter_rt_sigaction
sys_enter_rt_sigaction
sys_enter_rt_sigaction
sys_enter_rt_sigaction
sys_enter_rt_sigaction
sys_enter_rt_sigaction
sys_enter_rt_sigaction
sys_enter_rt_sigaction
sys_enter_rt_sigaction
sys_enter_rt_sigaction
sys_enter_rt_sigaction
sys_enter_rt_sigaction
sys_enter_rt_sigaction
sys_enter_rt_sigaction
sys_enter_rt_sigaction
sys_enter_rt_sigaction
sys_enter_rt_sigaction
sys_enter_rt_sigaction
sys_enter_rt_sigaction
sys_enter_rt_sigaction
sys_enter_rt_sigaction
sys_enter_rt_sigaction
sys_enter_rt_sigaction
sys_enter_rt_sigaction
sys_enter_rt_sigaction
sys_enter_rt_sigaction
sys_enter_rt_sigaction
sys_enter_rt_sigaction
sys_enter_rt_sigaction
sys_enter_rt_sigaction
sys_enter_rt_sigaction
sys_enter_rt_sigaction
sys_enter_rt_sigaction
sys_enter_rt_sigaction
sys_enter_rt_sigaction
sys_enter_rt_sigaction
sys_enter_rt_sigaction
sys_enter_rt_sigaction
sys_enter_rt_sigaction
sys_enter_rt_sigaction
sys_enter_rt_sigaction
sys_enter_rt_sigaction
sys_enter_rt_sigaction
sys_enter_rt_sigaction
sys_enter_rt_sigaction
sys_enter_rt_sigaction
sys_enter_rt_sigaction
sys_enter_rt_sigaction
sys_enter_rt_sigaction
sys_enter_rt_sigprocmask
sys_enter_clone
sys_enter_rt_sigprocmask
sys_enter_gettid
sys_enter_sigaltstack
sys_enter_sigaltstack
sys_enter_gettid
sys_enter_rt_sigprocmask
sys_enter_rt_sigprocmask
sys_enter_clone
sys_enter_rt_sigprocmask
sys_enter_gettid
sys_enter_sigaltstack
sys_enter_sigaltstack
sys_enter_rt_sigprocmask
sys_enter_clone
sys_enter_gettid
sys_enter_rt_sigprocmask
sys_enter_rt_sigprocmask
sys_enter_sched_yield
sys_enter_futex
sys_enter_gettid
sys_enter_sigaltstack
sys_enter_sigaltstack
sys_enter_gettid
sys_enter_futex
sys_enter_rt_sigprocmask
sys_enter_futex
sys_enter_futex
sys_enter_futex
sys_enter_rt_sigprocmask
sys_enter_clone
sys_enter_rt_sigprocmask
sys_enter_futex
sys_enter_gettid
sys_enter_sigaltstack
sys_enter_sigaltstack
sys_enter_gettid
sys_enter_rt_sigprocmask
sys_enter_futex
sys_enter_futex
sys_enter_mmap
sys_enter_futex
sys_enter_futex
sys_enter_futex
sys_enter_openat
sys_enter_read
sys_enter_read
sys_enter_close
sys_enter_socket
sys_enter_close
sys_enter_socket
sys_enter_setsockopt
sys_enter_bind
sys_enter_socket
sys_enter_setsockopt
sys_enter_bind
sys_enter_close
sys_enter_close
sys_enter_getpid
sys_enter_getppid
sys_enter_mmap
sys_enter_mmap
sys_enter_getppid
sys_enter_openat
sys_enter_pipe2
sys_enter_getpid
sys_enter_clone
sys_enter_setsid
sys_enter_close
sys_enter_chdir
sys_enter_read
sys_enter_execve
sys_enter_close
sys_enter_exit_group
sys_enter_mmap
sys_enter_mmap
sys_enter_mprotect
sys_enter_mmap
sys_enter_mmap
sys_enter_mprotect
sys_enter_mmap
sys_enter_mprotect
sys_enter_mmap
sys_enter_mprotect
sys_enter_mmap
sys_enter_mmap
sys_enter_close
sys_enter_munmap
sys_enter_sched_getaffinity
sys_enter_mmap
sys_enter_munmap
sys_enter_mmap
sys_enter_mmap
sys_enter_mmap
sys_enter_mmap
sys_enter_mmap
sys_enter_mmap
sys_enter_rt_sigprocmask
sys_enter_sigaltstack
sys_enter_sigaltstack
sys_enter_gettid
sys_enter_rt_sigprocmask
sys_enter_rt_sigaction
sys_enter_rt_sigaction
sys_enter_rt_sigaction
sys_enter_rt_sigaction
sys_enter_rt_sigaction
sys_enter_rt_sigaction
sys_enter_rt_sigaction
sys_enter_rt_sigaction
sys_enter_rt_sigaction
sys_enter_rt_sigaction
sys_enter_rt_sigaction
sys_enter_rt_sigaction
sys_enter_rt_sigaction
sys_enter_rt_sigaction
sys_enter_rt_sigaction
sys_enter_rt_sigaction
sys_enter_rt_sigaction
sys_enter_rt_sigaction
sys_enter_rt_sigaction
sys_enter_rt_sigaction
sys_enter_rt_sigaction
sys_enter_rt_sigaction
sys_enter_rt_sigaction
sys_enter_rt_sigaction
sys_enter_rt_sigaction
sys_enter_rt_sigaction
sys_enter_rt_sigaction
sys_enter_rt_sigaction
sys_enter_rt_sigaction
sys_enter_rt_sigaction
sys_enter_rt_sigaction
sys_enter_rt_sigaction
sys_enter_rt_sigaction
sys_enter_rt_sigaction
sys_enter_rt_sigaction
sys_enter_rt_sigaction
sys_enter_rt_sigaction
sys_enter_rt_sigaction
sys_enter_rt_sigaction
sys_enter_rt_sigaction
sys_enter_rt_sigaction
sys_enter_rt_sigaction
sys_enter_rt_sigaction
sys_enter_rt_sigaction
sys_enter_rt_sigaction
sys_enter_rt_sigaction
sys_enter_rt_sigaction
sys_enter_rt_sigaction
sys_enter_rt_sigaction
sys_enter_rt_sigaction
sys_enter_rt_sigaction
sys_enter_rt_sigaction
sys_enter_rt_sigaction
sys_enter_rt_sigaction
sys_enter_rt_sigaction
sys_enter_rt_sigaction
sys_enter_rt_sigaction
sys_enter_rt_sigaction
sys_enter_rt_sigaction
sys_enter_rt_sigaction
sys_enter_rt_sigaction
sys_enter_rt_sigaction
sys_enter_rt_sigaction
sys_enter_rt_sigaction
sys_enter_rt_sigaction
sys_enter_rt_sigaction
sys_enter_rt_sigaction
sys_enter_rt_sigaction
sys_enter_rt_sigaction
sys_enter_rt_sigaction
sys_enter_rt_sigaction
sys_enter_rt_sigaction
sys_enter_rt_sigaction
sys_enter_rt_sigaction
sys_enter_rt_sigaction
sys_enter_rt_sigaction
sys_enter_rt_sigaction
sys_enter_rt_sigaction
sys_enter_rt_sigaction
sys_enter_rt_sigaction
sys_enter_rt_sigaction
sys_enter_rt_sigaction
sys_enter_rt_sigaction
sys_enter_rt_sigaction
sys_enter_rt_sigaction
sys_enter_rt_sigaction
sys_enter_rt_sigaction
sys_enter_rt_sigaction
sys_enter_rt_sigaction
sys_enter_rt_sigaction
sys_enter_rt_sigaction
sys_enter_rt_sigaction
sys_enter_rt_sigaction
sys_enter_rt_sigaction
sys_enter_rt_sigaction
sys_enter_rt_sigaction
sys_enter_rt_sigaction
sys_enter_rt_sigaction
sys_enter_rt_sigaction
sys_enter_rt_sigaction
sys_enter_rt_sigaction
sys_enter_rt_sigaction
sys_enter_rt_sigaction
sys_enter_rt_sigaction
sys_enter_rt_sigaction
sys_enter_rt_sigaction
sys_enter_rt_sigaction
sys_enter_rt_sigaction
sys_enter_rt_sigaction
sys_enter_rt_sigaction
sys_enter_rt_sigaction
sys_enter_rt_sigaction
sys_enter_rt_sigaction
sys_enter_rt_sigaction
sys_enter_rt_sigprocmask
sys_enter_clone
sys_enter_rt_sigprocmask
sys_enter_gettid
sys_enter_sigaltstack
sys_enter_sigaltstack
sys_enter_gettid
sys_enter_rt_sigprocmask
sys_enter_rt_sigprocmask
sys_enter_clone
sys_enter_rt_sigprocmask
sys_enter_gettid
sys_enter_sigaltstack
sys_enter_sigaltstack
sys_enter_gettid
sys_enter_rt_sigprocmask
sys_enter_rt_sigprocmask
sys_enter_clone
sys_enter_rt_sigprocmask
sys_enter_clone
sys_enter_rt_sigprocmask
sys_enter_futex
sys_enter_gettid
sys_enter_rt_sigprocmask
sys_enter_gettid
sys_enter_sigaltstack
sys_enter_sigaltstack
sys_enter_sigaltstack
sys_enter_sigaltstack
sys_enter_gettid
sys_enter_rt_sigprocmask
sys_enter_futex
sys_enter_gettid
sys_enter_rt_sigprocmask
sys_enter_futex
sys_enter_futex
sys_enter_futex
sys_enter_futex
sys_enter_mmap
sys_enter_futex
sys_enter_futex
sys_enter_futex
sys_enter_openat
sys_enter_futex
sys_enter_futex
sys_enter_read
sys_enter_read
sys_enter_close
sys_enter_socket
sys_enter_close
sys_enter_socket
sys_enter_setsockopt
sys_enter_bind
sys_enter_socket
sys_enter_setsockopt
sys_enter_bind
sys_enter_close
sys_enter_close
sys_enter_getpid
sys_enter_getppid
sys_enter_mmap
sys_enter_mmap
sys_enter_getppid
sys_enter_openat
sys_enter_pipe2
sys_enter_getpid
sys_enter_clone
sys_enter_setsid
sys_enter_close
sys_enter_read
sys_enter_chdir
sys_enter_execve
sys_enter_close
sys_enter_exit_group
sys_enter_mmap
sys_enter_mmap
sys_enter_mprotect
sys_enter_mmap
sys_enter_mmap
sys_enter_mprotect
sys_enter_mmap
sys_enter_mprotect
sys_enter_mmap
sys_enter_mprotect
sys_enter_mmap
sys_enter_mmap
sys_enter_close
sys_enter_munmap
sys_enter_sched_getaffinity
sys_enter_mmap
sys_enter_munmap
sys_enter_mmap
sys_enter_mmap
sys_enter_mmap
sys_enter_mmap
sys_enter_mmap
sys_enter_mmap
sys_enter_rt_sigprocmask
sys_enter_sigaltstack
sys_enter_sigaltstack
sys_enter_gettid
sys_enter_rt_sigprocmask
sys_enter_rt_sigaction
sys_enter_rt_sigaction
sys_enter_rt_sigaction
sys_enter_rt_sigaction
sys_enter_rt_sigaction
sys_enter_rt_sigaction
sys_enter_rt_sigaction
sys_enter_rt_sigaction
sys_enter_rt_sigaction
sys_enter_rt_sigaction
sys_enter_rt_sigaction
sys_enter_rt_sigaction
sys_enter_rt_sigaction
sys_enter_rt_sigaction
sys_enter_rt_sigaction
sys_enter_rt_sigaction
sys_enter_rt_sigaction
sys_enter_rt_sigaction
sys_enter_rt_sigaction
sys_enter_rt_sigaction
sys_enter_rt_sigaction
sys_enter_rt_sigaction
sys_enter_rt_sigaction
sys_enter_rt_sigaction
sys_enter_rt_sigaction
sys_enter_rt_sigaction
sys_enter_rt_sigaction
sys_enter_rt_sigaction
sys_enter_rt_sigaction
sys_enter_rt_sigaction
sys_enter_rt_sigaction
sys_enter_rt_sigaction
sys_enter_rt_sigaction
sys_enter_rt_sigaction
sys_enter_rt_sigaction
sys_enter_rt_sigaction
sys_enter_rt_sigaction
sys_enter_rt_sigaction
sys_enter_rt_sigaction
sys_enter_rt_sigaction
sys_enter_rt_sigaction
sys_enter_rt_sigaction
sys_enter_rt_sigaction
sys_enter_rt_sigaction
sys_enter_rt_sigaction
sys_enter_rt_sigaction
sys_enter_rt_sigaction
sys_enter_rt_sigaction
sys_enter_rt_sigaction
sys_enter_rt_sigaction
sys_enter_rt_sigaction
sys_enter_rt_sigaction
sys_enter_rt_sigaction
sys_enter_rt_sigaction
sys_enter_rt_sigaction
sys_enter_rt_sigaction
sys_enter_rt_sigaction
sys_enter_rt_sigaction
sys_enter_rt_sigaction
sys_enter_rt_sigaction
sys_enter_rt_sigaction
sys_enter_rt_sigaction
sys_enter_rt_sigaction
sys_enter_rt_sigaction
sys_enter_rt_sigaction
sys_enter_rt_sigaction
sys_enter_rt_sigaction
sys_enter_rt_sigaction
sys_enter_rt_sigaction
sys_enter_rt_sigaction
sys_enter_rt_sigaction
sys_enter_rt_sigaction
sys_enter_rt_sigaction
sys_enter_rt_sigaction
sys_enter_rt_sigaction
sys_enter_rt_sigaction
sys_enter_rt_sigaction
sys_enter_rt_sigaction
sys_enter_rt_sigaction
sys_enter_rt_sigaction
sys_enter_rt_sigaction
sys_enter_rt_sigaction
sys_enter_rt_sigaction
sys_enter_rt_sigaction
sys_enter_rt_sigaction
sys_enter_rt_sigaction
sys_enter_rt_sigaction
sys_enter_rt_sigaction
sys_enter_rt_sigaction
sys_enter_rt_sigaction
sys_enter_rt_sigaction
sys_enter_rt_sigaction
sys_enter_rt_sigaction
sys_enter_rt_sigaction
sys_enter_rt_sigaction
sys_enter_rt_sigaction
sys_enter_rt_sigaction
sys_enter_rt_sigaction
sys_enter_rt_sigaction
sys_enter_rt_sigaction
sys_enter_rt_sigaction
sys_enter_rt_sigaction
sys_enter_rt_sigaction
sys_enter_rt_sigaction
sys_enter_rt_sigaction
sys_enter_rt_sigaction
sys_enter_rt_sigaction
sys_enter_rt_sigaction
sys_enter_rt_sigaction
sys_enter_rt_sigaction
sys_enter_rt_sigaction
sys_enter_rt_sigaction
sys_enter_rt_sigaction
sys_enter_rt_sigaction
sys_enter_rt_sigprocmask
sys_enter_clone
sys_enter_rt_sigprocmask
sys_enter_gettid
sys_enter_sigaltstack
sys_enter_sigaltstack
sys_enter_gettid
sys_enter_rt_sigprocmask
sys_enter_rt_sigprocmask
sys_enter_clone
sys_enter_rt_sigprocmask
sys_enter_rt_sigprocmask
sys_enter_clone
sys_enter_gettid
sys_enter_sigaltstack
sys_enter_sigaltstack
sys_enter_gettid
sys_enter_rt_sigprocmask
sys_enter_rt_sigprocmask
sys_enter_futex
sys_enter_gettid
sys_enter_sigaltstack
sys_enter_sigaltstack
sys_enter_gettid
sys_enter_rt_sigprocmask
sys_enter_clone
sys_enter_rt_sigprocmask
sys_enter_futex
sys_enter_futex
sys_enter_rt_sigprocmask
sys_enter_futex
sys_enter_gettid
sys_enter_sigaltstack
sys_enter_sigaltstack
sys_enter_gettid
sys_enter_rt_sigprocmask
sys_enter_futex
sys_enter_futex
sys_enter_mmap
sys_enter_futex
sys_enter_futex
sys_enter_futex
sys_enter_openat
sys_enter_futex
sys_enter_futex
sys_enter_read
sys_enter_read
sys_enter_close
sys_enter_socket
sys_enter_close
sys_enter_socket
sys_enter_setsockopt
sys_enter_bind
sys_enter_socket
sys_enter_setsockopt
sys_enter_bind
sys_enter_close
sys_enter_close
sys_enter_mmap
sys_enter_getpid
sys_enter_getppid
sys_enter_mmap
sys_enter_mmap
sys_enter_getppid
sys_enter_openat
sys_enter_pipe2
sys_enter_getpid
sys_enter_clone
sys_enter_setsid
sys_enter_close
sys_enter_read
sys_enter_chdir
sys_enter_execve
sys_enter_close
sys_enter_exit_group
sys_enter_mmap
sys_enter_mmap
sys_enter_mprotect
sys_enter_mmap
sys_enter_mmap
sys_enter_mprotect
sys_enter_mmap
sys_enter_mprotect
sys_enter_mmap
sys_enter_mprotect
sys_enter_mmap
sys_enter_mmap
sys_enter_close
sys_enter_munmap
sys_enter_sched_getaffinity
sys_enter_mmap
sys_enter_munmap
sys_enter_mmap
sys_enter_mmap
sys_enter_mmap
sys_enter_mmap
sys_enter_mmap
sys_enter_mmap
sys_enter_rt_sigprocmask
sys_enter_sigaltstack
sys_enter_sigaltstack
sys_enter_gettid
sys_enter_rt_sigprocmask
sys_enter_rt_sigaction
sys_enter_rt_sigaction
sys_enter_rt_sigaction
sys_enter_rt_sigaction
sys_enter_rt_sigaction
sys_enter_rt_sigaction
sys_enter_rt_sigaction
sys_enter_rt_sigaction
sys_enter_rt_sigaction
sys_enter_rt_sigaction
sys_enter_rt_sigaction
sys_enter_rt_sigaction
sys_enter_rt_sigaction
sys_enter_rt_sigaction
sys_enter_rt_sigaction
sys_enter_rt_sigaction
sys_enter_rt_sigaction
sys_enter_rt_sigaction
sys_enter_rt_sigaction
sys_enter_rt_sigaction
sys_enter_rt_sigaction
sys_enter_rt_sigaction
sys_enter_rt_sigaction
sys_enter_rt_sigaction
sys_enter_rt_sigaction
sys_enter_rt_sigaction
sys_enter_rt_sigaction
sys_enter_rt_sigaction
sys_enter_rt_sigaction
sys_enter_rt_sigaction
sys_enter_rt_sigaction
sys_enter_rt_sigaction
sys_enter_rt_sigaction
sys_enter_rt_sigaction
sys_enter_rt_sigaction
sys_enter_rt_sigaction
sys_enter_rt_sigaction
sys_enter_rt_sigaction
sys_enter_rt_sigaction
sys_enter_rt_sigaction
sys_enter_rt_sigaction
sys_enter_rt_sigaction
sys_enter_rt_sigaction
sys_enter_rt_sigaction
sys_enter_rt_sigaction
sys_enter_rt_sigaction
sys_enter_rt_sigaction
sys_enter_rt_sigaction
sys_enter_rt_sigaction
sys_enter_rt_sigaction
sys_enter_rt_sigaction
sys_enter_rt_sigaction
sys_enter_rt_sigaction
sys_enter_rt_sigaction
sys_enter_rt_sigaction
sys_enter_rt_sigaction
sys_enter_rt_sigaction
sys_enter_rt_sigaction
sys_enter_rt_sigaction
sys_enter_rt_sigaction
sys_enter_rt_sigaction
sys_enter_rt_sigaction
sys_enter_rt_sigaction
sys_enter_rt_sigaction
sys_enter_rt_sigaction
sys_enter_rt_sigaction
sys_enter_rt_sigaction
sys_enter_rt_sigaction
sys_enter_rt_sigaction
sys_enter_rt_sigaction
sys_enter_rt_sigaction
sys_enter_rt_sigaction
sys_enter_rt_sigaction
sys_enter_rt_sigaction
sys_enter_rt_sigaction
sys_enter_rt_sigaction
sys_enter_rt_sigaction
sys_enter_rt_sigaction
sys_enter_rt_sigaction
sys_enter_rt_sigaction
sys_enter_rt_sigaction
sys_enter_rt_sigaction
sys_enter_rt_sigaction
sys_enter_rt_sigaction
sys_enter_rt_sigaction
sys_enter_rt_sigaction
sys_enter_rt_sigaction
sys_enter_rt_sigaction
sys_enter_rt_sigaction
sys_enter_rt_sigaction
sys_enter_rt_sigaction
sys_enter_rt_sigaction
sys_enter_rt_sigaction
sys_enter_rt_sigaction
sys_enter_rt_sigaction
sys_enter_rt_sigaction
sys_enter_rt_sigaction
sys_enter_rt_sigaction
sys_enter_rt_sigaction
sys_enter_rt_sigaction
sys_enter_rt_sigaction
sys_enter_rt_sigaction
sys_enter_rt_sigaction
sys_enter_rt_sigaction
sys_enter_rt_sigaction
sys_enter_rt_sigaction
sys_enter_rt_sigaction
sys_enter_rt_sigaction
sys_enter_rt_sigaction
sys_enter_rt_sigaction
sys_enter_rt_sigaction
sys_enter_rt_sigaction
sys_enter_rt_sigaction
sys_enter_rt_sigaction
sys_enter_rt_sigprocmask
sys_enter_clone
sys_enter_rt_sigprocmask
sys_enter_gettid
sys_enter_sigaltstack
sys_enter_sigaltstack
sys_enter_gettid
sys_enter_rt_sigprocmask
sys_enter_rt_sigprocmask
sys_enter_clone
sys_enter_rt_sigprocmask
sys_enter_gettid
sys_enter_sigaltstack
sys_enter_sigaltstack
sys_enter_gettid
sys_enter_rt_sigprocmask
sys_enter_rt_sigprocmask
sys_enter_clone
sys_enter_rt_sigprocmask
sys_enter_futex
sys_enter_gettid
sys_enter_rt_sigprocmask
sys_enter_clone
sys_enter_rt_sigprocmask
sys_enter_futex
sys_enter_gettid
sys_enter_sigaltstack
sys_enter_sigaltstack
sys_enter_gettid
sys_enter_rt_sigprocmask
sys_enter_futex
sys_enter_futex
sys_enter_sigaltstack
sys_enter_sigaltstack
sys_enter_gettid
sys_enter_rt_sigprocmask
sys_enter_mmap
sys_enter_futex
sys_enter_futex
sys_enter_futex
sys_enter_openat
sys_enter_read
sys_enter_read
sys_enter_close
sys_enter_socket
sys_enter_close
sys_enter_socket
sys_enter_setsockopt
sys_enter_bind
sys_enter_socket
sys_enter_setsockopt
sys_enter_bind
sys_enter_close
sys_enter_close
sys_enter_getpid
sys_enter_getppid
sys_enter_mmap
sys_enter_mmap
sys_enter_getppid
sys_enter_openat
sys_enter_pipe2
sys_enter_getpid
sys_enter_clone
sys_enter_setsid
sys_enter_close
sys_enter_read
sys_enter_chdir
sys_enter_execve
sys_enter_close
sys_enter_exit_group
sys_enter_mmap
sys_enter_mmap
sys_enter_mprotect
sys_enter_mmap
sys_enter_mmap
sys_enter_mprotect
sys_enter_mmap
sys_enter_mprotect
sys_enter_mmap
sys_enter_mprotect
sys_enter_mmap
sys_enter_mmap
sys_enter_close
sys_enter_munmap
sys_enter_sched_getaffinity
sys_enter_mmap
sys_enter_munmap
sys_enter_mmap
sys_enter_mmap
sys_enter_mmap
sys_enter_mmap
sys_enter_mmap
sys_enter_mmap
sys_enter_rt_sigprocmask
sys_enter_sigaltstack
sys_enter_sigaltstack
sys_enter_gettid
sys_enter_rt_sigprocmask
sys_enter_rt_sigaction
sys_enter_rt_sigaction
sys_enter_rt_sigaction
sys_enter_rt_sigaction
sys_enter_rt_sigaction
sys_enter_rt_sigaction
sys_enter_rt_sigaction
sys_enter_rt_sigaction
sys_enter_rt_sigaction
sys_enter_rt_sigaction
sys_enter_rt_sigaction
sys_enter_rt_sigaction
sys_enter_rt_sigaction
sys_enter_rt_sigaction
sys_enter_rt_sigaction
sys_enter_rt_sigaction
sys_enter_rt_sigaction
sys_enter_rt_sigaction
sys_enter_rt_sigaction
sys_enter_rt_sigaction
sys_enter_rt_sigaction
sys_enter_rt_sigaction
sys_enter_rt_sigaction
sys_enter_rt_sigaction
sys_enter_rt_sigaction
sys_enter_rt_sigaction
sys_enter_rt_sigaction
sys_enter_rt_sigaction
sys_enter_rt_sigaction
sys_enter_rt_sigaction
sys_enter_rt_sigaction
sys_enter_rt_sigaction
sys_enter_rt_sigaction
sys_enter_rt_sigaction
sys_enter_rt_sigaction
sys_enter_rt_sigaction
sys_enter_rt_sigaction
sys_enter_rt_sigaction
sys_enter_rt_sigaction
sys_enter_rt_sigaction
sys_enter_rt_sigaction
sys_enter_rt_sigaction
sys_enter_rt_sigaction
sys_enter_rt_sigaction
sys_enter_rt_sigaction
sys_enter_rt_sigaction
sys_enter_rt_sigaction
sys_enter_rt_sigaction
sys_enter_rt_sigaction
sys_enter_rt_sigaction
sys_enter_rt_sigaction
sys_enter_rt_sigaction
sys_enter_rt_sigaction
sys_enter_rt_sigaction
sys_enter_rt_sigaction
sys_enter_rt_sigaction
sys_enter_rt_sigaction
sys_enter_rt_sigaction
sys_enter_rt_sigaction
sys_enter_rt_sigaction
sys_enter_rt_sigaction
sys_enter_rt_sigaction
sys_enter_rt_sigaction
sys_enter_rt_sigaction
sys_enter_rt_sigaction
sys_enter_rt_sigaction
sys_enter_rt_sigaction
sys_enter_rt_sigaction
sys_enter_rt_sigaction
sys_enter_rt_sigaction
sys_enter_rt_sigaction
sys_enter_rt_sigaction
sys_enter_rt_sigaction
sys_enter_rt_sigaction
sys_enter_rt_sigaction
sys_enter_rt_sigaction
sys_enter_rt_sigaction
sys_enter_rt_sigaction
sys_enter_rt_sigaction
sys_enter_rt_sigaction
sys_enter_rt_sigaction
sys_enter_rt_sigaction
sys_enter_rt_sigaction
sys_enter_rt_sigaction
sys_enter_rt_sigaction
sys_enter_rt_sigaction
sys_enter_rt_sigaction
sys_enter_rt_sigaction
sys_enter_rt_sigaction
sys_enter_rt_sigaction
sys_enter_rt_sigaction
sys_enter_rt_sigaction
sys_enter_rt_sigaction
sys_enter_rt_sigaction
sys_enter_rt_sigaction
sys_enter_rt_sigaction
sys_enter_rt_sigaction
sys_enter_rt_sigaction
sys_enter_rt_sigaction
sys_enter_rt_sigaction
sys_enter_rt_sigaction
sys_enter_rt_sigaction
sys_enter_rt_sigaction
sys_enter_rt_sigaction
sys_enter_rt_sigaction
sys_enter_rt_sigaction
sys_enter_rt_sigaction
sys_enter_rt_sigaction
sys_enter_rt_sigaction
sys_enter_rt_sigaction
sys_enter_rt_sigaction
sys_enter_rt_sigaction
sys_enter_rt_sigaction
sys_enter_rt_sigaction
sys_enter_rt_sigprocmask
sys_enter_clone
sys_enter_rt_sigprocmask
sys_enter_gettid
sys_enter_sigaltstack
sys_enter_sigaltstack
sys_enter_gettid
sys_enter_rt_sigprocmask
sys_enter_rt_sigprocmask
sys_enter_clone
sys_enter_rt_sigprocmask
sys_enter_gettid
sys_enter_sigaltstack
sys_enter_sigaltstack
sys_enter_gettid
sys_enter_rt_sigprocmask
sys_enter_rt_sigprocmask
sys_enter_clone
sys_enter_rt_sigprocmask
sys_enter_clone
sys_enter_rt_sigprocmask
sys_enter_rt_sigprocmask
sys_enter_futex
sys_enter_gettid
sys_enter_sigaltstack
sys_enter_sigaltstack
sys_enter_gettid
sys_enter_rt_sigprocmask
sys_enter_futex
sys_enter_futex
sys_enter_gettid
sys_enter_sigaltstack
sys_enter_futex
sys_enter_sigaltstack
sys_enter_gettid
sys_enter_rt_sigprocmask
sys_enter_futex
sys_enter_futex
sys_enter_mmap
sys_enter_futex
sys_enter_futex
sys_enter_futex
sys_enter_openat
sys_enter_read
sys_enter_read
sys_enter_close
sys_enter_socket
sys_enter_close
sys_enter_socket
sys_enter_setsockopt
sys_enter_bind
sys_enter_socket
sys_enter_setsockopt
sys_enter_bind
sys_enter_close
sys_enter_close
sys_enter_getpid
sys_enter_getppid
sys_enter_mmap
sys_enter_mmap
sys_enter_getppid
sys_enter_openat
sys_enter_pipe2
sys_enter_getpid
sys_enter_clone
sys_enter_setsid
sys_enter_close
sys_enter_read
sys_enter_chdir
sys_enter_execve
sys_enter_close
sys_enter_mmap
sys_enter_mmap
sys_enter_exit_group
sys_enter_mprotect
sys_enter_mmap
sys_enter_mmap
sys_enter_mprotect
sys_enter_mmap
sys_enter_mprotect
sys_enter_mmap
sys_enter_mprotect
sys_enter_mmap
sys_enter_mmap
sys_enter_close
sys_enter_munmap
sys_enter_sched_getaffinity
sys_enter_mmap
sys_enter_munmap
sys_enter_mmap
sys_enter_mmap
sys_enter_mmap
sys_enter_mmap
sys_enter_mmap
sys_enter_mmap
sys_enter_rt_sigprocmask
sys_enter_sigaltstack
sys_enter_sigaltstack
sys_enter_gettid
sys_enter_rt_sigprocmask
sys_enter_rt_sigaction
sys_enter_rt_sigaction
sys_enter_rt_sigaction
sys_enter_rt_sigaction
sys_enter_rt_sigaction
sys_enter_rt_sigaction
sys_enter_rt_sigaction
sys_enter_rt_sigaction
sys_enter_rt_sigaction
sys_enter_rt_sigaction
sys_enter_rt_sigaction
sys_enter_rt_sigaction
sys_enter_rt_sigaction
sys_enter_rt_sigaction
sys_enter_rt_sigaction
sys_enter_rt_sigaction
sys_enter_rt_sigaction
sys_enter_rt_sigaction
sys_enter_rt_sigaction
sys_enter_rt_sigaction
sys_enter_rt_sigaction
sys_enter_rt_sigaction
sys_enter_rt_sigaction
sys_enter_rt_sigaction
sys_enter_rt_sigaction
sys_enter_rt_sigaction
sys_enter_rt_sigaction
sys_enter_rt_sigaction
sys_enter_rt_sigaction
sys_enter_rt_sigaction
sys_enter_rt_sigaction
sys_enter_rt_sigaction
sys_enter_rt_sigaction
sys_enter_rt_sigaction
sys_enter_rt_sigaction
sys_enter_rt_sigaction
sys_enter_rt_sigaction
sys_enter_rt_sigaction
sys_enter_rt_sigaction
sys_enter_rt_sigaction
sys_enter_rt_sigaction
sys_enter_rt_sigaction
sys_enter_rt_sigaction
sys_enter_rt_sigaction
sys_enter_rt_sigaction
sys_enter_rt_sigaction
sys_enter_rt_sigaction
sys_enter_rt_sigaction
sys_enter_rt_sigaction
sys_enter_rt_sigaction
sys_enter_rt_sigaction
sys_enter_rt_sigaction
sys_enter_rt_sigaction
sys_enter_rt_sigaction
sys_enter_rt_sigaction
sys_enter_rt_sigaction
sys_enter_rt_sigaction
sys_enter_rt_sigaction
sys_enter_rt_sigaction
sys_enter_rt_sigaction
sys_enter_rt_sigaction
sys_enter_rt_sigaction
sys_enter_rt_sigaction
sys_enter_rt_sigaction
sys_enter_rt_sigaction
sys_enter_rt_sigaction
sys_enter_rt_sigaction
sys_enter_rt_sigaction
sys_enter_rt_sigaction
sys_enter_rt_sigaction
sys_enter_rt_sigaction
sys_enter_rt_sigaction
sys_enter_rt_sigaction
sys_enter_rt_sigaction
sys_enter_rt_sigaction
sys_enter_rt_sigaction
sys_enter_rt_sigaction
sys_enter_rt_sigaction
sys_enter_rt_sigaction
sys_enter_rt_sigaction
sys_enter_rt_sigaction
sys_enter_rt_sigaction
sys_enter_rt_sigaction
sys_enter_rt_sigaction
sys_enter_rt_sigaction
sys_enter_rt_sigaction
sys_enter_rt_sigaction
sys_enter_rt_sigaction
sys_enter_rt_sigaction
sys_enter_rt_sigaction
sys_enter_rt_sigaction
sys_enter_rt_sigaction
sys_enter_rt_sigaction
sys_enter_rt_sigaction
sys_enter_rt_sigaction
sys_enter_rt_sigaction
sys_enter_rt_sigaction
sys_enter_rt_sigaction
sys_enter_rt_sigaction
sys_enter_rt_sigaction
sys_enter_rt_sigaction
sys_enter_rt_sigaction
sys_enter_rt_sigaction
sys_enter_rt_sigaction
sys_enter_rt_sigaction
sys_enter_rt_sigaction
sys_enter_rt_sigaction
sys_enter_rt_sigaction
sys_enter_rt_sigaction
sys_enter_rt_sigaction
sys_enter_rt_sigaction
sys_enter_rt_sigaction
sys_enter_rt_sigaction
sys_enter_rt_sigaction
sys_enter_rt_sigprocmask
sys_enter_clone
sys_enter_rt_sigprocmask
sys_enter_gettid
sys_enter_sigaltstack
sys_enter_sigaltstack
sys_enter_gettid
sys_enter_rt_sigprocmask
sys_enter_rt_sigprocmask
sys_enter_clone
sys_enter_rt_sigprocmask
sys_enter_gettid
sys_enter_sigaltstack
sys_enter_sigaltstack
sys_enter_gettid
sys_enter_rt_sigprocmask
sys_enter_rt_sigprocmask
sys_enter_clone
sys_enter_rt_sigprocmask
sys_enter_clone
sys_enter_rt_sigprocmask
sys_enter_rt_sigprocmask
sys_enter_futex
sys_enter_gettid
sys_enter_sigaltstack
sys_enter_sigaltstack
sys_enter_gettid
sys_enter_gettid
sys_enter_rt_sigprocmask
sys_enter_sigaltstack
sys_enter_sigaltstack
sys_enter_gettid
sys_enter_futex
sys_enter_rt_sigprocmask
sys_enter_futex
sys_enter_futex
sys_enter_futex
sys_enter_futex
sys_enter_mmap
sys_enter_futex
sys_enter_futex
sys_enter_futex
sys_enter_openat
sys_enter_futex
sys_enter_futex
sys_enter_read
sys_enter_read
sys_enter_close
sys_enter_socket
sys_enter_futex
sys_enter_futex
sys_enter_futex
sys_enter_futex
sys_enter_close
sys_enter_socket
sys_enter_setsockopt
sys_enter_bind
sys_enter_socket
sys_enter_setsockopt
sys_enter_bind
sys_enter_close
sys_enter_close
sys_enter_mmap
sys_enter_getpid
sys_enter_getppid
sys_enter_mmap
sys_enter_mmap
sys_enter_mmap
sys_enter_getppid
sys_enter_openat
sys_enter_pipe2
sys_enter_getpid
sys_enter_clone
sys_enter_setsid
sys_enter_close
sys_enter_read
sys_enter_chdir
sys_enter_execve
sys_enter_close
sys_enter_exit_group
sys_enter_mmap
sys_enter_mmap
sys_enter_mprotect
sys_enter_mmap
sys_enter_mmap
sys_enter_mprotect
sys_enter_mmap
sys_enter_mprotect
sys_enter_mmap
sys_enter_mprotect
sys_enter_mmap
sys_enter_mmap
sys_enter_close
sys_enter_munmap
sys_enter_sched_getaffinity
sys_enter_mmap
sys_enter_munmap
sys_enter_mmap
sys_enter_mmap
sys_enter_mmap
sys_enter_mmap
sys_enter_mmap
sys_enter_mmap
sys_enter_rt_sigprocmask
sys_enter_sigaltstack
sys_enter_sigaltstack
sys_enter_gettid
sys_enter_rt_sigprocmask
sys_enter_rt_sigaction
sys_enter_rt_sigaction
sys_enter_rt_sigaction
sys_enter_rt_sigaction
sys_enter_rt_sigaction
sys_enter_rt_sigaction
sys_enter_rt_sigaction
sys_enter_rt_sigaction
sys_enter_rt_sigaction
sys_enter_rt_sigaction
sys_enter_rt_sigaction
sys_enter_rt_sigaction
sys_enter_rt_sigaction
sys_enter_rt_sigaction
sys_enter_rt_sigaction
sys_enter_rt_sigaction
sys_enter_rt_sigaction
sys_enter_rt_sigaction
sys_enter_rt_sigaction
sys_enter_rt_sigaction
sys_enter_rt_sigaction
sys_enter_rt_sigaction
sys_enter_rt_sigaction
sys_enter_rt_sigaction
sys_enter_rt_sigaction
sys_enter_rt_sigaction
sys_enter_rt_sigaction
sys_enter_rt_sigaction
sys_enter_rt_sigaction
sys_enter_rt_sigaction
sys_enter_rt_sigaction
sys_enter_rt_sigaction
sys_enter_rt_sigaction
sys_enter_rt_sigaction
sys_enter_rt_sigaction
sys_enter_rt_sigaction
sys_enter_rt_sigaction
sys_enter_rt_sigaction
sys_enter_rt_sigaction
sys_enter_rt_sigaction
sys_enter_rt_sigaction
sys_enter_rt_sigaction
sys_enter_rt_sigaction
sys_enter_rt_sigaction
sys_enter_rt_sigaction
sys_enter_rt_sigaction
sys_enter_rt_sigaction
sys_enter_rt_sigaction
sys_enter_rt_sigaction
sys_enter_rt_sigaction
sys_enter_rt_sigaction
sys_enter_rt_sigaction
sys_enter_rt_sigaction
sys_enter_rt_sigaction
sys_enter_rt_sigaction
sys_enter_rt_sigaction
sys_enter_rt_sigaction
sys_enter_rt_sigaction
sys_enter_rt_sigaction
sys_enter_rt_sigaction
sys_enter_rt_sigaction
sys_enter_rt_sigaction
sys_enter_rt_sigaction
sys_enter_rt_sigaction
sys_enter_rt_sigaction
sys_enter_rt_sigaction
sys_enter_rt_sigaction
sys_enter_rt_sigaction
sys_enter_rt_sigaction
sys_enter_rt_sigaction
sys_enter_rt_sigaction
sys_enter_rt_sigaction
sys_enter_rt_sigaction
sys_enter_rt_sigaction
sys_enter_rt_sigaction
sys_enter_rt_sigaction
sys_enter_rt_sigaction
sys_enter_rt_sigaction
sys_enter_rt_sigaction
sys_enter_rt_sigaction
sys_enter_rt_sigaction
sys_enter_rt_sigaction
sys_enter_rt_sigaction
sys_enter_rt_sigaction
sys_enter_rt_sigaction
sys_enter_rt_sigaction
sys_enter_rt_sigaction
sys_enter_rt_sigaction
sys_enter_rt_sigaction
sys_enter_rt_sigaction
sys_enter_rt_sigaction
sys_enter_rt_sigaction
sys_enter_rt_sigaction
sys_enter_rt_sigaction
sys_enter_rt_sigaction
sys_enter_rt_sigaction
sys_enter_rt_sigaction
sys_enter_rt_sigaction
sys_enter_rt_sigaction
sys_enter_rt_sigaction
sys_enter_rt_sigaction
sys_enter_rt_sigaction
sys_enter_rt_sigaction
sys_enter_rt_sigaction
sys_enter_rt_sigaction
sys_enter_rt_sigaction
sys_enter_rt_sigaction
sys_enter_rt_sigaction
sys_enter_rt_sigaction
sys_enter_rt_sigaction
sys_enter_rt_sigaction
sys_enter_rt_sigaction
sys_enter_rt_sigaction
sys_enter_rt_sigaction
sys_enter_rt_sigprocmask
sys_enter_clone
sys_enter_rt_sigprocmask
sys_enter_gettid
sys_enter_sigaltstack
sys_enter_sigaltstack
sys_enter_gettid
sys_enter_rt_sigprocmask
sys_enter_rt_sigprocmask
sys_enter_clone
sys_enter_rt_sigprocmask
sys_enter_gettid
sys_enter_sigaltstack
sys_enter_sigaltstack
sys_enter_gettid
sys_enter_rt_sigprocmask
sys_enter_rt_sigprocmask
sys_enter_clone
sys_enter_rt_sigprocmask
sys_enter_clone
sys_enter_rt_sigprocmask
sys_enter_futex
sys_enter_gettid
sys_enter_sigaltstack
sys_enter_sigaltstack
sys_enter_gettid
sys_enter_rt_sigprocmask
sys_enter_rt_sigprocmask
sys_enter_gettid
sys_enter_futex
sys_enter_sigaltstack
sys_enter_sigaltstack
sys_enter_futex
sys_enter_gettid
sys_enter_rt_sigprocmask
sys_enter_futex
sys_enter_futex
sys_enter_futex
sys_enter_mmap
sys_enter_futex
sys_enter_futex
sys_enter_futex
sys_enter_openat
sys_enter_read
sys_enter_read
sys_enter_close
sys_enter_socket
sys_enter_close
sys_enter_socket
sys_enter_setsockopt
sys_enter_bind
sys_enter_socket
sys_enter_setsockopt
sys_enter_bind
sys_enter_close
sys_enter_close
sys_enter_getpid
sys_enter_getppid
sys_enter_mmap
sys_enter_mmap
sys_enter_getppid
sys_enter_openat
sys_enter_pipe2
sys_enter_getpid
sys_enter_clone
sys_enter_setsid
sys_enter_close
sys_enter_read
sys_enter_chdir
sys_enter_execve
sys_enter_close
sys_enter_exit_group
sys_enter_mmap
sys_enter_mmap
sys_enter_mprotect
sys_enter_mmap
sys_enter_mmap
sys_enter_mprotect
sys_enter_mmap
sys_enter_mprotect
sys_enter_mmap
sys_enter_mprotect
sys_enter_mmap
sys_enter_mmap
sys_enter_close
sys_enter_munmap
sys_enter_sched_getaffinity
sys_enter_mmap
sys_enter_munmap
sys_enter_mmap
sys_enter_mmap
sys_enter_mmap
sys_enter_mmap
sys_enter_mmap
sys_enter_mmap
sys_enter_rt_sigprocmask
sys_enter_sigaltstack
sys_enter_sigaltstack
sys_enter_gettid
sys_enter_rt_sigprocmask
sys_enter_rt_sigaction
sys_enter_rt_sigaction
sys_enter_rt_sigaction
sys_enter_rt_sigaction
sys_enter_rt_sigaction
sys_enter_rt_sigaction
sys_enter_rt_sigaction
sys_enter_rt_sigaction
sys_enter_rt_sigaction
sys_enter_rt_sigaction
sys_enter_rt_sigaction
sys_enter_rt_sigaction
sys_enter_rt_sigaction
sys_enter_rt_sigaction
sys_enter_rt_sigaction
sys_enter_rt_sigaction
sys_enter_rt_sigaction
sys_enter_rt_sigaction
sys_enter_rt_sigaction
sys_enter_rt_sigaction
sys_enter_rt_sigaction
sys_enter_rt_sigaction
sys_enter_rt_sigaction
sys_enter_rt_sigaction
sys_enter_rt_sigaction
sys_enter_rt_sigaction
sys_enter_rt_sigaction
sys_enter_rt_sigaction
sys_enter_rt_sigaction
sys_enter_rt_sigaction
sys_enter_rt_sigaction
sys_enter_rt_sigaction
sys_enter_rt_sigaction
sys_enter_rt_sigaction
sys_enter_rt_sigaction
sys_enter_rt_sigaction
sys_enter_rt_sigaction
sys_enter_rt_sigaction
sys_enter_rt_sigaction
sys_enter_rt_sigaction
sys_enter_rt_sigaction
sys_enter_rt_sigaction
sys_enter_rt_sigaction
sys_enter_rt_sigaction
sys_enter_rt_sigaction
sys_enter_rt_sigaction
sys_enter_rt_sigaction
sys_enter_rt_sigaction
sys_enter_rt_sigaction
sys_enter_rt_sigaction
sys_enter_rt_sigaction
sys_enter_rt_sigaction
sys_enter_rt_sigaction
sys_enter_rt_sigaction
sys_enter_rt_sigaction
sys_enter_rt_sigaction
sys_enter_rt_sigaction
sys_enter_rt_sigaction
sys_enter_rt_sigaction
sys_enter_rt_sigaction
sys_enter_rt_sigaction
sys_enter_rt_sigaction
sys_enter_rt_sigaction
sys_enter_rt_sigaction
sys_enter_rt_sigaction
sys_enter_rt_sigaction
sys_enter_rt_sigaction
sys_enter_rt_sigaction
sys_enter_rt_sigaction
sys_enter_rt_sigaction
sys_enter_rt_sigaction
sys_enter_rt_sigaction
sys_enter_rt_sigaction
sys_enter_rt_sigaction
sys_enter_rt_sigaction
sys_enter_rt_sigaction
sys_enter_rt_sigaction
sys_enter_rt_sigaction
sys_enter_rt_sigaction
sys_enter_rt_sigaction
sys_enter_rt_sigaction
sys_enter_rt_sigaction
sys_enter_rt_sigaction
sys_enter_rt_sigaction
sys_enter_rt_sigaction
sys_enter_rt_sigaction
sys_enter_rt_sigaction
sys_enter_rt_sigaction
sys_enter_rt_sigaction
sys_enter_rt_sigaction
sys_enter_rt_sigaction
sys_enter_rt_sigaction
sys_enter_rt_sigaction
sys_enter_rt_sigaction
sys_enter_rt_sigaction
sys_enter_rt_sigaction
sys_enter_rt_sigaction
sys_enter_rt_sigaction
sys_enter_rt_sigaction
sys_enter_rt_sigaction
sys_enter_rt_sigaction
sys_enter_rt_sigaction
sys_enter_rt_sigaction
sys_enter_rt_sigaction
sys_enter_rt_sigaction
sys_enter_rt_sigaction
sys_enter_rt_sigaction
sys_enter_rt_sigaction
sys_enter_rt_sigaction
sys_enter_rt_sigaction
sys_enter_rt_sigaction
sys_enter_rt_sigaction
sys_enter_rt_sigaction
sys_enter_rt_sigaction
sys_enter_rt_sigprocmask
sys_enter_clone
sys_enter_rt_sigprocmask
sys_enter_gettid
sys_enter_sigaltstack
sys_enter_sigaltstack
sys_enter_gettid
sys_enter_rt_sigprocmask
sys_enter_rt_sigprocmask
sys_enter_clone
sys_enter_rt_sigprocmask
sys_enter_gettid
sys_enter_sigaltstack
sys_enter_sigaltstack
sys_enter_gettid
sys_enter_rt_sigprocmask
sys_enter_sched_yield
sys_enter_sched_yield
sys_enter_futex
sys_enter_futex
sys_enter_futex
sys_enter_rt_sigprocmask
sys_enter_clone
sys_enter_futex
sys_enter_rt_sigprocmask
sys_enter_clone
sys_enter_rt_sigprocmask
sys_enter_futex
sys_enter_gettid
sys_enter_sigaltstack
sys_enter_sigaltstack
sys_enter_gettid
sys_enter_rt_sigprocmask
sys_enter_gettid
sys_enter_rt_sigprocmask
sys_enter_sigaltstack
sys_enter_sigaltstack
sys_enter_futex
sys_enter_futex
sys_enter_gettid
sys_enter_rt_sigprocmask
sys_enter_futex
sys_enter_futex
sys_enter_futex
sys_enter_mmap
sys_enter_futex
sys_enter_futex
sys_enter_futex
sys_enter_openat
sys_enter_read
sys_enter_read
sys_enter_close
sys_enter_socket
sys_enter_close
sys_enter_socket
sys_enter_setsockopt
sys_enter_bind
sys_enter_socket
sys_enter_setsockopt
sys_enter_bind
sys_enter_close
sys_enter_close
sys_enter_getpid
sys_enter_getppid
sys_enter_mmap
sys_enter_mmap
sys_enter_getppid
sys_enter_openat
sys_enter_pipe2
sys_enter_getpid
sys_enter_clone
sys_enter_setsid
sys_enter_close
sys_enter_read
sys_enter_chdir
sys_enter_execve
sys_enter_close
sys_enter_exit_group
sys_enter_mmap
sys_enter_mmap
sys_enter_mprotect
sys_enter_mmap
sys_enter_mmap
sys_enter_mprotect
sys_enter_mmap
sys_enter_mprotect
sys_enter_mmap
sys_enter_mprotect
sys_enter_mmap
sys_enter_mmap
sys_enter_close
sys_enter_munmap
sys_enter_sched_getaffinity
sys_enter_mmap
sys_enter_munmap
sys_enter_mmap
sys_enter_mmap
sys_enter_mmap
sys_enter_mmap
sys_enter_mmap
sys_enter_mmap
sys_enter_rt_sigprocmask
sys_enter_sigaltstack
sys_enter_sigaltstack
sys_enter_gettid
sys_enter_rt_sigprocmask
sys_enter_rt_sigaction
sys_enter_rt_sigaction
sys_enter_rt_sigaction
sys_enter_rt_sigaction
sys_enter_rt_sigaction
sys_enter_rt_sigaction
sys_enter_rt_sigaction
sys_enter_rt_sigaction
sys_enter_rt_sigaction
sys_enter_rt_sigaction
sys_enter_rt_sigaction
sys_enter_rt_sigaction
sys_enter_rt_sigaction
sys_enter_rt_sigaction
sys_enter_rt_sigaction
sys_enter_rt_sigaction
sys_enter_rt_sigaction
sys_enter_rt_sigaction
sys_enter_rt_sigaction
sys_enter_rt_sigaction
sys_enter_rt_sigaction
sys_enter_rt_sigaction
sys_enter_rt_sigaction
sys_enter_rt_sigaction
sys_enter_rt_sigaction
sys_enter_rt_sigaction
sys_enter_rt_sigaction
sys_enter_rt_sigaction
sys_enter_rt_sigaction
sys_enter_rt_sigaction
sys_enter_rt_sigaction
sys_enter_rt_sigaction
sys_enter_rt_sigaction
sys_enter_rt_sigaction
sys_enter_rt_sigaction
sys_enter_rt_sigaction
sys_enter_rt_sigaction
sys_enter_rt_sigaction
sys_enter_rt_sigaction
sys_enter_rt_sigaction
sys_enter_rt_sigaction
sys_enter_rt_sigaction
sys_enter_rt_sigaction
sys_enter_rt_sigaction
sys_enter_rt_sigaction
sys_enter_rt_sigaction
sys_enter_rt_sigaction
sys_enter_rt_sigaction
sys_enter_rt_sigaction
sys_enter_rt_sigaction
sys_enter_rt_sigaction
sys_enter_rt_sigaction
sys_enter_rt_sigaction
sys_enter_rt_sigaction
sys_enter_rt_sigaction
sys_enter_rt_sigaction
sys_enter_rt_sigaction
sys_enter_rt_sigaction
sys_enter_rt_sigaction
sys_enter_rt_sigaction
sys_enter_rt_sigaction
sys_enter_rt_sigaction
sys_enter_rt_sigaction
sys_enter_rt_sigaction
sys_enter_rt_sigaction
sys_enter_rt_sigaction
sys_enter_rt_sigaction
sys_enter_rt_sigaction
sys_enter_rt_sigaction
sys_enter_rt_sigaction
sys_enter_rt_sigaction
sys_enter_rt_sigaction
sys_enter_rt_sigaction
sys_enter_rt_sigaction
sys_enter_rt_sigaction
sys_enter_rt_sigaction
sys_enter_rt_sigaction
sys_enter_rt_sigaction
sys_enter_rt_sigaction
sys_enter_rt_sigaction
sys_enter_rt_sigaction
sys_enter_rt_sigaction
sys_enter_rt_sigaction
sys_enter_rt_sigaction
sys_enter_rt_sigaction
sys_enter_rt_sigaction
sys_enter_rt_sigaction
sys_enter_rt_sigaction
sys_enter_rt_sigaction
sys_enter_rt_sigaction
sys_enter_rt_sigaction
sys_enter_rt_sigaction
sys_enter_rt_sigaction
sys_enter_rt_sigaction
sys_enter_rt_sigaction
sys_enter_rt_sigaction
sys_enter_rt_sigaction
sys_enter_rt_sigaction
sys_enter_rt_sigaction
sys_enter_rt_sigaction
sys_enter_rt_sigaction
sys_enter_rt_sigaction
sys_enter_rt_sigaction
sys_enter_rt_sigaction
sys_enter_rt_sigaction
sys_enter_rt_sigaction
sys_enter_rt_sigaction
sys_enter_rt_sigaction
sys_enter_rt_sigaction
sys_enter_rt_sigaction
sys_enter_rt_sigaction
sys_enter_rt_sigaction
sys_enter_rt_sigaction
sys_enter_rt_sigaction
sys_enter_rt_sigprocmask
sys_enter_clone
sys_enter_rt_sigprocmask
sys_enter_gettid
sys_enter_sigaltstack
sys_enter_sigaltstack
sys_enter_gettid
sys_enter_rt_sigprocmask
sys_enter_rt_sigprocmask
sys_enter_clone
sys_enter_rt_sigprocmask
sys_enter_gettid
sys_enter_sigaltstack
sys_enter_sigaltstack
sys_enter_rt_sigprocmask
sys_enter_clone
sys_enter_gettid
sys_enter_rt_sigprocmask
sys_enter_rt_sigprocmask
sys_enter_sched_yield
sys_enter_futex
sys_enter_futex
sys_enter_gettid
sys_enter_rt_sigprocmask
sys_enter_clone
sys_enter_sigaltstack
sys_enter_sigaltstack
sys_enter_gettid
sys_enter_rt_sigprocmask
sys_enter_futex
sys_enter_rt_sigprocmask
sys_enter_gettid
sys_enter_futex
sys_enter_futex
sys_enter_sigaltstack
sys_enter_sigaltstack
sys_enter_gettid
sys_enter_rt_sigprocmask
sys_enter_futex
sys_enter_futex
sys_enter_mmap
sys_enter_futex
sys_enter_futex
sys_enter_futex
sys_enter_openat
sys_enter_read
sys_enter_read
sys_enter_close
sys_enter_socket
sys_enter_close
sys_enter_socket
sys_enter_setsockopt
sys_enter_bind
sys_enter_socket
sys_enter_setsockopt
sys_enter_bind
sys_enter_close
sys_enter_close
sys_enter_getpid
sys_enter_getppid
sys_enter_mmap
sys_enter_mmap
sys_enter_getppid
sys_enter_openat
sys_enter_pipe2
sys_enter_getpid
sys_enter_clone
sys_enter_setsid
sys_enter_close
sys_enter_read
sys_enter_chdir
sys_enter_execve
sys_enter_close
sys_enter_mmap
sys_enter_exit_group
sys_enter_mmap
sys_enter_mprotect
sys_enter_mmap
sys_enter_mmap
sys_enter_mprotect
sys_enter_mmap
sys_enter_mprotect
sys_enter_mmap
sys_enter_mprotect
sys_enter_mmap
sys_enter_mmap
sys_enter_close
sys_enter_munmap
sys_enter_sched_getaffinity
sys_enter_mmap
sys_enter_munmap
sys_enter_mmap
sys_enter_mmap
sys_enter_mmap
sys_enter_mmap
sys_enter_mmap
sys_enter_mmap
sys_enter_rt_sigprocmask
sys_enter_sigaltstack
sys_enter_sigaltstack
sys_enter_gettid
sys_enter_rt_sigprocmask
sys_enter_rt_sigaction
sys_enter_rt_sigaction
sys_enter_rt_sigaction
sys_enter_rt_sigaction
sys_enter_rt_sigaction
sys_enter_rt_sigaction
sys_enter_rt_sigaction
sys_enter_rt_sigaction
sys_enter_rt_sigaction
sys_enter_rt_sigaction
sys_enter_rt_sigaction
sys_enter_rt_sigaction
sys_enter_rt_sigaction
sys_enter_rt_sigaction
sys_enter_rt_sigaction
sys_enter_rt_sigaction
sys_enter_rt_sigaction
sys_enter_rt_sigaction
sys_enter_rt_sigaction
sys_enter_rt_sigaction
sys_enter_rt_sigaction
sys_enter_rt_sigaction
sys_enter_rt_sigaction
sys_enter_rt_sigaction
sys_enter_rt_sigaction
sys_enter_rt_sigaction
sys_enter_rt_sigaction
sys_enter_rt_sigaction
sys_enter_rt_sigaction
sys_enter_rt_sigaction
sys_enter_rt_sigaction
sys_enter_rt_sigaction
sys_enter_rt_sigaction
sys_enter_rt_sigaction
sys_enter_rt_sigaction
sys_enter_rt_sigaction
sys_enter_rt_sigaction
sys_enter_rt_sigaction
sys_enter_rt_sigaction
sys_enter_rt_sigaction
sys_enter_rt_sigaction
sys_enter_rt_sigaction
sys_enter_rt_sigaction
sys_enter_rt_sigaction
sys_enter_rt_sigaction
sys_enter_rt_sigaction
sys_enter_rt_sigaction
sys_enter_rt_sigaction
sys_enter_rt_sigaction
sys_enter_rt_sigaction
sys_enter_rt_sigaction
sys_enter_rt_sigaction
sys_enter_rt_sigaction
sys_enter_rt_sigaction
sys_enter_rt_sigaction
sys_enter_rt_sigaction
sys_enter_rt_sigaction
sys_enter_rt_sigaction
sys_enter_rt_sigaction
sys_enter_rt_sigaction
sys_enter_rt_sigaction
sys_enter_rt_sigaction
sys_enter_rt_sigaction
sys_enter_rt_sigaction
sys_enter_rt_sigaction
sys_enter_rt_sigaction
sys_enter_rt_sigaction
sys_enter_rt_sigaction
sys_enter_rt_sigaction
sys_enter_rt_sigaction
sys_enter_rt_sigaction
sys_enter_rt_sigaction
sys_enter_rt_sigaction
sys_enter_rt_sigaction
sys_enter_rt_sigaction
sys_enter_rt_sigaction
sys_enter_rt_sigaction
sys_enter_rt_sigaction
sys_enter_rt_sigaction
sys_enter_rt_sigaction
sys_enter_rt_sigaction
sys_enter_rt_sigaction
sys_enter_rt_sigaction
sys_enter_rt_sigaction
sys_enter_rt_sigaction
sys_enter_rt_sigaction
sys_enter_rt_sigaction
sys_enter_rt_sigaction
sys_enter_rt_sigaction
sys_enter_rt_sigaction
sys_enter_rt_sigaction
sys_enter_rt_sigaction
sys_enter_rt_sigaction
sys_enter_rt_sigaction
sys_enter_rt_sigaction
sys_enter_rt_sigaction
sys_enter_rt_sigaction
sys_enter_rt_sigaction
sys_enter_rt_sigaction
sys_enter_rt_sigaction
sys_enter_rt_sigaction
sys_enter_rt_sigaction
sys_enter_rt_sigaction
sys_enter_rt_sigaction
sys_enter_rt_sigaction
sys_enter_rt_sigaction
sys_enter_rt_sigaction
sys_enter_rt_sigaction
sys_enter_rt_sigaction
sys_enter_rt_sigaction
sys_enter_rt_sigaction
sys_enter_rt_sigaction
sys_enter_rt_sigaction
sys_enter_rt_sigaction
sys_enter_rt_sigprocmask
sys_enter_clone
sys_enter_rt_sigprocmask
sys_enter_gettid
sys_enter_sigaltstack
sys_enter_sigaltstack
sys_enter_gettid
sys_enter_rt_sigprocmask
sys_enter_rt_sigprocmask
sys_enter_clone
sys_enter_rt_sigprocmask
sys_enter_rt_sigprocmask
sys_enter_clone
sys_enter_gettid
sys_enter_sigaltstack
sys_enter_sigaltstack
sys_enter_gettid
sys_enter_rt_sigprocmask
sys_enter_rt_sigprocmask
sys_enter_futex
sys_enter_gettid
sys_enter_sigaltstack
sys_enter_sigaltstack
sys_enter_gettid
sys_enter_rt_sigprocmask
sys_enter_rt_sigprocmask
sys_enter_clone
sys_enter_futex
sys_enter_futex
sys_enter_rt_sigprocmask
sys_enter_futex
sys_enter_gettid
sys_enter_sigaltstack
sys_enter_sigaltstack
sys_enter_gettid
sys_enter_rt_sigprocmask
sys_enter_futex
sys_enter_futex
sys_enter_mmap
sys_enter_futex
sys_enter_futex
sys_enter_futex
sys_enter_openat
sys_enter_futex
sys_enter_futex
sys_enter_read
sys_enter_read
sys_enter_close
sys_enter_socket
sys_enter_close
sys_enter_socket
sys_enter_setsockopt
sys_enter_bind
sys_enter_socket
sys_enter_setsockopt
sys_enter_bind
sys_enter_close
sys_enter_close
sys_enter_getpid
sys_enter_getppid
sys_enter_mmap
sys_enter_mmap
sys_enter_getppid
sys_enter_openat
sys_enter_pipe2
sys_enter_getpid
sys_enter_clone
sys_enter_setsid
sys_enter_close
sys_enter_read
sys_enter_chdir
sys_enter_execve
sys_enter_close
sys_enter_exit_group
sys_enter_mmap
sys_enter_mmap
sys_enter_mprotect
sys_enter_mmap
sys_enter_mmap
sys_enter_mprotect
sys_enter_mmap
sys_enter_mprotect
sys_enter_mmap
sys_enter_mprotect
sys_enter_mmap
sys_enter_mmap
sys_enter_close
sys_enter_munmap
sys_enter_sched_getaffinity
sys_enter_mmap
sys_enter_munmap
sys_enter_mmap
sys_enter_mmap
sys_enter_mmap
sys_enter_mmap
sys_enter_mmap
sys_enter_mmap
sys_enter_rt_sigprocmask
sys_enter_sigaltstack
sys_enter_sigaltstack
sys_enter_gettid
sys_enter_rt_sigprocmask
sys_enter_rt_sigaction
sys_enter_rt_sigaction
sys_enter_rt_sigaction
sys_enter_rt_sigaction
sys_enter_rt_sigaction
sys_enter_rt_sigaction
sys_enter_rt_sigaction
sys_enter_rt_sigaction
sys_enter_rt_sigaction
sys_enter_rt_sigaction
sys_enter_rt_sigaction
sys_enter_rt_sigaction
sys_enter_rt_sigaction
sys_enter_rt_sigaction
sys_enter_rt_sigaction
sys_enter_rt_sigaction
sys_enter_rt_sigaction
sys_enter_rt_sigaction
sys_enter_rt_sigaction
sys_enter_rt_sigaction
sys_enter_rt_sigaction
sys_enter_rt_sigaction
sys_enter_rt_sigaction
sys_enter_rt_sigaction
sys_enter_rt_sigaction
sys_enter_rt_sigaction
sys_enter_rt_sigaction
sys_enter_rt_sigaction
sys_enter_rt_sigaction
sys_enter_rt_sigaction
sys_enter_rt_sigaction
sys_enter_rt_sigaction
sys_enter_rt_sigaction
sys_enter_rt_sigaction
sys_enter_rt_sigaction
sys_enter_rt_sigaction
sys_enter_rt_sigaction
sys_enter_rt_sigaction
sys_enter_rt_sigaction
sys_enter_rt_sigaction
sys_enter_rt_sigaction
sys_enter_rt_sigaction
sys_enter_rt_sigaction
sys_enter_rt_sigaction
sys_enter_rt_sigaction
sys_enter_rt_sigaction
sys_enter_rt_sigaction
sys_enter_rt_sigaction
sys_enter_rt_sigaction
sys_enter_rt_sigaction
sys_enter_rt_sigaction
sys_enter_rt_sigaction
sys_enter_rt_sigaction
sys_enter_rt_sigaction
sys_enter_rt_sigaction
sys_enter_rt_sigaction
sys_enter_rt_sigaction
sys_enter_rt_sigaction
sys_enter_rt_sigaction
sys_enter_rt_sigaction
sys_enter_rt_sigaction
sys_enter_rt_sigaction
sys_enter_rt_sigaction
sys_enter_rt_sigaction
sys_enter_rt_sigaction
sys_enter_rt_sigaction
sys_enter_rt_sigaction
sys_enter_rt_sigaction
sys_enter_rt_sigaction
sys_enter_rt_sigaction
sys_enter_rt_sigaction
sys_enter_rt_sigaction
sys_enter_rt_sigaction
sys_enter_rt_sigaction
sys_enter_rt_sigaction
sys_enter_rt_sigaction
sys_enter_rt_sigaction
sys_enter_rt_sigaction
sys_enter_rt_sigaction
sys_enter_rt_sigaction
sys_enter_rt_sigaction
sys_enter_rt_sigaction
sys_enter_rt_sigaction
sys_enter_rt_sigaction
sys_enter_rt_sigaction
sys_enter_rt_sigaction
sys_enter_rt_sigaction
sys_enter_rt_sigaction
sys_enter_rt_sigaction
sys_enter_rt_sigaction
sys_enter_rt_sigaction
sys_enter_rt_sigaction
sys_enter_rt_sigaction
sys_enter_rt_sigaction
sys_enter_rt_sigaction
sys_enter_rt_sigaction
sys_enter_rt_sigaction
sys_enter_rt_sigaction
sys_enter_rt_sigaction
sys_enter_rt_sigaction
sys_enter_rt_sigaction
sys_enter_rt_sigaction
sys_enter_rt_sigaction
sys_enter_rt_sigaction
sys_enter_rt_sigaction
sys_enter_rt_sigaction
sys_enter_rt_sigaction
sys_enter_rt_sigaction
sys_enter_rt_sigaction
sys_enter_rt_sigaction
sys_enter_rt_sigaction
sys_enter_rt_sigaction
sys_enter_rt_sigaction
sys_enter_rt_sigaction
sys_enter_rt_sigprocmask
sys_enter_clone
sys_enter_rt_sigprocmask
sys_enter_gettid
sys_enter_sigaltstack
sys_enter_sigaltstack
sys_enter_gettid
sys_enter_rt_sigprocmask
sys_enter_rt_sigprocmask
sys_enter_clone
sys_enter_rt_sigprocmask
sys_enter_gettid
sys_enter_sigaltstack
sys_enter_sigaltstack
sys_enter_gettid
sys_enter_rt_sigprocmask
sys_enter_rt_sigprocmask
sys_enter_clone
sys_enter_rt_sigprocmask
sys_enter_clone
sys_enter_rt_sigprocmask
sys_enter_futex
sys_enter_gettid
sys_enter_sigaltstack
sys_enter_sigaltstack
sys_enter_gettid
sys_enter_rt_sigprocmask
sys_enter_rt_sigprocmask
sys_enter_futex
sys_enter_gettid
sys_enter_futex
sys_enter_futex
sys_enter_sigaltstack
sys_enter_sigaltstack
sys_enter_gettid
sys_enter_rt_sigprocmask
sys_enter_futex
sys_enter_futex
sys_enter_mmap
sys_enter_futex
sys_enter_futex
sys_enter_futex
sys_enter_openat
sys_enter_read
sys_enter_read
sys_enter_close
sys_enter_socket
sys_enter_close
sys_enter_socket
sys_enter_setsockopt
sys_enter_bind
sys_enter_socket
sys_enter_setsockopt
sys_enter_bind
sys_enter_close
sys_enter_close
sys_enter_getpid
sys_enter_getppid
sys_enter_mmap
sys_enter_mmap
sys_enter_getppid
sys_enter_openat
sys_enter_pipe2
sys_enter_getpid
sys_enter_clone
sys_enter_setsid
sys_enter_close
sys_enter_read
sys_enter_chdir
sys_enter_execve
sys_enter_close
sys_enter_exit_group
sys_enter_mmap
sys_enter_mmap
sys_enter_mprotect
sys_enter_mmap
sys_enter_mmap
sys_enter_mprotect
sys_enter_mmap
sys_enter_mprotect
sys_enter_mmap
sys_enter_mprotect
sys_enter_mmap
sys_enter_mmap
sys_enter_close
sys_enter_munmap
sys_enter_sched_getaffinity
sys_enter_mmap
sys_enter_munmap
sys_enter_mmap
sys_enter_mmap
sys_enter_mmap
sys_enter_mmap
sys_enter_mmap
sys_enter_mmap
sys_enter_rt_sigprocmask
sys_enter_sigaltstack
sys_enter_sigaltstack
sys_enter_gettid
sys_enter_rt_sigprocmask
sys_enter_rt_sigaction
sys_enter_rt_sigaction
sys_enter_rt_sigaction
sys_enter_rt_sigaction
sys_enter_rt_sigaction
sys_enter_rt_sigaction
sys_enter_rt_sigaction
sys_enter_rt_sigaction
sys_enter_rt_sigaction
sys_enter_rt_sigaction
sys_enter_rt_sigaction
sys_enter_rt_sigaction
sys_enter_rt_sigaction
sys_enter_rt_sigaction
sys_enter_rt_sigaction
sys_enter_rt_sigaction
sys_enter_rt_sigaction
sys_enter_rt_sigaction
sys_enter_rt_sigaction
sys_enter_rt_sigaction
sys_enter_rt_sigaction
sys_enter_rt_sigaction
sys_enter_rt_sigaction
sys_enter_rt_sigaction
sys_enter_rt_sigaction
sys_enter_rt_sigaction
sys_enter_rt_sigaction
sys_enter_rt_sigaction
sys_enter_rt_sigaction
sys_enter_rt_sigaction
sys_enter_rt_sigaction
sys_enter_rt_sigaction
sys_enter_rt_sigaction
sys_enter_rt_sigaction
sys_enter_rt_sigaction
sys_enter_rt_sigaction
sys_enter_rt_sigaction
sys_enter_rt_sigaction
sys_enter_rt_sigaction
sys_enter_rt_sigaction
sys_enter_rt_sigaction
sys_enter_rt_sigaction
sys_enter_rt_sigaction
sys_enter_rt_sigaction
sys_enter_rt_sigaction
sys_enter_rt_sigaction
sys_enter_rt_sigaction
sys_enter_rt_sigaction
sys_enter_rt_sigaction
sys_enter_rt_sigaction
sys_enter_rt_sigaction
sys_enter_rt_sigaction
sys_enter_rt_sigaction
sys_enter_rt_sigaction
sys_enter_rt_sigaction
sys_enter_rt_sigaction
sys_enter_rt_sigaction
sys_enter_rt_sigaction
sys_enter_rt_sigaction
sys_enter_rt_sigaction
sys_enter_rt_sigaction
sys_enter_rt_sigaction
sys_enter_rt_sigaction
sys_enter_rt_sigaction
sys_enter_rt_sigaction
sys_enter_rt_sigaction
sys_enter_rt_sigaction
sys_enter_rt_sigaction
sys_enter_rt_sigaction
sys_enter_rt_sigaction
sys_enter_rt_sigaction
sys_enter_rt_sigaction
sys_enter_rt_sigaction
sys_enter_rt_sigaction
sys_enter_rt_sigaction
sys_enter_rt_sigaction
sys_enter_rt_sigaction
sys_enter_rt_sigaction
sys_enter_rt_sigaction
sys_enter_rt_sigaction
sys_enter_rt_sigaction
sys_enter_rt_sigaction
sys_enter_rt_sigaction
sys_enter_rt_sigaction
sys_enter_rt_sigaction
sys_enter_rt_sigaction
sys_enter_rt_sigaction
sys_enter_rt_sigaction
sys_enter_rt_sigaction
sys_enter_rt_sigaction
sys_enter_rt_sigaction
sys_enter_rt_sigaction
sys_enter_rt_sigaction
sys_enter_rt_sigaction
sys_enter_rt_sigaction
sys_enter_rt_sigaction
sys_enter_rt_sigaction
sys_enter_rt_sigaction
sys_enter_rt_sigaction
sys_enter_rt_sigaction
sys_enter_rt_sigaction
sys_enter_rt_sigaction
sys_enter_rt_sigaction
sys_enter_rt_sigaction
sys_enter_rt_sigaction
sys_enter_rt_sigaction
sys_enter_rt_sigaction
sys_enter_rt_sigaction
sys_enter_rt_sigaction
sys_enter_rt_sigaction
sys_enter_rt_sigaction
sys_enter_rt_sigaction
sys_enter_rt_sigaction
sys_enter_rt_sigaction
sys_enter_rt_sigprocmask
sys_enter_clone
sys_enter_rt_sigprocmask
sys_enter_gettid
sys_enter_sigaltstack
sys_enter_sigaltstack
sys_enter_gettid
sys_enter_rt_sigprocmask
sys_enter_rt_sigprocmask
sys_enter_clone
sys_enter_rt_sigprocmask
sys_enter_gettid
sys_enter_sigaltstack
sys_enter_sigaltstack
sys_enter_rt_sigprocmask
sys_enter_clone
sys_enter_gettid
sys_enter_rt_sigprocmask
sys_enter_rt_sigprocmask
sys_enter_sched_yield
sys_enter_gettid
sys_enter_futex
sys_enter_futex
sys_enter_futex
sys_enter_futex
sys_enter_rt_sigprocmask
sys_enter_clone
sys_enter_sigaltstack
sys_enter_sigaltstack
sys_enter_gettid
sys_enter_rt_sigprocmask
sys_enter_futex
sys_enter_futex
sys_enter_rt_sigprocmask
sys_enter_futex
sys_enter_gettid
sys_enter_sigaltstack
sys_enter_sigaltstack
sys_enter_gettid
sys_enter_rt_sigprocmask
sys_enter_futex
sys_enter_futex
sys_enter_mmap
sys_enter_futex
sys_enter_futex
sys_enter_futex
sys_enter_openat
sys_enter_read
sys_enter_read
sys_enter_close
sys_enter_socket
sys_enter_close
sys_enter_socket
sys_enter_setsockopt
sys_enter_bind
sys_enter_socket
sys_enter_setsockopt
sys_enter_bind
sys_enter_close
sys_enter_close
sys_enter_getpid
sys_enter_getppid
sys_enter_mmap
sys_enter_mmap
sys_enter_getppid
sys_enter_openat
sys_enter_pipe2
sys_enter_getpid
sys_enter_clone
sys_enter_setsid
sys_enter_close
sys_enter_read
sys_enter_chdir
sys_enter_execve
sys_enter_close
sys_enter_exit_group
sys_enter_mmap
sys_enter_mmap
sys_enter_mprotect
sys_enter_mmap
sys_enter_mmap
sys_enter_mprotect
sys_enter_mmap
sys_enter_mprotect
sys_enter_mmap
sys_enter_mprotect
sys_enter_mmap
sys_enter_mmap
sys_enter_close
sys_enter_munmap
sys_enter_sched_getaffinity
sys_enter_mmap
sys_enter_munmap
sys_enter_mmap
sys_enter_mmap
sys_enter_mmap
sys_enter_mmap
sys_enter_mmap
sys_enter_mmap
sys_enter_rt_sigprocmask
sys_enter_sigaltstack
sys_enter_sigaltstack
sys_enter_gettid
sys_enter_rt_sigprocmask
sys_enter_rt_sigaction
sys_enter_rt_sigaction
sys_enter_rt_sigaction
sys_enter_rt_sigaction
sys_enter_rt_sigaction
sys_enter_rt_sigaction
sys_enter_rt_sigaction
sys_enter_rt_sigaction
sys_enter_rt_sigaction
sys_enter_rt_sigaction
sys_enter_rt_sigaction
sys_enter_rt_sigaction
sys_enter_rt_sigaction
sys_enter_rt_sigaction
sys_enter_rt_sigaction
sys_enter_rt_sigaction
sys_enter_rt_sigaction
sys_enter_rt_sigaction
sys_enter_rt_sigaction
sys_enter_rt_sigaction
sys_enter_rt_sigaction
sys_enter_rt_sigaction
sys_enter_rt_sigaction
sys_enter_rt_sigaction
sys_enter_rt_sigaction
sys_enter_rt_sigaction
sys_enter_rt_sigaction
sys_enter_rt_sigaction
sys_enter_rt_sigaction
sys_enter_rt_sigaction
sys_enter_rt_sigaction
sys_enter_rt_sigaction
sys_enter_rt_sigaction
sys_enter_rt_sigaction
sys_enter_rt_sigaction
sys_enter_rt_sigaction
sys_enter_rt_sigaction
sys_enter_rt_sigaction
sys_enter_rt_sigaction
sys_enter_rt_sigaction
sys_enter_rt_sigaction
sys_enter_rt_sigaction
sys_enter_rt_sigaction
sys_enter_rt_sigaction
sys_enter_rt_sigaction
sys_enter_rt_sigaction
sys_enter_rt_sigaction
sys_enter_rt_sigaction
sys_enter_rt_sigaction
sys_enter_rt_sigaction
sys_enter_rt_sigaction
sys_enter_rt_sigaction
sys_enter_rt_sigaction
sys_enter_rt_sigaction
sys_enter_rt_sigaction
sys_enter_rt_sigaction
sys_enter_rt_sigaction
sys_enter_rt_sigaction
sys_enter_rt_sigaction
sys_enter_rt_sigaction
sys_enter_rt_sigaction
sys_enter_rt_sigaction
sys_enter_rt_sigaction
sys_enter_rt_sigaction
sys_enter_rt_sigaction
sys_enter_rt_sigaction
sys_enter_rt_sigaction
sys_enter_rt_sigaction
sys_enter_rt_sigaction
sys_enter_rt_sigaction
sys_enter_rt_sigaction
sys_enter_rt_sigaction
sys_enter_rt_sigaction
sys_enter_rt_sigaction
sys_enter_rt_sigaction
sys_enter_rt_sigaction
sys_enter_rt_sigaction
sys_enter_rt_sigaction
sys_enter_rt_sigaction
sys_enter_rt_sigaction
sys_enter_rt_sigaction
sys_enter_rt_sigaction
sys_enter_rt_sigaction
sys_enter_rt_sigaction
sys_enter_rt_sigaction
sys_enter_rt_sigaction
sys_enter_rt_sigaction
sys_enter_rt_sigaction
sys_enter_rt_sigaction
sys_enter_rt_sigaction
sys_enter_rt_sigaction
sys_enter_rt_sigaction
sys_enter_rt_sigaction
sys_enter_rt_sigaction
sys_enter_rt_sigaction
sys_enter_rt_sigaction
sys_enter_rt_sigaction
sys_enter_rt_sigaction
sys_enter_rt_sigaction
sys_enter_rt_sigaction
sys_enter_rt_sigaction
sys_enter_rt_sigaction
sys_enter_rt_sigaction
sys_enter_rt_sigaction
sys_enter_rt_sigaction
sys_enter_rt_sigaction
sys_enter_rt_sigaction
sys_enter_rt_sigaction
sys_enter_rt_sigaction
sys_enter_rt_sigaction
sys_enter_rt_sigaction
sys_enter_rt_sigaction
sys_enter_rt_sigaction
sys_enter_rt_sigaction
sys_enter_rt_sigprocmask
sys_enter_clone
sys_enter_rt_sigprocmask
sys_enter_gettid
sys_enter_sigaltstack
sys_enter_sigaltstack
sys_enter_gettid
sys_enter_rt_sigprocmask
sys_enter_rt_sigprocmask
sys_enter_clone
sys_enter_rt_sigprocmask
sys_enter_gettid
sys_enter_sigaltstack
sys_enter_sigaltstack
sys_enter_gettid
sys_enter_rt_sigprocmask
sys_enter_rt_sigprocmask
sys_enter_clone
sys_enter_rt_sigprocmask
sys_enter_rt_sigprocmask
sys_enter_clone
sys_enter_rt_sigprocmask
sys_enter_futex
sys_enter_gettid
sys_enter_sigaltstack
sys_enter_sigaltstack
sys_enter_gettid
sys_enter_rt_sigprocmask
sys_enter_gettid
sys_enter_futex
sys_enter_sigaltstack
sys_enter_sigaltstack
sys_enter_gettid
sys_enter_rt_sigprocmask
sys_enter_futex
sys_enter_futex
sys_enter_futex
sys_enter_mmap
sys_enter_futex
sys_enter_futex
sys_enter_futex
sys_enter_openat
sys_enter_futex
sys_enter_read
sys_enter_read
sys_enter_close
sys_enter_socket
sys_enter_close
sys_enter_socket
sys_enter_setsockopt
sys_enter_bind
sys_enter_socket
sys_enter_setsockopt
sys_enter_bind
sys_enter_close
sys_enter_close
sys_enter_getpid
sys_enter_getppid
sys_enter_mmap
sys_enter_mmap
sys_enter_getppid
sys_enter_openat
sys_enter_pipe2
sys_enter_getpid
sys_enter_clone
sys_enter_setsid
sys_enter_chdir
sys_enter_close
sys_enter_read
sys_enter_execve
sys_enter_close
sys_enter_mmap
sys_enter_exit_group
sys_enter_mmap
sys_enter_mprotect
sys_enter_mmap
sys_enter_mmap
sys_enter_mprotect
sys_enter_mmap
sys_enter_mprotect
sys_enter_mmap
sys_enter_mprotect
sys_enter_mmap
sys_enter_mmap
sys_enter_close
sys_enter_munmap
sys_enter_sched_getaffinity
sys_enter_mmap
sys_enter_munmap
sys_enter_mmap
sys_enter_mmap
sys_enter_mmap
sys_enter_mmap
sys_enter_mmap
sys_enter_mmap
sys_enter_rt_sigprocmask
sys_enter_sigaltstack
sys_enter_sigaltstack
sys_enter_gettid
sys_enter_rt_sigprocmask
sys_enter_rt_sigaction
sys_enter_rt_sigaction
sys_enter_rt_sigaction
sys_enter_rt_sigaction
sys_enter_rt_sigaction
sys_enter_rt_sigaction
sys_enter_rt_sigaction
sys_enter_rt_sigaction
sys_enter_rt_sigaction
sys_enter_rt_sigaction
sys_enter_rt_sigaction
sys_enter_rt_sigaction
sys_enter_rt_sigaction
sys_enter_rt_sigaction
sys_enter_rt_sigaction
sys_enter_rt_sigaction
sys_enter_rt_sigaction
sys_enter_rt_sigaction
sys_enter_rt_sigaction
sys_enter_rt_sigaction
sys_enter_rt_sigaction
sys_enter_rt_sigaction
sys_enter_rt_sigaction
sys_enter_rt_sigaction
sys_enter_rt_sigaction
sys_enter_rt_sigaction
sys_enter_rt_sigaction
sys_enter_rt_sigaction
sys_enter_rt_sigaction
sys_enter_rt_sigaction
sys_enter_rt_sigaction
sys_enter_rt_sigaction
sys_enter_rt_sigaction
sys_enter_rt_sigaction
sys_enter_rt_sigaction
sys_enter_rt_sigaction
sys_enter_rt_sigaction
sys_enter_rt_sigaction
sys_enter_rt_sigaction
sys_enter_rt_sigaction
sys_enter_rt_sigaction
sys_enter_rt_sigaction
sys_enter_rt_sigaction
sys_enter_rt_sigaction
sys_enter_rt_sigaction
sys_enter_rt_sigaction
sys_enter_rt_sigaction
sys_enter_rt_sigaction
sys_enter_rt_sigaction
sys_enter_rt_sigaction
sys_enter_rt_sigaction
sys_enter_rt_sigaction
sys_enter_rt_sigaction
sys_enter_rt_sigaction
sys_enter_rt_sigaction
sys_enter_rt_sigaction
sys_enter_rt_sigaction
sys_enter_rt_sigaction
sys_enter_rt_sigaction
sys_enter_rt_sigaction
sys_enter_rt_sigaction
sys_enter_rt_sigaction
sys_enter_rt_sigaction
sys_enter_rt_sigaction
sys_enter_rt_sigaction
sys_enter_rt_sigaction
sys_enter_rt_sigaction
sys_enter_rt_sigaction
sys_enter_rt_sigaction
sys_enter_rt_sigaction
sys_enter_rt_sigaction
sys_enter_rt_sigaction
sys_enter_rt_sigaction
sys_enter_rt_sigaction
sys_enter_rt_sigaction
sys_enter_rt_sigaction
sys_enter_rt_sigaction
sys_enter_rt_sigaction
sys_enter_rt_sigaction
sys_enter_rt_sigaction
sys_enter_rt_sigaction
sys_enter_rt_sigaction
sys_enter_rt_sigaction
sys_enter_rt_sigaction
sys_enter_rt_sigaction
sys_enter_rt_sigaction
sys_enter_rt_sigaction
sys_enter_rt_sigaction
sys_enter_rt_sigaction
sys_enter_rt_sigaction
sys_enter_rt_sigaction
sys_enter_rt_sigaction
sys_enter_rt_sigaction
sys_enter_rt_sigaction
sys_enter_rt_sigaction
sys_enter_rt_sigaction
sys_enter_rt_sigaction
sys_enter_rt_sigaction
sys_enter_rt_sigaction
sys_enter_rt_sigaction
sys_enter_rt_sigaction
sys_enter_rt_sigaction
sys_enter_rt_sigaction
sys_enter_rt_sigaction
sys_enter_rt_sigaction
sys_enter_rt_sigaction
sys_enter_rt_sigaction
sys_enter_rt_sigaction
sys_enter_rt_sigaction
sys_enter_rt_sigaction
sys_enter_rt_sigaction
sys_enter_rt_sigaction
sys_enter_rt_sigaction
sys_enter_rt_sigaction
sys_enter_rt_sigprocmask
sys_enter_clone
sys_enter_rt_sigprocmask
sys_enter_gettid
sys_enter_sigaltstack
sys_enter_sigaltstack
sys_enter_gettid
sys_enter_rt_sigprocmask
sys_enter_rt_sigprocmask
sys_enter_clone
sys_enter_rt_sigprocmask
sys_enter_gettid
sys_enter_sigaltstack
sys_enter_sigaltstack
sys_enter_gettid
sys_enter_rt_sigprocmask
sys_enter_rt_sigprocmask
sys_enter_clone
sys_enter_rt_sigprocmask
sys_enter_futex
sys_enter_gettid
sys_enter_sigaltstack
sys_enter_sigaltstack
sys_enter_gettid
sys_enter_rt_sigprocmask
sys_enter_futex
sys_enter_futex
sys_enter_rt_sigprocmask
sys_enter_clone
sys_enter_rt_sigprocmask
sys_enter_futex
sys_enter_gettid
sys_enter_sigaltstack
sys_enter_sigaltstack
sys_enter_gettid
sys_enter_rt_sigprocmask
sys_enter_futex
sys_enter_futex
sys_enter_mmap
sys_enter_futex
sys_enter_futex
sys_enter_futex
sys_enter_openat
sys_enter_read
sys_enter_read
sys_enter_close
sys_enter_socket
sys_enter_close
sys_enter_socket
sys_enter_setsockopt
sys_enter_bind
sys_enter_socket
sys_enter_setsockopt
sys_enter_bind
sys_enter_close
sys_enter_close
sys_enter_getpid
sys_enter_getppid
sys_enter_mmap
sys_enter_mmap
sys_enter_getppid
sys_enter_openat
sys_enter_pipe2
sys_enter_getpid
sys_enter_clone
sys_enter_setsid
sys_enter_close
sys_enter_read
sys_enter_chdir
sys_enter_execve
sys_enter_close
sys_enter_exit_group
sys_enter_mmap
sys_enter_mmap
sys_enter_mprotect
sys_enter_mmap
sys_enter_mmap
sys_enter_mprotect
sys_enter_mmap
sys_enter_mprotect
sys_enter_mmap
sys_enter_mprotect
sys_enter_mmap
sys_enter_mmap
sys_enter_close
sys_enter_munmap
sys_enter_sched_getaffinity
sys_enter_mmap
sys_enter_munmap
sys_enter_mmap
sys_enter_mmap
sys_enter_mmap
sys_enter_mmap
sys_enter_mmap
sys_enter_mmap
sys_enter_rt_sigprocmask
sys_enter_sigaltstack
sys_enter_sigaltstack
sys_enter_gettid
sys_enter_rt_sigprocmask
sys_enter_rt_sigaction
sys_enter_rt_sigaction
sys_enter_rt_sigaction
sys_enter_rt_sigaction
sys_enter_rt_sigaction
sys_enter_rt_sigaction
sys_enter_rt_sigaction
sys_enter_rt_sigaction
sys_enter_rt_sigaction
sys_enter_rt_sigaction
sys_enter_rt_sigaction
sys_enter_rt_sigaction
sys_enter_rt_sigaction
sys_enter_rt_sigaction
sys_enter_rt_sigaction
sys_enter_rt_sigaction
sys_enter_rt_sigaction
sys_enter_rt_sigaction
sys_enter_rt_sigaction
sys_enter_rt_sigaction
sys_enter_rt_sigaction
sys_enter_rt_sigaction
sys_enter_rt_sigaction
sys_enter_rt_sigaction
sys_enter_rt_sigaction
sys_enter_rt_sigaction
sys_enter_rt_sigaction
sys_enter_rt_sigaction
sys_enter_rt_sigaction
sys_enter_rt_sigaction
sys_enter_rt_sigaction
sys_enter_rt_sigaction
sys_enter_rt_sigaction
sys_enter_rt_sigaction
sys_enter_rt_sigaction
sys_enter_rt_sigaction
sys_enter_rt_sigaction
sys_enter_rt_sigaction
sys_enter_rt_sigaction
sys_enter_rt_sigaction
sys_enter_rt_sigaction
sys_enter_rt_sigaction
sys_enter_rt_sigaction
sys_enter_rt_sigaction
sys_enter_rt_sigaction
sys_enter_rt_sigaction
sys_enter_rt_sigaction
sys_enter_rt_sigaction
sys_enter_rt_sigaction
sys_enter_rt_sigaction
sys_enter_rt_sigaction
sys_enter_rt_sigaction
sys_enter_rt_sigaction
sys_enter_rt_sigaction
sys_enter_rt_sigaction
sys_enter_rt_sigaction
sys_enter_rt_sigaction
sys_enter_rt_sigaction
sys_enter_rt_sigaction
sys_enter_rt_sigaction
sys_enter_rt_sigaction
sys_enter_rt_sigaction
sys_enter_rt_sigaction
sys_enter_rt_sigaction
sys_enter_rt_sigaction
sys_enter_rt_sigaction
sys_enter_rt_sigaction
sys_enter_rt_sigaction
sys_enter_rt_sigaction
sys_enter_rt_sigaction
sys_enter_rt_sigaction
sys_enter_rt_sigaction
sys_enter_rt_sigaction
sys_enter_rt_sigaction
sys_enter_rt_sigaction
sys_enter_rt_sigaction
sys_enter_rt_sigaction
sys_enter_rt_sigaction
sys_enter_rt_sigaction
sys_enter_rt_sigaction
sys_enter_rt_sigaction
sys_enter_rt_sigaction
sys_enter_rt_sigaction
sys_enter_rt_sigaction
sys_enter_rt_sigaction
sys_enter_rt_sigaction
sys_enter_rt_sigaction
sys_enter_rt_sigaction
sys_enter_rt_sigaction
sys_enter_rt_sigaction
sys_enter_rt_sigaction
sys_enter_rt_sigaction
sys_enter_rt_sigaction
sys_enter_rt_sigaction
sys_enter_rt_sigaction
sys_enter_rt_sigaction
sys_enter_rt_sigaction
sys_enter_rt_sigaction
sys_enter_rt_sigaction
sys_enter_rt_sigaction
sys_enter_rt_sigaction
sys_enter_rt_sigaction
sys_enter_rt_sigaction
sys_enter_rt_sigaction
sys_enter_rt_sigaction
sys_enter_rt_sigaction
sys_enter_rt_sigaction
sys_enter_rt_sigaction
sys_enter_rt_sigaction
sys_enter_rt_sigaction
sys_enter_rt_sigaction
sys_enter_rt_sigaction
sys_enter_rt_sigaction
sys_enter_rt_sigaction
sys_enter_rt_sigprocmask
sys_enter_clone
sys_enter_rt_sigprocmask
sys_enter_gettid
sys_enter_sigaltstack
sys_enter_sigaltstack
sys_enter_gettid
sys_enter_rt_sigprocmask
sys_enter_rt_sigprocmask
sys_enter_clone
sys_enter_rt_sigprocmask
sys_enter_gettid
sys_enter_sigaltstack
sys_enter_sigaltstack
sys_enter_gettid
sys_enter_rt_sigprocmask
sys_enter_rt_sigprocmask
sys_enter_clone
sys_enter_rt_sigprocmask
sys_enter_futex
sys_enter_gettid
sys_enter_sigaltstack
sys_enter_sigaltstack
sys_enter_gettid
sys_enter_rt_sigprocmask
sys_enter_futex
sys_enter_futex
sys_enter_gettid
sys_enter_sigaltstack
sys_enter_sigaltstack
sys_enter_rt_sigprocmask
sys_enter_clone
sys_enter_rt_sigprocmask
sys_enter_futex
sys_enter_gettid
sys_enter_rt_sigprocmask
sys_enter_futex
sys_enter_futex
sys_enter_mmap
sys_enter_futex
sys_enter_futex
sys_enter_futex
sys_enter_openat
sys_enter_read
sys_enter_read
sys_enter_close
sys_enter_socket
sys_enter_close
sys_enter_socket
sys_enter_setsockopt
sys_enter_bind
sys_enter_socket
sys_enter_setsockopt
sys_enter_bind
sys_enter_close
sys_enter_close
sys_enter_getpid
sys_enter_getppid
sys_enter_mmap
sys_enter_mmap
sys_enter_getppid
sys_enter_openat
sys_enter_pipe2
sys_enter_getpid
sys_enter_clone
sys_enter_setsid
sys_enter_close
sys_enter_read
sys_enter_chdir
sys_enter_execve
sys_enter_close
sys_enter_exit_group
sys_enter_mmap
sys_enter_mmap
sys_enter_mprotect
sys_enter_mmap
sys_enter_mmap
sys_enter_mprotect
sys_enter_mmap
sys_enter_mprotect
sys_enter_mmap
sys_enter_mprotect
sys_enter_mmap
sys_enter_mmap
sys_enter_close
sys_enter_munmap
sys_enter_sched_getaffinity
sys_enter_mmap
sys_enter_munmap
sys_enter_mmap
sys_enter_mmap
sys_enter_mmap
sys_enter_mmap
sys_enter_mmap
sys_enter_mmap
sys_enter_rt_sigprocmask
sys_enter_sigaltstack
sys_enter_sigaltstack
sys_enter_gettid
sys_enter_rt_sigprocmask
sys_enter_rt_sigaction
sys_enter_rt_sigaction
sys_enter_rt_sigaction
sys_enter_rt_sigaction
sys_enter_rt_sigaction
sys_enter_rt_sigaction
sys_enter_rt_sigaction
sys_enter_rt_sigaction
sys_enter_rt_sigaction
sys_enter_rt_sigaction
sys_enter_rt_sigaction
sys_enter_rt_sigaction
sys_enter_rt_sigaction
sys_enter_rt_sigaction
sys_enter_rt_sigaction
sys_enter_rt_sigaction
sys_enter_rt_sigaction
sys_enter_rt_sigaction
sys_enter_rt_sigaction
sys_enter_rt_sigaction
sys_enter_rt_sigaction
sys_enter_rt_sigaction
sys_enter_rt_sigaction
sys_enter_rt_sigaction
sys_enter_rt_sigaction
sys_enter_rt_sigaction
sys_enter_rt_sigaction
sys_enter_rt_sigaction
sys_enter_rt_sigaction
sys_enter_rt_sigaction
sys_enter_rt_sigaction
sys_enter_rt_sigaction
sys_enter_rt_sigaction
sys_enter_rt_sigaction
sys_enter_rt_sigaction
sys_enter_rt_sigaction
sys_enter_rt_sigaction
sys_enter_rt_sigaction
sys_enter_rt_sigaction
sys_enter_rt_sigaction
sys_enter_rt_sigaction
sys_enter_rt_sigaction
sys_enter_rt_sigaction
sys_enter_rt_sigaction
sys_enter_rt_sigaction
sys_enter_rt_sigaction
sys_enter_rt_sigaction
sys_enter_rt_sigaction
sys_enter_rt_sigaction
sys_enter_rt_sigaction
sys_enter_rt_sigaction
sys_enter_rt_sigaction
sys_enter_rt_sigaction
sys_enter_rt_sigaction
sys_enter_rt_sigaction
sys_enter_rt_sigaction
sys_enter_rt_sigaction
sys_enter_rt_sigaction
sys_enter_rt_sigaction
sys_enter_rt_sigaction
sys_enter_rt_sigaction
sys_enter_rt_sigaction
sys_enter_rt_sigaction
sys_enter_rt_sigaction
sys_enter_rt_sigaction
sys_enter_rt_sigaction
sys_enter_rt_sigaction
sys_enter_rt_sigaction
sys_enter_rt_sigaction
sys_enter_rt_sigaction
sys_enter_rt_sigaction
sys_enter_rt_sigaction
sys_enter_rt_sigaction
sys_enter_rt_sigaction
sys_enter_rt_sigaction
sys_enter_rt_sigaction
sys_enter_rt_sigaction
sys_enter_rt_sigaction
sys_enter_rt_sigaction
sys_enter_rt_sigaction
sys_enter_rt_sigaction
sys_enter_rt_sigaction
sys_enter_rt_sigaction
sys_enter_rt_sigaction
sys_enter_rt_sigaction
sys_enter_rt_sigaction
sys_enter_rt_sigaction
sys_enter_rt_sigaction
sys_enter_rt_sigaction
sys_enter_rt_sigaction
sys_enter_rt_sigaction
sys_enter_rt_sigaction
sys_enter_rt_sigaction
sys_enter_rt_sigaction
sys_enter_rt_sigaction
sys_enter_rt_sigaction
sys_enter_rt_sigaction
sys_enter_rt_sigaction
sys_enter_rt_sigaction
sys_enter_rt_sigaction
sys_enter_rt_sigaction
sys_enter_rt_sigaction
sys_enter_rt_sigaction
sys_enter_rt_sigaction
sys_enter_rt_sigaction
sys_enter_rt_sigaction
sys_enter_rt_sigaction
sys_enter_rt_sigaction
sys_enter_rt_sigaction
sys_enter_rt_sigaction
sys_enter_rt_sigaction
sys_enter_rt_sigaction
sys_enter_rt_sigaction
sys_enter_rt_sigaction
sys_enter_rt_sigprocmask
sys_enter_clone
sys_enter_rt_sigprocmask
sys_enter_gettid
sys_enter_sigaltstack
sys_enter_sigaltstack
sys_enter_gettid
sys_enter_rt_sigprocmask
sys_enter_rt_sigprocmask
sys_enter_clone
sys_enter_rt_sigprocmask
sys_enter_gettid
sys_enter_sigaltstack
sys_enter_sigaltstack
sys_enter_gettid
sys_enter_rt_sigprocmask
sys_enter_rt_sigprocmask
sys_enter_clone
sys_enter_rt_sigprocmask
sys_enter_sched_yield
sys_enter_futex
sys_enter_gettid
sys_enter_futex
sys_enter_futex
sys_enter_futex
sys_enter_sigaltstack
sys_enter_sigaltstack
sys_enter_gettid
sys_enter_rt_sigprocmask
sys_enter_clone
sys_enter_rt_sigprocmask
sys_enter_futex
sys_enter_futex
sys_enter_rt_sigprocmask
sys_enter_gettid
sys_enter_sigaltstack
sys_enter_sigaltstack
sys_enter_futex
sys_enter_gettid
sys_enter_rt_sigprocmask
sys_enter_futex
sys_enter_futex
sys_enter_mmap
sys_enter_futex
sys_enter_futex
sys_enter_futex
sys_enter_openat
sys_enter_read
sys_enter_read
sys_enter_close
sys_enter_socket
sys_enter_close
sys_enter_socket
sys_enter_setsockopt
sys_enter_bind
sys_enter_socket
sys_enter_setsockopt
sys_enter_bind
sys_enter_close
sys_enter_close
sys_enter_getpid
sys_enter_getppid
sys_enter_mmap
sys_enter_mmap
sys_enter_getppid
sys_enter_openat
sys_enter_pipe2
sys_enter_getpid
sys_enter_clone
sys_enter_close
sys_enter_read
sys_enter_setsid
sys_enter_chdir
sys_enter_execve
sys_enter_close
sys_enter_exit_group
sys_enter_mmap
sys_enter_mmap
sys_enter_mprotect
sys_enter_mmap
sys_enter_mmap
sys_enter_mprotect
sys_enter_mmap
sys_enter_mprotect
sys_enter_mmap
sys_enter_mprotect
sys_enter_mmap
sys_enter_mmap
sys_enter_close
sys_enter_munmap
sys_enter_sched_getaffinity
sys_enter_mmap
sys_enter_munmap
sys_enter_mmap
sys_enter_mmap
sys_enter_mmap
sys_enter_mmap
sys_enter_mmap
sys_enter_mmap
sys_enter_rt_sigprocmask
sys_enter_sigaltstack
sys_enter_sigaltstack
sys_enter_gettid
sys_enter_rt_sigprocmask
sys_enter_rt_sigaction
sys_enter_rt_sigaction
sys_enter_rt_sigaction
sys_enter_rt_sigaction
sys_enter_rt_sigaction
sys_enter_rt_sigaction
sys_enter_rt_sigaction
sys_enter_rt_sigaction
sys_enter_rt_sigaction
sys_enter_rt_sigaction
sys_enter_rt_sigaction
sys_enter_rt_sigaction
sys_enter_rt_sigaction
sys_enter_rt_sigaction
sys_enter_rt_sigaction
sys_enter_rt_sigaction
sys_enter_rt_sigaction
sys_enter_rt_sigaction
sys_enter_rt_sigaction
sys_enter_rt_sigaction
sys_enter_rt_sigaction
sys_enter_rt_sigaction
sys_enter_rt_sigaction
sys_enter_rt_sigaction
sys_enter_rt_sigaction
sys_enter_rt_sigaction
sys_enter_rt_sigaction
sys_enter_rt_sigaction
sys_enter_rt_sigaction
sys_enter_rt_sigaction
sys_enter_rt_sigaction
sys_enter_rt_sigaction
sys_enter_rt_sigaction
sys_enter_rt_sigaction
sys_enter_rt_sigaction
sys_enter_rt_sigaction
sys_enter_rt_sigaction
sys_enter_rt_sigaction
sys_enter_rt_sigaction
sys_enter_rt_sigaction
sys_enter_rt_sigaction
sys_enter_rt_sigaction
sys_enter_rt_sigaction
sys_enter_rt_sigaction
sys_enter_rt_sigaction
sys_enter_rt_sigaction
sys_enter_rt_sigaction
sys_enter_rt_sigaction
sys_enter_rt_sigaction
sys_enter_rt_sigaction
sys_enter_rt_sigaction
sys_enter_rt_sigaction
sys_enter_rt_sigaction
sys_enter_rt_sigaction
sys_enter_rt_sigaction
sys_enter_rt_sigaction
sys_enter_rt_sigaction
sys_enter_rt_sigaction
sys_enter_rt_sigaction
sys_enter_rt_sigaction
sys_enter_rt_sigaction
sys_enter_rt_sigaction
sys_enter_rt_sigaction
sys_enter_rt_sigaction
sys_enter_rt_sigaction
sys_enter_rt_sigaction
sys_enter_rt_sigaction
sys_enter_rt_sigaction
sys_enter_rt_sigaction
sys_enter_rt_sigaction
sys_enter_rt_sigaction
sys_enter_rt_sigaction
sys_enter_rt_sigaction
sys_enter_rt_sigaction
sys_enter_rt_sigaction
sys_enter_rt_sigaction
sys_enter_rt_sigaction
sys_enter_rt_sigaction
sys_enter_rt_sigaction
sys_enter_rt_sigaction
sys_enter_rt_sigaction
sys_enter_rt_sigaction
sys_enter_rt_sigaction
sys_enter_rt_sigaction
sys_enter_rt_sigaction
sys_enter_rt_sigaction
sys_enter_rt_sigaction
sys_enter_rt_sigaction
sys_enter_rt_sigaction
sys_enter_rt_sigaction
sys_enter_rt_sigaction
sys_enter_rt_sigaction
sys_enter_rt_sigaction
sys_enter_rt_sigaction
sys_enter_rt_sigaction
sys_enter_rt_sigaction
sys_enter_rt_sigaction
sys_enter_rt_sigaction
sys_enter_rt_sigaction
sys_enter_rt_sigaction
sys_enter_rt_sigaction
sys_enter_rt_sigaction
sys_enter_rt_sigaction
sys_enter_rt_sigaction
sys_enter_rt_sigaction
sys_enter_rt_sigaction
sys_enter_rt_sigaction
sys_enter_rt_sigaction
sys_enter_rt_sigaction
sys_enter_rt_sigaction
sys_enter_rt_sigaction
sys_enter_rt_sigaction
sys_enter_rt_sigaction
sys_enter_rt_sigaction
sys_enter_rt_sigprocmask
sys_enter_clone
sys_enter_rt_sigprocmask
sys_enter_gettid
sys_enter_sigaltstack
sys_enter_sigaltstack
sys_enter_gettid
sys_enter_rt_sigprocmask
sys_enter_rt_sigprocmask
sys_enter_clone
sys_enter_rt_sigprocmask
sys_enter_gettid
sys_enter_sigaltstack
sys_enter_sigaltstack
sys_enter_gettid
sys_enter_rt_sigprocmask
sys_enter_clone
sys_enter_rt_sigprocmask
sys_enter_rt_sigprocmask
sys_enter_clone
sys_enter_rt_sigprocmask
sys_enter_futex
sys_enter_gettid
sys_enter_sigaltstack
sys_enter_sigaltstack
sys_enter_gettid
sys_enter_rt_sigprocmask
sys_enter_rt_sigprocmask
sys_enter_gettid
sys_enter_futex
sys_enter_futex
sys_enter_sigaltstack
sys_enter_sigaltstack
sys_enter_gettid
sys_enter_futex
sys_enter_rt_sigprocmask
sys_enter_futex
sys_enter_futex
sys_enter_mmap
sys_enter_futex
sys_enter_futex
sys_enter_futex
sys_enter_openat
sys_enter_read
sys_enter_read
sys_enter_close
sys_enter_socket
sys_enter_close
sys_enter_socket
sys_enter_setsockopt
sys_enter_bind
sys_enter_socket
sys_enter_setsockopt
sys_enter_bind
sys_enter_close
sys_enter_close
sys_enter_getpid
sys_enter_getppid
sys_enter_mmap
sys_enter_mmap
sys_enter_getppid
sys_enter_openat
sys_enter_pipe2
sys_enter_getpid
sys_enter_clone
sys_enter_setsid
sys_enter_close
sys_enter_read
sys_enter_chdir
sys_enter_execve
sys_enter_close
sys_enter_exit_group
sys_enter_mmap
sys_enter_mmap
sys_enter_mprotect
sys_enter_mmap
sys_enter_mmap
sys_enter_mprotect
sys_enter_mmap
sys_enter_mprotect
sys_enter_mmap
sys_enter_mprotect
sys_enter_mmap
sys_enter_mmap
sys_enter_close
sys_enter_munmap
sys_enter_sched_getaffinity
sys_enter_mmap
sys_enter_munmap
sys_enter_mmap
sys_enter_mmap
sys_enter_mmap
sys_enter_mmap
sys_enter_mmap
sys_enter_mmap
sys_enter_rt_sigprocmask
sys_enter_sigaltstack
sys_enter_sigaltstack
sys_enter_gettid
sys_enter_rt_sigprocmask
sys_enter_rt_sigaction
sys_enter_rt_sigaction
sys_enter_rt_sigaction
sys_enter_rt_sigaction
sys_enter_rt_sigaction
sys_enter_rt_sigaction
sys_enter_rt_sigaction
sys_enter_rt_sigaction
sys_enter_rt_sigaction
sys_enter_rt_sigaction
sys_enter_rt_sigaction
sys_enter_rt_sigaction
sys_enter_rt_sigaction
sys_enter_rt_sigaction
sys_enter_rt_sigaction
sys_enter_rt_sigaction
sys_enter_rt_sigaction
sys_enter_rt_sigaction
sys_enter_rt_sigaction
sys_enter_rt_sigaction
sys_enter_rt_sigaction
sys_enter_rt_sigaction
sys_enter_rt_sigaction
sys_enter_rt_sigaction
sys_enter_rt_sigaction
sys_enter_rt_sigaction
sys_enter_rt_sigaction
sys_enter_rt_sigaction
sys_enter_rt_sigaction
sys_enter_rt_sigaction
sys_enter_rt_sigaction
sys_enter_rt_sigaction
sys_enter_rt_sigaction
sys_enter_rt_sigaction
sys_enter_rt_sigaction
sys_enter_rt_sigaction
sys_enter_rt_sigaction
sys_enter_rt_sigaction
sys_enter_rt_sigaction
sys_enter_rt_sigaction
sys_enter_rt_sigaction
sys_enter_rt_sigaction
sys_enter_rt_sigaction
sys_enter_rt_sigaction
sys_enter_rt_sigaction
sys_enter_rt_sigaction
sys_enter_rt_sigaction
sys_enter_rt_sigaction
sys_enter_rt_sigaction
sys_enter_rt_sigaction
sys_enter_rt_sigaction
sys_enter_rt_sigaction
sys_enter_rt_sigaction
sys_enter_rt_sigaction
sys_enter_rt_sigaction
sys_enter_rt_sigaction
sys_enter_rt_sigaction
sys_enter_rt_sigaction
sys_enter_rt_sigaction
sys_enter_rt_sigaction
sys_enter_rt_sigaction
sys_enter_rt_sigaction
sys_enter_rt_sigaction
sys_enter_rt_sigaction
sys_enter_rt_sigaction
sys_enter_rt_sigaction
sys_enter_rt_sigaction
sys_enter_rt_sigaction
sys_enter_rt_sigaction
sys_enter_rt_sigaction
sys_enter_rt_sigaction
sys_enter_rt_sigaction
sys_enter_rt_sigaction
sys_enter_rt_sigaction
sys_enter_rt_sigaction
sys_enter_rt_sigaction
sys_enter_rt_sigaction
sys_enter_rt_sigaction
sys_enter_rt_sigaction
sys_enter_rt_sigaction
sys_enter_rt_sigaction
sys_enter_rt_sigaction
sys_enter_rt_sigaction
sys_enter_rt_sigaction
sys_enter_rt_sigaction
sys_enter_rt_sigaction
sys_enter_rt_sigaction
sys_enter_rt_sigaction
sys_enter_rt_sigaction
sys_enter_rt_sigaction
sys_enter_rt_sigaction
sys_enter_rt_sigaction
sys_enter_rt_sigaction
sys_enter_rt_sigaction
sys_enter_rt_sigaction
sys_enter_rt_sigaction
sys_enter_rt_sigaction
sys_enter_rt_sigaction
sys_enter_rt_sigaction
sys_enter_rt_sigaction
sys_enter_rt_sigaction
sys_enter_rt_sigaction
sys_enter_rt_sigaction
sys_enter_rt_sigaction
sys_enter_rt_sigaction
sys_enter_rt_sigaction
sys_enter_rt_sigaction
sys_enter_rt_sigaction
sys_enter_rt_sigaction
sys_enter_rt_sigaction
sys_enter_rt_sigaction
sys_enter_rt_sigaction
sys_enter_rt_sigaction
sys_enter_rt_sigaction
sys_enter_rt_sigprocmask
sys_enter_clone
sys_enter_rt_sigprocmask
sys_enter_gettid
sys_enter_sigaltstack
sys_enter_sigaltstack
sys_enter_gettid
sys_enter_rt_sigprocmask
sys_enter_rt_sigprocmask
sys_enter_clone
sys_enter_rt_sigprocmask
sys_enter_gettid
sys_enter_sigaltstack
sys_enter_sigaltstack
sys_enter_gettid
sys_enter_rt_sigprocmask
sys_enter_rt_sigprocmask
sys_enter_clone
sys_enter_rt_sigprocmask
sys_enter_futex
sys_enter_rt_sigprocmask
sys_enter_clone
sys_enter_gettid
sys_enter_sigaltstack
sys_enter_sigaltstack
sys_enter_gettid
sys_enter_rt_sigprocmask
sys_enter_rt_sigprocmask
sys_enter_futex
sys_enter_gettid
sys_enter_futex
sys_enter_futex
sys_enter_mmap
sys_enter_openat
sys_enter_read
sys_enter_read
sys_enter_close
sys_enter_socket
sys_enter_close
sys_enter_socket
sys_enter_setsockopt
sys_enter_bind
sys_enter_socket
sys_enter_setsockopt
sys_enter_bind
sys_enter_close
sys_enter_close
sys_enter_sigaltstack
sys_enter_sigaltstack
sys_enter_gettid
sys_enter_rt_sigprocmask
sys_enter_futex
sys_enter_futex
sys_enter_futex
sys_enter_getpid
sys_enter_getppid
sys_enter_mmap
sys_enter_mmap
sys_enter_getppid
sys_enter_openat
sys_enter_pipe2
sys_enter_getpid
sys_enter_clone
sys_enter_setsid
sys_enter_close
sys_enter_read
sys_enter_chdir
sys_enter_execve
sys_enter_close
sys_enter_mmap
sys_enter_exit_group
sys_enter_mmap
sys_enter_mprotect
sys_enter_mmap
sys_enter_mmap
sys_enter_mprotect
sys_enter_mmap
sys_enter_mprotect
sys_enter_mmap
sys_enter_mprotect
sys_enter_mmap
sys_enter_mmap
sys_enter_close
sys_enter_munmap
sys_enter_sched_getaffinity
sys_enter_mmap
sys_enter_munmap
sys_enter_mmap
sys_enter_mmap
sys_enter_mmap
sys_enter_mmap
sys_enter_mmap
sys_enter_mmap
sys_enter_rt_sigprocmask
sys_enter_sigaltstack
sys_enter_sigaltstack
sys_enter_gettid
sys_enter_rt_sigprocmask
sys_enter_rt_sigaction
sys_enter_rt_sigaction
sys_enter_rt_sigaction
sys_enter_rt_sigaction
sys_enter_rt_sigaction
sys_enter_rt_sigaction
sys_enter_rt_sigaction
sys_enter_rt_sigaction
sys_enter_rt_sigaction
sys_enter_rt_sigaction
sys_enter_rt_sigaction
sys_enter_rt_sigaction
sys_enter_rt_sigaction
sys_enter_rt_sigaction
sys_enter_rt_sigaction
sys_enter_rt_sigaction
sys_enter_rt_sigaction
sys_enter_rt_sigaction
sys_enter_rt_sigaction
sys_enter_rt_sigaction
sys_enter_rt_sigaction
sys_enter_rt_sigaction
sys_enter_rt_sigaction
sys_enter_rt_sigaction
sys_enter_rt_sigaction
sys_enter_rt_sigaction
sys_enter_rt_sigaction
sys_enter_rt_sigaction
sys_enter_rt_sigaction
sys_enter_rt_sigaction
sys_enter_rt_sigaction
sys_enter_rt_sigaction
sys_enter_rt_sigaction
sys_enter_rt_sigaction
sys_enter_rt_sigaction
sys_enter_rt_sigaction
sys_enter_rt_sigaction
sys_enter_rt_sigaction
sys_enter_rt_sigaction
sys_enter_rt_sigaction
sys_enter_rt_sigaction
sys_enter_rt_sigaction
sys_enter_rt_sigaction
sys_enter_rt_sigaction
sys_enter_rt_sigaction
sys_enter_rt_sigaction
sys_enter_rt_sigaction
sys_enter_rt_sigaction
sys_enter_rt_sigaction
sys_enter_rt_sigaction
sys_enter_rt_sigaction
sys_enter_rt_sigaction
sys_enter_rt_sigaction
sys_enter_rt_sigaction
sys_enter_rt_sigaction
sys_enter_rt_sigaction
sys_enter_rt_sigaction
sys_enter_rt_sigaction
sys_enter_rt_sigaction
sys_enter_rt_sigaction
sys_enter_rt_sigaction
sys_enter_rt_sigaction
sys_enter_rt_sigaction
sys_enter_rt_sigaction
sys_enter_rt_sigaction
sys_enter_rt_sigaction
sys_enter_rt_sigaction
sys_enter_rt_sigaction
sys_enter_rt_sigaction
sys_enter_rt_sigaction
sys_enter_rt_sigaction
sys_enter_rt_sigaction
sys_enter_rt_sigaction
sys_enter_rt_sigaction
sys_enter_rt_sigaction
sys_enter_rt_sigaction
sys_enter_rt_sigaction
sys_enter_rt_sigaction
sys_enter_rt_sigaction
sys_enter_rt_sigaction
sys_enter_rt_sigaction
sys_enter_rt_sigaction
sys_enter_rt_sigaction
sys_enter_rt_sigaction
sys_enter_rt_sigaction
sys_enter_rt_sigaction
sys_enter_rt_sigaction
sys_enter_rt_sigaction
sys_enter_rt_sigaction
sys_enter_rt_sigaction
sys_enter_rt_sigaction
sys_enter_rt_sigaction
sys_enter_rt_sigaction
sys_enter_rt_sigaction
sys_enter_rt_sigaction
sys_enter_rt_sigaction
sys_enter_rt_sigaction
sys_enter_rt_sigaction
sys_enter_rt_sigaction
sys_enter_rt_sigaction
sys_enter_rt_sigaction
sys_enter_rt_sigaction
sys_enter_rt_sigaction
sys_enter_rt_sigaction
sys_enter_rt_sigaction
sys_enter_rt_sigaction
sys_enter_rt_sigaction
sys_enter_rt_sigaction
sys_enter_rt_sigaction
sys_enter_rt_sigaction
sys_enter_rt_sigaction
sys_enter_rt_sigaction
sys_enter_rt_sigaction
sys_enter_rt_sigaction
sys_enter_rt_sigprocmask
sys_enter_clone
sys_enter_rt_sigprocmask
sys_enter_gettid
sys_enter_sigaltstack
sys_enter_sigaltstack
sys_enter_gettid
sys_enter_rt_sigprocmask
sys_enter_rt_sigprocmask
sys_enter_clone
sys_enter_rt_sigprocmask
sys_enter_gettid
sys_enter_sigaltstack
sys_enter_sigaltstack
sys_enter_gettid
sys_enter_rt_sigprocmask
sys_enter_clone
sys_enter_rt_sigprocmask
sys_enter_rt_sigprocmask
sys_enter_futex
sys_enter_gettid
sys_enter_sigaltstack
sys_enter_sigaltstack
sys_enter_gettid
sys_enter_rt_sigprocmask
sys_enter_futex
sys_enter_futex
sys_enter_rt_sigprocmask
sys_enter_clone
sys_enter_rt_sigprocmask
sys_enter_futex
sys_enter_gettid
sys_enter_sigaltstack
sys_enter_sigaltstack
sys_enter_gettid
sys_enter_rt_sigprocmask
sys_enter_futex
sys_enter_futex
sys_enter_mmap
sys_enter_futex
sys_enter_futex
sys_enter_futex
sys_enter_openat
sys_enter_read
sys_enter_read
sys_enter_close
sys_enter_socket
sys_enter_close
sys_enter_socket
sys_enter_setsockopt
sys_enter_bind
sys_enter_socket
sys_enter_setsockopt
sys_enter_bind
sys_enter_close
sys_enter_close
sys_enter_getpid
sys_enter_getppid
sys_enter_mmap
sys_enter_mmap
sys_enter_getppid
sys_enter_openat
sys_enter_pipe2
sys_enter_getpid
sys_enter_clone
sys_enter_setsid
sys_enter_close
sys_enter_read
sys_enter_chdir
sys_enter_execve
sys_enter_close
sys_enter_mmap
sys_enter_exit_group
sys_enter_mmap
sys_enter_mprotect
sys_enter_mmap
sys_enter_mmap
sys_enter_mprotect
sys_enter_mmap
sys_enter_mprotect
sys_enter_mmap
sys_enter_mprotect
sys_enter_mmap
sys_enter_mmap
sys_enter_close
sys_enter_munmap
sys_enter_sched_getaffinity
sys_enter_mmap
sys_enter_munmap
sys_enter_mmap
sys_enter_mmap
sys_enter_mmap
sys_enter_mmap
sys_enter_mmap
sys_enter_mmap
sys_enter_rt_sigprocmask
sys_enter_sigaltstack
sys_enter_sigaltstack
sys_enter_gettid
sys_enter_rt_sigprocmask
sys_enter_rt_sigaction
sys_enter_rt_sigaction
sys_enter_rt_sigaction
sys_enter_rt_sigaction
sys_enter_rt_sigaction
sys_enter_rt_sigaction
sys_enter_rt_sigaction
sys_enter_rt_sigaction
sys_enter_rt_sigaction
sys_enter_rt_sigaction
sys_enter_rt_sigaction
sys_enter_rt_sigaction
sys_enter_rt_sigaction
sys_enter_rt_sigaction
sys_enter_rt_sigaction
sys_enter_rt_sigaction
sys_enter_rt_sigaction
sys_enter_rt_sigaction
sys_enter_rt_sigaction
sys_enter_rt_sigaction
sys_enter_rt_sigaction
sys_enter_rt_sigaction
sys_enter_rt_sigaction
sys_enter_rt_sigaction
sys_enter_rt_sigaction
sys_enter_rt_sigaction
sys_enter_rt_sigaction
sys_enter_rt_sigaction
sys_enter_rt_sigaction
sys_enter_rt_sigaction
sys_enter_rt_sigaction
sys_enter_rt_sigaction
sys_enter_rt_sigaction
sys_enter_rt_sigaction
sys_enter_rt_sigaction
sys_enter_rt_sigaction
sys_enter_rt_sigaction
sys_enter_rt_sigaction
sys_enter_rt_sigaction
sys_enter_rt_sigaction
sys_enter_rt_sigaction
sys_enter_rt_sigaction
sys_enter_rt_sigaction
sys_enter_rt_sigaction
sys_enter_rt_sigaction
sys_enter_rt_sigaction
sys_enter_rt_sigaction
sys_enter_rt_sigaction
sys_enter_rt_sigaction
sys_enter_rt_sigaction
sys_enter_rt_sigaction
sys_enter_rt_sigaction
sys_enter_rt_sigaction
sys_enter_rt_sigaction
sys_enter_rt_sigaction
sys_enter_rt_sigaction
sys_enter_rt_sigaction
sys_enter_rt_sigaction
sys_enter_rt_sigaction
sys_enter_rt_sigaction
sys_enter_rt_sigaction
sys_enter_rt_sigaction
sys_enter_rt_sigaction
sys_enter_rt_sigaction
sys_enter_rt_sigaction
sys_enter_rt_sigaction
sys_enter_rt_sigaction
sys_enter_rt_sigaction
sys_enter_rt_sigaction
sys_enter_rt_sigaction
sys_enter_rt_sigaction
sys_enter_rt_sigaction
sys_enter_rt_sigaction
sys_enter_rt_sigaction
sys_enter_rt_sigaction
sys_enter_rt_sigaction
sys_enter_rt_sigaction
sys_enter_rt_sigaction
sys_enter_rt_sigaction
sys_enter_rt_sigaction
sys_enter_rt_sigaction
sys_enter_rt_sigaction
sys_enter_rt_sigaction
sys_enter_rt_sigaction
sys_enter_rt_sigaction
sys_enter_rt_sigaction
sys_enter_rt_sigaction
sys_enter_rt_sigaction
sys_enter_rt_sigaction
sys_enter_rt_sigaction
sys_enter_rt_sigaction
sys_enter_rt_sigaction
sys_enter_rt_sigaction
sys_enter_rt_sigaction
sys_enter_rt_sigaction
sys_enter_rt_sigaction
sys_enter_rt_sigaction
sys_enter_rt_sigaction
sys_enter_rt_sigaction
sys_enter_rt_sigaction
sys_enter_rt_sigaction
sys_enter_rt_sigaction
sys_enter_rt_sigaction
sys_enter_rt_sigaction
sys_enter_rt_sigaction
sys_enter_rt_sigaction
sys_enter_rt_sigaction
sys_enter_rt_sigaction
sys_enter_rt_sigaction
sys_enter_rt_sigaction
sys_enter_rt_sigaction
sys_enter_rt_sigaction
sys_enter_rt_sigaction
sys_enter_rt_sigaction
sys_enter_rt_sigprocmask
sys_enter_clone
sys_enter_rt_sigprocmask
sys_enter_gettid
sys_enter_rt_sigprocmask
sys_enter_sigaltstack
sys_enter_sigaltstack
sys_enter_clone
sys_enter_gettid
sys_enter_rt_sigprocmask
sys_enter_rt_sigprocmask
sys_enter_gettid
sys_enter_sigaltstack
sys_enter_sigaltstack
sys_enter_rt_sigprocmask
sys_enter_clone
sys_enter_gettid
sys_enter_rt_sigprocmask
sys_enter_rt_sigprocmask
sys_enter_futex
sys_enter_gettid
sys_enter_sigaltstack
sys_enter_sigaltstack
sys_enter_gettid
sys_enter_rt_sigprocmask
sys_enter_clone
sys_enter_rt_sigprocmask
sys_enter_futex
sys_enter_futex
sys_enter_rt_sigprocmask
sys_enter_futex
sys_enter_gettid
sys_enter_sigaltstack
sys_enter_sigaltstack
sys_enter_gettid
sys_enter_rt_sigprocmask
sys_enter_futex
sys_enter_futex
sys_enter_mmap
sys_enter_futex
sys_enter_futex
sys_enter_futex
sys_enter_openat
sys_enter_read
sys_enter_read
sys_enter_close
sys_enter_socket
sys_enter_close
sys_enter_socket
sys_enter_setsockopt
sys_enter_bind
sys_enter_socket
sys_enter_setsockopt
sys_enter_bind
sys_enter_close
sys_enter_close
sys_enter_getpid
sys_enter_getppid
sys_enter_mmap
sys_enter_mmap
sys_enter_getppid
sys_enter_openat
sys_enter_pipe2
sys_enter_getpid
sys_enter_clone
sys_enter_setsid
sys_enter_close
sys_enter_read
sys_enter_chdir
sys_enter_execve
sys_enter_close
sys_enter_exit_group
sys_enter_mmap
sys_enter_mmap
sys_enter_mprotect
sys_enter_mmap
sys_enter_mmap
sys_enter_mprotect
sys_enter_mmap
sys_enter_mprotect
sys_enter_mmap
sys_enter_mprotect
sys_enter_mmap
sys_enter_mmap
sys_enter_close
sys_enter_munmap
sys_enter_sched_getaffinity
sys_enter_mmap
sys_enter_munmap
sys_enter_mmap
sys_enter_mmap
sys_enter_mmap
sys_enter_mmap
sys_enter_mmap
sys_enter_mmap
sys_enter_rt_sigprocmask
sys_enter_sigaltstack
sys_enter_sigaltstack
sys_enter_gettid
sys_enter_rt_sigprocmask
sys_enter_rt_sigaction
sys_enter_rt_sigaction
sys_enter_rt_sigaction
sys_enter_rt_sigaction
sys_enter_rt_sigaction
sys_enter_rt_sigaction
sys_enter_rt_sigaction
sys_enter_rt_sigaction
sys_enter_rt_sigaction
sys_enter_rt_sigaction
sys_enter_rt_sigaction
sys_enter_rt_sigaction
sys_enter_rt_sigaction
sys_enter_rt_sigaction
sys_enter_rt_sigaction
sys_enter_rt_sigaction
sys_enter_rt_sigaction
sys_enter_rt_sigaction
sys_enter_rt_sigaction
sys_enter_rt_sigaction
sys_enter_rt_sigaction
sys_enter_rt_sigaction
sys_enter_rt_sigaction
sys_enter_rt_sigaction
sys_enter_rt_sigaction
sys_enter_rt_sigaction
sys_enter_rt_sigaction
sys_enter_rt_sigaction
sys_enter_rt_sigaction
sys_enter_rt_sigaction
sys_enter_rt_sigaction
sys_enter_rt_sigaction
sys_enter_rt_sigaction
sys_enter_rt_sigaction
sys_enter_rt_sigaction
sys_enter_rt_sigaction
sys_enter_rt_sigaction
sys_enter_rt_sigaction
sys_enter_rt_sigaction
sys_enter_rt_sigaction
sys_enter_rt_sigaction
sys_enter_rt_sigaction
sys_enter_rt_sigaction
sys_enter_rt_sigaction
sys_enter_rt_sigaction
sys_enter_rt_sigaction
sys_enter_rt_sigaction
sys_enter_rt_sigaction
sys_enter_rt_sigaction
sys_enter_rt_sigaction
sys_enter_rt_sigaction
sys_enter_rt_sigaction
sys_enter_rt_sigaction
sys_enter_rt_sigaction
sys_enter_rt_sigaction
sys_enter_rt_sigaction
sys_enter_rt_sigaction
sys_enter_rt_sigaction
sys_enter_rt_sigaction
sys_enter_rt_sigaction
sys_enter_rt_sigaction
sys_enter_rt_sigaction
sys_enter_rt_sigaction
sys_enter_rt_sigaction
sys_enter_rt_sigaction
sys_enter_rt_sigaction
sys_enter_rt_sigaction
sys_enter_rt_sigaction
sys_enter_rt_sigaction
sys_enter_rt_sigaction
sys_enter_rt_sigaction
sys_enter_rt_sigaction
sys_enter_rt_sigaction
sys_enter_rt_sigaction
sys_enter_rt_sigaction
sys_enter_rt_sigaction
sys_enter_rt_sigaction
sys_enter_rt_sigaction
sys_enter_rt_sigaction
sys_enter_rt_sigaction
sys_enter_rt_sigaction
sys_enter_rt_sigaction
sys_enter_rt_sigaction
sys_enter_rt_sigaction
sys_enter_rt_sigaction
sys_enter_rt_sigaction
sys_enter_rt_sigaction
sys_enter_rt_sigaction
sys_enter_rt_sigaction
sys_enter_rt_sigaction
sys_enter_rt_sigaction
sys_enter_rt_sigaction
sys_enter_rt_sigaction
sys_enter_rt_sigaction
sys_enter_rt_sigaction
sys_enter_rt_sigaction
sys_enter_rt_sigaction
sys_enter_rt_sigaction
sys_enter_rt_sigaction
sys_enter_rt_sigaction
sys_enter_rt_sigaction
sys_enter_rt_sigaction
sys_enter_rt_sigaction
sys_enter_rt_sigaction
sys_enter_rt_sigaction
sys_enter_rt_sigaction
sys_enter_rt_sigaction
sys_enter_rt_sigaction
sys_enter_rt_sigaction
sys_enter_rt_sigaction
sys_enter_rt_sigaction
sys_enter_rt_sigaction
sys_enter_rt_sigaction
sys_enter_rt_sigaction
sys_enter_rt_sigprocmask
sys_enter_clone
sys_enter_rt_sigprocmask
sys_enter_gettid
sys_enter_sigaltstack
sys_enter_sigaltstack
sys_enter_gettid
sys_enter_rt_sigprocmask
sys_enter_rt_sigprocmask
sys_enter_clone
sys_enter_rt_sigprocmask
sys_enter_gettid
sys_enter_sigaltstack
sys_enter_sigaltstack
sys_enter_gettid
sys_enter_rt_sigprocmask
sys_enter_rt_sigprocmask
sys_enter_clone
sys_enter_rt_sigprocmask
sys_enter_clone
sys_enter_rt_sigprocmask
sys_enter_rt_sigprocmask
sys_enter_futex
sys_enter_gettid
sys_enter_sigaltstack
sys_enter_sigaltstack
sys_enter_gettid
sys_enter_rt_sigprocmask
sys_enter_futex
sys_enter_gettid
sys_enter_sigaltstack
sys_enter_sigaltstack
sys_enter_futex
sys_enter_gettid
sys_enter_rt_sigprocmask
sys_enter_futex
sys_enter_futex
sys_enter_futex
sys_enter_mmap
sys_enter_futex
sys_enter_futex
sys_enter_futex
sys_enter_openat
sys_enter_futex
sys_enter_futex
sys_enter_read
sys_enter_read
sys_enter_close
sys_enter_socket
sys_enter_close
sys_enter_socket
sys_enter_setsockopt
sys_enter_bind
sys_enter_socket
sys_enter_setsockopt
sys_enter_bind
sys_enter_close
sys_enter_close
sys_enter_getpid
sys_enter_getppid
sys_enter_mmap
sys_enter_mmap
sys_enter_getppid
sys_enter_openat
sys_enter_pipe2
sys_enter_getpid
sys_enter_clone
sys_enter_setsid
sys_enter_close
sys_enter_read
sys_enter_chdir
sys_enter_execve
sys_enter_close
sys_enter_exit_group
sys_enter_mmap
sys_enter_mmap
sys_enter_mprotect
sys_enter_mmap
sys_enter_mmap
sys_enter_mprotect
sys_enter_mmap
sys_enter_mprotect
sys_enter_mmap
sys_enter_mprotect
sys_enter_mmap
sys_enter_mmap
sys_enter_close
sys_enter_munmap
sys_enter_sched_getaffinity
sys_enter_mmap
sys_enter_munmap
sys_enter_mmap
sys_enter_mmap
sys_enter_mmap
sys_enter_mmap
sys_enter_mmap
sys_enter_mmap
sys_enter_rt_sigprocmask
sys_enter_sigaltstack
sys_enter_sigaltstack
sys_enter_gettid
sys_enter_rt_sigprocmask
sys_enter_rt_sigaction
sys_enter_rt_sigaction
sys_enter_rt_sigaction
sys_enter_rt_sigaction
sys_enter_rt_sigaction
sys_enter_rt_sigaction
sys_enter_rt_sigaction
sys_enter_rt_sigaction
sys_enter_rt_sigaction
sys_enter_rt_sigaction
sys_enter_rt_sigaction
sys_enter_rt_sigaction
sys_enter_rt_sigaction
sys_enter_rt_sigaction
sys_enter_rt_sigaction
sys_enter_rt_sigaction
sys_enter_rt_sigaction
sys_enter_rt_sigaction
sys_enter_rt_sigaction
sys_enter_rt_sigaction
sys_enter_rt_sigaction
sys_enter_rt_sigaction
sys_enter_rt_sigaction
sys_enter_rt_sigaction
sys_enter_rt_sigaction
sys_enter_rt_sigaction
sys_enter_rt_sigaction
sys_enter_rt_sigaction
sys_enter_rt_sigaction
sys_enter_rt_sigaction
sys_enter_rt_sigaction
sys_enter_rt_sigaction
sys_enter_rt_sigaction
sys_enter_rt_sigaction
sys_enter_rt_sigaction
sys_enter_rt_sigaction
sys_enter_rt_sigaction
sys_enter_rt_sigaction
sys_enter_rt_sigaction
sys_enter_rt_sigaction
sys_enter_rt_sigaction
sys_enter_rt_sigaction
sys_enter_rt_sigaction
sys_enter_rt_sigaction
sys_enter_rt_sigaction
sys_enter_rt_sigaction
sys_enter_rt_sigaction
sys_enter_rt_sigaction
sys_enter_rt_sigaction
sys_enter_rt_sigaction
sys_enter_rt_sigaction
sys_enter_rt_sigaction
sys_enter_rt_sigaction
sys_enter_rt_sigaction
sys_enter_rt_sigaction
sys_enter_rt_sigaction
sys_enter_rt_sigaction
sys_enter_rt_sigaction
sys_enter_rt_sigaction
sys_enter_rt_sigaction
sys_enter_rt_sigaction
sys_enter_rt_sigaction
sys_enter_rt_sigaction
sys_enter_rt_sigaction
sys_enter_rt_sigaction
sys_enter_rt_sigaction
sys_enter_rt_sigaction
sys_enter_rt_sigaction
sys_enter_rt_sigaction
sys_enter_rt_sigaction
sys_enter_rt_sigaction
sys_enter_rt_sigaction
sys_enter_rt_sigaction
sys_enter_rt_sigaction
sys_enter_rt_sigaction
sys_enter_rt_sigaction
sys_enter_rt_sigaction
sys_enter_rt_sigaction
sys_enter_rt_sigaction
sys_enter_rt_sigaction
sys_enter_rt_sigaction
sys_enter_rt_sigaction
sys_enter_rt_sigaction
sys_enter_rt_sigaction
sys_enter_rt_sigaction
sys_enter_rt_sigaction
sys_enter_rt_sigaction
sys_enter_rt_sigaction
sys_enter_rt_sigaction
sys_enter_rt_sigaction
sys_enter_rt_sigaction
sys_enter_rt_sigaction
sys_enter_rt_sigaction
sys_enter_rt_sigaction
sys_enter_rt_sigaction
sys_enter_rt_sigaction
sys_enter_rt_sigaction
sys_enter_rt_sigaction
sys_enter_rt_sigaction
sys_enter_rt_sigaction
sys_enter_rt_sigaction
sys_enter_rt_sigaction
sys_enter_rt_sigaction
sys_enter_rt_sigaction
sys_enter_rt_sigaction
sys_enter_rt_sigaction
sys_enter_rt_sigaction
sys_enter_rt_sigaction
sys_enter_rt_sigaction
sys_enter_rt_sigaction
sys_enter_rt_sigaction
sys_enter_rt_sigaction
sys_enter_rt_sigaction
sys_enter_rt_sigaction
sys_enter_rt_sigprocmask
sys_enter_clone
sys_enter_rt_sigprocmask
sys_enter_gettid
sys_enter_sigaltstack
sys_enter_sigaltstack
sys_enter_gettid
sys_enter_rt_sigprocmask
sys_enter_rt_sigprocmask
sys_enter_clone
sys_enter_rt_sigprocmask
sys_enter_gettid
sys_enter_sigaltstack
sys_enter_sigaltstack
sys_enter_rt_sigprocmask
sys_enter_clone
sys_enter_gettid
sys_enter_rt_sigprocmask
sys_enter_rt_sigprocmask
sys_enter_sched_yield
sys_enter_gettid
sys_enter_futex
sys_enter_sigaltstack
sys_enter_sigaltstack
sys_enter_gettid
sys_enter_futex
sys_enter_rt_sigprocmask
sys_enter_futex
sys_enter_futex
sys_enter_futex
sys_enter_rt_sigprocmask
sys_enter_clone
sys_enter_rt_sigprocmask
sys_enter_futex
sys_enter_gettid
sys_enter_sigaltstack
sys_enter_sigaltstack
sys_enter_gettid
sys_enter_rt_sigprocmask
sys_enter_mmap
sys_enter_futex
sys_enter_futex
sys_enter_futex
sys_enter_openat
sys_enter_read
sys_enter_read
sys_enter_close
sys_enter_socket
sys_enter_close
sys_enter_socket
sys_enter_setsockopt
sys_enter_bind
sys_enter_socket
sys_enter_setsockopt
sys_enter_bind
sys_enter_close
sys_enter_close
sys_enter_getpid
sys_enter_getppid
sys_enter_mmap
sys_enter_mmap
sys_enter_getppid
sys_enter_openat
sys_enter_pipe2
sys_enter_getpid
sys_enter_clone
sys_enter_setsid
sys_enter_close
sys_enter_read
sys_enter_chdir
sys_enter_execve
sys_enter_close
sys_enter_mmap
sys_enter_mmap
sys_enter_exit_group
sys_enter_mprotect
sys_enter_mmap
sys_enter_mmap
sys_enter_mprotect
sys_enter_mmap
sys_enter_mprotect
sys_enter_mmap
sys_enter_mprotect
sys_enter_mmap
sys_enter_mmap
sys_enter_close
sys_enter_munmap
sys_enter_sched_getaffinity
sys_enter_mmap
sys_enter_munmap
sys_enter_mmap
sys_enter_mmap
sys_enter_mmap
sys_enter_mmap
sys_enter_mmap
sys_enter_mmap
sys_enter_rt_sigprocmask
sys_enter_sigaltstack
sys_enter_sigaltstack
sys_enter_gettid
sys_enter_rt_sigprocmask
sys_enter_rt_sigaction
sys_enter_rt_sigaction
sys_enter_rt_sigaction
sys_enter_rt_sigaction
sys_enter_rt_sigaction
sys_enter_rt_sigaction
sys_enter_rt_sigaction
sys_enter_rt_sigaction
sys_enter_rt_sigaction
sys_enter_rt_sigaction
sys_enter_rt_sigaction
sys_enter_rt_sigaction
sys_enter_rt_sigaction
sys_enter_rt_sigaction
sys_enter_rt_sigaction
sys_enter_rt_sigaction
sys_enter_rt_sigaction
sys_enter_rt_sigaction
sys_enter_rt_sigaction
sys_enter_rt_sigaction
sys_enter_rt_sigaction
sys_enter_rt_sigaction
sys_enter_rt_sigaction
sys_enter_rt_sigaction
sys_enter_rt_sigaction
sys_enter_rt_sigaction
sys_enter_rt_sigaction
sys_enter_rt_sigaction
sys_enter_rt_sigaction
sys_enter_rt_sigaction
sys_enter_rt_sigaction
sys_enter_rt_sigaction
sys_enter_rt_sigaction
sys_enter_rt_sigaction
sys_enter_rt_sigaction
sys_enter_rt_sigaction
sys_enter_rt_sigaction
sys_enter_rt_sigaction
sys_enter_rt_sigaction
sys_enter_rt_sigaction
sys_enter_rt_sigaction
sys_enter_rt_sigaction
sys_enter_rt_sigaction
sys_enter_rt_sigaction
sys_enter_rt_sigaction
sys_enter_rt_sigaction
sys_enter_rt_sigaction
sys_enter_rt_sigaction
sys_enter_rt_sigaction
sys_enter_rt_sigaction
sys_enter_rt_sigaction
sys_enter_rt_sigaction
sys_enter_rt_sigaction
sys_enter_rt_sigaction
sys_enter_rt_sigaction
sys_enter_rt_sigaction
sys_enter_rt_sigaction
sys_enter_rt_sigaction
sys_enter_rt_sigaction
sys_enter_rt_sigaction
sys_enter_rt_sigaction
sys_enter_rt_sigaction
sys_enter_rt_sigaction
sys_enter_rt_sigaction
sys_enter_rt_sigaction
sys_enter_rt_sigaction
sys_enter_rt_sigaction
sys_enter_rt_sigaction
sys_enter_rt_sigaction
sys_enter_rt_sigaction
sys_enter_rt_sigaction
sys_enter_rt_sigaction
sys_enter_rt_sigaction
sys_enter_rt_sigaction
sys_enter_rt_sigaction
sys_enter_rt_sigaction
sys_enter_rt_sigaction
sys_enter_rt_sigaction
sys_enter_rt_sigaction
sys_enter_rt_sigaction
sys_enter_rt_sigaction
sys_enter_rt_sigaction
sys_enter_rt_sigaction
sys_enter_rt_sigaction
sys_enter_rt_sigaction
sys_enter_rt_sigaction
sys_enter_rt_sigaction
sys_enter_rt_sigaction
sys_enter_rt_sigaction
sys_enter_rt_sigaction
sys_enter_rt_sigaction
sys_enter_rt_sigaction
sys_enter_rt_sigaction
sys_enter_rt_sigaction
sys_enter_rt_sigaction
sys_enter_rt_sigaction
sys_enter_rt_sigaction
sys_enter_rt_sigaction
sys_enter_rt_sigaction
sys_enter_rt_sigaction
sys_enter_rt_sigaction
sys_enter_rt_sigaction
sys_enter_rt_sigaction
sys_enter_rt_sigaction
sys_enter_rt_sigaction
sys_enter_rt_sigaction
sys_enter_rt_sigaction
sys_enter_rt_sigaction
sys_enter_rt_sigaction
sys_enter_rt_sigaction
sys_enter_rt_sigaction
sys_enter_rt_sigaction
sys_enter_rt_sigaction
sys_enter_rt_sigaction
sys_enter_rt_sigprocmask
sys_enter_clone
sys_enter_rt_sigprocmask
sys_enter_gettid
sys_enter_sigaltstack
sys_enter_sigaltstack
sys_enter_gettid
sys_enter_rt_sigprocmask
sys_enter_rt_sigprocmask
sys_enter_clone
sys_enter_rt_sigprocmask
sys_enter_gettid
sys_enter_sigaltstack
sys_enter_sigaltstack
sys_enter_gettid
sys_enter_rt_sigprocmask
sys_enter_clone
sys_enter_rt_sigprocmask
sys_enter_rt_sigprocmask
sys_enter_futex
sys_enter_gettid
sys_enter_rt_sigprocmask
sys_enter_sigaltstack
sys_enter_sigaltstack
sys_enter_gettid
sys_enter_rt_sigprocmask
sys_enter_futex
sys_enter_clone
sys_enter_futex
sys_enter_rt_sigprocmask
sys_enter_futex
sys_enter_gettid
sys_enter_sigaltstack
sys_enter_sigaltstack
sys_enter_gettid
sys_enter_rt_sigprocmask
sys_enter_futex
sys_enter_futex
sys_enter_mmap
sys_enter_futex
sys_enter_futex
sys_enter_futex
sys_enter_openat
sys_enter_read
sys_enter_read
sys_enter_close
sys_enter_socket
sys_enter_close
sys_enter_socket
sys_enter_setsockopt
sys_enter_bind
sys_enter_socket
sys_enter_setsockopt
sys_enter_bind
sys_enter_close
sys_enter_close
sys_enter_getpid
sys_enter_getppid
sys_enter_mmap
sys_enter_mmap
sys_enter_getppid
sys_enter_openat
sys_enter_pipe2
sys_enter_getpid
sys_enter_clone
sys_enter_setsid
sys_enter_close
sys_enter_read
sys_enter_chdir
sys_enter_execve
sys_enter_close
sys_enter_mmap
sys_enter_exit_group
sys_enter_mmap
sys_enter_mprotect
sys_enter_mmap
sys_enter_mmap
sys_enter_mprotect
sys_enter_mmap
sys_enter_mprotect
sys_enter_mmap
sys_enter_mprotect
sys_enter_mmap
sys_enter_mmap
sys_enter_close
sys_enter_munmap
sys_enter_sched_getaffinity
sys_enter_mmap
sys_enter_munmap
sys_enter_mmap
sys_enter_mmap
sys_enter_mmap
sys_enter_mmap
sys_enter_mmap
sys_enter_mmap
sys_enter_rt_sigprocmask
sys_enter_sigaltstack
sys_enter_sigaltstack
sys_enter_gettid
sys_enter_rt_sigprocmask
sys_enter_rt_sigaction
sys_enter_rt_sigaction
sys_enter_rt_sigaction
sys_enter_rt_sigaction
sys_enter_rt_sigaction
sys_enter_rt_sigaction
sys_enter_rt_sigaction
sys_enter_rt_sigaction
sys_enter_rt_sigaction
sys_enter_rt_sigaction
sys_enter_rt_sigaction
sys_enter_rt_sigaction
sys_enter_rt_sigaction
sys_enter_rt_sigaction
sys_enter_rt_sigaction
sys_enter_rt_sigaction
sys_enter_rt_sigaction
sys_enter_rt_sigaction
sys_enter_rt_sigaction
sys_enter_rt_sigaction
sys_enter_rt_sigaction
sys_enter_rt_sigaction
sys_enter_rt_sigaction
sys_enter_rt_sigaction
sys_enter_rt_sigaction
sys_enter_rt_sigaction
sys_enter_rt_sigaction
sys_enter_rt_sigaction
sys_enter_rt_sigaction
sys_enter_rt_sigaction
sys_enter_rt_sigaction
sys_enter_rt_sigaction
sys_enter_rt_sigaction
sys_enter_rt_sigaction
sys_enter_rt_sigaction
sys_enter_rt_sigaction
sys_enter_rt_sigaction
sys_enter_rt_sigaction
sys_enter_rt_sigaction
sys_enter_rt_sigaction
sys_enter_rt_sigaction
sys_enter_rt_sigaction
sys_enter_rt_sigaction
sys_enter_rt_sigaction
sys_enter_rt_sigaction
sys_enter_rt_sigaction
sys_enter_rt_sigaction
sys_enter_rt_sigaction
sys_enter_rt_sigaction
sys_enter_rt_sigaction
sys_enter_rt_sigaction
sys_enter_rt_sigaction
sys_enter_rt_sigaction
sys_enter_rt_sigaction
sys_enter_rt_sigaction
sys_enter_rt_sigaction
sys_enter_rt_sigaction
sys_enter_rt_sigaction
sys_enter_rt_sigaction
sys_enter_rt_sigaction
sys_enter_rt_sigaction
sys_enter_rt_sigaction
sys_enter_rt_sigaction
sys_enter_rt_sigaction
sys_enter_rt_sigaction
sys_enter_rt_sigaction
sys_enter_rt_sigaction
sys_enter_rt_sigaction
sys_enter_rt_sigaction
sys_enter_rt_sigaction
sys_enter_rt_sigaction
sys_enter_rt_sigaction
sys_enter_rt_sigaction
sys_enter_rt_sigaction
sys_enter_rt_sigaction
sys_enter_rt_sigaction
sys_enter_rt_sigaction
sys_enter_rt_sigaction
sys_enter_rt_sigaction
sys_enter_rt_sigaction
sys_enter_rt_sigaction
sys_enter_rt_sigaction
sys_enter_rt_sigaction
sys_enter_rt_sigaction
sys_enter_rt_sigaction
sys_enter_rt_sigaction
sys_enter_rt_sigaction
sys_enter_rt_sigaction
sys_enter_rt_sigaction
sys_enter_rt_sigaction
sys_enter_rt_sigaction
sys_enter_rt_sigaction
sys_enter_rt_sigaction
sys_enter_rt_sigaction
sys_enter_rt_sigaction
sys_enter_rt_sigaction
sys_enter_rt_sigaction
sys_enter_rt_sigaction
sys_enter_rt_sigaction
sys_enter_rt_sigaction
sys_enter_rt_sigaction
sys_enter_rt_sigaction
sys_enter_rt_sigaction
sys_enter_rt_sigaction
sys_enter_rt_sigaction
sys_enter_rt_sigaction
sys_enter_rt_sigaction
sys_enter_rt_sigaction
sys_enter_rt_sigaction
sys_enter_rt_sigaction
sys_enter_rt_sigaction
sys_enter_rt_sigaction
sys_enter_rt_sigaction
sys_enter_rt_sigaction
sys_enter_rt_sigprocmask
sys_enter_clone
sys_enter_rt_sigprocmask
sys_enter_gettid
sys_enter_sigaltstack
sys_enter_sigaltstack
sys_enter_gettid
sys_enter_rt_sigprocmask
sys_enter_rt_sigprocmask
sys_enter_clone
sys_enter_rt_sigprocmask
sys_enter_gettid
sys_enter_sigaltstack
sys_enter_sigaltstack
sys_enter_gettid
sys_enter_rt_sigprocmask
sys_enter_rt_sigprocmask
sys_enter_clone
sys_enter_rt_sigprocmask
sys_enter_futex
sys_enter_rt_sigprocmask
sys_enter_clone
sys_enter_gettid
sys_enter_gettid
sys_enter_rt_sigprocmask
sys_enter_futex
sys_enter_sigaltstack
sys_enter_sigaltstack
sys_enter_gettid
sys_enter_rt_sigprocmask
sys_enter_futex
sys_enter_futex
sys_enter_sigaltstack
sys_enter_sigaltstack
sys_enter_gettid
sys_enter_rt_sigprocmask
sys_enter_futex
sys_enter_futex
sys_enter_mmap
sys_enter_futex
sys_enter_futex
sys_enter_futex
sys_enter_openat
sys_enter_read
sys_enter_read
sys_enter_close
sys_enter_socket
sys_enter_close
sys_enter_socket
sys_enter_setsockopt
sys_enter_bind
sys_enter_socket
sys_enter_setsockopt
sys_enter_bind
sys_enter_close
sys_enter_close
sys_enter_getpid
sys_enter_getppid
sys_enter_mmap
sys_enter_mmap
sys_enter_getppid
sys_enter_openat
sys_enter_pipe2
sys_enter_getpid
sys_enter_clone
sys_enter_setsid
sys_enter_close
sys_enter_read
sys_enter_chdir
sys_enter_execve
sys_enter_close
sys_enter_exit_group
sys_enter_mmap
sys_enter_mmap
sys_enter_mprotect
sys_enter_mmap
sys_enter_mmap
sys_enter_mprotect
sys_enter_mmap
sys_enter_mprotect
sys_enter_mmap
sys_enter_mprotect
sys_enter_mmap
sys_enter_mmap
sys_enter_close
sys_enter_munmap
sys_enter_sched_getaffinity
sys_enter_mmap
sys_enter_munmap
sys_enter_mmap
sys_enter_mmap
sys_enter_mmap
sys_enter_mmap
sys_enter_mmap
sys_enter_mmap
sys_enter_rt_sigprocmask
sys_enter_sigaltstack
sys_enter_sigaltstack
sys_enter_gettid
sys_enter_rt_sigprocmask
sys_enter_rt_sigaction
sys_enter_rt_sigaction
sys_enter_rt_sigaction
sys_enter_rt_sigaction
sys_enter_rt_sigaction
sys_enter_rt_sigaction
sys_enter_rt_sigaction
sys_enter_rt_sigaction
sys_enter_rt_sigaction
sys_enter_rt_sigaction
sys_enter_rt_sigaction
sys_enter_rt_sigaction
sys_enter_rt_sigaction
sys_enter_rt_sigaction
sys_enter_rt_sigaction
sys_enter_rt_sigaction
sys_enter_rt_sigaction
sys_enter_rt_sigaction
sys_enter_rt_sigaction
sys_enter_rt_sigaction
sys_enter_rt_sigaction
sys_enter_rt_sigaction
sys_enter_rt_sigaction
sys_enter_rt_sigaction
sys_enter_rt_sigaction
sys_enter_rt_sigaction
sys_enter_rt_sigaction
sys_enter_rt_sigaction
sys_enter_rt_sigaction
sys_enter_rt_sigaction
sys_enter_rt_sigaction
sys_enter_rt_sigaction
sys_enter_rt_sigaction
sys_enter_rt_sigaction
sys_enter_rt_sigaction
sys_enter_rt_sigaction
sys_enter_rt_sigaction
sys_enter_rt_sigaction
sys_enter_rt_sigaction
sys_enter_rt_sigaction
sys_enter_rt_sigaction
sys_enter_rt_sigaction
sys_enter_rt_sigaction
sys_enter_rt_sigaction
sys_enter_rt_sigaction
sys_enter_rt_sigaction
sys_enter_rt_sigaction
sys_enter_rt_sigaction
sys_enter_rt_sigaction
sys_enter_rt_sigaction
sys_enter_rt_sigaction
sys_enter_rt_sigaction
sys_enter_rt_sigaction
sys_enter_rt_sigaction
sys_enter_rt_sigaction
sys_enter_rt_sigaction
sys_enter_rt_sigaction
sys_enter_rt_sigaction
sys_enter_rt_sigaction
sys_enter_rt_sigaction
sys_enter_rt_sigaction
sys_enter_rt_sigaction
sys_enter_rt_sigaction
sys_enter_rt_sigaction
sys_enter_rt_sigaction
sys_enter_rt_sigaction
sys_enter_rt_sigaction
sys_enter_rt_sigaction
sys_enter_rt_sigaction
sys_enter_rt_sigaction
sys_enter_rt_sigaction
sys_enter_rt_sigaction
sys_enter_rt_sigaction
sys_enter_rt_sigaction
sys_enter_rt_sigaction
sys_enter_rt_sigaction
sys_enter_rt_sigaction
sys_enter_rt_sigaction
sys_enter_rt_sigaction
sys_enter_rt_sigaction
sys_enter_rt_sigaction
sys_enter_rt_sigaction
sys_enter_rt_sigaction
sys_enter_rt_sigaction
sys_enter_rt_sigaction
sys_enter_rt_sigaction
sys_enter_rt_sigaction
sys_enter_rt_sigaction
sys_enter_rt_sigaction
sys_enter_rt_sigaction
sys_enter_rt_sigaction
sys_enter_rt_sigaction
sys_enter_rt_sigaction
sys_enter_rt_sigaction
sys_enter_rt_sigaction
sys_enter_rt_sigaction
sys_enter_rt_sigaction
sys_enter_rt_sigaction
sys_enter_rt_sigaction
sys_enter_rt_sigaction
sys_enter_rt_sigaction
sys_enter_rt_sigaction
sys_enter_rt_sigaction
sys_enter_rt_sigaction
sys_enter_rt_sigaction
sys_enter_rt_sigaction
sys_enter_rt_sigaction
sys_enter_rt_sigaction
sys_enter_rt_sigaction
sys_enter_rt_sigaction
sys_enter_rt_sigaction
sys_enter_rt_sigaction
sys_enter_rt_sigaction
sys_enter_rt_sigaction
sys_enter_rt_sigprocmask
sys_enter_clone
sys_enter_rt_sigprocmask
sys_enter_gettid
sys_enter_sigaltstack
sys_enter_sigaltstack
sys_enter_gettid
sys_enter_rt_sigprocmask
sys_enter_rt_sigprocmask
sys_enter_clone
sys_enter_rt_sigprocmask
sys_enter_gettid
sys_enter_sigaltstack
sys_enter_sigaltstack
sys_enter_gettid
sys_enter_rt_sigprocmask
sys_enter_rt_sigprocmask
sys_enter_clone
sys_enter_rt_sigprocmask
sys_enter_futex
sys_enter_gettid
sys_enter_sigaltstack
sys_enter_sigaltstack
sys_enter_gettid
sys_enter_rt_sigprocmask
sys_enter_futex
sys_enter_futex
sys_enter_rt_sigprocmask
sys_enter_clone
sys_enter_rt_sigprocmask
sys_enter_futex
sys_enter_gettid
sys_enter_sigaltstack
sys_enter_sigaltstack
sys_enter_gettid
sys_enter_rt_sigprocmask
sys_enter_futex
sys_enter_futex
sys_enter_mmap
sys_enter_futex
sys_enter_futex
sys_enter_futex
sys_enter_openat
sys_enter_futex
sys_enter_futex
sys_enter_read
sys_enter_read
sys_enter_close
sys_enter_socket
sys_enter_close
sys_enter_socket
sys_enter_setsockopt
sys_enter_bind
sys_enter_socket
sys_enter_setsockopt
sys_enter_bind
sys_enter_close
sys_enter_close
sys_enter_getpid
sys_enter_getppid
sys_enter_mmap
sys_enter_mmap
sys_enter_getppid
sys_enter_openat
sys_enter_pipe2
sys_enter_getpid
sys_enter_clone
sys_enter_setsid
sys_enter_close
sys_enter_read
sys_enter_chdir
sys_enter_execve
sys_enter_close
sys_enter_exit_group
sys_enter_mmap
sys_enter_mmap
sys_enter_mprotect
sys_enter_mmap
sys_enter_mmap
sys_enter_mprotect
sys_enter_mmap
sys_enter_mprotect
sys_enter_mmap
sys_enter_mprotect
sys_enter_mmap
sys_enter_mmap
sys_enter_close
sys_enter_munmap
sys_enter_sched_getaffinity
sys_enter_mmap
sys_enter_munmap
sys_enter_mmap
sys_enter_mmap
sys_enter_mmap
sys_enter_mmap
sys_enter_mmap
sys_enter_mmap
sys_enter_rt_sigprocmask
sys_enter_sigaltstack
sys_enter_sigaltstack
sys_enter_gettid
sys_enter_rt_sigprocmask
sys_enter_rt_sigaction
sys_enter_rt_sigaction
sys_enter_rt_sigaction
sys_enter_rt_sigaction
sys_enter_rt_sigaction
sys_enter_rt_sigaction
sys_enter_rt_sigaction
sys_enter_rt_sigaction
sys_enter_rt_sigaction
sys_enter_rt_sigaction
sys_enter_rt_sigaction
sys_enter_rt_sigaction
sys_enter_rt_sigaction
sys_enter_rt_sigaction
sys_enter_rt_sigaction
sys_enter_rt_sigaction
sys_enter_rt_sigaction
sys_enter_rt_sigaction
sys_enter_rt_sigaction
sys_enter_rt_sigaction
sys_enter_rt_sigaction
sys_enter_rt_sigaction
sys_enter_rt_sigaction
sys_enter_rt_sigaction
sys_enter_rt_sigaction
sys_enter_rt_sigaction
sys_enter_rt_sigaction
sys_enter_rt_sigaction
sys_enter_rt_sigaction
sys_enter_rt_sigaction
sys_enter_rt_sigaction
sys_enter_rt_sigaction
sys_enter_rt_sigaction
sys_enter_rt_sigaction
sys_enter_rt_sigaction
sys_enter_rt_sigaction
sys_enter_rt_sigaction
sys_enter_rt_sigaction
sys_enter_rt_sigaction
sys_enter_rt_sigaction
sys_enter_rt_sigaction
sys_enter_rt_sigaction
sys_enter_rt_sigaction
sys_enter_rt_sigaction
sys_enter_rt_sigaction
sys_enter_rt_sigaction
sys_enter_rt_sigaction
sys_enter_rt_sigaction
sys_enter_rt_sigaction
sys_enter_rt_sigaction
sys_enter_rt_sigaction
sys_enter_rt_sigaction
sys_enter_rt_sigaction
sys_enter_rt_sigaction
sys_enter_rt_sigaction
sys_enter_rt_sigaction
sys_enter_rt_sigaction
sys_enter_rt_sigaction
sys_enter_rt_sigaction
sys_enter_rt_sigaction
sys_enter_rt_sigaction
sys_enter_rt_sigaction
sys_enter_rt_sigaction
sys_enter_rt_sigaction
sys_enter_rt_sigaction
sys_enter_rt_sigaction
sys_enter_rt_sigaction
sys_enter_rt_sigaction
sys_enter_rt_sigaction
sys_enter_rt_sigaction
sys_enter_rt_sigaction
sys_enter_rt_sigaction
sys_enter_rt_sigaction
sys_enter_rt_sigaction
sys_enter_rt_sigaction
sys_enter_rt_sigaction
sys_enter_rt_sigaction
sys_enter_rt_sigaction
sys_enter_rt_sigaction
sys_enter_rt_sigaction
sys_enter_rt_sigaction
sys_enter_rt_sigaction
sys_enter_rt_sigaction
sys_enter_rt_sigaction
sys_enter_rt_sigaction
sys_enter_rt_sigaction
sys_enter_rt_sigaction
sys_enter_rt_sigaction
sys_enter_rt_sigaction
sys_enter_rt_sigaction
sys_enter_rt_sigaction
sys_enter_rt_sigaction
sys_enter_rt_sigaction
sys_enter_rt_sigaction
sys_enter_rt_sigaction
sys_enter_rt_sigaction
sys_enter_rt_sigaction
sys_enter_rt_sigaction
sys_enter_rt_sigaction
sys_enter_rt_sigaction
sys_enter_rt_sigaction
sys_enter_rt_sigaction
sys_enter_rt_sigaction
sys_enter_rt_sigaction
sys_enter_rt_sigaction
sys_enter_rt_sigaction
sys_enter_rt_sigaction
sys_enter_rt_sigaction
sys_enter_rt_sigaction
sys_enter_rt_sigaction
sys_enter_rt_sigaction
sys_enter_rt_sigaction
sys_enter_rt_sigaction
sys_enter_rt_sigaction
sys_enter_rt_sigprocmask
sys_enter_clone
sys_enter_rt_sigprocmask
sys_enter_gettid
sys_enter_rt_sigprocmask
sys_enter_clone
sys_enter_sigaltstack
sys_enter_sigaltstack
sys_enter_gettid
sys_enter_rt_sigprocmask
sys_enter_rt_sigprocmask
sys_enter_gettid
sys_enter_rt_sigprocmask
sys_enter_clone
sys_enter_sigaltstack
sys_enter_sigaltstack
sys_enter_gettid
sys_enter_rt_sigprocmask
sys_enter_rt_sigprocmask
sys_enter_sched_yield
sys_enter_futex
sys_enter_futex
sys_enter_futex
sys_enter_gettid
sys_enter_sigaltstack
sys_enter_sigaltstack
sys_enter_gettid
sys_enter_rt_sigprocmask
sys_enter_futex
sys_enter_futex
sys_enter_futex
sys_enter_rt_sigprocmask
sys_enter_clone
sys_enter_rt_sigprocmask
sys_enter_futex
sys_enter_gettid
sys_enter_sigaltstack
sys_enter_sigaltstack
sys_enter_gettid
sys_enter_rt_sigprocmask
sys_enter_futex
sys_enter_futex
sys_enter_mmap
sys_enter_futex
sys_enter_futex
sys_enter_futex
sys_enter_openat
sys_enter_futex
sys_enter_futex
sys_enter_read
sys_enter_read
sys_enter_close
sys_enter_socket
sys_enter_close
sys_enter_socket
sys_enter_setsockopt
sys_enter_bind
sys_enter_socket
sys_enter_setsockopt
sys_enter_bind
sys_enter_close
sys_enter_close
sys_enter_mmap
sys_enter_getpid
sys_enter_getppid
sys_enter_mmap
sys_enter_mmap
sys_enter_mmap
sys_enter_getppid
sys_enter_openat
sys_enter_pipe2
sys_enter_getpid
sys_enter_clone
sys_enter_setsid
sys_enter_close
sys_enter_read
sys_enter_chdir
sys_enter_execve
sys_enter_close
sys_enter_exit_group
sys_enter_mmap
sys_enter_mmap
sys_enter_mprotect
sys_enter_mmap
sys_enter_mmap
sys_enter_mprotect
sys_enter_mmap
sys_enter_mprotect
sys_enter_mmap
sys_enter_mprotect
sys_enter_mmap
sys_enter_mmap
sys_enter_close
sys_enter_munmap
sys_enter_sched_getaffinity
sys_enter_mmap
sys_enter_munmap
sys_enter_mmap
sys_enter_mmap
sys_enter_mmap
sys_enter_mmap
sys_enter_mmap
sys_enter_mmap
sys_enter_rt_sigprocmask
sys_enter_sigaltstack
sys_enter_sigaltstack
sys_enter_gettid
sys_enter_rt_sigprocmask
sys_enter_rt_sigaction
sys_enter_rt_sigaction
sys_enter_rt_sigaction
sys_enter_rt_sigaction
sys_enter_rt_sigaction
sys_enter_rt_sigaction
sys_enter_rt_sigaction
sys_enter_rt_sigaction
sys_enter_rt_sigaction
sys_enter_rt_sigaction
sys_enter_rt_sigaction
sys_enter_rt_sigaction
sys_enter_rt_sigaction
sys_enter_rt_sigaction
sys_enter_rt_sigaction
sys_enter_rt_sigaction
sys_enter_rt_sigaction
sys_enter_rt_sigaction
sys_enter_rt_sigaction
sys_enter_rt_sigaction
sys_enter_rt_sigaction
sys_enter_rt_sigaction
sys_enter_rt_sigaction
sys_enter_rt_sigaction
sys_enter_rt_sigaction
sys_enter_rt_sigaction
sys_enter_rt_sigaction
sys_enter_rt_sigaction
sys_enter_rt_sigaction
sys_enter_rt_sigaction
sys_enter_rt_sigaction
sys_enter_rt_sigaction
sys_enter_rt_sigaction
sys_enter_rt_sigaction
sys_enter_rt_sigaction
sys_enter_rt_sigaction
sys_enter_rt_sigaction
sys_enter_rt_sigaction
sys_enter_rt_sigaction
sys_enter_rt_sigaction
sys_enter_rt_sigaction
sys_enter_rt_sigaction
sys_enter_rt_sigaction
sys_enter_rt_sigaction
sys_enter_rt_sigaction
sys_enter_rt_sigaction
sys_enter_rt_sigaction
sys_enter_rt_sigaction
sys_enter_rt_sigaction
sys_enter_rt_sigaction
sys_enter_rt_sigaction
sys_enter_rt_sigaction
sys_enter_rt_sigaction
sys_enter_rt_sigaction
sys_enter_rt_sigaction
sys_enter_rt_sigaction
sys_enter_rt_sigaction
sys_enter_rt_sigaction
sys_enter_rt_sigaction
sys_enter_rt_sigaction
sys_enter_rt_sigaction
sys_enter_rt_sigaction
sys_enter_rt_sigaction
sys_enter_rt_sigaction
sys_enter_rt_sigaction
sys_enter_rt_sigaction
sys_enter_rt_sigaction
sys_enter_rt_sigaction
sys_enter_rt_sigaction
sys_enter_rt_sigaction
sys_enter_rt_sigaction
sys_enter_rt_sigaction
sys_enter_rt_sigaction
sys_enter_rt_sigaction
sys_enter_rt_sigaction
sys_enter_rt_sigaction
sys_enter_rt_sigaction
sys_enter_rt_sigaction
sys_enter_rt_sigaction
sys_enter_rt_sigaction
sys_enter_rt_sigaction
sys_enter_rt_sigaction
sys_enter_rt_sigaction
sys_enter_rt_sigaction
sys_enter_rt_sigaction
sys_enter_rt_sigaction
sys_enter_rt_sigaction
sys_enter_rt_sigaction
sys_enter_rt_sigaction
sys_enter_rt_sigaction
sys_enter_rt_sigaction
sys_enter_rt_sigaction
sys_enter_rt_sigaction
sys_enter_rt_sigaction
sys_enter_rt_sigaction
sys_enter_rt_sigaction
sys_enter_rt_sigaction
sys_enter_rt_sigaction
sys_enter_rt_sigaction
sys_enter_rt_sigaction
sys_enter_rt_sigaction
sys_enter_rt_sigaction
sys_enter_rt_sigaction
sys_enter_rt_sigaction
sys_enter_rt_sigaction
sys_enter_rt_sigaction
sys_enter_rt_sigaction
sys_enter_rt_sigaction
sys_enter_rt_sigaction
sys_enter_rt_sigaction
sys_enter_rt_sigaction
sys_enter_rt_sigaction
sys_enter_rt_sigaction
sys_enter_rt_sigaction
sys_enter_rt_sigprocmask
sys_enter_clone
sys_enter_rt_sigprocmask
sys_enter_gettid
sys_enter_sigaltstack
sys_enter_sigaltstack
sys_enter_gettid
sys_enter_rt_sigprocmask
sys_enter_rt_sigprocmask
sys_enter_clone
sys_enter_rt_sigprocmask
sys_enter_gettid
sys_enter_sigaltstack
sys_enter_sigaltstack
sys_enter_gettid
sys_enter_rt_sigprocmask
sys_enter_rt_sigprocmask
sys_enter_clone
sys_enter_rt_sigprocmask
sys_enter_clone
sys_enter_rt_sigprocmask
sys_enter_futex
sys_enter_gettid
sys_enter_rt_sigprocmask
sys_enter_gettid
sys_enter_sigaltstack
sys_enter_sigaltstack
sys_enter_sigaltstack
sys_enter_gettid
sys_enter_sigaltstack
sys_enter_gettid
sys_enter_rt_sigprocmask
sys_enter_rt_sigprocmask
sys_enter_futex
sys_enter_futex
sys_enter_futex
sys_enter_futex
sys_enter_futex
sys_enter_mmap
sys_enter_futex
sys_enter_futex
sys_enter_futex
sys_enter_openat
sys_enter_read
sys_enter_read
sys_enter_close
sys_enter_socket
sys_enter_close
sys_enter_socket
sys_enter_setsockopt
sys_enter_bind
sys_enter_socket
sys_enter_setsockopt
sys_enter_bind
sys_enter_close
sys_enter_close
sys_enter_getpid
sys_enter_getppid
sys_enter_mmap
sys_enter_mmap
sys_enter_getppid
sys_enter_openat
sys_enter_pipe2
sys_enter_getpid
sys_enter_clone
sys_enter_setsid
sys_enter_close
sys_enter_read
sys_enter_chdir
sys_enter_execve
sys_enter_close
sys_enter_mmap
sys_enter_exit_group
sys_enter_mmap
sys_enter_mprotect
sys_enter_mmap
sys_enter_mmap
sys_enter_mprotect
sys_enter_mmap
sys_enter_mprotect
sys_enter_mmap
sys_enter_mprotect
sys_enter_mmap
sys_enter_mmap
sys_enter_close
sys_enter_munmap
sys_enter_sched_getaffinity
sys_enter_mmap
sys_enter_munmap
sys_enter_mmap
sys_enter_mmap
sys_enter_mmap
sys_enter_mmap
sys_enter_mmap
sys_enter_mmap
sys_enter_rt_sigprocmask
sys_enter_sigaltstack
sys_enter_sigaltstack
sys_enter_gettid
sys_enter_rt_sigprocmask
sys_enter_rt_sigaction
sys_enter_rt_sigaction
sys_enter_rt_sigaction
sys_enter_rt_sigaction
sys_enter_rt_sigaction
sys_enter_rt_sigaction
sys_enter_rt_sigaction
sys_enter_rt_sigaction
sys_enter_rt_sigaction
sys_enter_rt_sigaction
sys_enter_rt_sigaction
sys_enter_rt_sigaction
sys_enter_rt_sigaction
sys_enter_rt_sigaction
sys_enter_rt_sigaction
sys_enter_rt_sigaction
sys_enter_rt_sigaction
sys_enter_rt_sigaction
sys_enter_rt_sigaction
sys_enter_rt_sigaction
sys_enter_rt_sigaction
sys_enter_rt_sigaction
sys_enter_rt_sigaction
sys_enter_rt_sigaction
sys_enter_rt_sigaction
sys_enter_rt_sigaction
sys_enter_rt_sigaction
sys_enter_rt_sigaction
sys_enter_rt_sigaction
sys_enter_rt_sigaction
sys_enter_rt_sigaction
sys_enter_rt_sigaction
sys_enter_rt_sigaction
sys_enter_rt_sigaction
sys_enter_rt_sigaction
sys_enter_rt_sigaction
sys_enter_rt_sigaction
sys_enter_rt_sigaction
sys_enter_rt_sigaction
sys_enter_rt_sigaction
sys_enter_rt_sigaction
sys_enter_rt_sigaction
sys_enter_rt_sigaction
sys_enter_rt_sigaction
sys_enter_rt_sigaction
sys_enter_rt_sigaction
sys_enter_rt_sigaction
sys_enter_rt_sigaction
sys_enter_rt_sigaction
sys_enter_rt_sigaction
sys_enter_rt_sigaction
sys_enter_rt_sigaction
sys_enter_rt_sigaction
sys_enter_rt_sigaction
sys_enter_rt_sigaction
sys_enter_rt_sigaction
sys_enter_rt_sigaction
sys_enter_rt_sigaction
sys_enter_rt_sigaction
sys_enter_rt_sigaction
sys_enter_rt_sigaction
sys_enter_rt_sigaction
sys_enter_rt_sigaction
sys_enter_rt_sigaction
sys_enter_rt_sigaction
sys_enter_rt_sigaction
sys_enter_rt_sigaction
sys_enter_rt_sigaction
sys_enter_rt_sigaction
sys_enter_rt_sigaction
sys_enter_rt_sigaction
sys_enter_rt_sigaction
sys_enter_rt_sigaction
sys_enter_rt_sigaction
sys_enter_rt_sigaction
sys_enter_rt_sigaction
sys_enter_rt_sigaction
sys_enter_rt_sigaction
sys_enter_rt_sigaction
sys_enter_rt_sigaction
sys_enter_rt_sigaction
sys_enter_rt_sigaction
sys_enter_rt_sigaction
sys_enter_rt_sigaction
sys_enter_rt_sigaction
sys_enter_rt_sigaction
sys_enter_rt_sigaction
sys_enter_rt_sigaction
sys_enter_rt_sigaction
sys_enter_rt_sigaction
sys_enter_rt_sigaction
sys_enter_rt_sigaction
sys_enter_rt_sigaction
sys_enter_rt_sigaction
sys_enter_rt_sigaction
sys_enter_rt_sigaction
sys_enter_rt_sigaction
sys_enter_rt_sigaction
sys_enter_rt_sigaction
sys_enter_rt_sigaction
sys_enter_rt_sigaction
sys_enter_rt_sigaction
sys_enter_rt_sigaction
sys_enter_rt_sigaction
sys_enter_rt_sigaction
sys_enter_rt_sigaction
sys_enter_rt_sigaction
sys_enter_rt_sigaction
sys_enter_rt_sigaction
sys_enter_rt_sigaction
sys_enter_rt_sigaction
sys_enter_rt_sigaction
sys_enter_rt_sigaction
sys_enter_rt_sigaction
sys_enter_rt_sigprocmask
sys_enter_clone
sys_enter_rt_sigprocmask
sys_enter_gettid
sys_enter_sigaltstack
sys_enter_sigaltstack
sys_enter_gettid
sys_enter_rt_sigprocmask
sys_enter_rt_sigprocmask
sys_enter_clone
sys_enter_rt_sigprocmask
sys_enter_gettid
sys_enter_sigaltstack
sys_enter_sigaltstack
sys_enter_gettid
sys_enter_rt_sigprocmask
sys_enter_rt_sigprocmask
sys_enter_clone
sys_enter_rt_sigprocmask
sys_enter_futex
sys_enter_gettid
sys_enter_sigaltstack
sys_enter_sigaltstack
sys_enter_gettid
sys_enter_rt_sigprocmask
sys_enter_futex
sys_enter_rt_sigprocmask
sys_enter_clone
sys_enter_futex
sys_enter_rt_sigprocmask
sys_enter_futex
sys_enter_gettid
sys_enter_sigaltstack
sys_enter_sigaltstack
sys_enter_gettid
sys_enter_rt_sigprocmask
sys_enter_futex
sys_enter_futex
sys_enter_mmap
sys_enter_futex
sys_enter_futex
sys_enter_futex
sys_enter_openat
sys_enter_read
sys_enter_read
sys_enter_close
sys_enter_socket
sys_enter_close
sys_enter_socket
sys_enter_setsockopt
sys_enter_bind
sys_enter_socket
sys_enter_setsockopt
sys_enter_bind
sys_enter_close
sys_enter_close
sys_enter_getpid
sys_enter_getppid
sys_enter_mmap
sys_enter_mmap
sys_enter_getppid
sys_enter_openat
sys_enter_pipe2
sys_enter_getpid
sys_enter_clone
sys_enter_close
sys_enter_read
sys_enter_setsid
sys_enter_chdir
sys_enter_execve
sys_enter_close
sys_enter_exit_group
sys_enter_mmap
sys_enter_mmap
sys_enter_mprotect
sys_enter_mmap
sys_enter_mmap
sys_enter_mprotect
sys_enter_mmap
sys_enter_mprotect
sys_enter_mmap
sys_enter_mprotect
sys_enter_mmap
sys_enter_mmap
sys_enter_close
sys_enter_munmap
sys_enter_sched_getaffinity
sys_enter_mmap
sys_enter_munmap
sys_enter_mmap
sys_enter_mmap
sys_enter_mmap
sys_enter_mmap
sys_enter_mmap
sys_enter_mmap
sys_enter_rt_sigprocmask
sys_enter_sigaltstack
sys_enter_sigaltstack
sys_enter_gettid
sys_enter_rt_sigprocmask
sys_enter_rt_sigaction
sys_enter_rt_sigaction
sys_enter_rt_sigaction
sys_enter_rt_sigaction
sys_enter_rt_sigaction
sys_enter_rt_sigaction
sys_enter_rt_sigaction
sys_enter_rt_sigaction
sys_enter_rt_sigaction
sys_enter_rt_sigaction
sys_enter_rt_sigaction
sys_enter_rt_sigaction
sys_enter_rt_sigaction
sys_enter_rt_sigaction
sys_enter_rt_sigaction
sys_enter_rt_sigaction
sys_enter_rt_sigaction
sys_enter_rt_sigaction
sys_enter_rt_sigaction
sys_enter_rt_sigaction
sys_enter_rt_sigaction
sys_enter_rt_sigaction
sys_enter_rt_sigaction
sys_enter_rt_sigaction
sys_enter_rt_sigaction
sys_enter_rt_sigaction
sys_enter_rt_sigaction
sys_enter_rt_sigaction
sys_enter_rt_sigaction
sys_enter_rt_sigaction
sys_enter_rt_sigaction
sys_enter_rt_sigaction
sys_enter_rt_sigaction
sys_enter_rt_sigaction
sys_enter_rt_sigaction
sys_enter_rt_sigaction
sys_enter_rt_sigaction
sys_enter_rt_sigaction
sys_enter_rt_sigaction
sys_enter_rt_sigaction
sys_enter_rt_sigaction
sys_enter_rt_sigaction
sys_enter_rt_sigaction
sys_enter_rt_sigaction
sys_enter_rt_sigaction
sys_enter_rt_sigaction
sys_enter_rt_sigaction
sys_enter_rt_sigaction
sys_enter_rt_sigaction
sys_enter_rt_sigaction
sys_enter_rt_sigaction
sys_enter_rt_sigaction
sys_enter_rt_sigaction
sys_enter_rt_sigaction
sys_enter_rt_sigaction
sys_enter_rt_sigaction
sys_enter_rt_sigaction
sys_enter_rt_sigaction
sys_enter_rt_sigaction
sys_enter_rt_sigaction
sys_enter_rt_sigaction
sys_enter_rt_sigaction
sys_enter_rt_sigaction
sys_enter_rt_sigaction
sys_enter_rt_sigaction
sys_enter_rt_sigaction
sys_enter_rt_sigaction
sys_enter_rt_sigaction
sys_enter_rt_sigaction
sys_enter_rt_sigaction
sys_enter_rt_sigaction
sys_enter_rt_sigaction
sys_enter_rt_sigaction
sys_enter_rt_sigaction
sys_enter_rt_sigaction
sys_enter_rt_sigaction
sys_enter_rt_sigaction
sys_enter_rt_sigaction
sys_enter_rt_sigaction
sys_enter_rt_sigaction
sys_enter_rt_sigaction
sys_enter_rt_sigaction
sys_enter_rt_sigaction
sys_enter_rt_sigaction
sys_enter_rt_sigaction
sys_enter_rt_sigaction
sys_enter_rt_sigaction
sys_enter_rt_sigaction
sys_enter_rt_sigaction
sys_enter_rt_sigaction
sys_enter_rt_sigaction
sys_enter_rt_sigaction
sys_enter_rt_sigaction
sys_enter_rt_sigaction
sys_enter_rt_sigaction
sys_enter_rt_sigaction
sys_enter_rt_sigaction
sys_enter_rt_sigaction
sys_enter_rt_sigaction
sys_enter_rt_sigaction
sys_enter_rt_sigaction
sys_enter_rt_sigaction
sys_enter_rt_sigaction
sys_enter_rt_sigaction
sys_enter_rt_sigaction
sys_enter_rt_sigaction
sys_enter_rt_sigaction
sys_enter_rt_sigaction
sys_enter_rt_sigaction
sys_enter_rt_sigaction
sys_enter_rt_sigaction
sys_enter_rt_sigaction
sys_enter_rt_sigaction
sys_enter_rt_sigaction
sys_enter_rt_sigprocmask
sys_enter_clone
sys_enter_rt_sigprocmask
sys_enter_gettid
sys_enter_sigaltstack
sys_enter_sigaltstack
sys_enter_gettid
sys_enter_rt_sigprocmask
sys_enter_rt_sigprocmask
sys_enter_clone
sys_enter_rt_sigprocmask
sys_enter_gettid
sys_enter_sigaltstack
sys_enter_sigaltstack
sys_enter_gettid
sys_enter_rt_sigprocmask
sys_enter_rt_sigprocmask
sys_enter_clone
sys_enter_rt_sigprocmask
sys_enter_clone
sys_enter_rt_sigprocmask
sys_enter_rt_sigprocmask
sys_enter_futex
sys_enter_gettid
sys_enter_sigaltstack
sys_enter_sigaltstack
sys_enter_gettid
sys_enter_rt_sigprocmask
sys_enter_futex
sys_enter_gettid
sys_enter_sigaltstack
sys_enter_sigaltstack
sys_enter_futex
sys_enter_gettid
sys_enter_rt_sigprocmask
sys_enter_futex
sys_enter_futex
sys_enter_futex
sys_enter_mmap
sys_enter_futex
sys_enter_futex
sys_enter_futex
sys_enter_openat
sys_enter_read
sys_enter_read
sys_enter_close
sys_enter_socket
sys_enter_close
sys_enter_socket
sys_enter_setsockopt
sys_enter_bind
sys_enter_socket
sys_enter_setsockopt
sys_enter_bind
sys_enter_close
sys_enter_close
sys_enter_getpid
sys_enter_getppid
sys_enter_mmap
sys_enter_mmap
sys_enter_getppid
sys_enter_openat
sys_enter_pipe2
sys_enter_getpid
sys_enter_clone
sys_enter_setsid
sys_enter_close
sys_enter_read
sys_enter_chdir
sys_enter_execve
sys_enter_close
sys_enter_exit_group
sys_enter_mmap
sys_enter_mmap
sys_enter_mprotect
sys_enter_mmap
sys_enter_mmap
sys_enter_mprotect
sys_enter_mmap
sys_enter_mprotect
sys_enter_mmap
sys_enter_mprotect
sys_enter_mmap
sys_enter_mmap
sys_enter_close
sys_enter_munmap
sys_enter_sched_getaffinity
sys_enter_mmap
sys_enter_munmap
sys_enter_mmap
sys_enter_mmap
sys_enter_mmap
sys_enter_mmap
sys_enter_mmap
sys_enter_mmap
sys_enter_rt_sigprocmask
sys_enter_sigaltstack
sys_enter_sigaltstack
sys_enter_gettid
sys_enter_rt_sigprocmask
sys_enter_rt_sigaction
sys_enter_rt_sigaction
sys_enter_rt_sigaction
sys_enter_rt_sigaction
sys_enter_rt_sigaction
sys_enter_rt_sigaction
sys_enter_rt_sigaction
sys_enter_rt_sigaction
sys_enter_rt_sigaction
sys_enter_rt_sigaction
sys_enter_rt_sigaction
sys_enter_rt_sigaction
sys_enter_rt_sigaction
sys_enter_rt_sigaction
sys_enter_rt_sigaction
sys_enter_rt_sigaction
sys_enter_rt_sigaction
sys_enter_rt_sigaction
sys_enter_rt_sigaction
sys_enter_rt_sigaction
sys_enter_rt_sigaction
sys_enter_rt_sigaction
sys_enter_rt_sigaction
sys_enter_rt_sigaction
sys_enter_rt_sigaction
sys_enter_rt_sigaction
sys_enter_rt_sigaction
sys_enter_rt_sigaction
sys_enter_rt_sigaction
sys_enter_rt_sigaction
sys_enter_rt_sigaction
sys_enter_rt_sigaction
sys_enter_rt_sigaction
sys_enter_rt_sigaction
sys_enter_rt_sigaction
sys_enter_rt_sigaction
sys_enter_rt_sigaction
sys_enter_rt_sigaction
sys_enter_rt_sigaction
sys_enter_rt_sigaction
sys_enter_rt_sigaction
sys_enter_rt_sigaction
sys_enter_rt_sigaction
sys_enter_rt_sigaction
sys_enter_rt_sigaction
sys_enter_rt_sigaction
sys_enter_rt_sigaction
sys_enter_rt_sigaction
sys_enter_rt_sigaction
sys_enter_rt_sigaction
sys_enter_rt_sigaction
sys_enter_rt_sigaction
sys_enter_rt_sigaction
sys_enter_rt_sigaction
sys_enter_rt_sigaction
sys_enter_rt_sigaction
sys_enter_rt_sigaction
sys_enter_rt_sigaction
sys_enter_rt_sigaction
sys_enter_rt_sigaction
sys_enter_rt_sigaction
sys_enter_rt_sigaction
sys_enter_rt_sigaction
sys_enter_rt_sigaction
sys_enter_rt_sigaction
sys_enter_rt_sigaction
sys_enter_rt_sigaction
sys_enter_rt_sigaction
sys_enter_rt_sigaction
sys_enter_rt_sigaction
sys_enter_rt_sigaction
sys_enter_rt_sigaction
sys_enter_rt_sigaction
sys_enter_rt_sigaction
sys_enter_rt_sigaction
sys_enter_rt_sigaction
sys_enter_rt_sigaction
sys_enter_rt_sigaction
sys_enter_rt_sigaction
sys_enter_rt_sigaction
sys_enter_rt_sigaction
sys_enter_rt_sigaction
sys_enter_rt_sigaction
sys_enter_rt_sigaction
sys_enter_rt_sigaction
sys_enter_rt_sigaction
sys_enter_rt_sigaction
sys_enter_rt_sigaction
sys_enter_rt_sigaction
sys_enter_rt_sigaction
sys_enter_rt_sigaction
sys_enter_rt_sigaction
sys_enter_rt_sigaction
sys_enter_rt_sigaction
sys_enter_rt_sigaction
sys_enter_rt_sigaction
sys_enter_rt_sigaction
sys_enter_rt_sigaction
sys_enter_rt_sigaction
sys_enter_rt_sigaction
sys_enter_rt_sigaction
sys_enter_rt_sigaction
sys_enter_rt_sigaction
sys_enter_rt_sigaction
sys_enter_rt_sigaction
sys_enter_rt_sigaction
sys_enter_rt_sigaction
sys_enter_rt_sigaction
sys_enter_rt_sigaction
sys_enter_rt_sigaction
sys_enter_rt_sigaction
sys_enter_rt_sigaction
sys_enter_rt_sigaction
sys_enter_rt_sigaction
sys_enter_rt_sigprocmask
sys_enter_clone
sys_enter_rt_sigprocmask
sys_enter_gettid
sys_enter_sigaltstack
sys_enter_sigaltstack
sys_enter_gettid
sys_enter_rt_sigprocmask
sys_enter_rt_sigprocmask
sys_enter_clone
sys_enter_rt_sigprocmask
sys_enter_gettid
sys_enter_sigaltstack
sys_enter_sigaltstack
sys_enter_gettid
sys_enter_rt_sigprocmask
sys_enter_rt_sigprocmask
sys_enter_clone
sys_enter_rt_sigprocmask
sys_enter_clone
sys_enter_rt_sigprocmask
sys_enter_rt_sigprocmask
sys_enter_futex
sys_enter_gettid
sys_enter_sigaltstack
sys_enter_sigaltstack
sys_enter_gettid
sys_enter_rt_sigprocmask
sys_enter_gettid
sys_enter_futex
sys_enter_sigaltstack
sys_enter_futex
sys_enter_sigaltstack
sys_enter_gettid
sys_enter_rt_sigprocmask
sys_enter_futex
sys_enter_futex
sys_enter_futex
sys_enter_mmap
sys_enter_futex
sys_enter_futex
sys_enter_futex
sys_enter_openat
sys_enter_read
sys_enter_read
sys_enter_close
sys_enter_socket
sys_enter_close
sys_enter_socket
sys_enter_setsockopt
sys_enter_bind
sys_enter_socket
sys_enter_setsockopt
sys_enter_bind
sys_enter_close
sys_enter_close
sys_enter_getpid
sys_enter_getppid
sys_enter_mmap
sys_enter_mmap
sys_enter_getppid
sys_enter_openat
sys_enter_pipe2
sys_enter_getpid
sys_enter_clone
sys_enter_setsid
sys_enter_close
sys_enter_read
sys_enter_chdir
sys_enter_execve
sys_enter_close
sys_enter_mmap
sys_enter_exit_group
sys_enter_mmap
sys_enter_mprotect
sys_enter_mmap
sys_enter_mmap
sys_enter_mprotect
sys_enter_mmap
sys_enter_mprotect
sys_enter_mmap
sys_enter_mprotect
sys_enter_mmap
sys_enter_mmap
sys_enter_close
sys_enter_munmap
sys_enter_sched_getaffinity
sys_enter_mmap
sys_enter_munmap
sys_enter_mmap
sys_enter_mmap
sys_enter_mmap
sys_enter_mmap
sys_enter_mmap
sys_enter_mmap
sys_enter_rt_sigprocmask
sys_enter_sigaltstack
sys_enter_sigaltstack
sys_enter_gettid
sys_enter_rt_sigprocmask
sys_enter_rt_sigaction
sys_enter_rt_sigaction
sys_enter_rt_sigaction
sys_enter_rt_sigaction
sys_enter_rt_sigaction
sys_enter_rt_sigaction
sys_enter_rt_sigaction
sys_enter_rt_sigaction
sys_enter_rt_sigaction
sys_enter_rt_sigaction
sys_enter_rt_sigaction
sys_enter_rt_sigaction
sys_enter_rt_sigaction
sys_enter_rt_sigaction
sys_enter_rt_sigaction
sys_enter_rt_sigaction
sys_enter_rt_sigaction
sys_enter_rt_sigaction
sys_enter_rt_sigaction
sys_enter_rt_sigaction
sys_enter_rt_sigaction
sys_enter_rt_sigaction
sys_enter_rt_sigaction
sys_enter_rt_sigaction
sys_enter_rt_sigaction
sys_enter_rt_sigaction
sys_enter_rt_sigaction
sys_enter_rt_sigaction
sys_enter_rt_sigaction
sys_enter_rt_sigaction
sys_enter_rt_sigaction
sys_enter_rt_sigaction
sys_enter_rt_sigaction
sys_enter_rt_sigaction
sys_enter_rt_sigaction
sys_enter_rt_sigaction
sys_enter_rt_sigaction
sys_enter_rt_sigaction
sys_enter_rt_sigaction
sys_enter_rt_sigaction
sys_enter_rt_sigaction
sys_enter_rt_sigaction
sys_enter_rt_sigaction
sys_enter_rt_sigaction
sys_enter_rt_sigaction
sys_enter_rt_sigaction
sys_enter_rt_sigaction
sys_enter_rt_sigaction
sys_enter_rt_sigaction
sys_enter_rt_sigaction
sys_enter_rt_sigaction
sys_enter_rt_sigaction
sys_enter_rt_sigaction
sys_enter_rt_sigaction
sys_enter_rt_sigaction
sys_enter_rt_sigaction
sys_enter_rt_sigaction
sys_enter_rt_sigaction
sys_enter_rt_sigaction
sys_enter_rt_sigaction
sys_enter_rt_sigaction
sys_enter_rt_sigaction
sys_enter_rt_sigaction
sys_enter_rt_sigaction
sys_enter_rt_sigaction
sys_enter_rt_sigaction
sys_enter_rt_sigaction
sys_enter_rt_sigaction
sys_enter_rt_sigaction
sys_enter_rt_sigaction
sys_enter_rt_sigaction
sys_enter_rt_sigaction
sys_enter_rt_sigaction
sys_enter_rt_sigaction
sys_enter_rt_sigaction
sys_enter_rt_sigaction
sys_enter_rt_sigaction
sys_enter_rt_sigaction
sys_enter_rt_sigaction
sys_enter_rt_sigaction
sys_enter_rt_sigaction
sys_enter_rt_sigaction
sys_enter_rt_sigaction
sys_enter_rt_sigaction
sys_enter_rt_sigaction
sys_enter_rt_sigaction
sys_enter_rt_sigaction
sys_enter_rt_sigaction
sys_enter_rt_sigaction
sys_enter_rt_sigaction
sys_enter_rt_sigaction
sys_enter_rt_sigaction
sys_enter_rt_sigaction
sys_enter_rt_sigaction
sys_enter_rt_sigaction
sys_enter_rt_sigaction
sys_enter_rt_sigaction
sys_enter_rt_sigaction
sys_enter_rt_sigaction
sys_enter_rt_sigaction
sys_enter_rt_sigaction
sys_enter_rt_sigaction
sys_enter_rt_sigaction
sys_enter_rt_sigaction
sys_enter_rt_sigaction
sys_enter_rt_sigaction
sys_enter_rt_sigaction
sys_enter_rt_sigaction
sys_enter_rt_sigaction
sys_enter_rt_sigaction
sys_enter_rt_sigaction
sys_enter_rt_sigaction
sys_enter_rt_sigaction
sys_enter_rt_sigaction
sys_enter_rt_sigprocmask
sys_enter_clone
sys_enter_rt_sigprocmask
sys_enter_gettid
sys_enter_sigaltstack
sys_enter_sigaltstack
sys_enter_gettid
sys_enter_rt_sigprocmask
sys_enter_rt_sigprocmask
sys_enter_clone
sys_enter_rt_sigprocmask
sys_enter_gettid
sys_enter_sigaltstack
sys_enter_sigaltstack
sys_enter_gettid
sys_enter_rt_sigprocmask
sys_enter_rt_sigprocmask
sys_enter_clone
sys_enter_rt_sigprocmask
sys_enter_futex
sys_enter_gettid
sys_enter_rt_sigprocmask
sys_enter_clone
sys_enter_sigaltstack
sys_enter_sigaltstack
sys_enter_gettid
sys_enter_rt_sigprocmask
sys_enter_futex
sys_enter_futex
sys_enter_rt_sigprocmask
sys_enter_futex
sys_enter_gettid
sys_enter_sigaltstack
sys_enter_sigaltstack
sys_enter_gettid
sys_enter_rt_sigprocmask
sys_enter_futex
sys_enter_futex
sys_enter_mmap
sys_enter_futex
sys_enter_futex
sys_enter_futex
sys_enter_openat
sys_enter_read
sys_enter_read
sys_enter_close
sys_enter_socket
sys_enter_close
sys_enter_socket
sys_enter_setsockopt
sys_enter_bind
sys_enter_socket
sys_enter_setsockopt
sys_enter_bind
sys_enter_close
sys_enter_close
sys_enter_getpid
sys_enter_getppid
sys_enter_mmap
sys_enter_mmap
sys_enter_getppid
sys_enter_openat
sys_enter_pipe2
sys_enter_getpid
sys_enter_clone
sys_enter_setsid
sys_enter_close
sys_enter_read
sys_enter_chdir
sys_enter_execve
sys_enter_close
sys_enter_exit_group
sys_enter_mmap
sys_enter_mmap
sys_enter_mprotect
sys_enter_mmap
sys_enter_mmap
sys_enter_mprotect
sys_enter_mmap
sys_enter_mprotect
sys_enter_mmap
sys_enter_mprotect
sys_enter_mmap
sys_enter_mmap
sys_enter_close
sys_enter_munmap
sys_enter_sched_getaffinity
sys_enter_mmap
sys_enter_munmap
sys_enter_mmap
sys_enter_mmap
sys_enter_mmap
sys_enter_mmap
sys_enter_mmap
sys_enter_mmap
sys_enter_rt_sigprocmask
sys_enter_sigaltstack
sys_enter_sigaltstack
sys_enter_gettid
sys_enter_rt_sigprocmask
sys_enter_rt_sigaction
sys_enter_rt_sigaction
sys_enter_rt_sigaction
sys_enter_rt_sigaction
sys_enter_rt_sigaction
sys_enter_rt_sigaction
sys_enter_rt_sigaction
sys_enter_rt_sigaction
sys_enter_rt_sigaction
sys_enter_rt_sigaction
sys_enter_rt_sigaction
sys_enter_rt_sigaction
sys_enter_rt_sigaction
sys_enter_rt_sigaction
sys_enter_rt_sigaction
sys_enter_rt_sigaction
sys_enter_rt_sigaction
sys_enter_rt_sigaction
sys_enter_rt_sigaction
sys_enter_rt_sigaction
sys_enter_rt_sigaction
sys_enter_rt_sigaction
sys_enter_rt_sigaction
sys_enter_rt_sigaction
sys_enter_rt_sigaction
sys_enter_rt_sigaction
sys_enter_rt_sigaction
sys_enter_rt_sigaction
sys_enter_rt_sigaction
sys_enter_rt_sigaction
sys_enter_rt_sigaction
sys_enter_rt_sigaction
sys_enter_rt_sigaction
sys_enter_rt_sigaction
sys_enter_rt_sigaction
sys_enter_rt_sigaction
sys_enter_rt_sigaction
sys_enter_rt_sigaction
sys_enter_rt_sigaction
sys_enter_rt_sigaction
sys_enter_rt_sigaction
sys_enter_rt_sigaction
sys_enter_rt_sigaction
sys_enter_rt_sigaction
sys_enter_rt_sigaction
sys_enter_rt_sigaction
sys_enter_rt_sigaction
sys_enter_rt_sigaction
sys_enter_rt_sigaction
sys_enter_rt_sigaction
sys_enter_rt_sigaction
sys_enter_rt_sigaction
sys_enter_rt_sigaction
sys_enter_rt_sigaction
sys_enter_rt_sigaction
sys_enter_rt_sigaction
sys_enter_rt_sigaction
sys_enter_rt_sigaction
sys_enter_rt_sigaction
sys_enter_rt_sigaction
sys_enter_rt_sigaction
sys_enter_rt_sigaction
sys_enter_rt_sigaction
sys_enter_rt_sigaction
sys_enter_rt_sigaction
sys_enter_rt_sigaction
sys_enter_rt_sigaction
sys_enter_rt_sigaction
sys_enter_rt_sigaction
sys_enter_rt_sigaction
sys_enter_rt_sigaction
sys_enter_rt_sigaction
sys_enter_rt_sigaction
sys_enter_rt_sigaction
sys_enter_rt_sigaction
sys_enter_rt_sigaction
sys_enter_rt_sigaction
sys_enter_rt_sigaction
sys_enter_rt_sigaction
sys_enter_rt_sigaction
sys_enter_rt_sigaction
sys_enter_rt_sigaction
sys_enter_rt_sigaction
sys_enter_rt_sigaction
sys_enter_rt_sigaction
sys_enter_rt_sigaction
sys_enter_rt_sigaction
sys_enter_rt_sigaction
sys_enter_rt_sigaction
sys_enter_rt_sigaction
sys_enter_rt_sigaction
sys_enter_rt_sigaction
sys_enter_rt_sigaction
sys_enter_rt_sigaction
sys_enter_rt_sigaction
sys_enter_rt_sigaction
sys_enter_rt_sigaction
sys_enter_rt_sigaction
sys_enter_rt_sigaction
sys_enter_rt_sigaction
sys_enter_rt_sigaction
sys_enter_rt_sigaction
sys_enter_rt_sigaction
sys_enter_rt_sigaction
sys_enter_rt_sigaction
sys_enter_rt_sigaction
sys_enter_rt_sigaction
sys_enter_rt_sigaction
sys_enter_rt_sigaction
sys_enter_rt_sigaction
sys_enter_rt_sigaction
sys_enter_rt_sigaction
sys_enter_rt_sigaction
sys_enter_rt_sigaction
sys_enter_rt_sigprocmask
sys_enter_clone
sys_enter_rt_sigprocmask
sys_enter_gettid
sys_enter_sigaltstack
sys_enter_sigaltstack
sys_enter_gettid
sys_enter_rt_sigprocmask
sys_enter_rt_sigprocmask
sys_enter_clone
sys_enter_rt_sigprocmask
sys_enter_gettid
sys_enter_sigaltstack
sys_enter_sigaltstack
sys_enter_gettid
sys_enter_rt_sigprocmask
sys_enter_clone
sys_enter_rt_sigprocmask
sys_enter_rt_sigprocmask
sys_enter_sched_yield
sys_enter_gettid
sys_enter_futex
sys_enter_sigaltstack
sys_enter_sigaltstack
sys_enter_gettid
sys_enter_rt_sigprocmask
sys_enter_futex
sys_enter_futex
sys_enter_futex
sys_enter_rt_sigprocmask
sys_enter_clone
sys_enter_rt_sigprocmask
sys_enter_futex
sys_enter_gettid
sys_enter_sigaltstack
sys_enter_sigaltstack
sys_enter_gettid
sys_enter_rt_sigprocmask
sys_enter_mmap
sys_enter_futex
sys_enter_futex
sys_enter_futex
sys_enter_openat
sys_enter_futex
sys_enter_futex
sys_enter_read
sys_enter_read
sys_enter_close
sys_enter_socket
sys_enter_close
sys_enter_socket
sys_enter_setsockopt
sys_enter_bind
sys_enter_socket
sys_enter_setsockopt
sys_enter_bind
sys_enter_close
sys_enter_close
sys_enter_getpid
sys_enter_getppid
sys_enter_mmap
sys_enter_mmap
sys_enter_getppid
sys_enter_openat
sys_enter_pipe2
sys_enter_getpid
sys_enter_clone
sys_enter_setsid
sys_enter_close
sys_enter_read
sys_enter_chdir
sys_enter_execve
sys_enter_close
sys_enter_exit_group
sys_enter_mmap
sys_enter_mmap
sys_enter_mprotect
sys_enter_mmap
sys_enter_mmap
sys_enter_mprotect
sys_enter_mmap
sys_enter_mprotect
sys_enter_mmap
sys_enter_mprotect
sys_enter_mmap
sys_enter_mmap
sys_enter_close
sys_enter_munmap
sys_enter_sched_getaffinity
sys_enter_mmap
sys_enter_munmap
sys_enter_mmap
sys_enter_mmap
sys_enter_mmap
sys_enter_mmap
sys_enter_mmap
sys_enter_mmap
sys_enter_rt_sigprocmask
sys_enter_sigaltstack
sys_enter_sigaltstack
sys_enter_gettid
sys_enter_rt_sigprocmask
sys_enter_rt_sigaction
sys_enter_rt_sigaction
sys_enter_rt_sigaction
sys_enter_rt_sigaction
sys_enter_rt_sigaction
sys_enter_rt_sigaction
sys_enter_rt_sigaction
sys_enter_rt_sigaction
sys_enter_rt_sigaction
sys_enter_rt_sigaction
sys_enter_rt_sigaction
sys_enter_rt_sigaction
sys_enter_rt_sigaction
sys_enter_rt_sigaction
sys_enter_rt_sigaction
sys_enter_rt_sigaction
sys_enter_rt_sigaction
sys_enter_rt_sigaction
sys_enter_rt_sigaction
sys_enter_rt_sigaction
sys_enter_rt_sigaction
sys_enter_rt_sigaction
sys_enter_rt_sigaction
sys_enter_rt_sigaction
sys_enter_rt_sigaction
sys_enter_rt_sigaction
sys_enter_rt_sigaction
sys_enter_rt_sigaction
sys_enter_rt_sigaction
sys_enter_rt_sigaction
sys_enter_rt_sigaction
sys_enter_rt_sigaction
sys_enter_rt_sigaction
sys_enter_rt_sigaction
sys_enter_rt_sigaction
sys_enter_rt_sigaction
sys_enter_rt_sigaction
sys_enter_rt_sigaction
sys_enter_rt_sigaction
sys_enter_rt_sigaction
sys_enter_rt_sigaction
sys_enter_rt_sigaction
sys_enter_rt_sigaction
sys_enter_rt_sigaction
sys_enter_rt_sigaction
sys_enter_rt_sigaction
sys_enter_rt_sigaction
sys_enter_rt_sigaction
sys_enter_rt_sigaction
sys_enter_rt_sigaction
sys_enter_rt_sigaction
sys_enter_rt_sigaction
sys_enter_rt_sigaction
sys_enter_rt_sigaction
sys_enter_rt_sigaction
sys_enter_rt_sigaction
sys_enter_rt_sigaction
sys_enter_rt_sigaction
sys_enter_rt_sigaction
sys_enter_rt_sigaction
sys_enter_rt_sigaction
sys_enter_rt_sigaction
sys_enter_rt_sigaction
sys_enter_rt_sigaction
sys_enter_rt_sigaction
sys_enter_rt_sigaction
sys_enter_rt_sigaction
sys_enter_rt_sigaction
sys_enter_rt_sigaction
sys_enter_rt_sigaction
sys_enter_rt_sigaction
sys_enter_rt_sigaction
sys_enter_rt_sigaction
sys_enter_rt_sigaction
sys_enter_rt_sigaction
sys_enter_rt_sigaction
sys_enter_rt_sigaction
sys_enter_rt_sigaction
sys_enter_rt_sigaction
sys_enter_rt_sigaction
sys_enter_rt_sigaction
sys_enter_rt_sigaction
sys_enter_rt_sigaction
sys_enter_rt_sigaction
sys_enter_rt_sigaction
sys_enter_rt_sigaction
sys_enter_rt_sigaction
sys_enter_rt_sigaction
sys_enter_rt_sigaction
sys_enter_rt_sigaction
sys_enter_rt_sigaction
sys_enter_rt_sigaction
sys_enter_rt_sigaction
sys_enter_rt_sigaction
sys_enter_rt_sigaction
sys_enter_rt_sigaction
sys_enter_rt_sigaction
sys_enter_rt_sigaction
sys_enter_rt_sigaction
sys_enter_rt_sigaction
sys_enter_rt_sigaction
sys_enter_rt_sigaction
sys_enter_rt_sigaction
sys_enter_rt_sigaction
sys_enter_rt_sigaction
sys_enter_rt_sigaction
sys_enter_rt_sigaction
sys_enter_rt_sigaction
sys_enter_rt_sigaction
sys_enter_rt_sigaction
sys_enter_rt_sigaction
sys_enter_rt_sigaction
sys_enter_rt_sigaction
sys_enter_rt_sigaction
sys_enter_rt_sigprocmask
sys_enter_clone
sys_enter_rt_sigprocmask
sys_enter_gettid
sys_enter_sigaltstack
sys_enter_sigaltstack
sys_enter_gettid
sys_enter_rt_sigprocmask
sys_enter_rt_sigprocmask
sys_enter_clone
sys_enter_rt_sigprocmask
sys_enter_gettid
sys_enter_sigaltstack
sys_enter_sigaltstack
sys_enter_rt_sigprocmask
sys_enter_clone
sys_enter_gettid
sys_enter_rt_sigprocmask
sys_enter_rt_sigprocmask
sys_enter_futex
sys_enter_gettid
sys_enter_sigaltstack
sys_enter_sigaltstack
sys_enter_gettid
sys_enter_rt_sigprocmask
sys_enter_rt_sigprocmask
sys_enter_clone
sys_enter_futex
sys_enter_futex
sys_enter_rt_sigprocmask
sys_enter_gettid
sys_enter_futex
sys_enter_sigaltstack
sys_enter_sigaltstack
sys_enter_gettid
sys_enter_rt_sigprocmask
sys_enter_futex
sys_enter_futex
sys_enter_mmap
sys_enter_futex
sys_enter_futex
sys_enter_futex
sys_enter_openat
sys_enter_read
sys_enter_read
sys_enter_close
sys_enter_socket
sys_enter_close
sys_enter_socket
sys_enter_setsockopt
sys_enter_bind
sys_enter_socket
sys_enter_setsockopt
sys_enter_bind
sys_enter_close
sys_enter_close
sys_enter_getpid
sys_enter_getppid
sys_enter_mmap
sys_enter_mmap
sys_enter_getppid
sys_enter_openat
sys_enter_pipe2
sys_enter_getpid
sys_enter_clone
sys_enter_setsid
sys_enter_close
sys_enter_read
sys_enter_chdir
sys_enter_execve
sys_enter_close
sys_enter_exit_group
sys_enter_mmap
sys_enter_mmap
sys_enter_mprotect
sys_enter_mmap
sys_enter_mmap
sys_enter_mprotect
sys_enter_mmap
sys_enter_mprotect
sys_enter_mmap
sys_enter_mprotect
sys_enter_mmap
sys_enter_mmap
sys_enter_close
sys_enter_munmap
sys_enter_sched_getaffinity
sys_enter_mmap
sys_enter_munmap
sys_enter_mmap
sys_enter_mmap
sys_enter_mmap
sys_enter_mmap
sys_enter_mmap
sys_enter_mmap
sys_enter_rt_sigprocmask
sys_enter_sigaltstack
sys_enter_sigaltstack
sys_enter_gettid
sys_enter_rt_sigprocmask
sys_enter_rt_sigaction
sys_enter_rt_sigaction
sys_enter_rt_sigaction
sys_enter_rt_sigaction
sys_enter_rt_sigaction
sys_enter_rt_sigaction
sys_enter_rt_sigaction
sys_enter_rt_sigaction
sys_enter_rt_sigaction
sys_enter_rt_sigaction
sys_enter_rt_sigaction
sys_enter_rt_sigaction
sys_enter_rt_sigaction
sys_enter_rt_sigaction
sys_enter_rt_sigaction
sys_enter_rt_sigaction
sys_enter_rt_sigaction
sys_enter_rt_sigaction
sys_enter_rt_sigaction
sys_enter_rt_sigaction
sys_enter_rt_sigaction
sys_enter_rt_sigaction
sys_enter_rt_sigaction
sys_enter_rt_sigaction
sys_enter_rt_sigaction
sys_enter_rt_sigaction
sys_enter_rt_sigaction
sys_enter_rt_sigaction
sys_enter_rt_sigaction
sys_enter_rt_sigaction
sys_enter_rt_sigaction
sys_enter_rt_sigaction
sys_enter_rt_sigaction
sys_enter_rt_sigaction
sys_enter_rt_sigaction
sys_enter_rt_sigaction
sys_enter_rt_sigaction
sys_enter_rt_sigaction
sys_enter_rt_sigaction
sys_enter_rt_sigaction
sys_enter_rt_sigaction
sys_enter_rt_sigaction
sys_enter_rt_sigaction
sys_enter_rt_sigaction
sys_enter_rt_sigaction
sys_enter_rt_sigaction
sys_enter_rt_sigaction
sys_enter_rt_sigaction
sys_enter_rt_sigaction
sys_enter_rt_sigaction
sys_enter_rt_sigaction
sys_enter_rt_sigaction
sys_enter_rt_sigaction
sys_enter_rt_sigaction
sys_enter_rt_sigaction
sys_enter_rt_sigaction
sys_enter_rt_sigaction
sys_enter_rt_sigaction
sys_enter_rt_sigaction
sys_enter_rt_sigaction
sys_enter_rt_sigaction
sys_enter_rt_sigaction
sys_enter_rt_sigaction
sys_enter_rt_sigaction
sys_enter_rt_sigaction
sys_enter_rt_sigaction
sys_enter_rt_sigaction
sys_enter_rt_sigaction
sys_enter_rt_sigaction
sys_enter_rt_sigaction
sys_enter_rt_sigaction
sys_enter_rt_sigaction
sys_enter_rt_sigaction
sys_enter_rt_sigaction
sys_enter_rt_sigaction
sys_enter_rt_sigaction
sys_enter_rt_sigaction
sys_enter_rt_sigaction
sys_enter_rt_sigaction
sys_enter_rt_sigaction
sys_enter_rt_sigaction
sys_enter_rt_sigaction
sys_enter_rt_sigaction
sys_enter_rt_sigaction
sys_enter_rt_sigaction
sys_enter_rt_sigaction
sys_enter_rt_sigaction
sys_enter_rt_sigaction
sys_enter_rt_sigaction
sys_enter_rt_sigaction
sys_enter_rt_sigaction
sys_enter_rt_sigaction
sys_enter_rt_sigaction
sys_enter_rt_sigaction
sys_enter_rt_sigaction
sys_enter_rt_sigaction
sys_enter_rt_sigaction
sys_enter_rt_sigaction
sys_enter_rt_sigaction
sys_enter_rt_sigaction
sys_enter_rt_sigaction
sys_enter_rt_sigaction
sys_enter_rt_sigaction
sys_enter_rt_sigaction
sys_enter_rt_sigaction
sys_enter_rt_sigaction
sys_enter_rt_sigaction
sys_enter_rt_sigaction
sys_enter_rt_sigaction
sys_enter_rt_sigaction
sys_enter_rt_sigaction
sys_enter_rt_sigaction
sys_enter_rt_sigaction
sys_enter_rt_sigaction
sys_enter_rt_sigprocmask
sys_enter_clone
sys_enter_rt_sigprocmask
sys_enter_gettid
sys_enter_sigaltstack
sys_enter_sigaltstack
sys_enter_gettid
sys_enter_rt_sigprocmask
sys_enter_rt_sigprocmask
sys_enter_clone
sys_enter_rt_sigprocmask
sys_enter_gettid
sys_enter_sigaltstack
sys_enter_sigaltstack
sys_enter_gettid
sys_enter_rt_sigprocmask
sys_enter_rt_sigprocmask
sys_enter_clone
sys_enter_rt_sigprocmask
sys_enter_clone
sys_enter_rt_sigprocmask
sys_enter_futex
sys_enter_gettid
sys_enter_sigaltstack
sys_enter_sigaltstack
sys_enter_gettid
sys_enter_rt_sigprocmask
sys_enter_rt_sigprocmask
sys_enter_gettid
sys_enter_futex
sys_enter_sigaltstack
sys_enter_sigaltstack
sys_enter_futex
sys_enter_gettid
sys_enter_rt_sigprocmask
sys_enter_futex
sys_enter_futex
sys_enter_futex
sys_enter_mmap
sys_enter_futex
sys_enter_futex
sys_enter_futex
sys_enter_openat
sys_enter_read
sys_enter_read
sys_enter_close
sys_enter_socket
sys_enter_close
sys_enter_socket
sys_enter_setsockopt
sys_enter_bind
sys_enter_socket
sys_enter_setsockopt
sys_enter_bind
sys_enter_close
sys_enter_close
sys_enter_getpid
sys_enter_getppid
sys_enter_mmap
sys_enter_mmap
sys_enter_getppid
sys_enter_openat
sys_enter_pipe2
sys_enter_getpid
sys_enter_clone
sys_enter_setsid
sys_enter_close
sys_enter_read
sys_enter_chdir
sys_enter_execve
sys_enter_close
sys_enter_mmap
sys_enter_mmap
sys_enter_exit_group
sys_enter_mprotect
sys_enter_mmap
sys_enter_mmap
sys_enter_mprotect
sys_enter_mmap
sys_enter_mprotect
sys_enter_mmap
sys_enter_mprotect
sys_enter_mmap
sys_enter_mmap
sys_enter_close
sys_enter_munmap
sys_enter_sched_getaffinity
sys_enter_mmap
sys_enter_munmap
sys_enter_mmap
sys_enter_mmap
sys_enter_mmap
sys_enter_mmap
sys_enter_mmap
sys_enter_mmap
sys_enter_rt_sigprocmask
sys_enter_sigaltstack
sys_enter_sigaltstack
sys_enter_gettid
sys_enter_rt_sigprocmask
sys_enter_rt_sigaction
sys_enter_rt_sigaction
sys_enter_rt_sigaction
sys_enter_rt_sigaction
sys_enter_rt_sigaction
sys_enter_rt_sigaction
sys_enter_rt_sigaction
sys_enter_rt_sigaction
sys_enter_rt_sigaction
sys_enter_rt_sigaction
sys_enter_rt_sigaction
sys_enter_rt_sigaction
sys_enter_rt_sigaction
sys_enter_rt_sigaction
sys_enter_rt_sigaction
sys_enter_rt_sigaction
sys_enter_rt_sigaction
sys_enter_rt_sigaction
sys_enter_rt_sigaction
sys_enter_rt_sigaction
sys_enter_rt_sigaction
sys_enter_rt_sigaction
sys_enter_rt_sigaction
sys_enter_rt_sigaction
sys_enter_rt_sigaction
sys_enter_rt_sigaction
sys_enter_rt_sigaction
sys_enter_rt_sigaction
sys_enter_rt_sigaction
sys_enter_rt_sigaction
sys_enter_rt_sigaction
sys_enter_rt_sigaction
sys_enter_rt_sigaction
sys_enter_rt_sigaction
sys_enter_rt_sigaction
sys_enter_rt_sigaction
sys_enter_rt_sigaction
sys_enter_rt_sigaction
sys_enter_rt_sigaction
sys_enter_rt_sigaction
sys_enter_rt_sigaction
sys_enter_rt_sigaction
sys_enter_rt_sigaction
sys_enter_rt_sigaction
sys_enter_rt_sigaction
sys_enter_rt_sigaction
sys_enter_rt_sigaction
sys_enter_rt_sigaction
sys_enter_rt_sigaction
sys_enter_rt_sigaction
sys_enter_rt_sigaction
sys_enter_rt_sigaction
sys_enter_rt_sigaction
sys_enter_rt_sigaction
sys_enter_rt_sigaction
sys_enter_rt_sigaction
sys_enter_rt_sigaction
sys_enter_rt_sigaction
sys_enter_rt_sigaction
sys_enter_rt_sigaction
sys_enter_rt_sigaction
sys_enter_rt_sigaction
sys_enter_rt_sigaction
sys_enter_rt_sigaction
sys_enter_rt_sigaction
sys_enter_rt_sigaction
sys_enter_rt_sigaction
sys_enter_rt_sigaction
sys_enter_rt_sigaction
sys_enter_rt_sigaction
sys_enter_rt_sigaction
sys_enter_rt_sigaction
sys_enter_rt_sigaction
sys_enter_rt_sigaction
sys_enter_rt_sigaction
sys_enter_rt_sigaction
sys_enter_rt_sigaction
sys_enter_rt_sigaction
sys_enter_rt_sigaction
sys_enter_rt_sigaction
sys_enter_rt_sigaction
sys_enter_rt_sigaction
sys_enter_rt_sigaction
sys_enter_rt_sigaction
sys_enter_rt_sigaction
sys_enter_rt_sigaction
sys_enter_rt_sigaction
sys_enter_rt_sigaction
sys_enter_rt_sigaction
sys_enter_rt_sigaction
sys_enter_rt_sigaction
sys_enter_rt_sigaction
sys_enter_rt_sigaction
sys_enter_rt_sigaction
sys_enter_rt_sigaction
sys_enter_rt_sigaction
sys_enter_rt_sigaction
sys_enter_rt_sigaction
sys_enter_rt_sigaction
sys_enter_rt_sigaction
sys_enter_rt_sigaction
sys_enter_rt_sigaction
sys_enter_rt_sigaction
sys_enter_rt_sigaction
sys_enter_rt_sigaction
sys_enter_rt_sigaction
sys_enter_rt_sigaction
sys_enter_rt_sigaction
sys_enter_rt_sigaction
sys_enter_rt_sigaction
sys_enter_rt_sigaction
sys_enter_rt_sigaction
sys_enter_rt_sigaction
sys_enter_rt_sigaction
sys_enter_rt_sigprocmask
sys_enter_clone
sys_enter_rt_sigprocmask
sys_enter_gettid
sys_enter_sigaltstack
sys_enter_sigaltstack
sys_enter_gettid
sys_enter_rt_sigprocmask
sys_enter_clone
sys_enter_rt_sigprocmask
sys_enter_rt_sigprocmask
sys_enter_gettid
sys_enter_sigaltstack
sys_enter_sigaltstack
sys_enter_gettid
sys_enter_rt_sigprocmask
sys_enter_rt_sigprocmask
sys_enter_clone
sys_enter_rt_sigprocmask
sys_enter_clone
sys_enter_rt_sigprocmask
sys_enter_rt_sigprocmask
sys_enter_futex
sys_enter_gettid
sys_enter_sigaltstack
sys_enter_sigaltstack
sys_enter_gettid
sys_enter_rt_sigprocmask
sys_enter_futex
sys_enter_futex
sys_enter_futex
sys_enter_gettid
sys_enter_sigaltstack
sys_enter_sigaltstack
sys_enter_gettid
sys_enter_rt_sigprocmask
sys_enter_futex
sys_enter_futex
sys_enter_mmap
sys_enter_futex
sys_enter_futex
sys_enter_futex
sys_enter_openat
sys_enter_read
sys_enter_read
sys_enter_close
sys_enter_socket
sys_enter_close
sys_enter_socket
sys_enter_setsockopt
sys_enter_bind
sys_enter_socket
sys_enter_setsockopt
sys_enter_bind
sys_enter_close
sys_enter_close
sys_enter_getpid
sys_enter_getppid
sys_enter_mmap
sys_enter_mmap
sys_enter_getppid
sys_enter_openat
sys_enter_pipe2
sys_enter_getpid
sys_enter_clone
sys_enter_setsid
sys_enter_close
sys_enter_read
sys_enter_chdir
sys_enter_execve
sys_enter_close
sys_enter_exit_group
sys_enter_mmap
sys_enter_mmap
sys_enter_mprotect
sys_enter_mmap
sys_enter_mmap
sys_enter_mprotect
sys_enter_mmap
sys_enter_mprotect
sys_enter_mmap
sys_enter_mprotect
sys_enter_mmap
sys_enter_mmap
sys_enter_close
sys_enter_munmap
sys_enter_sched_getaffinity
sys_enter_mmap
sys_enter_munmap
sys_enter_mmap
sys_enter_mmap
sys_enter_mmap
sys_enter_mmap
sys_enter_mmap
sys_enter_mmap
sys_enter_rt_sigprocmask
sys_enter_sigaltstack
sys_enter_sigaltstack
sys_enter_gettid
sys_enter_rt_sigprocmask
sys_enter_rt_sigaction
sys_enter_rt_sigaction
sys_enter_rt_sigaction
sys_enter_rt_sigaction
sys_enter_rt_sigaction
sys_enter_rt_sigaction
sys_enter_rt_sigaction
sys_enter_rt_sigaction
sys_enter_rt_sigaction
sys_enter_rt_sigaction
sys_enter_rt_sigaction
sys_enter_rt_sigaction
sys_enter_rt_sigaction
sys_enter_rt_sigaction
sys_enter_rt_sigaction
sys_enter_rt_sigaction
sys_enter_rt_sigaction
sys_enter_rt_sigaction
sys_enter_rt_sigaction
sys_enter_rt_sigaction
sys_enter_rt_sigaction
sys_enter_rt_sigaction
sys_enter_rt_sigaction
sys_enter_rt_sigaction
sys_enter_rt_sigaction
sys_enter_rt_sigaction
sys_enter_rt_sigaction
sys_enter_rt_sigaction
sys_enter_rt_sigaction
sys_enter_rt_sigaction
sys_enter_rt_sigaction
sys_enter_rt_sigaction
sys_enter_rt_sigaction
sys_enter_rt_sigaction
sys_enter_rt_sigaction
sys_enter_rt_sigaction
sys_enter_rt_sigaction
sys_enter_rt_sigaction
sys_enter_rt_sigaction
sys_enter_rt_sigaction
sys_enter_rt_sigaction
sys_enter_rt_sigaction
sys_enter_rt_sigaction
sys_enter_rt_sigaction
sys_enter_rt_sigaction
sys_enter_rt_sigaction
sys_enter_rt_sigaction
sys_enter_rt_sigaction
sys_enter_rt_sigaction
sys_enter_rt_sigaction
sys_enter_rt_sigaction
sys_enter_rt_sigaction
sys_enter_rt_sigaction
sys_enter_rt_sigaction
sys_enter_rt_sigaction
sys_enter_rt_sigaction
sys_enter_rt_sigaction
sys_enter_rt_sigaction
sys_enter_rt_sigaction
sys_enter_rt_sigaction
sys_enter_rt_sigaction
sys_enter_rt_sigaction
sys_enter_rt_sigaction
sys_enter_rt_sigaction
sys_enter_rt_sigaction
sys_enter_rt_sigaction
sys_enter_rt_sigaction
sys_enter_rt_sigaction
sys_enter_rt_sigaction
sys_enter_rt_sigaction
sys_enter_rt_sigaction
sys_enter_rt_sigaction
sys_enter_rt_sigaction
sys_enter_rt_sigaction
sys_enter_rt_sigaction
sys_enter_rt_sigaction
sys_enter_rt_sigaction
sys_enter_rt_sigaction
sys_enter_rt_sigaction
sys_enter_rt_sigaction
sys_enter_rt_sigaction
sys_enter_rt_sigaction
sys_enter_rt_sigaction
sys_enter_rt_sigaction
sys_enter_rt_sigaction
sys_enter_rt_sigaction
sys_enter_rt_sigaction
sys_enter_rt_sigaction
sys_enter_rt_sigaction
sys_enter_rt_sigaction
sys_enter_rt_sigaction
sys_enter_rt_sigaction
sys_enter_rt_sigaction
sys_enter_rt_sigaction
sys_enter_rt_sigaction
sys_enter_rt_sigaction
sys_enter_rt_sigaction
sys_enter_rt_sigaction
sys_enter_rt_sigaction
sys_enter_rt_sigaction
sys_enter_rt_sigaction
sys_enter_rt_sigaction
sys_enter_rt_sigaction
sys_enter_rt_sigaction
sys_enter_rt_sigaction
sys_enter_rt_sigaction
sys_enter_rt_sigaction
sys_enter_rt_sigaction
sys_enter_rt_sigaction
sys_enter_rt_sigaction
sys_enter_rt_sigaction
sys_enter_rt_sigaction
sys_enter_rt_sigaction
sys_enter_rt_sigaction
sys_enter_rt_sigprocmask
sys_enter_clone
sys_enter_rt_sigprocmask
sys_enter_gettid
sys_enter_sigaltstack
sys_enter_sigaltstack
sys_enter_gettid
sys_enter_rt_sigprocmask
sys_enter_rt_sigprocmask
sys_enter_clone
sys_enter_rt_sigprocmask
sys_enter_gettid
sys_enter_sigaltstack
sys_enter_sigaltstack
sys_enter_rt_sigprocmask
sys_enter_gettid
sys_enter_clone
sys_enter_rt_sigprocmask
sys_enter_rt_sigprocmask
sys_enter_futex
sys_enter_rt_sigprocmask
sys_enter_clone
sys_enter_gettid
sys_enter_sigaltstack
sys_enter_sigaltstack
sys_enter_gettid
sys_enter_rt_sigprocmask
sys_enter_futex
sys_enter_rt_sigprocmask
sys_enter_futex
sys_enter_gettid
sys_enter_sigaltstack
sys_enter_sigaltstack
sys_enter_gettid
sys_enter_rt_sigprocmask
sys_enter_futex
sys_enter_futex
sys_enter_mmap
sys_enter_futex
sys_enter_futex
sys_enter_futex
sys_enter_futex
sys_enter_openat
sys_enter_futex
sys_enter_futex
sys_enter_read
sys_enter_read
sys_enter_close
sys_enter_socket
sys_enter_close
sys_enter_socket
sys_enter_setsockopt
sys_enter_bind
sys_enter_socket
sys_enter_setsockopt
sys_enter_bind
sys_enter_close
sys_enter_close
sys_enter_mmap
sys_enter_mmap
sys_enter_getpid
sys_enter_getppid
sys_enter_mmap
sys_enter_mmap
sys_enter_getppid
sys_enter_openat
sys_enter_pipe2
sys_enter_getpid
sys_enter_clone
sys_enter_setsid
sys_enter_close
sys_enter_read
sys_enter_chdir
sys_enter_execve
sys_enter_close
sys_enter_mmap
sys_enter_exit_group
sys_enter_mmap
sys_enter_mprotect
sys_enter_mmap
sys_enter_mmap
sys_enter_mprotect
sys_enter_mmap
sys_enter_mprotect
sys_enter_mmap
sys_enter_mprotect
sys_enter_mmap
sys_enter_mmap
sys_enter_close
sys_enter_munmap
sys_enter_sched_getaffinity
sys_enter_mmap
sys_enter_munmap
sys_enter_mmap
sys_enter_mmap
sys_enter_mmap
sys_enter_mmap
sys_enter_mmap
sys_enter_mmap
sys_enter_rt_sigprocmask
sys_enter_sigaltstack
sys_enter_sigaltstack
sys_enter_gettid
sys_enter_rt_sigprocmask
sys_enter_rt_sigaction
sys_enter_rt_sigaction
sys_enter_rt_sigaction
sys_enter_rt_sigaction
sys_enter_rt_sigaction
sys_enter_rt_sigaction
sys_enter_rt_sigaction
sys_enter_rt_sigaction
sys_enter_rt_sigaction
sys_enter_rt_sigaction
sys_enter_rt_sigaction
sys_enter_rt_sigaction
sys_enter_rt_sigaction
sys_enter_rt_sigaction
sys_enter_rt_sigaction
sys_enter_rt_sigaction
sys_enter_rt_sigaction
sys_enter_rt_sigaction
sys_enter_rt_sigaction
sys_enter_rt_sigaction
sys_enter_rt_sigaction
sys_enter_rt_sigaction
sys_enter_rt_sigaction
sys_enter_rt_sigaction
sys_enter_rt_sigaction
sys_enter_rt_sigaction
sys_enter_rt_sigaction
sys_enter_rt_sigaction
sys_enter_rt_sigaction
sys_enter_rt_sigaction
sys_enter_rt_sigaction
sys_enter_rt_sigaction
sys_enter_rt_sigaction
sys_enter_rt_sigaction
sys_enter_rt_sigaction
sys_enter_rt_sigaction
sys_enter_rt_sigaction
sys_enter_rt_sigaction
sys_enter_rt_sigaction
sys_enter_rt_sigaction
sys_enter_rt_sigaction
sys_enter_rt_sigaction
sys_enter_rt_sigaction
sys_enter_rt_sigaction
sys_enter_rt_sigaction
sys_enter_rt_sigaction
sys_enter_rt_sigaction
sys_enter_rt_sigaction
sys_enter_rt_sigaction
sys_enter_rt_sigaction
sys_enter_rt_sigaction
sys_enter_rt_sigaction
sys_enter_rt_sigaction
sys_enter_rt_sigaction
sys_enter_rt_sigaction
sys_enter_rt_sigaction
sys_enter_rt_sigaction
sys_enter_rt_sigaction
sys_enter_rt_sigaction
sys_enter_rt_sigaction
sys_enter_rt_sigaction
sys_enter_rt_sigaction
sys_enter_rt_sigaction
sys_enter_rt_sigaction
sys_enter_rt_sigaction
sys_enter_rt_sigaction
sys_enter_rt_sigaction
sys_enter_rt_sigaction
sys_enter_rt_sigaction
sys_enter_rt_sigaction
sys_enter_rt_sigaction
sys_enter_rt_sigaction
sys_enter_rt_sigaction
sys_enter_rt_sigaction
sys_enter_rt_sigaction
sys_enter_rt_sigaction
sys_enter_rt_sigaction
sys_enter_rt_sigaction
sys_enter_rt_sigaction
sys_enter_rt_sigaction
sys_enter_rt_sigaction
sys_enter_rt_sigaction
sys_enter_rt_sigaction
sys_enter_rt_sigaction
sys_enter_rt_sigaction
sys_enter_rt_sigaction
sys_enter_rt_sigaction
sys_enter_rt_sigaction
sys_enter_rt_sigaction
sys_enter_rt_sigaction
sys_enter_rt_sigaction
sys_enter_rt_sigaction
sys_enter_rt_sigaction
sys_enter_rt_sigaction
sys_enter_rt_sigaction
sys_enter_rt_sigaction
sys_enter_rt_sigaction
sys_enter_rt_sigaction
sys_enter_rt_sigaction
sys_enter_rt_sigaction
sys_enter_rt_sigaction
sys_enter_rt_sigaction
sys_enter_rt_sigaction
sys_enter_rt_sigaction
sys_enter_rt_sigaction
sys_enter_rt_sigaction
sys_enter_rt_sigaction
sys_enter_rt_sigaction
sys_enter_rt_sigaction
sys_enter_rt_sigaction
sys_enter_rt_sigaction
sys_enter_rt_sigaction
sys_enter_rt_sigaction
sys_enter_rt_sigaction
sys_enter_rt_sigprocmask
sys_enter_clone
sys_enter_rt_sigprocmask
sys_enter_gettid
sys_enter_sigaltstack
sys_enter_sigaltstack
sys_enter_gettid
sys_enter_rt_sigprocmask
sys_enter_rt_sigprocmask
sys_enter_clone
sys_enter_rt_sigprocmask
sys_enter_gettid
sys_enter_sigaltstack
sys_enter_sigaltstack
sys_enter_gettid
sys_enter_rt_sigprocmask
sys_enter_rt_sigprocmask
sys_enter_clone
sys_enter_rt_sigprocmask
sys_enter_futex
sys_enter_gettid
sys_enter_sigaltstack
sys_enter_sigaltstack
sys_enter_gettid
sys_enter_rt_sigprocmask
sys_enter_futex
sys_enter_futex
sys_enter_rt_sigprocmask
sys_enter_clone
sys_enter_rt_sigprocmask
sys_enter_futex
sys_enter_gettid
sys_enter_sigaltstack
sys_enter_sigaltstack
sys_enter_gettid
sys_enter_rt_sigprocmask
sys_enter_futex
sys_enter_futex
sys_enter_mmap
sys_enter_futex
sys_enter_futex
sys_enter_futex
sys_enter_openat
sys_enter_read
sys_enter_read
sys_enter_close
sys_enter_socket
sys_enter_close
sys_enter_socket
sys_enter_setsockopt
sys_enter_bind
sys_enter_socket
sys_enter_setsockopt
sys_enter_bind
sys_enter_close
sys_enter_close
sys_enter_getpid
sys_enter_getppid
sys_enter_mmap
sys_enter_mmap
sys_enter_getppid
sys_enter_openat
sys_enter_pipe2
sys_enter_getpid
sys_enter_clone
sys_enter_setsid
sys_enter_close
sys_enter_read
sys_enter_chdir
sys_enter_execve
sys_enter_close
sys_enter_exit_group
sys_enter_mmap
sys_enter_mmap
sys_enter_mprotect
sys_enter_mmap
sys_enter_mmap
sys_enter_mprotect
sys_enter_mmap
sys_enter_mprotect
sys_enter_mmap
sys_enter_mprotect
sys_enter_mmap
sys_enter_mmap
sys_enter_close
sys_enter_munmap
sys_enter_sched_getaffinity
sys_enter_mmap
sys_enter_munmap
sys_enter_mmap
sys_enter_mmap
sys_enter_mmap
sys_enter_mmap
sys_enter_mmap
sys_enter_mmap
sys_enter_rt_sigprocmask
sys_enter_sigaltstack
sys_enter_sigaltstack
sys_enter_gettid
sys_enter_rt_sigprocmask
sys_enter_rt_sigaction
sys_enter_rt_sigaction
sys_enter_rt_sigaction
sys_enter_rt_sigaction
sys_enter_rt_sigaction
sys_enter_rt_sigaction
sys_enter_rt_sigaction
sys_enter_rt_sigaction
sys_enter_rt_sigaction
sys_enter_rt_sigaction
sys_enter_rt_sigaction
sys_enter_rt_sigaction
sys_enter_rt_sigaction
sys_enter_rt_sigaction
sys_enter_rt_sigaction
sys_enter_rt_sigaction
sys_enter_rt_sigaction
sys_enter_rt_sigaction
sys_enter_rt_sigaction
sys_enter_rt_sigaction
sys_enter_rt_sigaction
sys_enter_rt_sigaction
sys_enter_rt_sigaction
sys_enter_rt_sigaction
sys_enter_rt_sigaction
sys_enter_rt_sigaction
sys_enter_rt_sigaction
sys_enter_rt_sigaction
sys_enter_rt_sigaction
sys_enter_rt_sigaction
sys_enter_rt_sigaction
sys_enter_rt_sigaction
sys_enter_rt_sigaction
sys_enter_rt_sigaction
sys_enter_rt_sigaction
sys_enter_rt_sigaction
sys_enter_rt_sigaction
sys_enter_rt_sigaction
sys_enter_rt_sigaction
sys_enter_rt_sigaction
sys_enter_rt_sigaction
sys_enter_rt_sigaction
sys_enter_rt_sigaction
sys_enter_rt_sigaction
sys_enter_rt_sigaction
sys_enter_rt_sigaction
sys_enter_rt_sigaction
sys_enter_rt_sigaction
sys_enter_rt_sigaction
sys_enter_rt_sigaction
sys_enter_rt_sigaction
sys_enter_rt_sigaction
sys_enter_rt_sigaction
sys_enter_rt_sigaction
sys_enter_rt_sigaction
sys_enter_rt_sigaction
sys_enter_rt_sigaction
sys_enter_rt_sigaction
sys_enter_rt_sigaction
sys_enter_rt_sigaction
sys_enter_rt_sigaction
sys_enter_rt_sigaction
sys_enter_rt_sigaction
sys_enter_rt_sigaction
sys_enter_rt_sigaction
sys_enter_rt_sigaction
sys_enter_rt_sigaction
sys_enter_rt_sigaction
sys_enter_rt_sigaction
sys_enter_rt_sigaction
sys_enter_rt_sigaction
sys_enter_rt_sigaction
sys_enter_rt_sigaction
sys_enter_rt_sigaction
sys_enter_rt_sigaction
sys_enter_rt_sigaction
sys_enter_rt_sigaction
sys_enter_rt_sigaction
sys_enter_rt_sigaction
sys_enter_rt_sigaction
sys_enter_rt_sigaction
sys_enter_rt_sigaction
sys_enter_rt_sigaction
sys_enter_rt_sigaction
sys_enter_rt_sigaction
sys_enter_rt_sigaction
sys_enter_rt_sigaction
sys_enter_rt_sigaction
sys_enter_rt_sigaction
sys_enter_rt_sigaction
sys_enter_rt_sigaction
sys_enter_rt_sigaction
sys_enter_rt_sigaction
sys_enter_rt_sigaction
sys_enter_rt_sigaction
sys_enter_rt_sigaction
sys_enter_rt_sigaction
sys_enter_rt_sigaction
sys_enter_rt_sigaction
sys_enter_rt_sigaction
sys_enter_rt_sigaction
sys_enter_rt_sigaction
sys_enter_rt_sigaction
sys_enter_rt_sigaction
sys_enter_rt_sigaction
sys_enter_rt_sigaction
sys_enter_rt_sigaction
sys_enter_rt_sigaction
sys_enter_rt_sigaction
sys_enter_rt_sigaction
sys_enter_rt_sigaction
sys_enter_rt_sigaction
sys_enter_rt_sigaction
sys_enter_rt_sigaction
sys_enter_rt_sigprocmask
sys_enter_clone
sys_enter_rt_sigprocmask
sys_enter_gettid
sys_enter_sigaltstack
sys_enter_sigaltstack
sys_enter_gettid
sys_enter_rt_sigprocmask
sys_enter_rt_sigprocmask
sys_enter_clone
sys_enter_rt_sigprocmask
sys_enter_gettid
sys_enter_sigaltstack
sys_enter_sigaltstack
sys_enter_gettid
sys_enter_rt_sigprocmask
sys_enter_rt_sigprocmask
sys_enter_clone
sys_enter_rt_sigprocmask
sys_enter_futex
sys_enter_gettid
sys_enter_sigaltstack
sys_enter_sigaltstack
sys_enter_gettid
sys_enter_rt_sigprocmask
sys_enter_futex
sys_enter_futex
sys_enter_rt_sigprocmask
sys_enter_clone
sys_enter_rt_sigprocmask
sys_enter_gettid
sys_enter_futex
sys_enter_sigaltstack
sys_enter_sigaltstack
sys_enter_gettid
sys_enter_rt_sigprocmask
sys_enter_futex
sys_enter_futex
sys_enter_mmap
sys_enter_futex
sys_enter_futex
sys_enter_futex
sys_enter_openat
sys_enter_read
sys_enter_read
sys_enter_close
sys_enter_socket
sys_enter_close
sys_enter_socket
sys_enter_setsockopt
sys_enter_bind
sys_enter_socket
sys_enter_setsockopt
sys_enter_bind
sys_enter_close
sys_enter_close
sys_enter_getpid
sys_enter_getppid
sys_enter_mmap
sys_enter_mmap
sys_enter_getppid
sys_enter_openat
sys_enter_pipe2
sys_enter_getpid
sys_enter_clone
sys_enter_setsid
sys_enter_close
sys_enter_read
sys_enter_chdir
sys_enter_execve
sys_enter_close
sys_enter_exit_group
sys_enter_mmap
sys_enter_mmap
sys_enter_mprotect
sys_enter_mmap
sys_enter_mmap
sys_enter_mprotect
sys_enter_mmap
sys_enter_mprotect
sys_enter_mmap
sys_enter_mprotect
sys_enter_mmap
sys_enter_mmap
sys_enter_close
sys_enter_munmap
sys_enter_sched_getaffinity
sys_enter_mmap
sys_enter_munmap
sys_enter_mmap
sys_enter_mmap
sys_enter_mmap
sys_enter_mmap
sys_enter_mmap
sys_enter_mmap
sys_enter_rt_sigprocmask
sys_enter_sigaltstack
sys_enter_sigaltstack
sys_enter_gettid
sys_enter_rt_sigprocmask
sys_enter_rt_sigaction
sys_enter_rt_sigaction
sys_enter_rt_sigaction
sys_enter_rt_sigaction
sys_enter_rt_sigaction
sys_enter_rt_sigaction
sys_enter_rt_sigaction
sys_enter_rt_sigaction
sys_enter_rt_sigaction
sys_enter_rt_sigaction
sys_enter_rt_sigaction
sys_enter_rt_sigaction
sys_enter_rt_sigaction
sys_enter_rt_sigaction
sys_enter_rt_sigaction
sys_enter_rt_sigaction
sys_enter_rt_sigaction
sys_enter_rt_sigaction
sys_enter_rt_sigaction
sys_enter_rt_sigaction
sys_enter_rt_sigaction
sys_enter_rt_sigaction
sys_enter_rt_sigaction
sys_enter_rt_sigaction
sys_enter_rt_sigaction
sys_enter_rt_sigaction
sys_enter_rt_sigaction
sys_enter_rt_sigaction
sys_enter_rt_sigaction
sys_enter_rt_sigaction
sys_enter_rt_sigaction
sys_enter_rt_sigaction
sys_enter_rt_sigaction
sys_enter_rt_sigaction
sys_enter_rt_sigaction
sys_enter_rt_sigaction
sys_enter_rt_sigaction
sys_enter_rt_sigaction
sys_enter_rt_sigaction
sys_enter_rt_sigaction
sys_enter_rt_sigaction
sys_enter_rt_sigaction
sys_enter_rt_sigaction
sys_enter_rt_sigaction
sys_enter_rt_sigaction
sys_enter_rt_sigaction
sys_enter_rt_sigaction
sys_enter_rt_sigaction
sys_enter_rt_sigaction
sys_enter_rt_sigaction
sys_enter_rt_sigaction
sys_enter_rt_sigaction
sys_enter_rt_sigaction
sys_enter_rt_sigaction
sys_enter_rt_sigaction
sys_enter_rt_sigaction
sys_enter_rt_sigaction
sys_enter_rt_sigaction
sys_enter_rt_sigaction
sys_enter_rt_sigaction
sys_enter_rt_sigaction
sys_enter_rt_sigaction
sys_enter_rt_sigaction
sys_enter_rt_sigaction
sys_enter_rt_sigaction
sys_enter_rt_sigaction
sys_enter_rt_sigaction
sys_enter_rt_sigaction
sys_enter_rt_sigaction
sys_enter_rt_sigaction
sys_enter_rt_sigaction
sys_enter_rt_sigaction
sys_enter_rt_sigaction
sys_enter_rt_sigaction
sys_enter_rt_sigaction
sys_enter_rt_sigaction
sys_enter_rt_sigaction
sys_enter_rt_sigaction
sys_enter_rt_sigaction
sys_enter_rt_sigaction
sys_enter_rt_sigaction
sys_enter_rt_sigaction
sys_enter_rt_sigaction
sys_enter_rt_sigaction
sys_enter_rt_sigaction
sys_enter_rt_sigaction
sys_enter_rt_sigaction
sys_enter_rt_sigaction
sys_enter_rt_sigaction
sys_enter_rt_sigaction
sys_enter_rt_sigaction
sys_enter_rt_sigaction
sys_enter_rt_sigaction
sys_enter_rt_sigaction
sys_enter_rt_sigaction
sys_enter_rt_sigaction
sys_enter_rt_sigaction
sys_enter_rt_sigaction
sys_enter_rt_sigaction
sys_enter_rt_sigaction
sys_enter_rt_sigaction
sys_enter_rt_sigaction
sys_enter_rt_sigaction
sys_enter_rt_sigaction
sys_enter_rt_sigaction
sys_enter_rt_sigaction
sys_enter_rt_sigaction
sys_enter_rt_sigaction
sys_enter_rt_sigaction
sys_enter_rt_sigaction
sys_enter_rt_sigaction
sys_enter_rt_sigaction
sys_enter_rt_sigaction
sys_enter_rt_sigaction
sys_enter_rt_sigprocmask
sys_enter_clone
sys_enter_rt_sigprocmask
sys_enter_gettid
sys_enter_sigaltstack
sys_enter_sigaltstack
sys_enter_gettid
sys_enter_rt_sigprocmask
sys_enter_rt_sigprocmask
sys_enter_clone
sys_enter_rt_sigprocmask
sys_enter_rt_sigprocmask
sys_enter_gettid
sys_enter_clone
sys_enter_sigaltstack
sys_enter_sigaltstack
sys_enter_gettid
sys_enter_rt_sigprocmask
sys_enter_rt_sigprocmask
sys_enter_gettid
sys_enter_sched_yield
sys_enter_futex
sys_enter_sigaltstack
sys_enter_sigaltstack
sys_enter_gettid
sys_enter_futex
sys_enter_rt_sigprocmask
sys_enter_rt_sigprocmask
sys_enter_clone
sys_enter_futex
sys_enter_rt_sigprocmask
sys_enter_futex
sys_enter_gettid
sys_enter_futex
sys_enter_sigaltstack
sys_enter_sigaltstack
sys_enter_gettid
sys_enter_rt_sigprocmask
sys_enter_futex
sys_enter_futex
sys_enter_futex
sys_enter_futex
sys_enter_futex
sys_enter_futex
sys_enter_futex
sys_enter_futex
sys_enter_mmap
sys_enter_futex
sys_enter_futex
sys_enter_futex
sys_enter_openat
sys_enter_read
sys_enter_read
sys_enter_close
sys_enter_socket
sys_enter_close
sys_enter_socket
sys_enter_setsockopt
sys_enter_bind
sys_enter_socket
sys_enter_setsockopt
sys_enter_bind
sys_enter_close
sys_enter_close
sys_enter_getpid
sys_enter_getppid
sys_enter_mmap
sys_enter_mmap
sys_enter_getppid
sys_enter_openat
sys_enter_pipe2
sys_enter_getpid
sys_enter_clone
sys_enter_setsid
sys_enter_close
sys_enter_read
sys_enter_chdir
sys_enter_execve
sys_enter_close
sys_enter_mmap
sys_enter_exit_group
sys_enter_mmap
sys_enter_mprotect
sys_enter_mmap
sys_enter_mmap
sys_enter_mprotect
sys_enter_mmap
sys_enter_mprotect
sys_enter_mmap
sys_enter_mprotect
sys_enter_mmap
sys_enter_mmap
sys_enter_close
sys_enter_munmap
sys_enter_sched_getaffinity
sys_enter_mmap
sys_enter_munmap
sys_enter_mmap
sys_enter_mmap
sys_enter_mmap
sys_enter_mmap
sys_enter_mmap
sys_enter_mmap
sys_enter_rt_sigprocmask
sys_enter_sigaltstack
sys_enter_sigaltstack
sys_enter_gettid
sys_enter_rt_sigprocmask
sys_enter_rt_sigaction
sys_enter_rt_sigaction
sys_enter_rt_sigaction
sys_enter_rt_sigaction
sys_enter_rt_sigaction
sys_enter_rt_sigaction
sys_enter_rt_sigaction
sys_enter_rt_sigaction
sys_enter_rt_sigaction
sys_enter_rt_sigaction
sys_enter_rt_sigaction
sys_enter_rt_sigaction
sys_enter_rt_sigaction
sys_enter_rt_sigaction
sys_enter_rt_sigaction
sys_enter_rt_sigaction
sys_enter_rt_sigaction
sys_enter_rt_sigaction
sys_enter_rt_sigaction
sys_enter_rt_sigaction
sys_enter_rt_sigaction
sys_enter_rt_sigaction
sys_enter_rt_sigaction
sys_enter_rt_sigaction
sys_enter_rt_sigaction
sys_enter_rt_sigaction
sys_enter_rt_sigaction
sys_enter_rt_sigaction
sys_enter_rt_sigaction
sys_enter_rt_sigaction
sys_enter_rt_sigaction
sys_enter_rt_sigaction
sys_enter_rt_sigaction
sys_enter_rt_sigaction
sys_enter_rt_sigaction
sys_enter_rt_sigaction
sys_enter_rt_sigaction
sys_enter_rt_sigaction
sys_enter_rt_sigaction
sys_enter_rt_sigaction
sys_enter_rt_sigaction
sys_enter_rt_sigaction
sys_enter_rt_sigaction
sys_enter_rt_sigaction
sys_enter_rt_sigaction
sys_enter_rt_sigaction
sys_enter_rt_sigaction
sys_enter_rt_sigaction
sys_enter_rt_sigaction
sys_enter_rt_sigaction
sys_enter_rt_sigaction
sys_enter_rt_sigaction
sys_enter_rt_sigaction
sys_enter_rt_sigaction
sys_enter_rt_sigaction
sys_enter_rt_sigaction
sys_enter_rt_sigaction
sys_enter_rt_sigaction
sys_enter_rt_sigaction
sys_enter_rt_sigaction
sys_enter_rt_sigaction
sys_enter_rt_sigaction
sys_enter_rt_sigaction
sys_enter_rt_sigaction
sys_enter_rt_sigaction
sys_enter_rt_sigaction
sys_enter_rt_sigaction
sys_enter_rt_sigaction
sys_enter_rt_sigaction
sys_enter_rt_sigaction
sys_enter_rt_sigaction
sys_enter_rt_sigaction
sys_enter_rt_sigaction
sys_enter_rt_sigaction
sys_enter_rt_sigaction
sys_enter_rt_sigaction
sys_enter_rt_sigaction
sys_enter_rt_sigaction
sys_enter_rt_sigaction
sys_enter_rt_sigaction
sys_enter_rt_sigaction
sys_enter_rt_sigaction
sys_enter_rt_sigaction
sys_enter_rt_sigaction
sys_enter_rt_sigaction
sys_enter_rt_sigaction
sys_enter_rt_sigaction
sys_enter_rt_sigaction
sys_enter_rt_sigaction
sys_enter_rt_sigaction
sys_enter_rt_sigaction
sys_enter_rt_sigaction
sys_enter_rt_sigaction
sys_enter_rt_sigaction
sys_enter_rt_sigaction
sys_enter_rt_sigaction
sys_enter_rt_sigaction
sys_enter_rt_sigaction
sys_enter_rt_sigaction
sys_enter_rt_sigaction
sys_enter_rt_sigaction
sys_enter_rt_sigaction
sys_enter_rt_sigaction
sys_enter_rt_sigaction
sys_enter_rt_sigaction
sys_enter_rt_sigaction
sys_enter_rt_sigaction
sys_enter_rt_sigaction
sys_enter_rt_sigaction
sys_enter_rt_sigaction
sys_enter_rt_sigaction
sys_enter_rt_sigaction
sys_enter_rt_sigaction
sys_enter_rt_sigaction
sys_enter_rt_sigprocmask
sys_enter_clone
sys_enter_rt_sigprocmask
sys_enter_gettid
sys_enter_sigaltstack
sys_enter_sigaltstack
sys_enter_gettid
sys_enter_rt_sigprocmask
sys_enter_rt_sigprocmask
sys_enter_clone
sys_enter_rt_sigprocmask
sys_enter_gettid
sys_enter_sigaltstack
sys_enter_sigaltstack
sys_enter_gettid
sys_enter_rt_sigprocmask
sys_enter_rt_sigprocmask
sys_enter_clone
sys_enter_rt_sigprocmask
sys_enter_futex
sys_enter_gettid
sys_enter_rt_sigprocmask
sys_enter_clone
sys_enter_sigaltstack
sys_enter_sigaltstack
sys_enter_gettid
sys_enter_rt_sigprocmask
sys_enter_futex
sys_enter_rt_sigprocmask
sys_enter_gettid
sys_enter_futex
sys_enter_futex
sys_enter_mmap
sys_enter_openat
sys_enter_futex
sys_enter_futex
sys_enter_read
sys_enter_read
sys_enter_close
sys_enter_sigaltstack
sys_enter_sigaltstack
sys_enter_gettid
sys_enter_rt_sigprocmask
sys_enter_futex
sys_enter_socket
sys_enter_close
sys_enter_socket
sys_enter_setsockopt
sys_enter_bind
sys_enter_socket
sys_enter_setsockopt
sys_enter_bind
sys_enter_close
sys_enter_close
sys_enter_getpid
sys_enter_getppid
sys_enter_mmap
sys_enter_mmap
sys_enter_getppid
sys_enter_openat
sys_enter_pipe2
sys_enter_getpid
sys_enter_clone
sys_enter_setsid
sys_enter_close
sys_enter_read
sys_enter_chdir
sys_enter_execve
sys_enter_close
sys_enter_mmap
sys_enter_mmap
sys_enter_exit_group
sys_enter_mprotect
sys_enter_mmap
sys_enter_mmap
sys_enter_mprotect
sys_enter_mmap
sys_enter_mprotect
sys_enter_mmap
sys_enter_mprotect
sys_enter_mmap
sys_enter_mmap
sys_enter_close
sys_enter_munmap
sys_enter_sched_getaffinity
sys_enter_mmap
sys_enter_munmap
sys_enter_mmap
sys_enter_mmap
sys_enter_mmap
sys_enter_mmap
sys_enter_mmap
sys_enter_mmap
sys_enter_rt_sigprocmask
sys_enter_sigaltstack
sys_enter_sigaltstack
sys_enter_gettid
sys_enter_rt_sigprocmask
sys_enter_rt_sigaction
sys_enter_rt_sigaction
sys_enter_rt_sigaction
sys_enter_rt_sigaction
sys_enter_rt_sigaction
sys_enter_rt_sigaction
sys_enter_rt_sigaction
sys_enter_rt_sigaction
sys_enter_rt_sigaction
sys_enter_rt_sigaction
sys_enter_rt_sigaction
sys_enter_rt_sigaction
sys_enter_rt_sigaction
sys_enter_rt_sigaction
sys_enter_rt_sigaction
sys_enter_rt_sigaction
sys_enter_rt_sigaction
sys_enter_rt_sigaction
sys_enter_rt_sigaction
sys_enter_rt_sigaction
sys_enter_rt_sigaction
sys_enter_rt_sigaction
sys_enter_rt_sigaction
sys_enter_rt_sigaction
sys_enter_rt_sigaction
sys_enter_rt_sigaction
sys_enter_rt_sigaction
sys_enter_rt_sigaction
sys_enter_rt_sigaction
sys_enter_rt_sigaction
sys_enter_rt_sigaction
sys_enter_rt_sigaction
sys_enter_rt_sigaction
sys_enter_rt_sigaction
sys_enter_rt_sigaction
sys_enter_rt_sigaction
sys_enter_rt_sigaction
sys_enter_rt_sigaction
sys_enter_rt_sigaction
sys_enter_rt_sigaction
sys_enter_rt_sigaction
sys_enter_rt_sigaction
sys_enter_rt_sigaction
sys_enter_rt_sigaction
sys_enter_rt_sigaction
sys_enter_rt_sigaction
sys_enter_rt_sigaction
sys_enter_rt_sigaction
sys_enter_rt_sigaction
sys_enter_rt_sigaction
sys_enter_rt_sigaction
sys_enter_rt_sigaction
sys_enter_rt_sigaction
sys_enter_rt_sigaction
sys_enter_rt_sigaction
sys_enter_rt_sigaction
sys_enter_rt_sigaction
sys_enter_rt_sigaction
sys_enter_rt_sigaction
sys_enter_rt_sigaction
sys_enter_rt_sigaction
sys_enter_rt_sigaction
sys_enter_rt_sigaction
sys_enter_rt_sigaction
sys_enter_rt_sigaction
sys_enter_rt_sigaction
sys_enter_rt_sigaction
sys_enter_rt_sigaction
sys_enter_rt_sigaction
sys_enter_rt_sigaction
sys_enter_rt_sigaction
sys_enter_rt_sigaction
sys_enter_rt_sigaction
sys_enter_rt_sigaction
sys_enter_rt_sigaction
sys_enter_rt_sigaction
sys_enter_rt_sigaction
sys_enter_rt_sigaction
sys_enter_rt_sigaction
sys_enter_rt_sigaction
sys_enter_rt_sigaction
sys_enter_rt_sigaction
sys_enter_rt_sigaction
sys_enter_rt_sigaction
sys_enter_rt_sigaction
sys_enter_rt_sigaction
sys_enter_rt_sigaction
sys_enter_rt_sigaction
sys_enter_rt_sigaction
sys_enter_rt_sigaction
sys_enter_rt_sigaction
sys_enter_rt_sigaction
sys_enter_rt_sigaction
sys_enter_rt_sigaction
sys_enter_rt_sigaction
sys_enter_rt_sigaction
sys_enter_rt_sigaction
sys_enter_rt_sigaction
sys_enter_rt_sigaction
sys_enter_rt_sigaction
sys_enter_rt_sigaction
sys_enter_rt_sigaction
sys_enter_rt_sigaction
sys_enter_rt_sigaction
sys_enter_rt_sigaction
sys_enter_rt_sigaction
sys_enter_rt_sigaction
sys_enter_rt_sigaction
sys_enter_rt_sigaction
sys_enter_rt_sigaction
sys_enter_rt_sigaction
sys_enter_rt_sigaction
sys_enter_rt_sigaction
sys_enter_rt_sigaction
sys_enter_rt_sigprocmask
sys_enter_clone
sys_enter_rt_sigprocmask
sys_enter_gettid
sys_enter_sigaltstack
sys_enter_sigaltstack
sys_enter_gettid
sys_enter_rt_sigprocmask
sys_enter_rt_sigprocmask
sys_enter_clone
sys_enter_rt_sigprocmask
sys_enter_gettid
sys_enter_sigaltstack
sys_enter_sigaltstack
sys_enter_gettid
sys_enter_rt_sigprocmask
sys_enter_rt_sigprocmask
sys_enter_clone
sys_enter_rt_sigprocmask
sys_enter_futex
sys_enter_rt_sigprocmask
sys_enter_clone
sys_enter_gettid
sys_enter_sigaltstack
sys_enter_sigaltstack
sys_enter_gettid
sys_enter_rt_sigprocmask
sys_enter_futex
sys_enter_rt_sigprocmask
sys_enter_futex
sys_enter_gettid
sys_enter_sigaltstack
sys_enter_sigaltstack
sys_enter_gettid
sys_enter_rt_sigprocmask
sys_enter_futex
sys_enter_futex
sys_enter_mmap
sys_enter_futex
sys_enter_futex
sys_enter_futex
sys_enter_futex
sys_enter_openat
sys_enter_read
sys_enter_read
sys_enter_close
sys_enter_socket
sys_enter_close
sys_enter_socket
sys_enter_setsockopt
sys_enter_bind
sys_enter_socket
sys_enter_setsockopt
sys_enter_bind
sys_enter_close
sys_enter_close
sys_enter_getpid
sys_enter_getppid
sys_enter_mmap
sys_enter_mmap
sys_enter_getppid
sys_enter_openat
sys_enter_pipe2
sys_enter_getpid
sys_enter_clone
sys_enter_setsid
sys_enter_close
sys_enter_read
sys_enter_chdir
sys_enter_execve
sys_enter_close
sys_enter_exit_group
sys_enter_mmap
sys_enter_mmap
sys_enter_mprotect
sys_enter_mmap
sys_enter_mmap
sys_enter_mprotect
sys_enter_mmap
sys_enter_mprotect
sys_enter_mmap
sys_enter_mprotect
sys_enter_mmap
sys_enter_mmap
sys_enter_close
sys_enter_munmap
sys_enter_sched_getaffinity
sys_enter_mmap
sys_enter_munmap
sys_enter_mmap
sys_enter_mmap
sys_enter_mmap
sys_enter_mmap
sys_enter_mmap
sys_enter_mmap
sys_enter_rt_sigprocmask
sys_enter_sigaltstack
sys_enter_sigaltstack
sys_enter_gettid
sys_enter_rt_sigprocmask
sys_enter_rt_sigaction
sys_enter_rt_sigaction
sys_enter_rt_sigaction
sys_enter_rt_sigaction
sys_enter_rt_sigaction
sys_enter_rt_sigaction
sys_enter_rt_sigaction
sys_enter_rt_sigaction
sys_enter_rt_sigaction
sys_enter_rt_sigaction
sys_enter_rt_sigaction
sys_enter_rt_sigaction
sys_enter_rt_sigaction
sys_enter_rt_sigaction
sys_enter_rt_sigaction
sys_enter_rt_sigaction
sys_enter_rt_sigaction
sys_enter_rt_sigaction
sys_enter_rt_sigaction
sys_enter_rt_sigaction
sys_enter_rt_sigaction
sys_enter_rt_sigaction
sys_enter_rt_sigaction
sys_enter_rt_sigaction
sys_enter_rt_sigaction
sys_enter_rt_sigaction
sys_enter_rt_sigaction
sys_enter_rt_sigaction
sys_enter_rt_sigaction
sys_enter_rt_sigaction
sys_enter_rt_sigaction
sys_enter_rt_sigaction
sys_enter_rt_sigaction
sys_enter_rt_sigaction
sys_enter_rt_sigaction
sys_enter_rt_sigaction
sys_enter_rt_sigaction
sys_enter_rt_sigaction
sys_enter_rt_sigaction
sys_enter_rt_sigaction
sys_enter_rt_sigaction
sys_enter_rt_sigaction
sys_enter_rt_sigaction
sys_enter_rt_sigaction
sys_enter_rt_sigaction
sys_enter_rt_sigaction
sys_enter_rt_sigaction
sys_enter_rt_sigaction
sys_enter_rt_sigaction
sys_enter_rt_sigaction
sys_enter_rt_sigaction
sys_enter_rt_sigaction
sys_enter_rt_sigaction
sys_enter_rt_sigaction
sys_enter_rt_sigaction
sys_enter_rt_sigaction
sys_enter_rt_sigaction
sys_enter_rt_sigaction
sys_enter_rt_sigaction
sys_enter_rt_sigaction
sys_enter_rt_sigaction
sys_enter_rt_sigaction
sys_enter_rt_sigaction
sys_enter_rt_sigaction
sys_enter_rt_sigaction
sys_enter_rt_sigaction
sys_enter_rt_sigaction
sys_enter_rt_sigaction
sys_enter_rt_sigaction
sys_enter_rt_sigaction
sys_enter_rt_sigaction
sys_enter_rt_sigaction
sys_enter_rt_sigaction
sys_enter_rt_sigaction
sys_enter_rt_sigaction
sys_enter_rt_sigaction
sys_enter_rt_sigaction
sys_enter_rt_sigaction
sys_enter_rt_sigaction
sys_enter_rt_sigaction
sys_enter_rt_sigaction
sys_enter_rt_sigaction
sys_enter_rt_sigaction
sys_enter_rt_sigaction
sys_enter_rt_sigaction
sys_enter_rt_sigaction
sys_enter_rt_sigaction
sys_enter_rt_sigaction
sys_enter_rt_sigaction
sys_enter_rt_sigaction
sys_enter_rt_sigaction
sys_enter_rt_sigaction
sys_enter_rt_sigaction
sys_enter_rt_sigaction
sys_enter_rt_sigaction
sys_enter_rt_sigaction
sys_enter_rt_sigaction
sys_enter_rt_sigaction
sys_enter_rt_sigaction
sys_enter_rt_sigaction
sys_enter_rt_sigaction
sys_enter_rt_sigaction
sys_enter_rt_sigaction
sys_enter_rt_sigaction
sys_enter_rt_sigaction
sys_enter_rt_sigaction
sys_enter_rt_sigaction
sys_enter_rt_sigaction
sys_enter_rt_sigaction
sys_enter_rt_sigaction
sys_enter_rt_sigaction
sys_enter_rt_sigaction
sys_enter_rt_sigaction
sys_enter_rt_sigaction
sys_enter_rt_sigprocmask
sys_enter_clone
sys_enter_rt_sigprocmask
sys_enter_gettid
sys_enter_sigaltstack
sys_enter_sigaltstack
sys_enter_gettid
sys_enter_rt_sigprocmask
sys_enter_rt_sigprocmask
sys_enter_clone
sys_enter_rt_sigprocmask
sys_enter_gettid
sys_enter_sigaltstack
sys_enter_sigaltstack
sys_enter_gettid
sys_enter_rt_sigprocmask
sys_enter_rt_sigprocmask
sys_enter_clone
sys_enter_rt_sigprocmask
sys_enter_futex
sys_enter_gettid
sys_enter_rt_sigprocmask
sys_enter_clone
sys_enter_sigaltstack
sys_enter_sigaltstack
sys_enter_gettid
sys_enter_rt_sigprocmask
sys_enter_futex
sys_enter_rt_sigprocmask
sys_enter_futex
sys_enter_futex
sys_enter_gettid
sys_enter_sigaltstack
sys_enter_sigaltstack
sys_enter_gettid
sys_enter_rt_sigprocmask
sys_enter_futex
sys_enter_futex
sys_enter_mmap
sys_enter_futex
sys_enter_futex
sys_enter_futex
sys_enter_openat
sys_enter_futex
sys_enter_futex
sys_enter_read
sys_enter_read
sys_enter_close
sys_enter_socket
sys_enter_close
sys_enter_socket
sys_enter_setsockopt
sys_enter_bind
sys_enter_socket
sys_enter_setsockopt
sys_enter_bind
sys_enter_close
sys_enter_close
sys_enter_mmap
sys_enter_getpid
sys_enter_getppid
sys_enter_mmap
sys_enter_mmap
sys_enter_mmap
sys_enter_getppid
sys_enter_openat
sys_enter_pipe2
sys_enter_getpid
sys_enter_clone
sys_enter_setsid
sys_enter_close
sys_enter_read
sys_enter_chdir
sys_enter_execve
sys_enter_close
sys_enter_mmap
sys_enter_exit_group
sys_enter_mmap
sys_enter_mprotect
sys_enter_mmap
sys_enter_mmap
sys_enter_mprotect
sys_enter_mmap
sys_enter_mprotect
sys_enter_mmap
sys_enter_mprotect
sys_enter_mmap
sys_enter_mmap
sys_enter_close
sys_enter_munmap
sys_enter_sched_getaffinity
sys_enter_mmap
sys_enter_munmap
sys_enter_mmap
sys_enter_mmap
sys_enter_mmap
sys_enter_mmap
sys_enter_mmap
sys_enter_mmap
sys_enter_rt_sigprocmask
sys_enter_sigaltstack
sys_enter_sigaltstack
sys_enter_gettid
sys_enter_rt_sigprocmask
sys_enter_rt_sigaction
sys_enter_rt_sigaction
sys_enter_rt_sigaction
sys_enter_rt_sigaction
sys_enter_rt_sigaction
sys_enter_rt_sigaction
sys_enter_rt_sigaction
sys_enter_rt_sigaction
sys_enter_rt_sigaction
sys_enter_rt_sigaction
sys_enter_rt_sigaction
sys_enter_rt_sigaction
sys_enter_rt_sigaction
sys_enter_rt_sigaction
sys_enter_rt_sigaction
sys_enter_rt_sigaction
sys_enter_rt_sigaction
sys_enter_rt_sigaction
sys_enter_rt_sigaction
sys_enter_rt_sigaction
sys_enter_rt_sigaction
sys_enter_rt_sigaction
sys_enter_rt_sigaction
sys_enter_rt_sigaction
sys_enter_rt_sigaction
sys_enter_rt_sigaction
sys_enter_rt_sigaction
sys_enter_rt_sigaction
sys_enter_rt_sigaction
sys_enter_rt_sigaction
sys_enter_rt_sigaction
sys_enter_rt_sigaction
sys_enter_rt_sigaction
sys_enter_rt_sigaction
sys_enter_rt_sigaction
sys_enter_rt_sigaction
sys_enter_rt_sigaction
sys_enter_rt_sigaction
sys_enter_rt_sigaction
sys_enter_rt_sigaction
sys_enter_rt_sigaction
sys_enter_rt_sigaction
sys_enter_rt_sigaction
sys_enter_rt_sigaction
sys_enter_rt_sigaction
sys_enter_rt_sigaction
sys_enter_rt_sigaction
sys_enter_rt_sigaction
sys_enter_rt_sigaction
sys_enter_rt_sigaction
sys_enter_rt_sigaction
sys_enter_rt_sigaction
sys_enter_rt_sigaction
sys_enter_rt_sigaction
sys_enter_rt_sigaction
sys_enter_rt_sigaction
sys_enter_rt_sigaction
sys_enter_rt_sigaction
sys_enter_rt_sigaction
sys_enter_rt_sigaction
sys_enter_rt_sigaction
sys_enter_rt_sigaction
sys_enter_rt_sigaction
sys_enter_rt_sigaction
sys_enter_rt_sigaction
sys_enter_rt_sigaction
sys_enter_rt_sigaction
sys_enter_rt_sigaction
sys_enter_rt_sigaction
sys_enter_rt_sigaction
sys_enter_rt_sigaction
sys_enter_rt_sigaction
sys_enter_rt_sigaction
sys_enter_rt_sigaction
sys_enter_rt_sigaction
sys_enter_rt_sigaction
sys_enter_rt_sigaction
sys_enter_rt_sigaction
sys_enter_rt_sigaction
sys_enter_rt_sigaction
sys_enter_rt_sigaction
sys_enter_rt_sigaction
sys_enter_rt_sigaction
sys_enter_rt_sigaction
sys_enter_rt_sigaction
sys_enter_rt_sigaction
sys_enter_rt_sigaction
sys_enter_rt_sigaction
sys_enter_rt_sigaction
sys_enter_rt_sigaction
sys_enter_rt_sigaction
sys_enter_rt_sigaction
sys_enter_rt_sigaction
sys_enter_rt_sigaction
sys_enter_rt_sigaction
sys_enter_rt_sigaction
sys_enter_rt_sigaction
sys_enter_rt_sigaction
sys_enter_rt_sigaction
sys_enter_rt_sigaction
sys_enter_rt_sigaction
sys_enter_rt_sigaction
sys_enter_rt_sigaction
sys_enter_rt_sigaction
sys_enter_rt_sigaction
sys_enter_rt_sigaction
sys_enter_rt_sigaction
sys_enter_rt_sigaction
sys_enter_rt_sigaction
sys_enter_rt_sigaction
sys_enter_rt_sigaction
sys_enter_rt_sigaction
sys_enter_rt_sigaction
sys_enter_rt_sigaction
sys_enter_rt_sigprocmask
sys_enter_clone
sys_enter_rt_sigprocmask
sys_enter_gettid
sys_enter_sigaltstack
sys_enter_sigaltstack
sys_enter_gettid
sys_enter_rt_sigprocmask
sys_enter_rt_sigprocmask
sys_enter_clone
sys_enter_rt_sigprocmask
sys_enter_gettid
sys_enter_sigaltstack
sys_enter_sigaltstack
sys_enter_gettid
sys_enter_rt_sigprocmask
sys_enter_clone
sys_enter_rt_sigprocmask
sys_enter_rt_sigprocmask
sys_enter_sched_yield
sys_enter_futex
sys_enter_futex
sys_enter_gettid
sys_enter_sigaltstack
sys_enter_sigaltstack
sys_enter_gettid
sys_enter_rt_sigprocmask
sys_enter_futex
sys_enter_futex
sys_enter_rt_sigprocmask
sys_enter_clone
sys_enter_rt_sigprocmask
sys_enter_futex
sys_enter_gettid
sys_enter_sigaltstack
sys_enter_sigaltstack
sys_enter_gettid
sys_enter_rt_sigprocmask
sys_enter_futex
sys_enter_futex
sys_enter_mmap
sys_enter_futex
sys_enter_futex
sys_enter_futex
sys_enter_openat
sys_enter_read
sys_enter_read
sys_enter_close
sys_enter_socket
sys_enter_close
sys_enter_socket
sys_enter_setsockopt
sys_enter_bind
sys_enter_socket
sys_enter_setsockopt
sys_enter_bind
sys_enter_close
sys_enter_close
sys_enter_getpid
sys_enter_getppid
sys_enter_mmap
sys_enter_mmap
sys_enter_getppid
sys_enter_openat
sys_enter_pipe2
sys_enter_getpid
sys_enter_clone
sys_enter_setsid
sys_enter_chdir
sys_enter_execve
sys_enter_close
sys_enter_read
sys_enter_close
sys_enter_exit_group
sys_enter_mmap
sys_enter_mmap
sys_enter_mprotect
sys_enter_mmap
sys_enter_mmap
sys_enter_mprotect
sys_enter_mmap
sys_enter_mprotect
sys_enter_mmap
sys_enter_mprotect
sys_enter_mmap
sys_enter_mmap
sys_enter_close
sys_enter_munmap
sys_enter_sched_getaffinity
sys_enter_mmap
sys_enter_munmap
sys_enter_mmap
sys_enter_mmap
sys_enter_mmap
sys_enter_mmap
sys_enter_mmap
sys_enter_mmap
sys_enter_rt_sigprocmask
sys_enter_sigaltstack
sys_enter_sigaltstack
sys_enter_gettid
sys_enter_rt_sigprocmask
sys_enter_rt_sigaction
sys_enter_rt_sigaction
sys_enter_rt_sigaction
sys_enter_rt_sigaction
sys_enter_rt_sigaction
sys_enter_rt_sigaction
sys_enter_rt_sigaction
sys_enter_rt_sigaction
sys_enter_rt_sigaction
sys_enter_rt_sigaction
sys_enter_rt_sigaction
sys_enter_rt_sigaction
sys_enter_rt_sigaction
sys_enter_rt_sigaction
sys_enter_rt_sigaction
sys_enter_rt_sigaction
sys_enter_rt_sigaction
sys_enter_rt_sigaction
sys_enter_rt_sigaction
sys_enter_rt_sigaction
sys_enter_rt_sigaction
sys_enter_rt_sigaction
sys_enter_rt_sigaction
sys_enter_rt_sigaction
sys_enter_rt_sigaction
sys_enter_rt_sigaction
sys_enter_rt_sigaction
sys_enter_rt_sigaction
sys_enter_rt_sigaction
sys_enter_rt_sigaction
sys_enter_rt_sigaction
sys_enter_rt_sigaction
sys_enter_rt_sigaction
sys_enter_rt_sigaction
sys_enter_rt_sigaction
sys_enter_rt_sigaction
sys_enter_rt_sigaction
sys_enter_rt_sigaction
sys_enter_rt_sigaction
sys_enter_rt_sigaction
sys_enter_rt_sigaction
sys_enter_rt_sigaction
sys_enter_rt_sigaction
sys_enter_rt_sigaction
sys_enter_rt_sigaction
sys_enter_rt_sigaction
sys_enter_rt_sigaction
sys_enter_rt_sigaction
sys_enter_rt_sigaction
sys_enter_rt_sigaction
sys_enter_rt_sigaction
sys_enter_rt_sigaction
sys_enter_rt_sigaction
sys_enter_rt_sigaction
sys_enter_rt_sigaction
sys_enter_rt_sigaction
sys_enter_rt_sigaction
sys_enter_rt_sigaction
sys_enter_rt_sigaction
sys_enter_rt_sigaction
sys_enter_rt_sigaction
sys_enter_rt_sigaction
sys_enter_rt_sigaction
sys_enter_rt_sigaction
sys_enter_rt_sigaction
sys_enter_rt_sigaction
sys_enter_rt_sigaction
sys_enter_rt_sigaction
sys_enter_rt_sigaction
sys_enter_rt_sigaction
sys_enter_rt_sigaction
sys_enter_rt_sigaction
sys_enter_rt_sigaction
sys_enter_rt_sigaction
sys_enter_rt_sigaction
sys_enter_rt_sigaction
sys_enter_rt_sigaction
sys_enter_rt_sigaction
sys_enter_rt_sigaction
sys_enter_rt_sigaction
sys_enter_rt_sigaction
sys_enter_rt_sigaction
sys_enter_rt_sigaction
sys_enter_rt_sigaction
sys_enter_rt_sigaction
sys_enter_rt_sigaction
sys_enter_rt_sigaction
sys_enter_rt_sigaction
sys_enter_rt_sigaction
sys_enter_rt_sigaction
sys_enter_rt_sigaction
sys_enter_rt_sigaction
sys_enter_rt_sigaction
sys_enter_rt_sigaction
sys_enter_rt_sigaction
sys_enter_rt_sigaction
sys_enter_rt_sigaction
sys_enter_rt_sigaction
sys_enter_rt_sigaction
sys_enter_rt_sigaction
sys_enter_rt_sigaction
sys_enter_rt_sigaction
sys_enter_rt_sigaction
sys_enter_rt_sigaction
sys_enter_rt_sigaction
sys_enter_rt_sigaction
sys_enter_rt_sigaction
sys_enter_rt_sigaction
sys_enter_rt_sigaction
sys_enter_rt_sigaction
sys_enter_rt_sigaction
sys_enter_rt_sigaction
sys_enter_rt_sigaction
sys_enter_rt_sigaction
sys_enter_rt_sigprocmask
sys_enter_clone
sys_enter_rt_sigprocmask
sys_enter_gettid
sys_enter_sigaltstack
sys_enter_sigaltstack
sys_enter_gettid
sys_enter_rt_sigprocmask
sys_enter_rt_sigprocmask
sys_enter_clone
sys_enter_rt_sigprocmask
sys_enter_gettid
sys_enter_sigaltstack
sys_enter_sigaltstack
sys_enter_gettid
sys_enter_rt_sigprocmask
sys_enter_rt_sigprocmask
sys_enter_clone
sys_enter_rt_sigprocmask
sys_enter_futex
sys_enter_rt_sigprocmask
sys_enter_clone
sys_enter_gettid
sys_enter_sigaltstack
sys_enter_sigaltstack
sys_enter_gettid
sys_enter_rt_sigprocmask
sys_enter_rt_sigprocmask
sys_enter_futex
sys_enter_gettid
sys_enter_futex
sys_enter_futex
sys_enter_sigaltstack
sys_enter_sigaltstack
sys_enter_gettid
sys_enter_rt_sigprocmask
sys_enter_futex
sys_enter_futex
sys_enter_mmap
sys_enter_futex
sys_enter_futex
sys_enter_futex
sys_enter_openat
sys_enter_read
sys_enter_read
sys_enter_close
sys_enter_socket
sys_enter_close
sys_enter_socket
sys_enter_setsockopt
sys_enter_bind
sys_enter_socket
sys_enter_setsockopt
sys_enter_bind
sys_enter_close
sys_enter_close
sys_enter_getpid
sys_enter_getppid
sys_enter_mmap
sys_enter_mmap
sys_enter_getppid
sys_enter_openat
sys_enter_pipe2
sys_enter_getpid
sys_enter_clone
sys_enter_setsid
sys_enter_chdir
sys_enter_execve
sys_enter_close
sys_enter_read
sys_enter_close
sys_enter_exit_group
sys_enter_mmap
sys_enter_mmap
sys_enter_mprotect
sys_enter_mmap
sys_enter_mmap
sys_enter_mprotect
sys_enter_mmap
sys_enter_mprotect
sys_enter_mmap
sys_enter_mprotect
sys_enter_mmap
sys_enter_mmap
sys_enter_close
sys_enter_munmap
sys_enter_sched_getaffinity
sys_enter_mmap
sys_enter_munmap
sys_enter_mmap
sys_enter_mmap
sys_enter_mmap
sys_enter_mmap
sys_enter_mmap
sys_enter_mmap
sys_enter_rt_sigprocmask
sys_enter_sigaltstack
sys_enter_sigaltstack
sys_enter_gettid
sys_enter_rt_sigprocmask
sys_enter_rt_sigaction
sys_enter_rt_sigaction
sys_enter_rt_sigaction
sys_enter_rt_sigaction
sys_enter_rt_sigaction
sys_enter_rt_sigaction
sys_enter_rt_sigaction
sys_enter_rt_sigaction
sys_enter_rt_sigaction
sys_enter_rt_sigaction
sys_enter_rt_sigaction
sys_enter_rt_sigaction
sys_enter_rt_sigaction
sys_enter_rt_sigaction
sys_enter_rt_sigaction
sys_enter_rt_sigaction
sys_enter_rt_sigaction
sys_enter_rt_sigaction
sys_enter_rt_sigaction
sys_enter_rt_sigaction
sys_enter_rt_sigaction
sys_enter_rt_sigaction
sys_enter_rt_sigaction
sys_enter_rt_sigaction
sys_enter_rt_sigaction
sys_enter_rt_sigaction
sys_enter_rt_sigaction
sys_enter_rt_sigaction
sys_enter_rt_sigaction
sys_enter_rt_sigaction
sys_enter_rt_sigaction
sys_enter_rt_sigaction
sys_enter_rt_sigaction
sys_enter_rt_sigaction
sys_enter_rt_sigaction
sys_enter_rt_sigaction
sys_enter_rt_sigaction
sys_enter_rt_sigaction
sys_enter_rt_sigaction
sys_enter_rt_sigaction
sys_enter_rt_sigaction
sys_enter_rt_sigaction
sys_enter_rt_sigaction
sys_enter_rt_sigaction
sys_enter_rt_sigaction
sys_enter_rt_sigaction
sys_enter_rt_sigaction
sys_enter_rt_sigaction
sys_enter_rt_sigaction
sys_enter_rt_sigaction
sys_enter_rt_sigaction
sys_enter_rt_sigaction
sys_enter_rt_sigaction
sys_enter_rt_sigaction
sys_enter_rt_sigaction
sys_enter_rt_sigaction
sys_enter_rt_sigaction
sys_enter_rt_sigaction
sys_enter_rt_sigaction
sys_enter_rt_sigaction
sys_enter_rt_sigaction
sys_enter_rt_sigaction
sys_enter_rt_sigaction
sys_enter_rt_sigaction
sys_enter_rt_sigaction
sys_enter_rt_sigaction
sys_enter_rt_sigaction
sys_enter_rt_sigaction
sys_enter_rt_sigaction
sys_enter_rt_sigaction
sys_enter_rt_sigaction
sys_enter_rt_sigaction
sys_enter_rt_sigaction
sys_enter_rt_sigaction
sys_enter_rt_sigaction
sys_enter_rt_sigaction
sys_enter_rt_sigaction
sys_enter_rt_sigaction
sys_enter_rt_sigaction
sys_enter_rt_sigaction
sys_enter_rt_sigaction
sys_enter_rt_sigaction
sys_enter_rt_sigaction
sys_enter_rt_sigaction
sys_enter_rt_sigaction
sys_enter_rt_sigaction
sys_enter_rt_sigaction
sys_enter_rt_sigaction
sys_enter_rt_sigaction
sys_enter_rt_sigaction
sys_enter_rt_sigaction
sys_enter_rt_sigaction
sys_enter_rt_sigaction
sys_enter_rt_sigaction
sys_enter_rt_sigaction
sys_enter_rt_sigaction
sys_enter_rt_sigaction
sys_enter_rt_sigaction
sys_enter_rt_sigaction
sys_enter_rt_sigaction
sys_enter_rt_sigaction
sys_enter_rt_sigaction
sys_enter_rt_sigaction
sys_enter_rt_sigaction
sys_enter_rt_sigaction
sys_enter_rt_sigaction
sys_enter_rt_sigaction
sys_enter_rt_sigaction
sys_enter_rt_sigaction
sys_enter_rt_sigaction
sys_enter_rt_sigaction
sys_enter_rt_sigaction
sys_enter_rt_sigaction
sys_enter_rt_sigaction
sys_enter_rt_sigprocmask
sys_enter_clone
sys_enter_rt_sigprocmask
sys_enter_gettid
sys_enter_sigaltstack
sys_enter_sigaltstack
sys_enter_gettid
sys_enter_rt_sigprocmask
sys_enter_rt_sigprocmask
sys_enter_clone
sys_enter_rt_sigprocmask
sys_enter_gettid
sys_enter_sigaltstack
sys_enter_sigaltstack
sys_enter_gettid
sys_enter_rt_sigprocmask
sys_enter_rt_sigprocmask
sys_enter_clone
sys_enter_rt_sigprocmask
sys_enter_rt_sigprocmask
sys_enter_futex
sys_enter_gettid
sys_enter_clone
sys_enter_sigaltstack
sys_enter_sigaltstack
sys_enter_gettid
sys_enter_rt_sigprocmask
sys_enter_futex
sys_enter_futex
sys_enter_rt_sigprocmask
sys_enter_futex
sys_enter_gettid
sys_enter_sigaltstack
sys_enter_sigaltstack
sys_enter_gettid
sys_enter_rt_sigprocmask
sys_enter_futex
sys_enter_futex
sys_enter_mmap
sys_enter_futex
sys_enter_futex
sys_enter_futex
sys_enter_openat
sys_enter_read
sys_enter_read
sys_enter_close
sys_enter_socket
sys_enter_close
sys_enter_socket
sys_enter_setsockopt
sys_enter_bind
sys_enter_socket
sys_enter_setsockopt
sys_enter_bind
sys_enter_close
sys_enter_close
sys_enter_getpid
sys_enter_getppid
sys_enter_mmap
sys_enter_mmap
sys_enter_getppid
sys_enter_openat
sys_enter_pipe2
sys_enter_getpid
sys_enter_clone
sys_enter_setsid
sys_enter_close
sys_enter_read
sys_enter_chdir
sys_enter_execve
sys_enter_close
sys_enter_exit_group
sys_enter_mmap
sys_enter_mmap
sys_enter_mprotect
sys_enter_mmap
sys_enter_mmap
sys_enter_mprotect
sys_enter_mmap
sys_enter_mprotect
sys_enter_mmap
sys_enter_mprotect
sys_enter_mmap
sys_enter_mmap
sys_enter_close
sys_enter_munmap
sys_enter_sched_getaffinity
sys_enter_mmap
sys_enter_munmap
sys_enter_mmap
sys_enter_mmap
sys_enter_mmap
sys_enter_mmap
sys_enter_mmap
sys_enter_mmap
sys_enter_rt_sigprocmask
sys_enter_sigaltstack
sys_enter_sigaltstack
sys_enter_gettid
sys_enter_rt_sigprocmask
sys_enter_rt_sigaction
sys_enter_rt_sigaction
sys_enter_rt_sigaction
sys_enter_rt_sigaction
sys_enter_rt_sigaction
sys_enter_rt_sigaction
sys_enter_rt_sigaction
sys_enter_rt_sigaction
sys_enter_rt_sigaction
sys_enter_rt_sigaction
sys_enter_rt_sigaction
sys_enter_rt_sigaction
sys_enter_rt_sigaction
sys_enter_rt_sigaction
sys_enter_rt_sigaction
sys_enter_rt_sigaction
sys_enter_rt_sigaction
sys_enter_rt_sigaction
sys_enter_rt_sigaction
sys_enter_rt_sigaction
sys_enter_rt_sigaction
sys_enter_rt_sigaction
sys_enter_rt_sigaction
sys_enter_rt_sigaction
sys_enter_rt_sigaction
sys_enter_rt_sigaction
sys_enter_rt_sigaction
sys_enter_rt_sigaction
sys_enter_rt_sigaction
sys_enter_rt_sigaction
sys_enter_rt_sigaction
sys_enter_rt_sigaction
sys_enter_rt_sigaction
sys_enter_rt_sigaction
sys_enter_rt_sigaction
sys_enter_rt_sigaction
sys_enter_rt_sigaction
sys_enter_rt_sigaction
sys_enter_rt_sigaction
sys_enter_rt_sigaction
sys_enter_rt_sigaction
sys_enter_rt_sigaction
sys_enter_rt_sigaction
sys_enter_rt_sigaction
sys_enter_rt_sigaction
sys_enter_rt_sigaction
sys_enter_rt_sigaction
sys_enter_rt_sigaction
sys_enter_rt_sigaction
sys_enter_rt_sigaction
sys_enter_rt_sigaction
sys_enter_rt_sigaction
sys_enter_rt_sigaction
sys_enter_rt_sigaction
sys_enter_rt_sigaction
sys_enter_rt_sigaction
sys_enter_rt_sigaction
sys_enter_rt_sigaction
sys_enter_rt_sigaction
sys_enter_rt_sigaction
sys_enter_rt_sigaction
sys_enter_rt_sigaction
sys_enter_rt_sigaction
sys_enter_rt_sigaction
sys_enter_rt_sigaction
sys_enter_rt_sigaction
sys_enter_rt_sigaction
sys_enter_rt_sigaction
sys_enter_rt_sigaction
sys_enter_rt_sigaction
sys_enter_rt_sigaction
sys_enter_rt_sigaction
sys_enter_rt_sigaction
sys_enter_rt_sigaction
sys_enter_rt_sigaction
sys_enter_rt_sigaction
sys_enter_rt_sigaction
sys_enter_rt_sigaction
sys_enter_rt_sigaction
sys_enter_rt_sigaction
sys_enter_rt_sigaction
sys_enter_rt_sigaction
sys_enter_rt_sigaction
sys_enter_rt_sigaction
sys_enter_rt_sigaction
sys_enter_rt_sigaction
sys_enter_rt_sigaction
sys_enter_rt_sigaction
sys_enter_rt_sigaction
sys_enter_rt_sigaction
sys_enter_rt_sigaction
sys_enter_rt_sigaction
sys_enter_rt_sigaction
sys_enter_rt_sigaction
sys_enter_rt_sigaction
sys_enter_rt_sigaction
sys_enter_rt_sigaction
sys_enter_rt_sigaction
sys_enter_rt_sigaction
sys_enter_rt_sigaction
sys_enter_rt_sigaction
sys_enter_rt_sigaction
sys_enter_rt_sigaction
sys_enter_rt_sigaction
sys_enter_rt_sigaction
sys_enter_rt_sigaction
sys_enter_rt_sigaction
sys_enter_rt_sigaction
sys_enter_rt_sigaction
sys_enter_rt_sigaction
sys_enter_rt_sigaction
sys_enter_rt_sigaction
sys_enter_rt_sigaction
sys_enter_rt_sigaction
sys_enter_rt_sigprocmask
sys_enter_clone
sys_enter_rt_sigprocmask
sys_enter_gettid
sys_enter_sigaltstack
sys_enter_sigaltstack
sys_enter_gettid
sys_enter_rt_sigprocmask
sys_enter_rt_sigprocmask
sys_enter_clone
sys_enter_rt_sigprocmask
sys_enter_gettid
sys_enter_sigaltstack
sys_enter_sigaltstack
sys_enter_gettid
sys_enter_rt_sigprocmask
sys_enter_rt_sigprocmask
sys_enter_clone
sys_enter_rt_sigprocmask
sys_enter_clone
sys_enter_rt_sigprocmask
sys_enter_futex
sys_enter_rt_sigprocmask
sys_enter_futex
sys_enter_gettid
sys_enter_sigaltstack
sys_enter_gettid
sys_enter_sigaltstack
sys_enter_sigaltstack
sys_enter_gettid
sys_enter_rt_sigprocmask
sys_enter_futex
sys_enter_futex
sys_enter_sigaltstack
sys_enter_gettid
sys_enter_rt_sigprocmask
sys_enter_futex
sys_enter_futex
sys_enter_mmap
sys_enter_futex
sys_enter_futex
sys_enter_futex
sys_enter_openat
sys_enter_futex
sys_enter_futex
sys_enter_read
sys_enter_read
sys_enter_close
sys_enter_socket
sys_enter_close
sys_enter_socket
sys_enter_setsockopt
sys_enter_bind
sys_enter_socket
sys_enter_setsockopt
sys_enter_bind
sys_enter_close
sys_enter_close
sys_enter_mmap
sys_enter_getpid
sys_enter_getppid
sys_enter_mmap
sys_enter_mmap
sys_enter_getppid
sys_enter_openat
sys_enter_mmap
sys_enter_pipe2
sys_enter_getpid
sys_enter_clone
sys_enter_setsid
sys_enter_close
sys_enter_read
sys_enter_chdir
sys_enter_execve
sys_enter_close
sys_enter_exit_group
sys_enter_mmap
sys_enter_mmap
sys_enter_mprotect
sys_enter_mmap
sys_enter_mmap
sys_enter_mprotect
sys_enter_mmap
sys_enter_mprotect
sys_enter_mmap
sys_enter_mprotect
sys_enter_mmap
sys_enter_mmap
sys_enter_close
sys_enter_munmap
sys_enter_sched_getaffinity
sys_enter_mmap
sys_enter_munmap
sys_enter_mmap
sys_enter_mmap
sys_enter_mmap
sys_enter_mmap
sys_enter_mmap
sys_enter_mmap
sys_enter_rt_sigprocmask
sys_enter_sigaltstack
sys_enter_sigaltstack
sys_enter_gettid
sys_enter_rt_sigprocmask
sys_enter_rt_sigaction
sys_enter_rt_sigaction
sys_enter_rt_sigaction
sys_enter_rt_sigaction
sys_enter_rt_sigaction
sys_enter_rt_sigaction
sys_enter_rt_sigaction
sys_enter_rt_sigaction
sys_enter_rt_sigaction
sys_enter_rt_sigaction
sys_enter_rt_sigaction
sys_enter_rt_sigaction
sys_enter_rt_sigaction
sys_enter_rt_sigaction
sys_enter_rt_sigaction
sys_enter_rt_sigaction
sys_enter_rt_sigaction
sys_enter_rt_sigaction
sys_enter_rt_sigaction
sys_enter_rt_sigaction
sys_enter_rt_sigaction
sys_enter_rt_sigaction
sys_enter_rt_sigaction
sys_enter_rt_sigaction
sys_enter_rt_sigaction
sys_enter_rt_sigaction
sys_enter_rt_sigaction
sys_enter_rt_sigaction
sys_enter_rt_sigaction
sys_enter_rt_sigaction
sys_enter_rt_sigaction
sys_enter_rt_sigaction
sys_enter_rt_sigaction
sys_enter_rt_sigaction
sys_enter_rt_sigaction
sys_enter_rt_sigaction
sys_enter_rt_sigaction
sys_enter_rt_sigaction
sys_enter_rt_sigaction
sys_enter_rt_sigaction
sys_enter_rt_sigaction
sys_enter_rt_sigaction
sys_enter_rt_sigaction
sys_enter_rt_sigaction
sys_enter_rt_sigaction
sys_enter_rt_sigaction
sys_enter_rt_sigaction
sys_enter_rt_sigaction
sys_enter_rt_sigaction
sys_enter_rt_sigaction
sys_enter_rt_sigaction
sys_enter_rt_sigaction
sys_enter_rt_sigaction
sys_enter_rt_sigaction
sys_enter_rt_sigaction
sys_enter_rt_sigaction
sys_enter_rt_sigaction
sys_enter_rt_sigaction
sys_enter_rt_sigaction
sys_enter_rt_sigaction
sys_enter_rt_sigaction
sys_enter_rt_sigaction
sys_enter_rt_sigaction
sys_enter_rt_sigaction
sys_enter_rt_sigaction
sys_enter_rt_sigaction
sys_enter_rt_sigaction
sys_enter_rt_sigaction
sys_enter_rt_sigaction
sys_enter_rt_sigaction
sys_enter_rt_sigaction
sys_enter_rt_sigaction
sys_enter_rt_sigaction
sys_enter_rt_sigaction
sys_enter_rt_sigaction
sys_enter_rt_sigaction
sys_enter_rt_sigaction
sys_enter_rt_sigaction
sys_enter_rt_sigaction
sys_enter_rt_sigaction
sys_enter_rt_sigaction
sys_enter_rt_sigaction
sys_enter_rt_sigaction
sys_enter_rt_sigaction
sys_enter_rt_sigaction
sys_enter_rt_sigaction
sys_enter_rt_sigaction
sys_enter_rt_sigaction
sys_enter_rt_sigaction
sys_enter_rt_sigaction
sys_enter_rt_sigaction
sys_enter_rt_sigaction
sys_enter_rt_sigaction
sys_enter_rt_sigaction
sys_enter_rt_sigaction
sys_enter_rt_sigaction
sys_enter_rt_sigaction
sys_enter_rt_sigaction
sys_enter_rt_sigaction
sys_enter_rt_sigaction
sys_enter_rt_sigaction
sys_enter_rt_sigaction
sys_enter_rt_sigaction
sys_enter_rt_sigaction
sys_enter_rt_sigaction
sys_enter_rt_sigaction
sys_enter_rt_sigaction
sys_enter_rt_sigaction
sys_enter_rt_sigaction
sys_enter_rt_sigaction
sys_enter_rt_sigaction
sys_enter_rt_sigaction
sys_enter_rt_sigaction
sys_enter_rt_sigaction
sys_enter_rt_sigprocmask
sys_enter_clone
sys_enter_rt_sigprocmask
sys_enter_gettid
sys_enter_sigaltstack
sys_enter_sigaltstack
sys_enter_gettid
sys_enter_rt_sigprocmask
sys_enter_rt_sigprocmask
sys_enter_clone
sys_enter_rt_sigprocmask
sys_enter_gettid
sys_enter_sigaltstack
sys_enter_sigaltstack
sys_enter_gettid
sys_enter_rt_sigprocmask
sys_enter_rt_sigprocmask
sys_enter_clone
sys_enter_rt_sigprocmask
sys_enter_futex
sys_enter_rt_sigprocmask
sys_enter_clone
sys_enter_gettid
sys_enter_sigaltstack
sys_enter_sigaltstack
sys_enter_gettid
sys_enter_rt_sigprocmask
sys_enter_rt_sigprocmask
sys_enter_futex
sys_enter_gettid
sys_enter_sigaltstack
sys_enter_sigaltstack
sys_enter_gettid
sys_enter_rt_sigprocmask
sys_enter_futex
sys_enter_futex
sys_enter_futex
sys_enter_futex
sys_enter_mmap
sys_enter_futex
sys_enter_futex
sys_enter_futex
sys_enter_openat
sys_enter_read
sys_enter_read
sys_enter_close
sys_enter_socket
sys_enter_close
sys_enter_socket
sys_enter_setsockopt
sys_enter_bind
sys_enter_socket
sys_enter_setsockopt
sys_enter_bind
sys_enter_close
sys_enter_close
sys_enter_getpid
sys_enter_getppid
sys_enter_mmap
sys_enter_mmap
sys_enter_getppid
sys_enter_openat
sys_enter_pipe2
sys_enter_getpid
sys_enter_clone
sys_enter_setsid
sys_enter_close
sys_enter_read
sys_enter_chdir
sys_enter_execve
sys_enter_close
sys_enter_exit_group
sys_enter_mmap
sys_enter_mmap
sys_enter_mprotect
sys_enter_mmap
sys_enter_mmap
sys_enter_mprotect
sys_enter_mmap
sys_enter_mprotect
sys_enter_mmap
sys_enter_mprotect
sys_enter_mmap
sys_enter_mmap
sys_enter_close
sys_enter_munmap
sys_enter_sched_getaffinity
sys_enter_mmap
sys_enter_munmap
sys_enter_mmap
sys_enter_mmap
sys_enter_mmap
sys_enter_mmap
sys_enter_mmap
sys_enter_mmap
sys_enter_rt_sigprocmask
sys_enter_sigaltstack
sys_enter_sigaltstack
sys_enter_gettid
sys_enter_rt_sigprocmask
sys_enter_rt_sigaction
sys_enter_rt_sigaction
sys_enter_rt_sigaction
sys_enter_rt_sigaction
sys_enter_rt_sigaction
sys_enter_rt_sigaction
sys_enter_rt_sigaction
sys_enter_rt_sigaction
sys_enter_rt_sigaction
sys_enter_rt_sigaction
sys_enter_rt_sigaction
sys_enter_rt_sigaction
sys_enter_rt_sigaction
sys_enter_rt_sigaction
sys_enter_rt_sigaction
sys_enter_rt_sigaction
sys_enter_rt_sigaction
sys_enter_rt_sigaction
sys_enter_rt_sigaction
sys_enter_rt_sigaction
sys_enter_rt_sigaction
sys_enter_rt_sigaction
sys_enter_rt_sigaction
sys_enter_rt_sigaction
sys_enter_rt_sigaction
sys_enter_rt_sigaction
sys_enter_rt_sigaction
sys_enter_rt_sigaction
sys_enter_rt_sigaction
sys_enter_rt_sigaction
sys_enter_rt_sigaction
sys_enter_rt_sigaction
sys_enter_rt_sigaction
sys_enter_rt_sigaction
sys_enter_rt_sigaction
sys_enter_rt_sigaction
sys_enter_rt_sigaction
sys_enter_rt_sigaction
sys_enter_rt_sigaction
sys_enter_rt_sigaction
sys_enter_rt_sigaction
sys_enter_rt_sigaction
sys_enter_rt_sigaction
sys_enter_rt_sigaction
sys_enter_rt_sigaction
sys_enter_rt_sigaction
sys_enter_rt_sigaction
sys_enter_rt_sigaction
sys_enter_rt_sigaction
sys_enter_rt_sigaction
sys_enter_rt_sigaction
sys_enter_rt_sigaction
sys_enter_rt_sigaction
sys_enter_rt_sigaction
sys_enter_rt_sigaction
sys_enter_rt_sigaction
sys_enter_rt_sigaction
sys_enter_rt_sigaction
sys_enter_rt_sigaction
sys_enter_rt_sigaction
sys_enter_rt_sigaction
sys_enter_rt_sigaction
sys_enter_rt_sigaction
sys_enter_rt_sigaction
sys_enter_rt_sigaction
sys_enter_rt_sigaction
sys_enter_rt_sigaction
sys_enter_rt_sigaction
sys_enter_rt_sigaction
sys_enter_rt_sigaction
sys_enter_rt_sigaction
sys_enter_rt_sigaction
sys_enter_rt_sigaction
sys_enter_rt_sigaction
sys_enter_rt_sigaction
sys_enter_rt_sigaction
sys_enter_rt_sigaction
sys_enter_rt_sigaction
sys_enter_rt_sigaction
sys_enter_rt_sigaction
sys_enter_rt_sigaction
sys_enter_rt_sigaction
sys_enter_rt_sigaction
sys_enter_rt_sigaction
sys_enter_rt_sigaction
sys_enter_rt_sigaction
sys_enter_rt_sigaction
sys_enter_rt_sigaction
sys_enter_rt_sigaction
sys_enter_rt_sigaction
sys_enter_rt_sigaction
sys_enter_rt_sigaction
sys_enter_rt_sigaction
sys_enter_rt_sigaction
sys_enter_rt_sigaction
sys_enter_rt_sigaction
sys_enter_rt_sigaction
sys_enter_rt_sigaction
sys_enter_rt_sigaction
sys_enter_rt_sigaction
sys_enter_rt_sigaction
sys_enter_rt_sigaction
sys_enter_rt_sigaction
sys_enter_rt_sigaction
sys_enter_rt_sigaction
sys_enter_rt_sigaction
sys_enter_rt_sigaction
sys_enter_rt_sigaction
sys_enter_rt_sigaction
sys_enter_rt_sigaction
sys_enter_rt_sigaction
sys_enter_rt_sigaction
sys_enter_rt_sigaction
sys_enter_rt_sigaction
sys_enter_rt_sigprocmask
sys_enter_clone
sys_enter_rt_sigprocmask
sys_enter_gettid
sys_enter_sigaltstack
sys_enter_sigaltstack
sys_enter_gettid
sys_enter_rt_sigprocmask
sys_enter_rt_sigprocmask
sys_enter_clone
sys_enter_rt_sigprocmask
sys_enter_gettid
sys_enter_sigaltstack
sys_enter_sigaltstack
sys_enter_gettid
sys_enter_rt_sigprocmask
sys_enter_rt_sigprocmask
sys_enter_clone
sys_enter_rt_sigprocmask
sys_enter_futex
sys_enter_rt_sigprocmask
sys_enter_clone
sys_enter_gettid
sys_enter_rt_sigprocmask
sys_enter_sigaltstack
sys_enter_sigaltstack
sys_enter_gettid
sys_enter_rt_sigprocmask
sys_enter_futex
sys_enter_futex
sys_enter_gettid
sys_enter_sigaltstack
sys_enter_sigaltstack
sys_enter_gettid
sys_enter_rt_sigprocmask
sys_enter_futex
sys_enter_futex
sys_enter_futex
sys_enter_mmap
sys_enter_futex
sys_enter_futex
sys_enter_futex
sys_enter_openat
sys_enter_read
sys_enter_read
sys_enter_close
sys_enter_socket
sys_enter_close
sys_enter_socket
sys_enter_setsockopt
sys_enter_bind
sys_enter_socket
sys_enter_setsockopt
sys_enter_bind
sys_enter_close
sys_enter_close
sys_enter_getpid
sys_enter_getppid
sys_enter_mmap
sys_enter_mmap
sys_enter_getppid
sys_enter_openat
sys_enter_pipe2
sys_enter_getpid
sys_enter_clone
sys_enter_setsid
sys_enter_close
sys_enter_read
sys_enter_chdir
sys_enter_execve
sys_enter_close
sys_enter_exit_group
sys_enter_mmap
sys_enter_mmap
sys_enter_mprotect
sys_enter_mmap
sys_enter_mmap
sys_enter_mprotect
sys_enter_mmap
sys_enter_mprotect
sys_enter_mmap
sys_enter_mprotect
sys_enter_mmap
sys_enter_mmap
sys_enter_close
sys_enter_munmap
sys_enter_sched_getaffinity
sys_enter_mmap
sys_enter_munmap
sys_enter_mmap
sys_enter_mmap
sys_enter_mmap
sys_enter_mmap
sys_enter_mmap
sys_enter_mmap
sys_enter_rt_sigprocmask
sys_enter_sigaltstack
sys_enter_sigaltstack
sys_enter_gettid
sys_enter_rt_sigprocmask
sys_enter_rt_sigaction
sys_enter_rt_sigaction
sys_enter_rt_sigaction
sys_enter_rt_sigaction
sys_enter_rt_sigaction
sys_enter_rt_sigaction
sys_enter_rt_sigaction
sys_enter_rt_sigaction
sys_enter_rt_sigaction
sys_enter_rt_sigaction
sys_enter_rt_sigaction
sys_enter_rt_sigaction
sys_enter_rt_sigaction
sys_enter_rt_sigaction
sys_enter_rt_sigaction
sys_enter_rt_sigaction
sys_enter_rt_sigaction
sys_enter_rt_sigaction
sys_enter_rt_sigaction
sys_enter_rt_sigaction
sys_enter_rt_sigaction
sys_enter_rt_sigaction
sys_enter_rt_sigaction
sys_enter_rt_sigaction
sys_enter_rt_sigaction
sys_enter_rt_sigaction
sys_enter_rt_sigaction
sys_enter_rt_sigaction
sys_enter_rt_sigaction
sys_enter_rt_sigaction
sys_enter_rt_sigaction
sys_enter_rt_sigaction
sys_enter_rt_sigaction
sys_enter_rt_sigaction
sys_enter_rt_sigaction
sys_enter_rt_sigaction
sys_enter_rt_sigaction
sys_enter_rt_sigaction
sys_enter_rt_sigaction
sys_enter_rt_sigaction
sys_enter_rt_sigaction
sys_enter_rt_sigaction
sys_enter_rt_sigaction
sys_enter_rt_sigaction
sys_enter_rt_sigaction
sys_enter_rt_sigaction
sys_enter_rt_sigaction
sys_enter_rt_sigaction
sys_enter_rt_sigaction
sys_enter_rt_sigaction
sys_enter_rt_sigaction
sys_enter_rt_sigaction
sys_enter_rt_sigaction
sys_enter_rt_sigaction
sys_enter_rt_sigaction
sys_enter_rt_sigaction
sys_enter_rt_sigaction
sys_enter_rt_sigaction
sys_enter_rt_sigaction
sys_enter_rt_sigaction
sys_enter_rt_sigaction
sys_enter_rt_sigaction
sys_enter_rt_sigaction
sys_enter_rt_sigaction
sys_enter_rt_sigaction
sys_enter_rt_sigaction
sys_enter_rt_sigaction
sys_enter_rt_sigaction
sys_enter_rt_sigaction
sys_enter_rt_sigaction
sys_enter_rt_sigaction
sys_enter_rt_sigaction
sys_enter_rt_sigaction
sys_enter_rt_sigaction
sys_enter_rt_sigaction
sys_enter_rt_sigaction
sys_enter_rt_sigaction
sys_enter_rt_sigaction
sys_enter_rt_sigaction
sys_enter_rt_sigaction
sys_enter_rt_sigaction
sys_enter_rt_sigaction
sys_enter_rt_sigaction
sys_enter_rt_sigaction
sys_enter_rt_sigaction
sys_enter_rt_sigaction
sys_enter_rt_sigaction
sys_enter_rt_sigaction
sys_enter_rt_sigaction
sys_enter_rt_sigaction
sys_enter_rt_sigaction
sys_enter_rt_sigaction
sys_enter_rt_sigaction
sys_enter_rt_sigaction
sys_enter_rt_sigaction
sys_enter_rt_sigaction
sys_enter_rt_sigaction
sys_enter_rt_sigaction
sys_enter_rt_sigaction
sys_enter_rt_sigaction
sys_enter_rt_sigaction
sys_enter_rt_sigaction
sys_enter_rt_sigaction
sys_enter_rt_sigaction
sys_enter_rt_sigaction
sys_enter_rt_sigaction
sys_enter_rt_sigaction
sys_enter_rt_sigaction
sys_enter_rt_sigaction
sys_enter_rt_sigaction
sys_enter_rt_sigaction
sys_enter_rt_sigaction
sys_enter_rt_sigaction
sys_enter_rt_sigaction
sys_enter_rt_sigprocmask
sys_enter_clone
sys_enter_rt_sigprocmask
sys_enter_gettid
sys_enter_sigaltstack
sys_enter_sigaltstack
sys_enter_gettid
sys_enter_rt_sigprocmask
sys_enter_rt_sigprocmask
sys_enter_clone
sys_enter_rt_sigprocmask
sys_enter_gettid
sys_enter_sigaltstack
sys_enter_sigaltstack
sys_enter_gettid
sys_enter_rt_sigprocmask
sys_enter_clone
sys_enter_rt_sigprocmask
sys_enter_rt_sigprocmask
sys_enter_futex
sys_enter_rt_sigprocmask
sys_enter_clone
sys_enter_gettid
sys_enter_sigaltstack
sys_enter_sigaltstack
sys_enter_gettid
sys_enter_rt_sigprocmask
sys_enter_rt_sigprocmask
sys_enter_futex
sys_enter_gettid
sys_enter_futex
sys_enter_sigaltstack
sys_enter_sigaltstack
sys_enter_gettid
sys_enter_rt_sigprocmask
sys_enter_futex
sys_enter_futex
sys_enter_futex
sys_enter_mmap
sys_enter_futex
sys_enter_futex
sys_enter_futex
sys_enter_openat
sys_enter_read
sys_enter_read
sys_enter_close
sys_enter_socket
sys_enter_close
sys_enter_socket
sys_enter_setsockopt
sys_enter_bind
sys_enter_socket
sys_enter_setsockopt
sys_enter_bind
sys_enter_close
sys_enter_close
sys_enter_getpid
sys_enter_getppid
sys_enter_mmap
sys_enter_mmap
sys_enter_getppid
sys_enter_openat
sys_enter_pipe2
sys_enter_getpid
sys_enter_clone
sys_enter_setsid
sys_enter_close
sys_enter_read
sys_enter_chdir
sys_enter_execve
sys_enter_close
sys_enter_exit_group
sys_enter_mmap
sys_enter_mmap
sys_enter_mprotect
sys_enter_mmap
sys_enter_mmap
sys_enter_mprotect
sys_enter_mmap
sys_enter_mprotect
sys_enter_mmap
sys_enter_mprotect
sys_enter_mmap
sys_enter_mmap
sys_enter_close
sys_enter_munmap
sys_enter_sched_getaffinity
sys_enter_mmap
sys_enter_munmap
sys_enter_mmap
sys_enter_mmap
sys_enter_mmap
sys_enter_mmap
sys_enter_mmap
sys_enter_mmap
sys_enter_rt_sigprocmask
sys_enter_sigaltstack
sys_enter_sigaltstack
sys_enter_gettid
sys_enter_rt_sigprocmask
sys_enter_rt_sigaction
sys_enter_rt_sigaction
sys_enter_rt_sigaction
sys_enter_rt_sigaction
sys_enter_rt_sigaction
sys_enter_rt_sigaction
sys_enter_rt_sigaction
sys_enter_rt_sigaction
sys_enter_rt_sigaction
sys_enter_rt_sigaction
sys_enter_rt_sigaction
sys_enter_rt_sigaction
sys_enter_rt_sigaction
sys_enter_rt_sigaction
sys_enter_rt_sigaction
sys_enter_rt_sigaction
sys_enter_rt_sigaction
sys_enter_rt_sigaction
sys_enter_rt_sigaction
sys_enter_rt_sigaction
sys_enter_rt_sigaction
sys_enter_rt_sigaction
sys_enter_rt_sigaction
sys_enter_rt_sigaction
sys_enter_rt_sigaction
sys_enter_rt_sigaction
sys_enter_rt_sigaction
sys_enter_rt_sigaction
sys_enter_rt_sigaction
sys_enter_rt_sigaction
sys_enter_rt_sigaction
sys_enter_rt_sigaction
sys_enter_rt_sigaction
sys_enter_rt_sigaction
sys_enter_rt_sigaction
sys_enter_rt_sigaction
sys_enter_rt_sigaction
sys_enter_rt_sigaction
sys_enter_rt_sigaction
sys_enter_rt_sigaction
sys_enter_rt_sigaction
sys_enter_rt_sigaction
sys_enter_rt_sigaction
sys_enter_rt_sigaction
sys_enter_rt_sigaction
sys_enter_rt_sigaction
sys_enter_rt_sigaction
sys_enter_rt_sigaction
sys_enter_rt_sigaction
sys_enter_rt_sigaction
sys_enter_rt_sigaction
sys_enter_rt_sigaction
sys_enter_rt_sigaction
sys_enter_rt_sigaction
sys_enter_rt_sigaction
sys_enter_rt_sigaction
sys_enter_rt_sigaction
sys_enter_rt_sigaction
sys_enter_rt_sigaction
sys_enter_rt_sigaction
sys_enter_rt_sigaction
sys_enter_rt_sigaction
sys_enter_rt_sigaction
sys_enter_rt_sigaction
sys_enter_rt_sigaction
sys_enter_rt_sigaction
sys_enter_rt_sigaction
sys_enter_rt_sigaction
sys_enter_rt_sigaction
sys_enter_rt_sigaction
sys_enter_rt_sigaction
sys_enter_rt_sigaction
sys_enter_rt_sigaction
sys_enter_rt_sigaction
sys_enter_rt_sigaction
sys_enter_rt_sigaction
sys_enter_rt_sigaction
sys_enter_rt_sigaction
sys_enter_rt_sigaction
sys_enter_rt_sigaction
sys_enter_rt_sigaction
sys_enter_rt_sigaction
sys_enter_rt_sigaction
sys_enter_rt_sigaction
sys_enter_rt_sigaction
sys_enter_rt_sigaction
sys_enter_rt_sigaction
sys_enter_rt_sigaction
sys_enter_rt_sigaction
sys_enter_rt_sigaction
sys_enter_rt_sigaction
sys_enter_rt_sigaction
sys_enter_rt_sigaction
sys_enter_rt_sigaction
sys_enter_rt_sigaction
sys_enter_rt_sigaction
sys_enter_rt_sigaction
sys_enter_rt_sigaction
sys_enter_rt_sigaction
sys_enter_rt_sigaction
sys_enter_rt_sigaction
sys_enter_rt_sigaction
sys_enter_rt_sigaction
sys_enter_rt_sigaction
sys_enter_rt_sigaction
sys_enter_rt_sigaction
sys_enter_rt_sigaction
sys_enter_rt_sigaction
sys_enter_rt_sigaction
sys_enter_rt_sigaction
sys_enter_rt_sigaction
sys_enter_rt_sigaction
sys_enter_rt_sigaction
sys_enter_rt_sigaction
sys_enter_rt_sigprocmask
sys_enter_clone
sys_enter_rt_sigprocmask
sys_enter_gettid
sys_enter_sigaltstack
sys_enter_sigaltstack
sys_enter_gettid
sys_enter_rt_sigprocmask
sys_enter_rt_sigprocmask
sys_enter_clone
sys_enter_rt_sigprocmask
sys_enter_gettid
sys_enter_sigaltstack
sys_enter_sigaltstack
sys_enter_gettid
sys_enter_rt_sigprocmask
sys_enter_rt_sigprocmask
sys_enter_clone
sys_enter_rt_sigprocmask
sys_enter_sched_yield
sys_enter_futex
sys_enter_futex
sys_enter_futex
sys_enter_gettid
sys_enter_sigaltstack
sys_enter_sigaltstack
sys_enter_gettid
sys_enter_rt_sigprocmask
sys_enter_futex
sys_enter_futex
sys_enter_futex
sys_enter_rt_sigprocmask
sys_enter_clone
sys_enter_rt_sigprocmask
sys_enter_gettid
sys_enter_sigaltstack
sys_enter_sigaltstack
sys_enter_gettid
sys_enter_futex
sys_enter_rt_sigprocmask
sys_enter_futex
sys_enter_futex
sys_enter_mmap
sys_enter_futex
sys_enter_futex
sys_enter_futex
sys_enter_openat
sys_enter_read
sys_enter_read
sys_enter_close
sys_enter_socket
sys_enter_close
sys_enter_socket
sys_enter_setsockopt
sys_enter_bind
sys_enter_socket
sys_enter_setsockopt
sys_enter_bind
sys_enter_close
sys_enter_close
sys_enter_getpid
sys_enter_getppid
sys_enter_mmap
sys_enter_mmap
sys_enter_getppid
sys_enter_openat
sys_enter_pipe2
sys_enter_getpid
sys_enter_clone
sys_enter_setsid
sys_enter_close
sys_enter_read
sys_enter_chdir
sys_enter_execve
sys_enter_close
sys_enter_exit_group
sys_enter_mmap
sys_enter_mmap
sys_enter_mprotect
sys_enter_mmap
sys_enter_mmap
sys_enter_mprotect
sys_enter_mmap
sys_enter_mprotect
sys_enter_mmap
sys_enter_mprotect
sys_enter_mmap
sys_enter_mmap
sys_enter_close
sys_enter_munmap
sys_enter_sched_getaffinity
sys_enter_mmap
sys_enter_munmap
sys_enter_mmap
sys_enter_mmap
sys_enter_mmap
sys_enter_mmap
sys_enter_mmap
sys_enter_mmap
sys_enter_rt_sigprocmask
sys_enter_sigaltstack
sys_enter_sigaltstack
sys_enter_gettid
sys_enter_rt_sigprocmask
sys_enter_rt_sigaction
sys_enter_rt_sigaction
sys_enter_rt_sigaction
sys_enter_rt_sigaction
sys_enter_rt_sigaction
sys_enter_rt_sigaction
sys_enter_rt_sigaction
sys_enter_rt_sigaction
sys_enter_rt_sigaction
sys_enter_rt_sigaction
sys_enter_rt_sigaction
sys_enter_rt_sigaction
sys_enter_rt_sigaction
sys_enter_rt_sigaction
sys_enter_rt_sigaction
sys_enter_rt_sigaction
sys_enter_rt_sigaction
sys_enter_rt_sigaction
sys_enter_rt_sigaction
sys_enter_rt_sigaction
sys_enter_rt_sigaction
sys_enter_rt_sigaction
sys_enter_rt_sigaction
sys_enter_rt_sigaction
sys_enter_rt_sigaction
sys_enter_rt_sigaction
sys_enter_rt_sigaction
sys_enter_rt_sigaction
sys_enter_rt_sigaction
sys_enter_rt_sigaction
sys_enter_rt_sigaction
sys_enter_rt_sigaction
sys_enter_rt_sigaction
sys_enter_rt_sigaction
sys_enter_rt_sigaction
sys_enter_rt_sigaction
sys_enter_rt_sigaction
sys_enter_rt_sigaction
sys_enter_rt_sigaction
sys_enter_rt_sigaction
sys_enter_rt_sigaction
sys_enter_rt_sigaction
sys_enter_rt_sigaction
sys_enter_rt_sigaction
sys_enter_rt_sigaction
sys_enter_rt_sigaction
sys_enter_rt_sigaction
sys_enter_rt_sigaction
sys_enter_rt_sigaction
sys_enter_rt_sigaction
sys_enter_rt_sigaction
sys_enter_rt_sigaction
sys_enter_rt_sigaction
sys_enter_rt_sigaction
sys_enter_rt_sigaction
sys_enter_rt_sigaction
sys_enter_rt_sigaction
sys_enter_rt_sigaction
sys_enter_rt_sigaction
sys_enter_rt_sigaction
sys_enter_rt_sigaction
sys_enter_rt_sigaction
sys_enter_rt_sigaction
sys_enter_rt_sigaction
sys_enter_rt_sigaction
sys_enter_rt_sigaction
sys_enter_rt_sigaction
sys_enter_rt_sigaction
sys_enter_rt_sigaction
sys_enter_rt_sigaction
sys_enter_rt_sigaction
sys_enter_rt_sigaction
sys_enter_rt_sigaction
sys_enter_rt_sigaction
sys_enter_rt_sigaction
sys_enter_rt_sigaction
sys_enter_rt_sigaction
sys_enter_rt_sigaction
sys_enter_rt_sigaction
sys_enter_rt_sigaction
sys_enter_rt_sigaction
sys_enter_rt_sigaction
sys_enter_rt_sigaction
sys_enter_rt_sigaction
sys_enter_rt_sigaction
sys_enter_rt_sigaction
sys_enter_rt_sigaction
sys_enter_rt_sigaction
sys_enter_rt_sigaction
sys_enter_rt_sigaction
sys_enter_rt_sigaction
sys_enter_rt_sigaction
sys_enter_rt_sigaction
sys_enter_rt_sigaction
sys_enter_rt_sigaction
sys_enter_rt_sigaction
sys_enter_rt_sigaction
sys_enter_rt_sigaction
sys_enter_rt_sigaction
sys_enter_rt_sigaction
sys_enter_rt_sigaction
sys_enter_rt_sigaction
sys_enter_rt_sigaction
sys_enter_rt_sigaction
sys_enter_rt_sigaction
sys_enter_rt_sigaction
sys_enter_rt_sigaction
sys_enter_rt_sigaction
sys_enter_rt_sigaction
sys_enter_rt_sigaction
sys_enter_rt_sigaction
sys_enter_rt_sigaction
sys_enter_rt_sigaction
sys_enter_rt_sigaction
sys_enter_rt_sigprocmask
sys_enter_clone
sys_enter_rt_sigprocmask
sys_enter_gettid
sys_enter_sigaltstack
sys_enter_sigaltstack
sys_enter_gettid
sys_enter_rt_sigprocmask
sys_enter_rt_sigprocmask
sys_enter_clone
sys_enter_rt_sigprocmask
sys_enter_gettid
sys_enter_sigaltstack
sys_enter_sigaltstack
sys_enter_gettid
sys_enter_rt_sigprocmask
sys_enter_clone
sys_enter_rt_sigprocmask
sys_enter_rt_sigprocmask
sys_enter_sched_yield
sys_enter_gettid
sys_enter_sigaltstack
sys_enter_sigaltstack
sys_enter_futex
sys_enter_futex
sys_enter_gettid
sys_enter_rt_sigprocmask
sys_enter_clone
sys_enter_rt_sigprocmask
sys_enter_futex
sys_enter_futex
sys_enter_rt_sigprocmask
sys_enter_gettid
sys_enter_futex
sys_enter_sigaltstack
sys_enter_sigaltstack
sys_enter_gettid
sys_enter_rt_sigprocmask
sys_enter_futex
sys_enter_futex
sys_enter_mmap
sys_enter_futex
sys_enter_futex
sys_enter_futex
sys_enter_openat
sys_enter_read
sys_enter_read
sys_enter_close
sys_enter_socket
sys_enter_close
sys_enter_socket
sys_enter_setsockopt
sys_enter_bind
sys_enter_socket
sys_enter_setsockopt
sys_enter_bind
sys_enter_close
sys_enter_close
sys_enter_getpid
sys_enter_getppid
sys_enter_mmap
sys_enter_mmap
sys_enter_getppid
sys_enter_openat
sys_enter_pipe2
sys_enter_getpid
sys_enter_clone
sys_enter_setsid
sys_enter_close
sys_enter_read
sys_enter_chdir
sys_enter_execve
sys_enter_close
sys_enter_exit_group
sys_enter_mmap
sys_enter_mmap
sys_enter_mprotect
sys_enter_mmap
sys_enter_mmap
sys_enter_mprotect
sys_enter_mmap
sys_enter_mprotect
sys_enter_mmap
sys_enter_mprotect
sys_enter_mmap
sys_enter_mmap
sys_enter_close
sys_enter_munmap
sys_enter_sched_getaffinity
sys_enter_mmap
sys_enter_munmap
sys_enter_mmap
sys_enter_mmap
sys_enter_mmap
sys_enter_mmap
sys_enter_mmap
sys_enter_mmap
sys_enter_rt_sigprocmask
sys_enter_sigaltstack
sys_enter_sigaltstack
sys_enter_gettid
sys_enter_rt_sigprocmask
sys_enter_rt_sigaction
sys_enter_rt_sigaction
sys_enter_rt_sigaction
sys_enter_rt_sigaction
sys_enter_rt_sigaction
sys_enter_rt_sigaction
sys_enter_rt_sigaction
sys_enter_rt_sigaction
sys_enter_rt_sigaction
sys_enter_rt_sigaction
sys_enter_rt_sigaction
sys_enter_rt_sigaction
sys_enter_rt_sigaction
sys_enter_rt_sigaction
sys_enter_rt_sigaction
sys_enter_rt_sigaction
sys_enter_rt_sigaction
sys_enter_rt_sigaction
sys_enter_rt_sigaction
sys_enter_rt_sigaction
sys_enter_rt_sigaction
sys_enter_rt_sigaction
sys_enter_rt_sigaction
sys_enter_rt_sigaction
sys_enter_rt_sigaction
sys_enter_rt_sigaction
sys_enter_rt_sigaction
sys_enter_rt_sigaction
sys_enter_rt_sigaction
sys_enter_rt_sigaction
sys_enter_rt_sigaction
sys_enter_rt_sigaction
sys_enter_rt_sigaction
sys_enter_rt_sigaction
sys_enter_rt_sigaction
sys_enter_rt_sigaction
sys_enter_rt_sigaction
sys_enter_rt_sigaction
sys_enter_rt_sigaction
sys_enter_rt_sigaction
sys_enter_rt_sigaction
sys_enter_rt_sigaction
sys_enter_rt_sigaction
sys_enter_rt_sigaction
sys_enter_rt_sigaction
sys_enter_rt_sigaction
sys_enter_rt_sigaction
sys_enter_rt_sigaction
sys_enter_rt_sigaction
sys_enter_rt_sigaction
sys_enter_rt_sigaction
sys_enter_rt_sigaction
sys_enter_rt_sigaction
sys_enter_rt_sigaction
sys_enter_rt_sigaction
sys_enter_rt_sigaction
sys_enter_rt_sigaction
sys_enter_rt_sigaction
sys_enter_rt_sigaction
sys_enter_rt_sigaction
sys_enter_rt_sigaction
sys_enter_rt_sigaction
sys_enter_rt_sigaction
sys_enter_rt_sigaction
sys_enter_rt_sigaction
sys_enter_rt_sigaction
sys_enter_rt_sigaction
sys_enter_rt_sigaction
sys_enter_rt_sigaction
sys_enter_rt_sigaction
sys_enter_rt_sigaction
sys_enter_rt_sigaction
sys_enter_rt_sigaction
sys_enter_rt_sigaction
sys_enter_rt_sigaction
sys_enter_rt_sigaction
sys_enter_rt_sigaction
sys_enter_rt_sigaction
sys_enter_rt_sigaction
sys_enter_rt_sigaction
sys_enter_rt_sigaction
sys_enter_rt_sigaction
sys_enter_rt_sigaction
sys_enter_rt_sigaction
sys_enter_rt_sigaction
sys_enter_rt_sigaction
sys_enter_rt_sigaction
sys_enter_rt_sigaction
sys_enter_rt_sigaction
sys_enter_rt_sigaction
sys_enter_rt_sigaction
sys_enter_rt_sigaction
sys_enter_rt_sigaction
sys_enter_rt_sigaction
sys_enter_rt_sigaction
sys_enter_rt_sigaction
sys_enter_rt_sigaction
sys_enter_rt_sigaction
sys_enter_rt_sigaction
sys_enter_rt_sigaction
sys_enter_rt_sigaction
sys_enter_rt_sigaction
sys_enter_rt_sigaction
sys_enter_rt_sigaction
sys_enter_rt_sigaction
sys_enter_rt_sigaction
sys_enter_rt_sigaction
sys_enter_rt_sigaction
sys_enter_rt_sigaction
sys_enter_rt_sigaction
sys_enter_rt_sigaction
sys_enter_rt_sigaction
sys_enter_rt_sigaction
sys_enter_rt_sigaction
sys_enter_rt_sigprocmask
sys_enter_clone
sys_enter_rt_sigprocmask
sys_enter_gettid
sys_enter_sigaltstack
sys_enter_sigaltstack
sys_enter_gettid
sys_enter_rt_sigprocmask
sys_enter_rt_sigprocmask
sys_enter_clone
sys_enter_rt_sigprocmask
sys_enter_gettid
sys_enter_sigaltstack
sys_enter_sigaltstack
sys_enter_rt_sigprocmask
sys_enter_clone
sys_enter_gettid
sys_enter_rt_sigprocmask
sys_enter_rt_sigprocmask
sys_enter_futex
sys_enter_gettid
sys_enter_rt_sigprocmask
sys_enter_clone
sys_enter_sigaltstack
sys_enter_sigaltstack
sys_enter_gettid
sys_enter_rt_sigprocmask
sys_enter_futex
sys_enter_futex
sys_enter_rt_sigprocmask
sys_enter_futex
sys_enter_gettid
sys_enter_sigaltstack
sys_enter_sigaltstack
sys_enter_gettid
sys_enter_rt_sigprocmask
sys_enter_futex
sys_enter_futex
sys_enter_mmap
sys_enter_futex
sys_enter_futex
sys_enter_futex
sys_enter_openat
sys_enter_read
sys_enter_read
sys_enter_close
sys_enter_socket
sys_enter_close
sys_enter_socket
sys_enter_setsockopt
sys_enter_bind
sys_enter_socket
sys_enter_setsockopt
sys_enter_bind
sys_enter_close
sys_enter_close
sys_enter_getpid
sys_enter_getppid
sys_enter_mmap
sys_enter_mmap
sys_enter_getppid
sys_enter_openat
sys_enter_pipe2
sys_enter_getpid
sys_enter_clone
sys_enter_setsid
sys_enter_close
sys_enter_read
sys_enter_chdir
sys_enter_execve
sys_enter_close
sys_enter_mmap
sys_enter_exit_group
sys_enter_mmap
sys_enter_mprotect
sys_enter_mmap
sys_enter_mmap
sys_enter_mprotect
sys_enter_mmap
sys_enter_mprotect
sys_enter_mmap
sys_enter_mprotect
sys_enter_mmap
sys_enter_mmap
sys_enter_close
sys_enter_munmap
sys_enter_sched_getaffinity
sys_enter_mmap
sys_enter_munmap
sys_enter_mmap
sys_enter_mmap
sys_enter_mmap
sys_enter_mmap
sys_enter_mmap
sys_enter_mmap
sys_enter_rt_sigprocmask
sys_enter_sigaltstack
sys_enter_sigaltstack
sys_enter_gettid
sys_enter_rt_sigprocmask
sys_enter_rt_sigaction
sys_enter_rt_sigaction
sys_enter_rt_sigaction
sys_enter_rt_sigaction
sys_enter_rt_sigaction
sys_enter_rt_sigaction
sys_enter_rt_sigaction
sys_enter_rt_sigaction
sys_enter_rt_sigaction
sys_enter_rt_sigaction
sys_enter_rt_sigaction
sys_enter_rt_sigaction
sys_enter_rt_sigaction
sys_enter_rt_sigaction
sys_enter_rt_sigaction
sys_enter_rt_sigaction
sys_enter_rt_sigaction
sys_enter_rt_sigaction
sys_enter_rt_sigaction
sys_enter_rt_sigaction
sys_enter_rt_sigaction
sys_enter_rt_sigaction
sys_enter_rt_sigaction
sys_enter_rt_sigaction
sys_enter_rt_sigaction
sys_enter_rt_sigaction
sys_enter_rt_sigaction
sys_enter_rt_sigaction
sys_enter_rt_sigaction
sys_enter_rt_sigaction
sys_enter_rt_sigaction
sys_enter_rt_sigaction
sys_enter_rt_sigaction
sys_enter_rt_sigaction
sys_enter_rt_sigaction
sys_enter_rt_sigaction
sys_enter_rt_sigaction
sys_enter_rt_sigaction
sys_enter_rt_sigaction
sys_enter_rt_sigaction
sys_enter_rt_sigaction
sys_enter_rt_sigaction
sys_enter_rt_sigaction
sys_enter_rt_sigaction
sys_enter_rt_sigaction
sys_enter_rt_sigaction
sys_enter_rt_sigaction
sys_enter_rt_sigaction
sys_enter_rt_sigaction
sys_enter_rt_sigaction
sys_enter_rt_sigaction
sys_enter_rt_sigaction
sys_enter_rt_sigaction
sys_enter_rt_sigaction
sys_enter_rt_sigaction
sys_enter_rt_sigaction
sys_enter_rt_sigaction
sys_enter_rt_sigaction
sys_enter_rt_sigaction
sys_enter_rt_sigaction
sys_enter_rt_sigaction
sys_enter_rt_sigaction
sys_enter_rt_sigaction
sys_enter_rt_sigaction
sys_enter_rt_sigaction
sys_enter_rt_sigaction
sys_enter_rt_sigaction
sys_enter_rt_sigaction
sys_enter_rt_sigaction
sys_enter_rt_sigaction
sys_enter_rt_sigaction
sys_enter_rt_sigaction
sys_enter_rt_sigaction
sys_enter_rt_sigaction
sys_enter_rt_sigaction
sys_enter_rt_sigaction
sys_enter_rt_sigaction
sys_enter_rt_sigaction
sys_enter_rt_sigaction
sys_enter_rt_sigaction
sys_enter_rt_sigaction
sys_enter_rt_sigaction
sys_enter_rt_sigaction
sys_enter_rt_sigaction
sys_enter_rt_sigaction
sys_enter_rt_sigaction
sys_enter_rt_sigaction
sys_enter_rt_sigaction
sys_enter_rt_sigaction
sys_enter_rt_sigaction
sys_enter_rt_sigaction
sys_enter_rt_sigaction
sys_enter_rt_sigaction
sys_enter_rt_sigaction
sys_enter_rt_sigaction
sys_enter_rt_sigaction
sys_enter_rt_sigaction
sys_enter_rt_sigaction
sys_enter_rt_sigaction
sys_enter_rt_sigaction
sys_enter_rt_sigaction
sys_enter_rt_sigaction
sys_enter_rt_sigaction
sys_enter_rt_sigaction
sys_enter_rt_sigaction
sys_enter_rt_sigaction
sys_enter_rt_sigaction
sys_enter_rt_sigaction
sys_enter_rt_sigaction
sys_enter_rt_sigaction
sys_enter_rt_sigaction
sys_enter_rt_sigaction
sys_enter_rt_sigaction
sys_enter_rt_sigaction
sys_enter_rt_sigprocmask
sys_enter_clone
sys_enter_rt_sigprocmask
sys_enter_gettid
sys_enter_sigaltstack
sys_enter_sigaltstack
sys_enter_gettid
sys_enter_rt_sigprocmask
sys_enter_rt_sigprocmask
sys_enter_clone
sys_enter_rt_sigprocmask
sys_enter_gettid
sys_enter_sigaltstack
sys_enter_sigaltstack
sys_enter_gettid
sys_enter_rt_sigprocmask
sys_enter_rt_sigprocmask
sys_enter_clone
sys_enter_rt_sigprocmask
sys_enter_clone
sys_enter_rt_sigprocmask
sys_enter_futex
sys_enter_gettid
sys_enter_sigaltstack
sys_enter_sigaltstack
sys_enter_gettid
sys_enter_rt_sigprocmask
sys_enter_futex
sys_enter_rt_sigprocmask
sys_enter_gettid
sys_enter_futex
sys_enter_futex
sys_enter_sigaltstack
sys_enter_sigaltstack
sys_enter_gettid
sys_enter_rt_sigprocmask
sys_enter_futex
sys_enter_futex
sys_enter_mmap
sys_enter_futex
sys_enter_futex
sys_enter_futex
sys_enter_openat
sys_enter_read
sys_enter_read
sys_enter_close
sys_enter_socket
sys_enter_close
sys_enter_socket
sys_enter_setsockopt
sys_enter_bind
sys_enter_socket
sys_enter_setsockopt
sys_enter_bind
sys_enter_close
sys_enter_close
sys_enter_getpid
sys_enter_getppid
sys_enter_mmap
sys_enter_mmap
sys_enter_getppid
sys_enter_openat
sys_enter_pipe2
sys_enter_getpid
sys_enter_clone
sys_enter_setsid
sys_enter_close
sys_enter_read
sys_enter_chdir
sys_enter_execve
sys_enter_close
sys_enter_exit_group
sys_enter_mmap
sys_enter_mmap
sys_enter_mprotect
sys_enter_mmap
sys_enter_mmap
sys_enter_mprotect
sys_enter_mmap
sys_enter_mprotect
sys_enter_mmap
sys_enter_mprotect
sys_enter_mmap
sys_enter_mmap
sys_enter_close
sys_enter_munmap
sys_enter_sched_getaffinity
sys_enter_mmap
sys_enter_munmap
sys_enter_mmap
sys_enter_mmap
sys_enter_mmap
sys_enter_mmap
sys_enter_mmap
sys_enter_mmap
sys_enter_rt_sigprocmask
sys_enter_sigaltstack
sys_enter_sigaltstack
sys_enter_gettid
sys_enter_rt_sigprocmask
sys_enter_rt_sigaction
sys_enter_rt_sigaction
sys_enter_rt_sigaction
sys_enter_rt_sigaction
sys_enter_rt_sigaction
sys_enter_rt_sigaction
sys_enter_rt_sigaction
sys_enter_rt_sigaction
sys_enter_rt_sigaction
sys_enter_rt_sigaction
sys_enter_rt_sigaction
sys_enter_rt_sigaction
sys_enter_rt_sigaction
sys_enter_rt_sigaction
sys_enter_rt_sigaction
sys_enter_rt_sigaction
sys_enter_rt_sigaction
sys_enter_rt_sigaction
sys_enter_rt_sigaction
sys_enter_rt_sigaction
sys_enter_rt_sigaction
sys_enter_rt_sigaction
sys_enter_rt_sigaction
sys_enter_rt_sigaction
sys_enter_rt_sigaction
sys_enter_rt_sigaction
sys_enter_rt_sigaction
sys_enter_rt_sigaction
sys_enter_rt_sigaction
sys_enter_rt_sigaction
sys_enter_rt_sigaction
sys_enter_rt_sigaction
sys_enter_rt_sigaction
sys_enter_rt_sigaction
sys_enter_rt_sigaction
sys_enter_rt_sigaction
sys_enter_rt_sigaction
sys_enter_rt_sigaction
sys_enter_rt_sigaction
sys_enter_rt_sigaction
sys_enter_rt_sigaction
sys_enter_rt_sigaction
sys_enter_rt_sigaction
sys_enter_rt_sigaction
sys_enter_rt_sigaction
sys_enter_rt_sigaction
sys_enter_rt_sigaction
sys_enter_rt_sigaction
sys_enter_rt_sigaction
sys_enter_rt_sigaction
sys_enter_rt_sigaction
sys_enter_rt_sigaction
sys_enter_rt_sigaction
sys_enter_rt_sigaction
sys_enter_rt_sigaction
sys_enter_rt_sigaction
sys_enter_rt_sigaction
sys_enter_rt_sigaction
sys_enter_rt_sigaction
sys_enter_rt_sigaction
sys_enter_rt_sigaction
sys_enter_rt_sigaction
sys_enter_rt_sigaction
sys_enter_rt_sigaction
sys_enter_rt_sigaction
sys_enter_rt_sigaction
sys_enter_rt_sigaction
sys_enter_rt_sigaction
sys_enter_rt_sigaction
sys_enter_rt_sigaction
sys_enter_rt_sigaction
sys_enter_rt_sigaction
sys_enter_rt_sigaction
sys_enter_rt_sigaction
sys_enter_rt_sigaction
sys_enter_rt_sigaction
sys_enter_rt_sigaction
sys_enter_rt_sigaction
sys_enter_rt_sigaction
sys_enter_rt_sigaction
sys_enter_rt_sigaction
sys_enter_rt_sigaction
sys_enter_rt_sigaction
sys_enter_rt_sigaction
sys_enter_rt_sigaction
sys_enter_rt_sigaction
sys_enter_rt_sigaction
sys_enter_rt_sigaction
sys_enter_rt_sigaction
sys_enter_rt_sigaction
sys_enter_rt_sigaction
sys_enter_rt_sigaction
sys_enter_rt_sigaction
sys_enter_rt_sigaction
sys_enter_rt_sigaction
sys_enter_rt_sigaction
sys_enter_rt_sigaction
sys_enter_rt_sigaction
sys_enter_rt_sigaction
sys_enter_rt_sigaction
sys_enter_rt_sigaction
sys_enter_rt_sigaction
sys_enter_rt_sigaction
sys_enter_rt_sigaction
sys_enter_rt_sigaction
sys_enter_rt_sigaction
sys_enter_rt_sigaction
sys_enter_rt_sigaction
sys_enter_rt_sigaction
sys_enter_rt_sigaction
sys_enter_rt_sigaction
sys_enter_rt_sigaction
sys_enter_rt_sigaction
sys_enter_rt_sigaction
sys_enter_rt_sigprocmask
sys_enter_clone
sys_enter_rt_sigprocmask
sys_enter_gettid
sys_enter_sigaltstack
sys_enter_sigaltstack
sys_enter_gettid
sys_enter_rt_sigprocmask
sys_enter_rt_sigprocmask
sys_enter_clone
sys_enter_rt_sigprocmask
sys_enter_gettid
sys_enter_sigaltstack
sys_enter_sigaltstack
sys_enter_gettid
sys_enter_rt_sigprocmask
sys_enter_clone
sys_enter_rt_sigprocmask
sys_enter_rt_sigprocmask
sys_enter_sched_yield
sys_enter_futex
sys_enter_gettid
sys_enter_sigaltstack
sys_enter_futex
sys_enter_futex
sys_enter_sigaltstack
sys_enter_futex
sys_enter_gettid
sys_enter_rt_sigprocmask
sys_enter_futex
sys_enter_rt_sigprocmask
sys_enter_clone
sys_enter_futex
sys_enter_rt_sigprocmask
sys_enter_futex
sys_enter_gettid
sys_enter_sigaltstack
sys_enter_sigaltstack
sys_enter_gettid
sys_enter_rt_sigprocmask
sys_enter_futex
sys_enter_futex
sys_enter_mmap
sys_enter_futex
sys_enter_futex
sys_enter_futex
sys_enter_openat
sys_enter_read
sys_enter_read
sys_enter_close
sys_enter_socket
sys_enter_close
sys_enter_socket
sys_enter_setsockopt
sys_enter_bind
sys_enter_socket
sys_enter_setsockopt
sys_enter_bind
sys_enter_close
sys_enter_close
sys_enter_getpid
sys_enter_getppid
sys_enter_mmap
sys_enter_mmap
sys_enter_getppid
sys_enter_openat
sys_enter_pipe2
sys_enter_getpid
sys_enter_clone
sys_enter_setsid
sys_enter_close
sys_enter_read
sys_enter_chdir
sys_enter_execve
sys_enter_close
sys_enter_mmap
sys_enter_exit_group
sys_enter_mmap
sys_enter_mprotect
sys_enter_mmap
sys_enter_mmap
sys_enter_mprotect
sys_enter_mmap
sys_enter_mprotect
sys_enter_mmap
sys_enter_mprotect
sys_enter_mmap
sys_enter_mmap
sys_enter_close
sys_enter_munmap
sys_enter_sched_getaffinity
sys_enter_mmap
sys_enter_munmap
sys_enter_mmap
sys_enter_mmap
sys_enter_mmap
sys_enter_mmap
sys_enter_mmap
sys_enter_mmap
sys_enter_rt_sigprocmask
sys_enter_sigaltstack
sys_enter_sigaltstack
sys_enter_gettid
sys_enter_rt_sigprocmask
sys_enter_rt_sigaction
sys_enter_rt_sigaction
sys_enter_rt_sigaction
sys_enter_rt_sigaction
sys_enter_rt_sigaction
sys_enter_rt_sigaction
sys_enter_rt_sigaction
sys_enter_rt_sigaction
sys_enter_rt_sigaction
sys_enter_rt_sigaction
sys_enter_rt_sigaction
sys_enter_rt_sigaction
sys_enter_rt_sigaction
sys_enter_rt_sigaction
sys_enter_rt_sigaction
sys_enter_rt_sigaction
sys_enter_rt_sigaction
sys_enter_rt_sigaction
sys_enter_rt_sigaction
sys_enter_rt_sigaction
sys_enter_rt_sigaction
sys_enter_rt_sigaction
sys_enter_rt_sigaction
sys_enter_rt_sigaction
sys_enter_rt_sigaction
sys_enter_rt_sigaction
sys_enter_rt_sigaction
sys_enter_rt_sigaction
sys_enter_rt_sigaction
sys_enter_rt_sigaction
sys_enter_rt_sigaction
sys_enter_rt_sigaction
sys_enter_rt_sigaction
sys_enter_rt_sigaction
sys_enter_rt_sigaction
sys_enter_rt_sigaction
sys_enter_rt_sigaction
sys_enter_rt_sigaction
sys_enter_rt_sigaction
sys_enter_rt_sigaction
sys_enter_rt_sigaction
sys_enter_rt_sigaction
sys_enter_rt_sigaction
sys_enter_rt_sigaction
sys_enter_rt_sigaction
sys_enter_rt_sigaction
sys_enter_rt_sigaction
sys_enter_rt_sigaction
sys_enter_rt_sigaction
sys_enter_rt_sigaction
sys_enter_rt_sigaction
sys_enter_rt_sigaction
sys_enter_rt_sigaction
sys_enter_rt_sigaction
sys_enter_rt_sigaction
sys_enter_rt_sigaction
sys_enter_rt_sigaction
sys_enter_rt_sigaction
sys_enter_rt_sigaction
sys_enter_rt_sigaction
sys_enter_rt_sigaction
sys_enter_rt_sigaction
sys_enter_rt_sigaction
sys_enter_rt_sigaction
sys_enter_rt_sigaction
sys_enter_rt_sigaction
sys_enter_rt_sigaction
sys_enter_rt_sigaction
sys_enter_rt_sigaction
sys_enter_rt_sigaction
sys_enter_rt_sigaction
sys_enter_rt_sigaction
sys_enter_rt_sigaction
sys_enter_rt_sigaction
sys_enter_rt_sigaction
sys_enter_rt_sigaction
sys_enter_rt_sigaction
sys_enter_rt_sigaction
sys_enter_rt_sigaction
sys_enter_rt_sigaction
sys_enter_rt_sigaction
sys_enter_rt_sigaction
sys_enter_rt_sigaction
sys_enter_rt_sigaction
sys_enter_rt_sigaction
sys_enter_rt_sigaction
sys_enter_rt_sigaction
sys_enter_rt_sigaction
sys_enter_rt_sigaction
sys_enter_rt_sigaction
sys_enter_rt_sigaction
sys_enter_rt_sigaction
sys_enter_rt_sigaction
sys_enter_rt_sigaction
sys_enter_rt_sigaction
sys_enter_rt_sigaction
sys_enter_rt_sigaction
sys_enter_rt_sigaction
sys_enter_rt_sigaction
sys_enter_rt_sigaction
sys_enter_rt_sigaction
sys_enter_rt_sigaction
sys_enter_rt_sigaction
sys_enter_rt_sigaction
sys_enter_rt_sigaction
sys_enter_rt_sigaction
sys_enter_rt_sigaction
sys_enter_rt_sigaction
sys_enter_rt_sigaction
sys_enter_rt_sigaction
sys_enter_rt_sigaction
sys_enter_rt_sigaction
sys_enter_rt_sigaction
sys_enter_rt_sigaction
sys_enter_rt_sigprocmask
sys_enter_clone
sys_enter_rt_sigprocmask
sys_enter_gettid
sys_enter_sigaltstack
sys_enter_sigaltstack
sys_enter_gettid
sys_enter_rt_sigprocmask
sys_enter_rt_sigprocmask
sys_enter_clone
sys_enter_rt_sigprocmask
sys_enter_gettid
sys_enter_sigaltstack
sys_enter_sigaltstack
sys_enter_gettid
sys_enter_rt_sigprocmask
sys_enter_clone
sys_enter_rt_sigprocmask
sys_enter_rt_sigprocmask
sys_enter_futex
sys_enter_rt_sigprocmask
sys_enter_clone
sys_enter_gettid
sys_enter_sigaltstack
sys_enter_sigaltstack
sys_enter_gettid
sys_enter_rt_sigprocmask
sys_enter_futex
sys_enter_rt_sigprocmask
sys_enter_futex
sys_enter_futex
sys_enter_gettid
sys_enter_mmap
sys_enter_openat
sys_enter_read
sys_enter_read
sys_enter_close
sys_enter_socket
sys_enter_close
sys_enter_socket
sys_enter_setsockopt
sys_enter_bind
sys_enter_socket
sys_enter_setsockopt
sys_enter_bind
sys_enter_close
sys_enter_close
sys_enter_sigaltstack
sys_enter_sigaltstack
sys_enter_gettid
sys_enter_rt_sigprocmask
sys_enter_futex
sys_enter_futex
sys_enter_futex
sys_enter_getpid
sys_enter_getppid
sys_enter_mmap
sys_enter_mmap
sys_enter_getppid
sys_enter_openat
sys_enter_pipe2
sys_enter_getpid
sys_enter_clone
sys_enter_setsid
sys_enter_close
sys_enter_read
sys_enter_chdir
sys_enter_execve
sys_enter_close
sys_enter_exit_group
sys_enter_mmap
sys_enter_mmap
sys_enter_mprotect
sys_enter_mmap
sys_enter_mmap
sys_enter_mprotect
sys_enter_mmap
sys_enter_mprotect
sys_enter_mmap
sys_enter_mprotect
sys_enter_mmap
sys_enter_mmap
sys_enter_close
sys_enter_munmap
sys_enter_sched_getaffinity
sys_enter_mmap
sys_enter_munmap
sys_enter_mmap
sys_enter_mmap
sys_enter_mmap
sys_enter_mmap
sys_enter_mmap
sys_enter_mmap
sys_enter_rt_sigprocmask
sys_enter_sigaltstack
sys_enter_sigaltstack
sys_enter_gettid
sys_enter_rt_sigprocmask
sys_enter_rt_sigaction
sys_enter_rt_sigaction
sys_enter_rt_sigaction
sys_enter_rt_sigaction
sys_enter_rt_sigaction
sys_enter_rt_sigaction
sys_enter_rt_sigaction
sys_enter_rt_sigaction
sys_enter_rt_sigaction
sys_enter_rt_sigaction
sys_enter_rt_sigaction
sys_enter_rt_sigaction
sys_enter_rt_sigaction
sys_enter_rt_sigaction
sys_enter_rt_sigaction
sys_enter_rt_sigaction
sys_enter_rt_sigaction
sys_enter_rt_sigaction
sys_enter_rt_sigaction
sys_enter_rt_sigaction
sys_enter_rt_sigaction
sys_enter_rt_sigaction
sys_enter_rt_sigaction
sys_enter_rt_sigaction
sys_enter_rt_sigaction
sys_enter_rt_sigaction
sys_enter_rt_sigaction
sys_enter_rt_sigaction
sys_enter_rt_sigaction
sys_enter_rt_sigaction
sys_enter_rt_sigaction
sys_enter_rt_sigaction
sys_enter_rt_sigaction
sys_enter_rt_sigaction
sys_enter_rt_sigaction
sys_enter_rt_sigaction
sys_enter_rt_sigaction
sys_enter_rt_sigaction
sys_enter_rt_sigaction
sys_enter_rt_sigaction
sys_enter_rt_sigaction
sys_enter_rt_sigaction
sys_enter_rt_sigaction
sys_enter_rt_sigaction
sys_enter_rt_sigaction
sys_enter_rt_sigaction
sys_enter_rt_sigaction
sys_enter_rt_sigaction
sys_enter_rt_sigaction
sys_enter_rt_sigaction
sys_enter_rt_sigaction
sys_enter_rt_sigaction
sys_enter_rt_sigaction
sys_enter_rt_sigaction
sys_enter_rt_sigaction
sys_enter_rt_sigaction
sys_enter_rt_sigaction
sys_enter_rt_sigaction
sys_enter_rt_sigaction
sys_enter_rt_sigaction
sys_enter_rt_sigaction
sys_enter_rt_sigaction
sys_enter_rt_sigaction
sys_enter_rt_sigaction
sys_enter_rt_sigaction
sys_enter_rt_sigaction
sys_enter_rt_sigaction
sys_enter_rt_sigaction
sys_enter_rt_sigaction
sys_enter_rt_sigaction
sys_enter_rt_sigaction
sys_enter_rt_sigaction
sys_enter_rt_sigaction
sys_enter_rt_sigaction
sys_enter_rt_sigaction
sys_enter_rt_sigaction
sys_enter_rt_sigaction
sys_enter_rt_sigaction
sys_enter_rt_sigaction
sys_enter_rt_sigaction
sys_enter_rt_sigaction
sys_enter_rt_sigaction
sys_enter_rt_sigaction
sys_enter_rt_sigaction
sys_enter_rt_sigaction
sys_enter_rt_sigaction
sys_enter_rt_sigaction
sys_enter_rt_sigaction
sys_enter_rt_sigaction
sys_enter_rt_sigaction
sys_enter_rt_sigaction
sys_enter_rt_sigaction
sys_enter_rt_sigaction
sys_enter_rt_sigaction
sys_enter_rt_sigaction
sys_enter_rt_sigaction
sys_enter_rt_sigaction
sys_enter_rt_sigaction
sys_enter_rt_sigaction
sys_enter_rt_sigaction
sys_enter_rt_sigaction
sys_enter_rt_sigaction
sys_enter_rt_sigaction
sys_enter_rt_sigaction
sys_enter_rt_sigaction
sys_enter_rt_sigaction
sys_enter_rt_sigaction
sys_enter_rt_sigaction
sys_enter_rt_sigaction
sys_enter_rt_sigaction
sys_enter_rt_sigaction
sys_enter_rt_sigaction
sys_enter_rt_sigaction
sys_enter_rt_sigaction
sys_enter_rt_sigprocmask
sys_enter_clone
sys_enter_rt_sigprocmask
sys_enter_gettid
sys_enter_sigaltstack
sys_enter_sigaltstack
sys_enter_gettid
sys_enter_rt_sigprocmask
sys_enter_rt_sigprocmask
sys_enter_clone
sys_enter_rt_sigprocmask
sys_enter_gettid
sys_enter_sigaltstack
sys_enter_sigaltstack
sys_enter_gettid
sys_enter_rt_sigprocmask
sys_enter_rt_sigprocmask
sys_enter_clone
sys_enter_rt_sigprocmask
sys_enter_clone
sys_enter_rt_sigprocmask
sys_enter_rt_sigprocmask
sys_enter_futex
sys_enter_gettid
sys_enter_sigaltstack
sys_enter_sigaltstack
sys_enter_gettid
sys_enter_rt_sigprocmask
sys_enter_gettid
sys_enter_futex
sys_enter_sigaltstack
sys_enter_sigaltstack
sys_enter_gettid
sys_enter_futex
sys_enter_rt_sigprocmask
sys_enter_futex
sys_enter_futex
sys_enter_futex
sys_enter_mmap
sys_enter_futex
sys_enter_futex
sys_enter_futex
sys_enter_openat
sys_enter_read
sys_enter_read
sys_enter_close
sys_enter_socket
sys_enter_close
sys_enter_socket
sys_enter_setsockopt
sys_enter_bind
sys_enter_socket
sys_enter_setsockopt
sys_enter_bind
sys_enter_close
sys_enter_close
sys_enter_getpid
sys_enter_getppid
sys_enter_mmap
sys_enter_mmap
sys_enter_getppid
sys_enter_openat
sys_enter_pipe2
sys_enter_getpid
sys_enter_clone
sys_enter_setsid
sys_enter_close
sys_enter_read
sys_enter_chdir
sys_enter_execve
sys_enter_close
sys_enter_exit_group
sys_enter_mmap
sys_enter_mmap
sys_enter_mprotect
sys_enter_mmap
sys_enter_mmap
sys_enter_mprotect
sys_enter_mmap
sys_enter_mprotect
sys_enter_mmap
sys_enter_mprotect
sys_enter_mmap
sys_enter_mmap
sys_enter_close
sys_enter_munmap
sys_enter_sched_getaffinity
sys_enter_mmap
sys_enter_munmap
sys_enter_mmap
sys_enter_mmap
sys_enter_mmap
sys_enter_mmap
sys_enter_mmap
sys_enter_mmap
sys_enter_rt_sigprocmask
sys_enter_sigaltstack
sys_enter_sigaltstack
sys_enter_gettid
sys_enter_rt_sigprocmask
sys_enter_rt_sigaction
sys_enter_rt_sigaction
sys_enter_rt_sigaction
sys_enter_rt_sigaction
sys_enter_rt_sigaction
sys_enter_rt_sigaction
sys_enter_rt_sigaction
sys_enter_rt_sigaction
sys_enter_rt_sigaction
sys_enter_rt_sigaction
sys_enter_rt_sigaction
sys_enter_rt_sigaction
sys_enter_rt_sigaction
sys_enter_rt_sigaction
sys_enter_rt_sigaction
sys_enter_rt_sigaction
sys_enter_rt_sigaction
sys_enter_rt_sigaction
sys_enter_rt_sigaction
sys_enter_rt_sigaction
sys_enter_rt_sigaction
sys_enter_rt_sigaction
sys_enter_rt_sigaction
sys_enter_rt_sigaction
sys_enter_rt_sigaction
sys_enter_rt_sigaction
sys_enter_rt_sigaction
sys_enter_rt_sigaction
sys_enter_rt_sigaction
sys_enter_rt_sigaction
sys_enter_rt_sigaction
sys_enter_rt_sigaction
sys_enter_rt_sigaction
sys_enter_rt_sigaction
sys_enter_rt_sigaction
sys_enter_rt_sigaction
sys_enter_rt_sigaction
sys_enter_rt_sigaction
sys_enter_rt_sigaction
sys_enter_rt_sigaction
sys_enter_rt_sigaction
sys_enter_rt_sigaction
sys_enter_rt_sigaction
sys_enter_rt_sigaction
sys_enter_rt_sigaction
sys_enter_rt_sigaction
sys_enter_rt_sigaction
sys_enter_rt_sigaction
sys_enter_rt_sigaction
sys_enter_rt_sigaction
sys_enter_rt_sigaction
sys_enter_rt_sigaction
sys_enter_rt_sigaction
sys_enter_rt_sigaction
sys_enter_rt_sigaction
sys_enter_rt_sigaction
sys_enter_rt_sigaction
sys_enter_rt_sigaction
sys_enter_rt_sigaction
sys_enter_rt_sigaction
sys_enter_rt_sigaction
sys_enter_rt_sigaction
sys_enter_rt_sigaction
sys_enter_rt_sigaction
sys_enter_rt_sigaction
sys_enter_rt_sigaction
sys_enter_rt_sigaction
sys_enter_rt_sigaction
sys_enter_rt_sigaction
sys_enter_rt_sigaction
sys_enter_rt_sigaction
sys_enter_rt_sigaction
sys_enter_rt_sigaction
sys_enter_rt_sigaction
sys_enter_rt_sigaction
sys_enter_rt_sigaction
sys_enter_rt_sigaction
sys_enter_rt_sigaction
sys_enter_rt_sigaction
sys_enter_rt_sigaction
sys_enter_rt_sigaction
sys_enter_rt_sigaction
sys_enter_rt_sigaction
sys_enter_rt_sigaction
sys_enter_rt_sigaction
sys_enter_rt_sigaction
sys_enter_rt_sigaction
sys_enter_rt_sigaction
sys_enter_rt_sigaction
sys_enter_rt_sigaction
sys_enter_rt_sigaction
sys_enter_rt_sigaction
sys_enter_rt_sigaction
sys_enter_rt_sigaction
sys_enter_rt_sigaction
sys_enter_rt_sigaction
sys_enter_rt_sigaction
sys_enter_rt_sigaction
sys_enter_rt_sigaction
sys_enter_rt_sigaction
sys_enter_rt_sigaction
sys_enter_rt_sigaction
sys_enter_rt_sigaction
sys_enter_rt_sigaction
sys_enter_rt_sigaction
sys_enter_rt_sigaction
sys_enter_rt_sigaction
sys_enter_rt_sigaction
sys_enter_rt_sigaction
sys_enter_rt_sigaction
sys_enter_rt_sigaction
sys_enter_rt_sigaction
sys_enter_rt_sigaction
sys_enter_rt_sigaction
sys_enter_rt_sigprocmask
sys_enter_clone
sys_enter_rt_sigprocmask
sys_enter_gettid
sys_enter_sigaltstack
sys_enter_sigaltstack
sys_enter_gettid
sys_enter_rt_sigprocmask
sys_enter_rt_sigprocmask
sys_enter_clone
sys_enter_rt_sigprocmask
sys_enter_gettid
sys_enter_sigaltstack
sys_enter_sigaltstack
sys_enter_gettid
sys_enter_rt_sigprocmask
sys_enter_rt_sigprocmask
sys_enter_clone
sys_enter_rt_sigprocmask
sys_enter_futex
sys_enter_rt_sigprocmask
sys_enter_clone
sys_enter_rt_sigprocmask
sys_enter_futex
sys_enter_gettid
sys_enter_sigaltstack
sys_enter_sigaltstack
sys_enter_gettid
sys_enter_rt_sigprocmask
sys_enter_futex
sys_enter_futex
sys_enter_gettid
sys_enter_sigaltstack
sys_enter_sigaltstack
sys_enter_gettid
sys_enter_rt_sigprocmask
sys_enter_futex
sys_enter_futex
sys_enter_mmap
sys_enter_futex
sys_enter_futex
sys_enter_futex
sys_enter_openat
sys_enter_read
sys_enter_read
sys_enter_close
sys_enter_socket
sys_enter_close
sys_enter_socket
sys_enter_setsockopt
sys_enter_bind
sys_enter_socket
sys_enter_setsockopt
sys_enter_bind
sys_enter_close
sys_enter_close
sys_enter_getpid
sys_enter_getppid
sys_enter_mmap
sys_enter_mmap
sys_enter_getppid
sys_enter_openat
sys_enter_pipe2
sys_enter_getpid
sys_enter_clone
sys_enter_setsid
sys_enter_close
sys_enter_read
sys_enter_chdir
sys_enter_execve
sys_enter_close
sys_enter_mmap
sys_enter_mmap
sys_enter_exit_group
sys_enter_mprotect
sys_enter_mmap
sys_enter_mmap
sys_enter_mprotect
sys_enter_mmap
sys_enter_mprotect
sys_enter_mmap
sys_enter_mprotect
sys_enter_mmap
sys_enter_mmap
sys_enter_close
sys_enter_munmap
sys_enter_sched_getaffinity
sys_enter_mmap
sys_enter_munmap
sys_enter_mmap
sys_enter_mmap
sys_enter_mmap
sys_enter_mmap
sys_enter_mmap
sys_enter_mmap
sys_enter_rt_sigprocmask
sys_enter_sigaltstack
sys_enter_sigaltstack
sys_enter_gettid
sys_enter_rt_sigprocmask
sys_enter_rt_sigaction
sys_enter_rt_sigaction
sys_enter_rt_sigaction
sys_enter_rt_sigaction
sys_enter_rt_sigaction
sys_enter_rt_sigaction
sys_enter_rt_sigaction
sys_enter_rt_sigaction
sys_enter_rt_sigaction
sys_enter_rt_sigaction
sys_enter_rt_sigaction
sys_enter_rt_sigaction
sys_enter_rt_sigaction
sys_enter_rt_sigaction
sys_enter_rt_sigaction
sys_enter_rt_sigaction
sys_enter_rt_sigaction
sys_enter_rt_sigaction
sys_enter_rt_sigaction
sys_enter_rt_sigaction
sys_enter_rt_sigaction
sys_enter_rt_sigaction
sys_enter_rt_sigaction
sys_enter_rt_sigaction
sys_enter_rt_sigaction
sys_enter_rt_sigaction
sys_enter_rt_sigaction
sys_enter_rt_sigaction
sys_enter_rt_sigaction
sys_enter_rt_sigaction
sys_enter_rt_sigaction
sys_enter_rt_sigaction
sys_enter_rt_sigaction
sys_enter_rt_sigaction
sys_enter_rt_sigaction
sys_enter_rt_sigaction
sys_enter_rt_sigaction
sys_enter_rt_sigaction
sys_enter_rt_sigaction
sys_enter_rt_sigaction
sys_enter_rt_sigaction
sys_enter_rt_sigaction
sys_enter_rt_sigaction
sys_enter_rt_sigaction
sys_enter_rt_sigaction
sys_enter_rt_sigaction
sys_enter_rt_sigaction
sys_enter_rt_sigaction
sys_enter_rt_sigaction
sys_enter_rt_sigaction
sys_enter_rt_sigaction
sys_enter_rt_sigaction
sys_enter_rt_sigaction
sys_enter_rt_sigaction
sys_enter_rt_sigaction
sys_enter_rt_sigaction
sys_enter_rt_sigaction
sys_enter_rt_sigaction
sys_enter_rt_sigaction
sys_enter_rt_sigaction
sys_enter_rt_sigaction
sys_enter_rt_sigaction
sys_enter_rt_sigaction
sys_enter_rt_sigaction
sys_enter_rt_sigaction
sys_enter_rt_sigaction
sys_enter_rt_sigaction
sys_enter_rt_sigaction
sys_enter_rt_sigaction
sys_enter_rt_sigaction
sys_enter_rt_sigaction
sys_enter_rt_sigaction
sys_enter_rt_sigaction
sys_enter_rt_sigaction
sys_enter_rt_sigaction
sys_enter_rt_sigaction
sys_enter_rt_sigaction
sys_enter_rt_sigaction
sys_enter_rt_sigaction
sys_enter_rt_sigaction
sys_enter_rt_sigaction
sys_enter_rt_sigaction
sys_enter_rt_sigaction
sys_enter_rt_sigaction
sys_enter_rt_sigaction
sys_enter_rt_sigaction
sys_enter_rt_sigaction
sys_enter_rt_sigaction
sys_enter_rt_sigaction
sys_enter_rt_sigaction
sys_enter_rt_sigaction
sys_enter_rt_sigaction
sys_enter_rt_sigaction
sys_enter_rt_sigaction
sys_enter_rt_sigaction
sys_enter_rt_sigaction
sys_enter_rt_sigaction
sys_enter_rt_sigaction
sys_enter_rt_sigaction
sys_enter_rt_sigaction
sys_enter_rt_sigaction
sys_enter_rt_sigaction
sys_enter_rt_sigaction
sys_enter_rt_sigaction
sys_enter_rt_sigaction
sys_enter_rt_sigaction
sys_enter_rt_sigaction
sys_enter_rt_sigaction
sys_enter_rt_sigaction
sys_enter_rt_sigaction
sys_enter_rt_sigaction
sys_enter_rt_sigaction
sys_enter_rt_sigaction
sys_enter_rt_sigaction
sys_enter_rt_sigprocmask
sys_enter_clone
sys_enter_rt_sigprocmask
sys_enter_gettid
sys_enter_sigaltstack
sys_enter_sigaltstack
sys_enter_gettid
sys_enter_rt_sigprocmask
sys_enter_gettid
sys_enter_sigaltstack
sys_enter_sigaltstack
sys_enter_gettid
sys_enter_rt_sigprocmask
sys_enter_clone
sys_enter_rt_sigprocmask
sys_enter_rt_sigprocmask
sys_enter_rt_sigprocmask
sys_enter_clone
sys_enter_sched_yield
sys_enter_futex
sys_enter_rt_sigprocmask
sys_enter_futex
sys_enter_rt_sigprocmask
sys_enter_clone
sys_enter_gettid
sys_enter_sigaltstack
sys_enter_sigaltstack
sys_enter_gettid
sys_enter_rt_sigprocmask
sys_enter_rt_sigprocmask
sys_enter_futex
sys_enter_futex
sys_enter_gettid
sys_enter_sigaltstack
sys_enter_sigaltstack
sys_enter_gettid
sys_enter_rt_sigprocmask
sys_enter_futex
sys_enter_futex
sys_enter_futex
sys_enter_mmap
sys_enter_futex
sys_enter_futex
sys_enter_futex
sys_enter_openat
sys_enter_futex
sys_enter_futex
sys_enter_read
sys_enter_read
sys_enter_close
sys_enter_socket
sys_enter_close
sys_enter_socket
sys_enter_setsockopt
sys_enter_bind
sys_enter_socket
sys_enter_setsockopt
sys_enter_bind
sys_enter_close
sys_enter_close
sys_enter_mmap
sys_enter_getpid
sys_enter_getppid
sys_enter_mmap
sys_enter_mmap
sys_enter_getppid
sys_enter_openat
sys_enter_pipe2
sys_enter_getpid
sys_enter_clone
sys_enter_setsid
sys_enter_close
sys_enter_read
sys_enter_chdir
sys_enter_execve
sys_enter_close
sys_enter_exit_group
sys_enter_mmap
sys_enter_mmap
sys_enter_mprotect
sys_enter_mmap
sys_enter_mmap
sys_enter_mprotect
sys_enter_mmap
sys_enter_mprotect
sys_enter_mmap
sys_enter_mprotect
sys_enter_mmap
sys_enter_mmap
sys_enter_close
sys_enter_munmap
sys_enter_sched_getaffinity
sys_enter_mmap
sys_enter_munmap
sys_enter_mmap
sys_enter_mmap
sys_enter_mmap
sys_enter_mmap
sys_enter_mmap
sys_enter_mmap
sys_enter_rt_sigprocmask
sys_enter_sigaltstack
sys_enter_sigaltstack
sys_enter_gettid
sys_enter_rt_sigprocmask
sys_enter_rt_sigaction
sys_enter_rt_sigaction
sys_enter_rt_sigaction
sys_enter_rt_sigaction
sys_enter_rt_sigaction
sys_enter_rt_sigaction
sys_enter_rt_sigaction
sys_enter_rt_sigaction
sys_enter_rt_sigaction
sys_enter_rt_sigaction
sys_enter_rt_sigaction
sys_enter_rt_sigaction
sys_enter_rt_sigaction
sys_enter_rt_sigaction
sys_enter_rt_sigaction
sys_enter_rt_sigaction
sys_enter_rt_sigaction
sys_enter_rt_sigaction
sys_enter_rt_sigaction
sys_enter_rt_sigaction
sys_enter_rt_sigaction
sys_enter_rt_sigaction
sys_enter_rt_sigaction
sys_enter_rt_sigaction
sys_enter_rt_sigaction
sys_enter_rt_sigaction
sys_enter_rt_sigaction
sys_enter_rt_sigaction
sys_enter_rt_sigaction
sys_enter_rt_sigaction
sys_enter_rt_sigaction
sys_enter_rt_sigaction
sys_enter_rt_sigaction
sys_enter_rt_sigaction
sys_enter_rt_sigaction
sys_enter_rt_sigaction
sys_enter_rt_sigaction
sys_enter_rt_sigaction
sys_enter_rt_sigaction
sys_enter_rt_sigaction
sys_enter_rt_sigaction
sys_enter_rt_sigaction
sys_enter_rt_sigaction
sys_enter_rt_sigaction
sys_enter_rt_sigaction
sys_enter_rt_sigaction
sys_enter_rt_sigaction
sys_enter_rt_sigaction
sys_enter_rt_sigaction
sys_enter_rt_sigaction
sys_enter_rt_sigaction
sys_enter_rt_sigaction
sys_enter_rt_sigaction
sys_enter_rt_sigaction
sys_enter_rt_sigaction
sys_enter_rt_sigaction
sys_enter_rt_sigaction
sys_enter_rt_sigaction
sys_enter_rt_sigaction
sys_enter_rt_sigaction
sys_enter_rt_sigaction
sys_enter_rt_sigaction
sys_enter_rt_sigaction
sys_enter_rt_sigaction
sys_enter_rt_sigaction
sys_enter_rt_sigaction
sys_enter_rt_sigaction
sys_enter_rt_sigaction
sys_enter_rt_sigaction
sys_enter_rt_sigaction
sys_enter_rt_sigaction
sys_enter_rt_sigaction
sys_enter_rt_sigaction
sys_enter_rt_sigaction
sys_enter_rt_sigaction
sys_enter_rt_sigaction
sys_enter_rt_sigaction
sys_enter_rt_sigaction
sys_enter_rt_sigaction
sys_enter_rt_sigaction
sys_enter_rt_sigaction
sys_enter_rt_sigaction
sys_enter_rt_sigaction
sys_enter_rt_sigaction
sys_enter_rt_sigaction
sys_enter_rt_sigaction
sys_enter_rt_sigaction
sys_enter_rt_sigaction
sys_enter_rt_sigaction
sys_enter_rt_sigaction
sys_enter_rt_sigaction
sys_enter_rt_sigaction
sys_enter_rt_sigaction
sys_enter_rt_sigaction
sys_enter_rt_sigaction
sys_enter_rt_sigaction
sys_enter_rt_sigaction
sys_enter_rt_sigaction
sys_enter_rt_sigaction
sys_enter_rt_sigaction
sys_enter_rt_sigaction
sys_enter_rt_sigaction
sys_enter_rt_sigaction
sys_enter_rt_sigaction
sys_enter_rt_sigaction
sys_enter_rt_sigaction
sys_enter_rt_sigaction
sys_enter_rt_sigaction
sys_enter_rt_sigaction
sys_enter_rt_sigaction
sys_enter_rt_sigaction
sys_enter_rt_sigaction
sys_enter_rt_sigaction
sys_enter_rt_sigaction
sys_enter_rt_sigprocmask
sys_enter_clone
sys_enter_rt_sigprocmask
sys_enter_gettid
sys_enter_sigaltstack
sys_enter_sigaltstack
sys_enter_gettid
sys_enter_rt_sigprocmask
sys_enter_rt_sigprocmask
sys_enter_clone
sys_enter_rt_sigprocmask
sys_enter_gettid
sys_enter_sigaltstack
sys_enter_sigaltstack
sys_enter_rt_sigprocmask
sys_enter_clone
sys_enter_gettid
sys_enter_rt_sigprocmask
sys_enter_rt_sigprocmask
sys_enter_sched_yield
sys_enter_futex
sys_enter_futex
sys_enter_gettid
sys_enter_sigaltstack
sys_enter_sigaltstack
sys_enter_gettid
sys_enter_rt_sigprocmask
sys_enter_futex
sys_enter_futex
sys_enter_rt_sigprocmask
sys_enter_clone
sys_enter_gettid
sys_enter_rt_sigprocmask
sys_enter_futex
sys_enter_sigaltstack
sys_enter_sigaltstack
sys_enter_gettid
sys_enter_rt_sigprocmask
sys_enter_futex
sys_enter_futex
sys_enter_mmap
sys_enter_futex
sys_enter_futex
sys_enter_futex
sys_enter_openat
sys_enter_read
sys_enter_read
sys_enter_close
sys_enter_socket
sys_enter_close
sys_enter_socket
sys_enter_setsockopt
sys_enter_bind
sys_enter_socket
sys_enter_setsockopt
sys_enter_bind
sys_enter_close
sys_enter_close
sys_enter_getpid
sys_enter_getppid
sys_enter_mmap
sys_enter_mmap
sys_enter_getppid
sys_enter_openat
sys_enter_pipe2
sys_enter_getpid
sys_enter_clone
sys_enter_setsid
sys_enter_close
sys_enter_read
sys_enter_chdir
sys_enter_execve
sys_enter_close
sys_enter_exit_group
sys_enter_mmap
sys_enter_mmap
sys_enter_mprotect
sys_enter_mmap
sys_enter_mmap
sys_enter_mprotect
sys_enter_mmap
sys_enter_mprotect
sys_enter_mmap
sys_enter_mprotect
sys_enter_mmap
sys_enter_mmap
sys_enter_close
sys_enter_munmap
sys_enter_sched_getaffinity
sys_enter_mmap
sys_enter_munmap
sys_enter_mmap
sys_enter_mmap
sys_enter_mmap
sys_enter_mmap
sys_enter_mmap
sys_enter_mmap
sys_enter_rt_sigprocmask
sys_enter_sigaltstack
sys_enter_sigaltstack
sys_enter_gettid
sys_enter_rt_sigprocmask
sys_enter_rt_sigaction
sys_enter_rt_sigaction
sys_enter_rt_sigaction
sys_enter_rt_sigaction
sys_enter_rt_sigaction
sys_enter_rt_sigaction
sys_enter_rt_sigaction
sys_enter_rt_sigaction
sys_enter_rt_sigaction
sys_enter_rt_sigaction
sys_enter_rt_sigaction
sys_enter_rt_sigaction
sys_enter_rt_sigaction
sys_enter_rt_sigaction
sys_enter_rt_sigaction
sys_enter_rt_sigaction
sys_enter_rt_sigaction
sys_enter_rt_sigaction
sys_enter_rt_sigaction
sys_enter_rt_sigaction
sys_enter_rt_sigaction
sys_enter_rt_sigaction
sys_enter_rt_sigaction
sys_enter_rt_sigaction
sys_enter_rt_sigaction
sys_enter_rt_sigaction
sys_enter_rt_sigaction
sys_enter_rt_sigaction
sys_enter_rt_sigaction
sys_enter_rt_sigaction
sys_enter_rt_sigaction
sys_enter_rt_sigaction
sys_enter_rt_sigaction
sys_enter_rt_sigaction
sys_enter_rt_sigaction
sys_enter_rt_sigaction
sys_enter_rt_sigaction
sys_enter_rt_sigaction
sys_enter_rt_sigaction
sys_enter_rt_sigaction
sys_enter_rt_sigaction
sys_enter_rt_sigaction
sys_enter_rt_sigaction
sys_enter_rt_sigaction
sys_enter_rt_sigaction
sys_enter_rt_sigaction
sys_enter_rt_sigaction
sys_enter_rt_sigaction
sys_enter_rt_sigaction
sys_enter_rt_sigaction
sys_enter_rt_sigaction
sys_enter_rt_sigaction
sys_enter_rt_sigaction
sys_enter_rt_sigaction
sys_enter_rt_sigaction
sys_enter_rt_sigaction
sys_enter_rt_sigaction
sys_enter_rt_sigaction
sys_enter_rt_sigaction
sys_enter_rt_sigaction
sys_enter_rt_sigaction
sys_enter_rt_sigaction
sys_enter_rt_sigaction
sys_enter_rt_sigaction
sys_enter_rt_sigaction
sys_enter_rt_sigaction
sys_enter_rt_sigaction
sys_enter_rt_sigaction
sys_enter_rt_sigaction
sys_enter_rt_sigaction
sys_enter_rt_sigaction
sys_enter_rt_sigaction
sys_enter_rt_sigaction
sys_enter_rt_sigaction
sys_enter_rt_sigaction
sys_enter_rt_sigaction
sys_enter_rt_sigaction
sys_enter_rt_sigaction
sys_enter_rt_sigaction
sys_enter_rt_sigaction
sys_enter_rt_sigaction
sys_enter_rt_sigaction
sys_enter_rt_sigaction
sys_enter_rt_sigaction
sys_enter_rt_sigaction
sys_enter_rt_sigaction
sys_enter_rt_sigaction
sys_enter_rt_sigaction
sys_enter_rt_sigaction
sys_enter_rt_sigaction
sys_enter_rt_sigaction
sys_enter_rt_sigaction
sys_enter_rt_sigaction
sys_enter_rt_sigaction
sys_enter_rt_sigaction
sys_enter_rt_sigaction
sys_enter_rt_sigaction
sys_enter_rt_sigaction
sys_enter_rt_sigaction
sys_enter_rt_sigaction
sys_enter_rt_sigaction
sys_enter_rt_sigaction
sys_enter_rt_sigaction
sys_enter_rt_sigaction
sys_enter_rt_sigaction
sys_enter_rt_sigaction
sys_enter_rt_sigaction
sys_enter_rt_sigaction
sys_enter_rt_sigaction
sys_enter_rt_sigaction
sys_enter_rt_sigaction
sys_enter_rt_sigaction
sys_enter_rt_sigaction
sys_enter_rt_sigaction
sys_enter_rt_sigprocmask
sys_enter_clone
sys_enter_rt_sigprocmask
sys_enter_gettid
sys_enter_sigaltstack
sys_enter_sigaltstack
sys_enter_gettid
sys_enter_rt_sigprocmask
sys_enter_rt_sigprocmask
sys_enter_clone
sys_enter_rt_sigprocmask
sys_enter_gettid
sys_enter_sigaltstack
sys_enter_sigaltstack
sys_enter_gettid
sys_enter_rt_sigprocmask
sys_enter_rt_sigprocmask
sys_enter_clone
sys_enter_rt_sigprocmask
sys_enter_futex
sys_enter_rt_sigprocmask
sys_enter_clone
sys_enter_gettid
sys_enter_sigaltstack
sys_enter_sigaltstack
sys_enter_gettid
sys_enter_rt_sigprocmask
sys_enter_futex
sys_enter_futex
sys_enter_rt_sigprocmask
sys_enter_futex
sys_enter_gettid
sys_enter_sigaltstack
sys_enter_sigaltstack
sys_enter_gettid
sys_enter_rt_sigprocmask
sys_enter_futex
sys_enter_futex
sys_enter_mmap
sys_enter_futex
sys_enter_futex
sys_enter_futex
sys_enter_openat
sys_enter_read
sys_enter_read
sys_enter_close
sys_enter_socket
sys_enter_close
sys_enter_socket
sys_enter_setsockopt
sys_enter_bind
sys_enter_socket
sys_enter_setsockopt
sys_enter_bind
sys_enter_close
sys_enter_close
sys_enter_getpid
sys_enter_getppid
sys_enter_mmap
sys_enter_mmap
sys_enter_getppid
sys_enter_openat
sys_enter_pipe2
sys_enter_getpid
sys_enter_clone
sys_enter_setsid
sys_enter_close
sys_enter_read
sys_enter_chdir
sys_enter_execve
sys_enter_close
sys_enter_exit_group
sys_enter_mmap
sys_enter_mmap
sys_enter_mprotect
sys_enter_mmap
sys_enter_mmap
sys_enter_mprotect
sys_enter_mmap
sys_enter_mprotect
sys_enter_mmap
sys_enter_mprotect
sys_enter_mmap
sys_enter_mmap
sys_enter_close
sys_enter_munmap
sys_enter_sched_getaffinity
sys_enter_mmap
sys_enter_munmap
sys_enter_mmap
sys_enter_mmap
sys_enter_mmap
sys_enter_mmap
sys_enter_mmap
sys_enter_mmap
sys_enter_rt_sigprocmask
sys_enter_sigaltstack
sys_enter_sigaltstack
sys_enter_gettid
sys_enter_rt_sigprocmask
sys_enter_rt_sigaction
sys_enter_rt_sigaction
sys_enter_rt_sigaction
sys_enter_rt_sigaction
sys_enter_rt_sigaction
sys_enter_rt_sigaction
sys_enter_rt_sigaction
sys_enter_rt_sigaction
sys_enter_rt_sigaction
sys_enter_rt_sigaction
sys_enter_rt_sigaction
sys_enter_rt_sigaction
sys_enter_rt_sigaction
sys_enter_rt_sigaction
sys_enter_rt_sigaction
sys_enter_rt_sigaction
sys_enter_rt_sigaction
sys_enter_rt_sigaction
sys_enter_rt_sigaction
sys_enter_rt_sigaction
sys_enter_rt_sigaction
sys_enter_rt_sigaction
sys_enter_rt_sigaction
sys_enter_rt_sigaction
sys_enter_rt_sigaction
sys_enter_rt_sigaction
sys_enter_rt_sigaction
sys_enter_rt_sigaction
sys_enter_rt_sigaction
sys_enter_rt_sigaction
sys_enter_rt_sigaction
sys_enter_rt_sigaction
sys_enter_rt_sigaction
sys_enter_rt_sigaction
sys_enter_rt_sigaction
sys_enter_rt_sigaction
sys_enter_rt_sigaction
sys_enter_rt_sigaction
sys_enter_rt_sigaction
sys_enter_rt_sigaction
sys_enter_rt_sigaction
sys_enter_rt_sigaction
sys_enter_rt_sigaction
sys_enter_rt_sigaction
sys_enter_rt_sigaction
sys_enter_rt_sigaction
sys_enter_rt_sigaction
sys_enter_rt_sigaction
sys_enter_rt_sigaction
sys_enter_rt_sigaction
sys_enter_rt_sigaction
sys_enter_rt_sigaction
sys_enter_rt_sigaction
sys_enter_rt_sigaction
sys_enter_rt_sigaction
sys_enter_rt_sigaction
sys_enter_rt_sigaction
sys_enter_rt_sigaction
sys_enter_rt_sigaction
sys_enter_rt_sigaction
sys_enter_rt_sigaction
sys_enter_rt_sigaction
sys_enter_rt_sigaction
sys_enter_rt_sigaction
sys_enter_rt_sigaction
sys_enter_rt_sigaction
sys_enter_rt_sigaction
sys_enter_rt_sigaction
sys_enter_rt_sigaction
sys_enter_rt_sigaction
sys_enter_rt_sigaction
sys_enter_rt_sigaction
sys_enter_rt_sigaction
sys_enter_rt_sigaction
sys_enter_rt_sigaction
sys_enter_rt_sigaction
sys_enter_rt_sigaction
sys_enter_rt_sigaction
sys_enter_rt_sigaction
sys_enter_rt_sigaction
sys_enter_rt_sigaction
sys_enter_rt_sigaction
sys_enter_rt_sigaction
sys_enter_rt_sigaction
sys_enter_rt_sigaction
sys_enter_rt_sigaction
sys_enter_rt_sigaction
sys_enter_rt_sigaction
sys_enter_rt_sigaction
sys_enter_rt_sigaction
sys_enter_rt_sigaction
sys_enter_rt_sigaction
sys_enter_rt_sigaction
sys_enter_rt_sigaction
sys_enter_rt_sigaction
sys_enter_rt_sigaction
sys_enter_rt_sigaction
sys_enter_rt_sigaction
sys_enter_rt_sigaction
sys_enter_rt_sigaction
sys_enter_rt_sigaction
sys_enter_rt_sigaction
sys_enter_rt_sigaction
sys_enter_rt_sigaction
sys_enter_rt_sigaction
sys_enter_rt_sigaction
sys_enter_rt_sigaction
sys_enter_rt_sigaction
sys_enter_rt_sigaction
sys_enter_rt_sigaction
sys_enter_rt_sigaction
sys_enter_rt_sigaction
sys_enter_rt_sigaction
sys_enter_rt_sigaction
sys_enter_rt_sigprocmask
sys_enter_clone
sys_enter_rt_sigprocmask
sys_enter_gettid
sys_enter_sigaltstack
sys_enter_sigaltstack
sys_enter_gettid
sys_enter_rt_sigprocmask
sys_enter_rt_sigprocmask
sys_enter_clone
sys_enter_rt_sigprocmask
sys_enter_gettid
sys_enter_sigaltstack
sys_enter_sigaltstack
sys_enter_gettid
sys_enter_rt_sigprocmask
sys_enter_rt_sigprocmask
sys_enter_clone
sys_enter_rt_sigprocmask
sys_enter_futex
sys_enter_rt_sigprocmask
sys_enter_clone
sys_enter_rt_sigprocmask
sys_enter_futex
sys_enter_gettid
sys_enter_gettid
sys_enter_sigaltstack
sys_enter_sigaltstack
sys_enter_gettid
sys_enter_rt_sigprocmask
sys_enter_futex
sys_enter_futex
sys_enter_sigaltstack
sys_enter_sigaltstack
sys_enter_gettid
sys_enter_rt_sigprocmask
sys_enter_futex
sys_enter_futex
sys_enter_mmap
sys_enter_futex
sys_enter_futex
sys_enter_futex
sys_enter_openat
sys_enter_futex
sys_enter_futex
sys_enter_read
sys_enter_read
sys_enter_close
sys_enter_socket
sys_enter_close
sys_enter_socket
sys_enter_setsockopt
sys_enter_bind
sys_enter_socket
sys_enter_setsockopt
sys_enter_bind
sys_enter_close
sys_enter_close
sys_enter_mmap
sys_enter_getpid
sys_enter_getppid
sys_enter_mmap
sys_enter_mmap
sys_enter_mmap
sys_enter_getppid
sys_enter_openat
sys_enter_pipe2
sys_enter_getpid
sys_enter_clone
sys_enter_setsid
sys_enter_close
sys_enter_read
sys_enter_chdir
sys_enter_execve
sys_enter_close
sys_enter_mmap
sys_enter_mmap
sys_enter_exit_group
sys_enter_mprotect
sys_enter_mmap
sys_enter_mmap
sys_enter_mprotect
sys_enter_mmap
sys_enter_mprotect
sys_enter_mmap
sys_enter_mprotect
sys_enter_mmap
sys_enter_mmap
sys_enter_close
sys_enter_munmap
sys_enter_sched_getaffinity
sys_enter_mmap
sys_enter_munmap
sys_enter_mmap
sys_enter_mmap
sys_enter_mmap
sys_enter_mmap
sys_enter_mmap
sys_enter_mmap
sys_enter_rt_sigprocmask
sys_enter_sigaltstack
sys_enter_sigaltstack
sys_enter_gettid
sys_enter_rt_sigprocmask
sys_enter_rt_sigaction
sys_enter_rt_sigaction
sys_enter_rt_sigaction
sys_enter_rt_sigaction
sys_enter_rt_sigaction
sys_enter_rt_sigaction
sys_enter_rt_sigaction
sys_enter_rt_sigaction
sys_enter_rt_sigaction
sys_enter_rt_sigaction
sys_enter_rt_sigaction
sys_enter_rt_sigaction
sys_enter_rt_sigaction
sys_enter_rt_sigaction
sys_enter_rt_sigaction
sys_enter_rt_sigaction
sys_enter_rt_sigaction
sys_enter_rt_sigaction
sys_enter_rt_sigaction
sys_enter_rt_sigaction
sys_enter_rt_sigaction
sys_enter_rt_sigaction
sys_enter_rt_sigaction
sys_enter_rt_sigaction
sys_enter_rt_sigaction
sys_enter_rt_sigaction
sys_enter_rt_sigaction
sys_enter_rt_sigaction
sys_enter_rt_sigaction
sys_enter_rt_sigaction
sys_enter_rt_sigaction
sys_enter_rt_sigaction
sys_enter_rt_sigaction
sys_enter_rt_sigaction
sys_enter_rt_sigaction
sys_enter_rt_sigaction
sys_enter_rt_sigaction
sys_enter_rt_sigaction
sys_enter_rt_sigaction
sys_enter_rt_sigaction
sys_enter_rt_sigaction
sys_enter_rt_sigaction
sys_enter_rt_sigaction
sys_enter_rt_sigaction
sys_enter_rt_sigaction
sys_enter_rt_sigaction
sys_enter_rt_sigaction
sys_enter_rt_sigaction
sys_enter_rt_sigaction
sys_enter_rt_sigaction
sys_enter_rt_sigaction
sys_enter_rt_sigaction
sys_enter_rt_sigaction
sys_enter_rt_sigaction
sys_enter_rt_sigaction
sys_enter_rt_sigaction
sys_enter_rt_sigaction
sys_enter_rt_sigaction
sys_enter_rt_sigaction
sys_enter_rt_sigaction
sys_enter_rt_sigaction
sys_enter_rt_sigaction
sys_enter_rt_sigaction
sys_enter_rt_sigaction
sys_enter_rt_sigaction
sys_enter_rt_sigaction
sys_enter_rt_sigaction
sys_enter_rt_sigaction
sys_enter_rt_sigaction
sys_enter_rt_sigaction
sys_enter_rt_sigaction
sys_enter_rt_sigaction
sys_enter_rt_sigaction
sys_enter_rt_sigaction
sys_enter_rt_sigaction
sys_enter_rt_sigaction
sys_enter_rt_sigaction
sys_enter_rt_sigaction
sys_enter_rt_sigaction
sys_enter_rt_sigaction
sys_enter_rt_sigaction
sys_enter_rt_sigaction
sys_enter_rt_sigaction
sys_enter_rt_sigaction
sys_enter_rt_sigaction
sys_enter_rt_sigaction
sys_enter_rt_sigaction
sys_enter_rt_sigaction
sys_enter_rt_sigaction
sys_enter_rt_sigaction
sys_enter_rt_sigaction
sys_enter_rt_sigaction
sys_enter_rt_sigaction
sys_enter_rt_sigaction
sys_enter_rt_sigaction
sys_enter_rt_sigaction
sys_enter_rt_sigaction
sys_enter_rt_sigaction
sys_enter_rt_sigaction
sys_enter_rt_sigaction
sys_enter_rt_sigaction
sys_enter_rt_sigaction
sys_enter_rt_sigaction
sys_enter_rt_sigaction
sys_enter_rt_sigaction
sys_enter_rt_sigaction
sys_enter_rt_sigaction
sys_enter_rt_sigaction
sys_enter_rt_sigaction
sys_enter_rt_sigaction
sys_enter_rt_sigaction
sys_enter_rt_sigaction
sys_enter_rt_sigaction
sys_enter_rt_sigaction
sys_enter_rt_sigprocmask
sys_enter_clone
sys_enter_rt_sigprocmask
sys_enter_gettid
sys_enter_sigaltstack
sys_enter_sigaltstack
sys_enter_gettid
sys_enter_rt_sigprocmask
sys_enter_rt_sigprocmask
sys_enter_clone
sys_enter_rt_sigprocmask
sys_enter_gettid
sys_enter_sigaltstack
sys_enter_sigaltstack
sys_enter_gettid
sys_enter_rt_sigprocmask
sys_enter_rt_sigprocmask
sys_enter_clone
sys_enter_rt_sigprocmask
sys_enter_clone
sys_enter_rt_sigprocmask
sys_enter_futex
sys_enter_gettid
sys_enter_sigaltstack
sys_enter_sigaltstack
sys_enter_rt_sigprocmask
sys_enter_gettid
sys_enter_rt_sigprocmask
sys_enter_futex
sys_enter_gettid
sys_enter_futex
sys_enter_sigaltstack
sys_enter_sigaltstack
sys_enter_gettid
sys_enter_rt_sigprocmask
sys_enter_futex
sys_enter_futex
sys_enter_futex
sys_enter_mmap
sys_enter_futex
sys_enter_futex
sys_enter_futex
sys_enter_openat
sys_enter_read
sys_enter_read
sys_enter_close
sys_enter_socket
sys_enter_close
sys_enter_socket
sys_enter_setsockopt
sys_enter_bind
sys_enter_socket
sys_enter_setsockopt
sys_enter_bind
sys_enter_close
sys_enter_close
sys_enter_getpid
sys_enter_getppid
sys_enter_mmap
sys_enter_mmap
sys_enter_getppid
sys_enter_openat
sys_enter_pipe2
sys_enter_getpid
sys_enter_clone
sys_enter_setsid
sys_enter_close
sys_enter_read
sys_enter_chdir
sys_enter_execve
sys_enter_close
sys_enter_exit_group
sys_enter_mmap
sys_enter_mmap
sys_enter_mprotect
sys_enter_mmap
sys_enter_mmap
sys_enter_mprotect
sys_enter_mmap
sys_enter_mprotect
sys_enter_mmap
sys_enter_mprotect
sys_enter_mmap
sys_enter_mmap
sys_enter_close
sys_enter_munmap
sys_enter_sched_getaffinity
sys_enter_mmap
sys_enter_munmap
sys_enter_mmap
sys_enter_mmap
sys_enter_mmap
sys_enter_mmap
sys_enter_mmap
sys_enter_mmap
sys_enter_rt_sigprocmask
sys_enter_sigaltstack
sys_enter_sigaltstack
sys_enter_gettid
sys_enter_rt_sigprocmask
sys_enter_rt_sigaction
sys_enter_rt_sigaction
sys_enter_rt_sigaction
sys_enter_rt_sigaction
sys_enter_rt_sigaction
sys_enter_rt_sigaction
sys_enter_rt_sigaction
sys_enter_rt_sigaction
sys_enter_rt_sigaction
sys_enter_rt_sigaction
sys_enter_rt_sigaction
sys_enter_rt_sigaction
sys_enter_rt_sigaction
sys_enter_rt_sigaction
sys_enter_rt_sigaction
sys_enter_rt_sigaction
sys_enter_rt_sigaction
sys_enter_rt_sigaction
sys_enter_rt_sigaction
sys_enter_rt_sigaction
sys_enter_rt_sigaction
sys_enter_rt_sigaction
sys_enter_rt_sigaction
sys_enter_rt_sigaction
sys_enter_rt_sigaction
sys_enter_rt_sigaction
sys_enter_rt_sigaction
sys_enter_rt_sigaction
sys_enter_rt_sigaction
sys_enter_rt_sigaction
sys_enter_rt_sigaction
sys_enter_rt_sigaction
sys_enter_rt_sigaction
sys_enter_rt_sigaction
sys_enter_rt_sigaction
sys_enter_rt_sigaction
sys_enter_rt_sigaction
sys_enter_rt_sigaction
sys_enter_rt_sigaction
sys_enter_rt_sigaction
sys_enter_rt_sigaction
sys_enter_rt_sigaction
sys_enter_rt_sigaction
sys_enter_rt_sigaction
sys_enter_rt_sigaction
sys_enter_rt_sigaction
sys_enter_rt_sigaction
sys_enter_rt_sigaction
sys_enter_rt_sigaction
sys_enter_rt_sigaction
sys_enter_rt_sigaction
sys_enter_rt_sigaction
sys_enter_rt_sigaction
sys_enter_rt_sigaction
sys_enter_rt_sigaction
sys_enter_rt_sigaction
sys_enter_rt_sigaction
sys_enter_rt_sigaction
sys_enter_rt_sigaction
sys_enter_rt_sigaction
sys_enter_rt_sigaction
sys_enter_rt_sigaction
sys_enter_rt_sigaction
sys_enter_rt_sigaction
sys_enter_rt_sigaction
sys_enter_rt_sigaction
sys_enter_rt_sigaction
sys_enter_rt_sigaction
sys_enter_rt_sigaction
sys_enter_rt_sigaction
sys_enter_rt_sigaction
sys_enter_rt_sigaction
sys_enter_rt_sigaction
sys_enter_rt_sigaction
sys_enter_rt_sigaction
sys_enter_rt_sigaction
sys_enter_rt_sigaction
sys_enter_rt_sigaction
sys_enter_rt_sigaction
sys_enter_rt_sigaction
sys_enter_rt_sigaction
sys_enter_rt_sigaction
sys_enter_rt_sigaction
sys_enter_rt_sigaction
sys_enter_rt_sigaction
sys_enter_rt_sigaction
sys_enter_rt_sigaction
sys_enter_rt_sigaction
sys_enter_rt_sigaction
sys_enter_rt_sigaction
sys_enter_rt_sigaction
sys_enter_rt_sigaction
sys_enter_rt_sigaction
sys_enter_rt_sigaction
sys_enter_rt_sigaction
sys_enter_rt_sigaction
sys_enter_rt_sigaction
sys_enter_rt_sigaction
sys_enter_rt_sigaction
sys_enter_rt_sigaction
sys_enter_rt_sigaction
sys_enter_rt_sigaction
sys_enter_rt_sigaction
sys_enter_rt_sigaction
sys_enter_rt_sigaction
sys_enter_rt_sigaction
sys_enter_rt_sigaction
sys_enter_rt_sigaction
sys_enter_rt_sigaction
sys_enter_rt_sigaction
sys_enter_rt_sigaction
sys_enter_rt_sigaction
sys_enter_rt_sigaction
sys_enter_rt_sigaction
sys_enter_rt_sigprocmask
sys_enter_clone
sys_enter_rt_sigprocmask
sys_enter_gettid
sys_enter_sigaltstack
sys_enter_sigaltstack
sys_enter_gettid
sys_enter_rt_sigprocmask
sys_enter_rt_sigprocmask
sys_enter_clone
sys_enter_rt_sigprocmask
sys_enter_gettid
sys_enter_sigaltstack
sys_enter_sigaltstack
sys_enter_gettid
sys_enter_rt_sigprocmask
sys_enter_rt_sigprocmask
sys_enter_clone
sys_enter_rt_sigprocmask
sys_enter_futex
sys_enter_rt_sigprocmask
sys_enter_clone
sys_enter_gettid
sys_enter_sigaltstack
sys_enter_sigaltstack
sys_enter_gettid
sys_enter_rt_sigprocmask
sys_enter_futex
sys_enter_rt_sigprocmask
sys_enter_gettid
sys_enter_futex
sys_enter_futex
sys_enter_sigaltstack
sys_enter_sigaltstack
sys_enter_gettid
sys_enter_rt_sigprocmask
sys_enter_futex
sys_enter_futex
sys_enter_mmap
sys_enter_futex
sys_enter_futex
sys_enter_futex
sys_enter_openat
sys_enter_read
sys_enter_read
sys_enter_close
sys_enter_socket
sys_enter_close
sys_enter_socket
sys_enter_setsockopt
sys_enter_bind
sys_enter_socket
sys_enter_setsockopt
sys_enter_bind
sys_enter_close
sys_enter_close
sys_enter_getpid
sys_enter_getppid
sys_enter_mmap
sys_enter_mmap
sys_enter_getppid
sys_enter_openat
sys_enter_pipe2
sys_enter_getpid
sys_enter_clone
sys_enter_setsid
sys_enter_close
sys_enter_read
sys_enter_chdir
sys_enter_execve
sys_enter_close
sys_enter_exit_group
sys_enter_mmap
sys_enter_mmap
sys_enter_mprotect
sys_enter_mmap
sys_enter_mmap
sys_enter_mprotect
sys_enter_mmap
sys_enter_mprotect
sys_enter_mmap
sys_enter_mprotect
sys_enter_mmap
sys_enter_mmap
sys_enter_close
sys_enter_munmap
sys_enter_sched_getaffinity
sys_enter_mmap
sys_enter_munmap
sys_enter_mmap
sys_enter_mmap
sys_enter_mmap
sys_enter_mmap
sys_enter_mmap
sys_enter_mmap
sys_enter_rt_sigprocmask
sys_enter_sigaltstack
sys_enter_sigaltstack
sys_enter_gettid
sys_enter_rt_sigprocmask
sys_enter_rt_sigaction
sys_enter_rt_sigaction
sys_enter_rt_sigaction
sys_enter_rt_sigaction
sys_enter_rt_sigaction
sys_enter_rt_sigaction
sys_enter_rt_sigaction
sys_enter_rt_sigaction
sys_enter_rt_sigaction
sys_enter_rt_sigaction
sys_enter_rt_sigaction
sys_enter_rt_sigaction
sys_enter_rt_sigaction
sys_enter_rt_sigaction
sys_enter_rt_sigaction
sys_enter_rt_sigaction
sys_enter_rt_sigaction
sys_enter_rt_sigaction
sys_enter_rt_sigaction
sys_enter_rt_sigaction
sys_enter_rt_sigaction
sys_enter_rt_sigaction
sys_enter_rt_sigaction
sys_enter_rt_sigaction
sys_enter_rt_sigaction
sys_enter_rt_sigaction
sys_enter_rt_sigaction
sys_enter_rt_sigaction
sys_enter_rt_sigaction
sys_enter_rt_sigaction
sys_enter_rt_sigaction
sys_enter_rt_sigaction
sys_enter_rt_sigaction
sys_enter_rt_sigaction
sys_enter_rt_sigaction
sys_enter_rt_sigaction
sys_enter_rt_sigaction
sys_enter_rt_sigaction
sys_enter_rt_sigaction
sys_enter_rt_sigaction
sys_enter_rt_sigaction
sys_enter_rt_sigaction
sys_enter_rt_sigaction
sys_enter_rt_sigaction
sys_enter_rt_sigaction
sys_enter_rt_sigaction
sys_enter_rt_sigaction
sys_enter_rt_sigaction
sys_enter_rt_sigaction
sys_enter_rt_sigaction
sys_enter_rt_sigaction
sys_enter_rt_sigaction
sys_enter_rt_sigaction
sys_enter_rt_sigaction
sys_enter_rt_sigaction
sys_enter_rt_sigaction
sys_enter_rt_sigaction
sys_enter_rt_sigaction
sys_enter_rt_sigaction
sys_enter_rt_sigaction
sys_enter_rt_sigaction
sys_enter_rt_sigaction
sys_enter_rt_sigaction
sys_enter_rt_sigaction
sys_enter_rt_sigaction
sys_enter_rt_sigaction
sys_enter_rt_sigaction
sys_enter_rt_sigaction
sys_enter_rt_sigaction
sys_enter_rt_sigaction
sys_enter_rt_sigaction
sys_enter_rt_sigaction
sys_enter_rt_sigaction
sys_enter_rt_sigaction
sys_enter_rt_sigaction
sys_enter_rt_sigaction
sys_enter_rt_sigaction
sys_enter_rt_sigaction
sys_enter_rt_sigaction
sys_enter_rt_sigaction
sys_enter_rt_sigaction
sys_enter_rt_sigaction
sys_enter_rt_sigaction
sys_enter_rt_sigaction
sys_enter_rt_sigaction
sys_enter_rt_sigaction
sys_enter_rt_sigaction
sys_enter_rt_sigaction
sys_enter_rt_sigaction
sys_enter_rt_sigaction
sys_enter_rt_sigaction
sys_enter_rt_sigaction
sys_enter_rt_sigaction
sys_enter_rt_sigaction
sys_enter_rt_sigaction
sys_enter_rt_sigaction
sys_enter_rt_sigaction
sys_enter_rt_sigaction
sys_enter_rt_sigaction
sys_enter_rt_sigaction
sys_enter_rt_sigaction
sys_enter_rt_sigaction
sys_enter_rt_sigaction
sys_enter_rt_sigaction
sys_enter_rt_sigaction
sys_enter_rt_sigaction
sys_enter_rt_sigaction
sys_enter_rt_sigaction
sys_enter_rt_sigaction
sys_enter_rt_sigaction
sys_enter_rt_sigaction
sys_enter_rt_sigaction
sys_enter_rt_sigaction
sys_enter_rt_sigaction
sys_enter_rt_sigprocmask
sys_enter_clone
sys_enter_rt_sigprocmask
sys_enter_gettid
sys_enter_sigaltstack
sys_enter_sigaltstack
sys_enter_gettid
sys_enter_rt_sigprocmask
sys_enter_rt_sigprocmask
sys_enter_clone
sys_enter_rt_sigprocmask
sys_enter_gettid
sys_enter_sigaltstack
sys_enter_sigaltstack
sys_enter_gettid
sys_enter_rt_sigprocmask
sys_enter_rt_sigprocmask
sys_enter_clone
sys_enter_rt_sigprocmask
sys_enter_clone
sys_enter_rt_sigprocmask
sys_enter_futex
sys_enter_gettid
sys_enter_sigaltstack
sys_enter_sigaltstack
sys_enter_gettid
sys_enter_rt_sigprocmask
sys_enter_rt_sigprocmask
sys_enter_futex
sys_enter_futex
sys_enter_futex
sys_enter_gettid
sys_enter_sigaltstack
sys_enter_sigaltstack
sys_enter_gettid
sys_enter_rt_sigprocmask
sys_enter_futex
sys_enter_futex
sys_enter_mmap
sys_enter_futex
sys_enter_futex
sys_enter_futex
sys_enter_openat
sys_enter_read
sys_enter_read
sys_enter_close
sys_enter_socket
sys_enter_close
sys_enter_socket
sys_enter_setsockopt
sys_enter_bind
sys_enter_socket
sys_enter_setsockopt
sys_enter_bind
sys_enter_close
sys_enter_close
sys_enter_getpid
sys_enter_getppid
sys_enter_mmap
sys_enter_mmap
sys_enter_getppid
sys_enter_openat
sys_enter_pipe2
sys_enter_getpid
sys_enter_clone
sys_enter_setsid
sys_enter_close
sys_enter_read
sys_enter_chdir
sys_enter_execve
sys_enter_close
sys_enter_exit_group
sys_enter_mmap
sys_enter_mmap
sys_enter_mprotect
sys_enter_mmap
sys_enter_mmap
sys_enter_mprotect
sys_enter_mmap
sys_enter_mprotect
sys_enter_mmap
sys_enter_mprotect
sys_enter_mmap
sys_enter_mmap
sys_enter_close
sys_enter_munmap
sys_enter_sched_getaffinity
sys_enter_mmap
sys_enter_munmap
sys_enter_mmap
sys_enter_mmap
sys_enter_mmap
sys_enter_mmap
sys_enter_mmap
sys_enter_mmap
sys_enter_rt_sigprocmask
sys_enter_sigaltstack
sys_enter_sigaltstack
sys_enter_gettid
sys_enter_rt_sigprocmask
sys_enter_rt_sigaction
sys_enter_rt_sigaction
sys_enter_rt_sigaction
sys_enter_rt_sigaction
sys_enter_rt_sigaction
sys_enter_rt_sigaction
sys_enter_rt_sigaction
sys_enter_rt_sigaction
sys_enter_rt_sigaction
sys_enter_rt_sigaction
sys_enter_rt_sigaction
sys_enter_rt_sigaction
sys_enter_rt_sigaction
sys_enter_rt_sigaction
sys_enter_rt_sigaction
sys_enter_rt_sigaction
sys_enter_rt_sigaction
sys_enter_rt_sigaction
sys_enter_rt_sigaction
sys_enter_rt_sigaction
sys_enter_rt_sigaction
sys_enter_rt_sigaction
sys_enter_rt_sigaction
sys_enter_rt_sigaction
sys_enter_rt_sigaction
sys_enter_rt_sigaction
sys_enter_rt_sigaction
sys_enter_rt_sigaction
sys_enter_rt_sigaction
sys_enter_rt_sigaction
sys_enter_rt_sigaction
sys_enter_rt_sigaction
sys_enter_rt_sigaction
sys_enter_rt_sigaction
sys_enter_rt_sigaction
sys_enter_rt_sigaction
sys_enter_rt_sigaction
sys_enter_rt_sigaction
sys_enter_rt_sigaction
sys_enter_rt_sigaction
sys_enter_rt_sigaction
sys_enter_rt_sigaction
sys_enter_rt_sigaction
sys_enter_rt_sigaction
sys_enter_rt_sigaction
sys_enter_rt_sigaction
sys_enter_rt_sigaction
sys_enter_rt_sigaction
sys_enter_rt_sigaction
sys_enter_rt_sigaction
sys_enter_rt_sigaction
sys_enter_rt_sigaction
sys_enter_rt_sigaction
sys_enter_rt_sigaction
sys_enter_rt_sigaction
sys_enter_rt_sigaction
sys_enter_rt_sigaction
sys_enter_rt_sigaction
sys_enter_rt_sigaction
sys_enter_rt_sigaction
sys_enter_rt_sigaction
sys_enter_rt_sigaction
sys_enter_rt_sigaction
sys_enter_rt_sigaction
sys_enter_rt_sigaction
sys_enter_rt_sigaction
sys_enter_rt_sigaction
sys_enter_rt_sigaction
sys_enter_rt_sigaction
sys_enter_rt_sigaction
sys_enter_rt_sigaction
sys_enter_rt_sigaction
sys_enter_rt_sigaction
sys_enter_rt_sigaction
sys_enter_rt_sigaction
sys_enter_rt_sigaction
sys_enter_rt_sigaction
sys_enter_rt_sigaction
sys_enter_rt_sigaction
sys_enter_rt_sigaction
sys_enter_rt_sigaction
sys_enter_rt_sigaction
sys_enter_rt_sigaction
sys_enter_rt_sigaction
sys_enter_rt_sigaction
sys_enter_rt_sigaction
sys_enter_rt_sigaction
sys_enter_rt_sigaction
sys_enter_rt_sigaction
sys_enter_rt_sigaction
sys_enter_rt_sigaction
sys_enter_rt_sigaction
sys_enter_rt_sigaction
sys_enter_rt_sigaction
sys_enter_rt_sigaction
sys_enter_rt_sigaction
sys_enter_rt_sigaction
sys_enter_rt_sigaction
sys_enter_rt_sigaction
sys_enter_rt_sigaction
sys_enter_rt_sigaction
sys_enter_rt_sigaction
sys_enter_rt_sigaction
sys_enter_rt_sigaction
sys_enter_rt_sigaction
sys_enter_rt_sigaction
sys_enter_rt_sigaction
sys_enter_rt_sigaction
sys_enter_rt_sigaction
sys_enter_rt_sigaction
sys_enter_rt_sigaction
sys_enter_rt_sigaction
sys_enter_rt_sigaction
sys_enter_rt_sigaction
sys_enter_rt_sigprocmask
sys_enter_clone
sys_enter_rt_sigprocmask
sys_enter_gettid
sys_enter_sigaltstack
sys_enter_sigaltstack
sys_enter_gettid
sys_enter_rt_sigprocmask
sys_enter_rt_sigprocmask
sys_enter_clone
sys_enter_rt_sigprocmask
sys_enter_gettid
sys_enter_sigaltstack
sys_enter_sigaltstack
sys_enter_gettid
sys_enter_rt_sigprocmask
sys_enter_rt_sigprocmask
sys_enter_clone
sys_enter_rt_sigprocmask
sys_enter_futex
sys_enter_rt_sigprocmask
sys_enter_clone
sys_enter_rt_sigprocmask
sys_enter_futex
sys_enter_gettid
sys_enter_sigaltstack
sys_enter_sigaltstack
sys_enter_gettid
sys_enter_rt_sigprocmask
sys_enter_futex
sys_enter_gettid
sys_enter_futex
sys_enter_sigaltstack
sys_enter_sigaltstack
sys_enter_gettid
sys_enter_rt_sigprocmask
sys_enter_futex
sys_enter_futex
sys_enter_mmap
sys_enter_futex
sys_enter_futex
sys_enter_futex
sys_enter_openat
sys_enter_read
sys_enter_read
sys_enter_close
sys_enter_socket
sys_enter_close
sys_enter_socket
sys_enter_setsockopt
sys_enter_bind
sys_enter_socket
sys_enter_setsockopt
sys_enter_bind
sys_enter_close
sys_enter_close
sys_enter_getpid
sys_enter_getppid
sys_enter_mmap
sys_enter_mmap
sys_enter_getppid
sys_enter_openat
sys_enter_pipe2
sys_enter_getpid
sys_enter_clone
sys_enter_setsid
sys_enter_chdir
sys_enter_close
sys_enter_read
sys_enter_execve
sys_enter_close
sys_enter_exit_group
sys_enter_mmap
sys_enter_mmap
sys_enter_mprotect
sys_enter_mmap
sys_enter_mmap
sys_enter_mprotect
sys_enter_mmap
sys_enter_mprotect
sys_enter_mmap
sys_enter_mprotect
sys_enter_mmap
sys_enter_mmap
sys_enter_close
sys_enter_munmap
sys_enter_sched_getaffinity
sys_enter_mmap
sys_enter_munmap
sys_enter_mmap
sys_enter_mmap
sys_enter_mmap
sys_enter_mmap
sys_enter_mmap
sys_enter_mmap
sys_enter_rt_sigprocmask
sys_enter_sigaltstack
sys_enter_sigaltstack
sys_enter_gettid
sys_enter_rt_sigprocmask
sys_enter_rt_sigaction
sys_enter_rt_sigaction
sys_enter_rt_sigaction
sys_enter_rt_sigaction
sys_enter_rt_sigaction
sys_enter_rt_sigaction
sys_enter_rt_sigaction
sys_enter_rt_sigaction
sys_enter_rt_sigaction
sys_enter_rt_sigaction
sys_enter_rt_sigaction
sys_enter_rt_sigaction
sys_enter_rt_sigaction
sys_enter_rt_sigaction
sys_enter_rt_sigaction
sys_enter_rt_sigaction
sys_enter_rt_sigaction
sys_enter_rt_sigaction
sys_enter_rt_sigaction
sys_enter_rt_sigaction
sys_enter_rt_sigaction
sys_enter_rt_sigaction
sys_enter_rt_sigaction
sys_enter_rt_sigaction
sys_enter_rt_sigaction
sys_enter_rt_sigaction
sys_enter_rt_sigaction
sys_enter_rt_sigaction
sys_enter_rt_sigaction
sys_enter_rt_sigaction
sys_enter_rt_sigaction
sys_enter_rt_sigaction
sys_enter_rt_sigaction
sys_enter_rt_sigaction
sys_enter_rt_sigaction
sys_enter_rt_sigaction
sys_enter_rt_sigaction
sys_enter_rt_sigaction
sys_enter_rt_sigaction
sys_enter_rt_sigaction
sys_enter_rt_sigaction
sys_enter_rt_sigaction
sys_enter_rt_sigaction
sys_enter_rt_sigaction
sys_enter_rt_sigaction
sys_enter_rt_sigaction
sys_enter_rt_sigaction
sys_enter_rt_sigaction
sys_enter_rt_sigaction
sys_enter_rt_sigaction
sys_enter_rt_sigaction
sys_enter_rt_sigaction
sys_enter_rt_sigaction
sys_enter_rt_sigaction
sys_enter_rt_sigaction
sys_enter_rt_sigaction
sys_enter_rt_sigaction
sys_enter_rt_sigaction
sys_enter_rt_sigaction
sys_enter_rt_sigaction
sys_enter_rt_sigaction
sys_enter_rt_sigaction
sys_enter_rt_sigaction
sys_enter_rt_sigaction
sys_enter_rt_sigaction
sys_enter_rt_sigaction
sys_enter_rt_sigaction
sys_enter_rt_sigaction
sys_enter_rt_sigaction
sys_enter_rt_sigaction
sys_enter_rt_sigaction
sys_enter_rt_sigaction
sys_enter_rt_sigaction
sys_enter_rt_sigaction
sys_enter_rt_sigaction
sys_enter_rt_sigaction
sys_enter_rt_sigaction
sys_enter_rt_sigaction
sys_enter_rt_sigaction
sys_enter_rt_sigaction
sys_enter_rt_sigaction
sys_enter_rt_sigaction
sys_enter_rt_sigaction
sys_enter_rt_sigaction
sys_enter_rt_sigaction
sys_enter_rt_sigaction
sys_enter_rt_sigaction
sys_enter_rt_sigaction
sys_enter_rt_sigaction
sys_enter_rt_sigaction
sys_enter_rt_sigaction
sys_enter_rt_sigaction
sys_enter_rt_sigaction
sys_enter_rt_sigaction
sys_enter_rt_sigaction
sys_enter_rt_sigaction
sys_enter_rt_sigaction
sys_enter_rt_sigaction
sys_enter_rt_sigaction
sys_enter_rt_sigaction
sys_enter_rt_sigaction
sys_enter_rt_sigaction
sys_enter_rt_sigaction
sys_enter_rt_sigaction
sys_enter_rt_sigaction
sys_enter_rt_sigaction
sys_enter_rt_sigaction
sys_enter_rt_sigaction
sys_enter_rt_sigaction
sys_enter_rt_sigaction
sys_enter_rt_sigaction
sys_enter_rt_sigaction
sys_enter_rt_sigaction
sys_enter_rt_sigaction
sys_enter_rt_sigprocmask
sys_enter_clone
sys_enter_rt_sigprocmask
sys_enter_gettid
sys_enter_sigaltstack
sys_enter_sigaltstack
sys_enter_gettid
sys_enter_rt_sigprocmask
sys_enter_rt_sigprocmask
sys_enter_clone
sys_enter_rt_sigprocmask
sys_enter_gettid
sys_enter_sigaltstack
sys_enter_sigaltstack
sys_enter_rt_sigprocmask
sys_enter_clone
sys_enter_gettid
sys_enter_rt_sigprocmask
sys_enter_rt_sigprocmask
sys_enter_sched_yield
sys_enter_gettid
sys_enter_futex
sys_enter_sigaltstack
sys_enter_sigaltstack
sys_enter_futex
sys_enter_futex
sys_enter_futex
sys_enter_gettid
sys_enter_rt_sigprocmask
sys_enter_futex
sys_enter_futex
sys_enter_rt_sigprocmask
sys_enter_clone
sys_enter_rt_sigprocmask
sys_enter_futex
sys_enter_gettid
sys_enter_sigaltstack
sys_enter_sigaltstack
sys_enter_gettid
sys_enter_rt_sigprocmask
sys_enter_futex
sys_enter_futex
sys_enter_mmap
sys_enter_futex
sys_enter_futex
sys_enter_futex
sys_enter_openat
sys_enter_read
sys_enter_read
sys_enter_close
sys_enter_socket
sys_enter_close
sys_enter_socket
sys_enter_setsockopt
sys_enter_bind
sys_enter_socket
sys_enter_setsockopt
sys_enter_bind
sys_enter_close
sys_enter_close
sys_enter_getpid
sys_enter_getppid
sys_enter_mmap
sys_enter_mmap
sys_enter_getppid
sys_enter_openat
sys_enter_pipe2
sys_enter_getpid
sys_enter_clone
sys_enter_setsid
sys_enter_close
sys_enter_read
sys_enter_chdir
sys_enter_execve
sys_enter_close
sys_enter_exit_group
sys_enter_mmap
sys_enter_mmap
sys_enter_mprotect
sys_enter_mmap
sys_enter_mmap
sys_enter_mprotect
sys_enter_mmap
sys_enter_mprotect
sys_enter_mmap
sys_enter_mprotect
sys_enter_mmap
sys_enter_mmap
sys_enter_close
sys_enter_munmap
sys_enter_sched_getaffinity
sys_enter_mmap
sys_enter_munmap
sys_enter_mmap
sys_enter_mmap
sys_enter_mmap
sys_enter_mmap
sys_enter_mmap
sys_enter_mmap
sys_enter_rt_sigprocmask
sys_enter_sigaltstack
sys_enter_sigaltstack
sys_enter_gettid
sys_enter_rt_sigprocmask
sys_enter_rt_sigaction
sys_enter_rt_sigaction
sys_enter_rt_sigaction
sys_enter_rt_sigaction
sys_enter_rt_sigaction
sys_enter_rt_sigaction
sys_enter_rt_sigaction
sys_enter_rt_sigaction
sys_enter_rt_sigaction
sys_enter_rt_sigaction
sys_enter_rt_sigaction
sys_enter_rt_sigaction
sys_enter_rt_sigaction
sys_enter_rt_sigaction
sys_enter_rt_sigaction
sys_enter_rt_sigaction
sys_enter_rt_sigaction
sys_enter_rt_sigaction
sys_enter_rt_sigaction
sys_enter_rt_sigaction
sys_enter_rt_sigaction
sys_enter_rt_sigaction
sys_enter_rt_sigaction
sys_enter_rt_sigaction
sys_enter_rt_sigaction
sys_enter_rt_sigaction
sys_enter_rt_sigaction
sys_enter_rt_sigaction
sys_enter_rt_sigaction
sys_enter_rt_sigaction
sys_enter_rt_sigaction
sys_enter_rt_sigaction
sys_enter_rt_sigaction
sys_enter_rt_sigaction
sys_enter_rt_sigaction
sys_enter_rt_sigaction
sys_enter_rt_sigaction
sys_enter_rt_sigaction
sys_enter_rt_sigaction
sys_enter_rt_sigaction
sys_enter_rt_sigaction
sys_enter_rt_sigaction
sys_enter_rt_sigaction
sys_enter_rt_sigaction
sys_enter_rt_sigaction
sys_enter_rt_sigaction
sys_enter_rt_sigaction
sys_enter_rt_sigaction
sys_enter_rt_sigaction
sys_enter_rt_sigaction
sys_enter_rt_sigaction
sys_enter_rt_sigaction
sys_enter_rt_sigaction
sys_enter_rt_sigaction
sys_enter_rt_sigaction
sys_enter_rt_sigaction
sys_enter_rt_sigaction
sys_enter_rt_sigaction
sys_enter_rt_sigaction
sys_enter_rt_sigaction
sys_enter_rt_sigaction
sys_enter_rt_sigaction
sys_enter_rt_sigaction
sys_enter_rt_sigaction
sys_enter_rt_sigaction
sys_enter_rt_sigaction
sys_enter_rt_sigaction
sys_enter_rt_sigaction
sys_enter_rt_sigaction
sys_enter_rt_sigaction
sys_enter_rt_sigaction
sys_enter_rt_sigaction
sys_enter_rt_sigaction
sys_enter_rt_sigaction
sys_enter_rt_sigaction
sys_enter_rt_sigaction
sys_enter_rt_sigaction
sys_enter_rt_sigaction
sys_enter_rt_sigaction
sys_enter_rt_sigaction
sys_enter_rt_sigaction
sys_enter_rt_sigaction
sys_enter_rt_sigaction
sys_enter_rt_sigaction
sys_enter_rt_sigaction
sys_enter_rt_sigaction
sys_enter_rt_sigaction
sys_enter_rt_sigaction
sys_enter_rt_sigaction
sys_enter_rt_sigaction
sys_enter_rt_sigaction
sys_enter_rt_sigaction
sys_enter_rt_sigaction
sys_enter_rt_sigaction
sys_enter_rt_sigaction
sys_enter_rt_sigaction
sys_enter_rt_sigaction
sys_enter_rt_sigaction
sys_enter_rt_sigaction
sys_enter_rt_sigaction
sys_enter_rt_sigaction
sys_enter_rt_sigaction
sys_enter_rt_sigaction
sys_enter_rt_sigaction
sys_enter_rt_sigaction
sys_enter_rt_sigaction
sys_enter_rt_sigaction
sys_enter_rt_sigaction
sys_enter_rt_sigaction
sys_enter_rt_sigaction
sys_enter_rt_sigaction
sys_enter_rt_sigaction
sys_enter_rt_sigaction
sys_enter_rt_sigaction
sys_enter_rt_sigprocmask
sys_enter_clone
sys_enter_rt_sigprocmask
sys_enter_gettid
sys_enter_sigaltstack
sys_enter_sigaltstack
sys_enter_gettid
sys_enter_rt_sigprocmask
sys_enter_rt_sigprocmask
sys_enter_clone
sys_enter_rt_sigprocmask
sys_enter_gettid
sys_enter_sigaltstack
sys_enter_sigaltstack
sys_enter_gettid
sys_enter_rt_sigprocmask
sys_enter_rt_sigprocmask
sys_enter_clone
sys_enter_rt_sigprocmask
sys_enter_clone
sys_enter_rt_sigprocmask
sys_enter_futex
sys_enter_rt_sigprocmask
sys_enter_gettid
sys_enter_sigaltstack
sys_enter_sigaltstack
sys_enter_gettid
sys_enter_rt_sigprocmask
sys_enter_gettid
sys_enter_futex
sys_enter_sigaltstack
sys_enter_sigaltstack
sys_enter_futex
sys_enter_gettid
sys_enter_rt_sigprocmask
sys_enter_futex
sys_enter_futex
sys_enter_futex
sys_enter_mmap
sys_enter_futex
sys_enter_futex
sys_enter_futex
sys_enter_openat
sys_enter_read
sys_enter_read
sys_enter_close
sys_enter_socket
sys_enter_close
sys_enter_socket
sys_enter_setsockopt
sys_enter_bind
sys_enter_socket
sys_enter_setsockopt
sys_enter_bind
sys_enter_close
sys_enter_close
sys_enter_getpid
sys_enter_getppid
sys_enter_mmap
sys_enter_mmap
sys_enter_getppid
sys_enter_openat
sys_enter_pipe2
sys_enter_getpid
sys_enter_clone
sys_enter_setsid
sys_enter_close
sys_enter_read
sys_enter_chdir
sys_enter_execve
sys_enter_close
sys_enter_exit_group
sys_enter_mmap
sys_enter_mmap
sys_enter_mprotect
sys_enter_mmap
sys_enter_mmap
sys_enter_mprotect
sys_enter_mmap
sys_enter_mprotect
sys_enter_mmap
sys_enter_mprotect
sys_enter_mmap
sys_enter_mmap
sys_enter_close
sys_enter_munmap
sys_enter_sched_getaffinity
sys_enter_mmap
sys_enter_munmap
sys_enter_mmap
sys_enter_mmap
sys_enter_mmap
sys_enter_mmap
sys_enter_mmap
sys_enter_mmap
sys_enter_rt_sigprocmask
sys_enter_sigaltstack
sys_enter_sigaltstack
sys_enter_gettid
sys_enter_rt_sigprocmask
sys_enter_rt_sigaction
sys_enter_rt_sigaction
sys_enter_rt_sigaction
sys_enter_rt_sigaction
sys_enter_rt_sigaction
sys_enter_rt_sigaction
sys_enter_rt_sigaction
sys_enter_rt_sigaction
sys_enter_rt_sigaction
sys_enter_rt_sigaction
sys_enter_rt_sigaction
sys_enter_rt_sigaction
sys_enter_rt_sigaction
sys_enter_rt_sigaction
sys_enter_rt_sigaction
sys_enter_rt_sigaction
sys_enter_rt_sigaction
sys_enter_rt_sigaction
sys_enter_rt_sigaction
sys_enter_rt_sigaction
sys_enter_rt_sigaction
sys_enter_rt_sigaction
sys_enter_rt_sigaction
sys_enter_rt_sigaction
sys_enter_rt_sigaction
sys_enter_rt_sigaction
sys_enter_rt_sigaction
sys_enter_rt_sigaction
sys_enter_rt_sigaction
sys_enter_rt_sigaction
sys_enter_rt_sigaction
sys_enter_rt_sigaction
sys_enter_rt_sigaction
sys_enter_rt_sigaction
sys_enter_rt_sigaction
sys_enter_rt_sigaction
sys_enter_rt_sigaction
sys_enter_rt_sigaction
sys_enter_rt_sigaction
sys_enter_rt_sigaction
sys_enter_rt_sigaction
sys_enter_rt_sigaction
sys_enter_rt_sigaction
sys_enter_rt_sigaction
sys_enter_rt_sigaction
sys_enter_rt_sigaction
sys_enter_rt_sigaction
sys_enter_rt_sigaction
sys_enter_rt_sigaction
sys_enter_rt_sigaction
sys_enter_rt_sigaction
sys_enter_rt_sigaction
sys_enter_rt_sigaction
sys_enter_rt_sigaction
sys_enter_rt_sigaction
sys_enter_rt_sigaction
sys_enter_rt_sigaction
sys_enter_rt_sigaction
sys_enter_rt_sigaction
sys_enter_rt_sigaction
sys_enter_rt_sigaction
sys_enter_rt_sigaction
sys_enter_rt_sigaction
sys_enter_rt_sigaction
sys_enter_rt_sigaction
sys_enter_rt_sigaction
sys_enter_rt_sigaction
sys_enter_rt_sigaction
sys_enter_rt_sigaction
sys_enter_rt_sigaction
sys_enter_rt_sigaction
sys_enter_rt_sigaction
sys_enter_rt_sigaction
sys_enter_rt_sigaction
sys_enter_rt_sigaction
sys_enter_rt_sigaction
sys_enter_rt_sigaction
sys_enter_rt_sigaction
sys_enter_rt_sigaction
sys_enter_rt_sigaction
sys_enter_rt_sigaction
sys_enter_rt_sigaction
sys_enter_rt_sigaction
sys_enter_rt_sigaction
sys_enter_rt_sigaction
sys_enter_rt_sigaction
sys_enter_rt_sigaction
sys_enter_rt_sigaction
sys_enter_rt_sigaction
sys_enter_rt_sigaction
sys_enter_rt_sigaction
sys_enter_rt_sigaction
sys_enter_rt_sigaction
sys_enter_rt_sigaction
sys_enter_rt_sigaction
sys_enter_rt_sigaction
sys_enter_rt_sigaction
sys_enter_rt_sigaction
sys_enter_rt_sigaction
sys_enter_rt_sigaction
sys_enter_rt_sigaction
sys_enter_rt_sigaction
sys_enter_rt_sigaction
sys_enter_rt_sigaction
sys_enter_rt_sigaction
sys_enter_rt_sigaction
sys_enter_rt_sigaction
sys_enter_rt_sigaction
sys_enter_rt_sigaction
sys_enter_rt_sigaction
sys_enter_rt_sigaction
sys_enter_rt_sigaction
sys_enter_rt_sigaction
sys_enter_rt_sigaction
sys_enter_rt_sigprocmask
sys_enter_clone
sys_enter_rt_sigprocmask
sys_enter_gettid
sys_enter_sigaltstack
sys_enter_sigaltstack
sys_enter_gettid
sys_enter_rt_sigprocmask
sys_enter_rt_sigprocmask
sys_enter_clone
sys_enter_rt_sigprocmask
sys_enter_gettid
sys_enter_sigaltstack
sys_enter_sigaltstack
sys_enter_gettid
sys_enter_rt_sigprocmask
sys_enter_rt_sigprocmask
sys_enter_clone
sys_enter_rt_sigprocmask
sys_enter_futex
sys_enter_rt_sigprocmask
sys_enter_clone
sys_enter_gettid
sys_enter_sigaltstack
sys_enter_sigaltstack
sys_enter_gettid
sys_enter_rt_sigprocmask
sys_enter_futex
sys_enter_futex
sys_enter_sigaltstack
sys_enter_sigaltstack
sys_enter_gettid
sys_enter_rt_sigprocmask
sys_enter_gettid
sys_enter_rt_sigprocmask
sys_enter_futex
sys_enter_futex
sys_enter_futex
sys_enter_mmap
sys_enter_futex
sys_enter_futex
sys_enter_futex
sys_enter_openat
sys_enter_read
sys_enter_read
sys_enter_close
sys_enter_socket
sys_enter_close
sys_enter_socket
sys_enter_setsockopt
sys_enter_bind
sys_enter_socket
sys_enter_setsockopt
sys_enter_bind
sys_enter_close
sys_enter_close
sys_enter_getpid
sys_enter_getppid
sys_enter_mmap
sys_enter_mmap
sys_enter_getppid
sys_enter_openat
sys_enter_pipe2
sys_enter_getpid
sys_enter_clone
sys_enter_setsid
sys_enter_close
sys_enter_read
sys_enter_chdir
sys_enter_execve
sys_enter_close
sys_enter_exit_group
sys_enter_mmap
sys_enter_mmap
sys_enter_mprotect
sys_enter_mmap
sys_enter_mmap
sys_enter_mprotect
sys_enter_mmap
sys_enter_mprotect
sys_enter_mmap
sys_enter_mprotect
sys_enter_mmap
sys_enter_mmap
sys_enter_close
sys_enter_munmap
sys_enter_sched_getaffinity
sys_enter_mmap
sys_enter_munmap
sys_enter_mmap
sys_enter_mmap
sys_enter_mmap
sys_enter_mmap
sys_enter_mmap
sys_enter_mmap
sys_enter_rt_sigprocmask
sys_enter_sigaltstack
sys_enter_sigaltstack
sys_enter_gettid
sys_enter_rt_sigprocmask
sys_enter_rt_sigaction
sys_enter_rt_sigaction
sys_enter_rt_sigaction
sys_enter_rt_sigaction
sys_enter_rt_sigaction
sys_enter_rt_sigaction
sys_enter_rt_sigaction
sys_enter_rt_sigaction
sys_enter_rt_sigaction
sys_enter_rt_sigaction
sys_enter_rt_sigaction
sys_enter_rt_sigaction
sys_enter_rt_sigaction
sys_enter_rt_sigaction
sys_enter_rt_sigaction
sys_enter_rt_sigaction
sys_enter_rt_sigaction
sys_enter_rt_sigaction
sys_enter_rt_sigaction
sys_enter_rt_sigaction
sys_enter_rt_sigaction
sys_enter_rt_sigaction
sys_enter_rt_sigaction
sys_enter_rt_sigaction
sys_enter_rt_sigaction
sys_enter_rt_sigaction
sys_enter_rt_sigaction
sys_enter_rt_sigaction
sys_enter_rt_sigaction
sys_enter_rt_sigaction
sys_enter_rt_sigaction
sys_enter_rt_sigaction
sys_enter_rt_sigaction
sys_enter_rt_sigaction
sys_enter_rt_sigaction
sys_enter_rt_sigaction
sys_enter_rt_sigaction
sys_enter_rt_sigaction
sys_enter_rt_sigaction
sys_enter_rt_sigaction
sys_enter_rt_sigaction
sys_enter_rt_sigaction
sys_enter_rt_sigaction
sys_enter_rt_sigaction
sys_enter_rt_sigaction
sys_enter_rt_sigaction
sys_enter_rt_sigaction
sys_enter_rt_sigaction
sys_enter_rt_sigaction
sys_enter_rt_sigaction
sys_enter_rt_sigaction
sys_enter_rt_sigaction
sys_enter_rt_sigaction
sys_enter_rt_sigaction
sys_enter_rt_sigaction
sys_enter_rt_sigaction
sys_enter_rt_sigaction
sys_enter_rt_sigaction
sys_enter_rt_sigaction
sys_enter_rt_sigaction
sys_enter_rt_sigaction
sys_enter_rt_sigaction
sys_enter_rt_sigaction
sys_enter_rt_sigaction
sys_enter_rt_sigaction
sys_enter_rt_sigaction
sys_enter_rt_sigaction
sys_enter_rt_sigaction
sys_enter_rt_sigaction
sys_enter_rt_sigaction
sys_enter_rt_sigaction
sys_enter_rt_sigaction
sys_enter_rt_sigaction
sys_enter_rt_sigaction
sys_enter_rt_sigaction
sys_enter_rt_sigaction
sys_enter_rt_sigaction
sys_enter_rt_sigaction
sys_enter_rt_sigaction
sys_enter_rt_sigaction
sys_enter_rt_sigaction
sys_enter_rt_sigaction
sys_enter_rt_sigaction
sys_enter_rt_sigaction
sys_enter_rt_sigaction
sys_enter_rt_sigaction
sys_enter_rt_sigaction
sys_enter_rt_sigaction
sys_enter_rt_sigaction
sys_enter_rt_sigaction
sys_enter_rt_sigaction
sys_enter_rt_sigaction
sys_enter_rt_sigaction
sys_enter_rt_sigaction
sys_enter_rt_sigaction
sys_enter_rt_sigaction
sys_enter_rt_sigaction
sys_enter_rt_sigaction
sys_enter_rt_sigaction
sys_enter_rt_sigaction
sys_enter_rt_sigaction
sys_enter_rt_sigaction
sys_enter_rt_sigaction
sys_enter_rt_sigaction
sys_enter_rt_sigaction
sys_enter_rt_sigaction
sys_enter_rt_sigaction
sys_enter_rt_sigaction
sys_enter_rt_sigaction
sys_enter_rt_sigaction
sys_enter_rt_sigaction
sys_enter_rt_sigaction
sys_enter_rt_sigaction
sys_enter_rt_sigaction
sys_enter_rt_sigprocmask
sys_enter_clone
sys_enter_rt_sigprocmask
sys_enter_gettid
sys_enter_sigaltstack
sys_enter_sigaltstack
sys_enter_gettid
sys_enter_rt_sigprocmask
sys_enter_gettid
sys_enter_sigaltstack
sys_enter_sigaltstack
sys_enter_gettid
sys_enter_rt_sigprocmask
sys_enter_rt_sigprocmask
sys_enter_clone
sys_enter_rt_sigprocmask
sys_enter_rt_sigprocmask
sys_enter_clone
sys_enter_rt_sigprocmask
sys_enter_clone
sys_enter_rt_sigprocmask
sys_enter_futex
sys_enter_gettid
sys_enter_sigaltstack
sys_enter_sigaltstack
sys_enter_gettid
sys_enter_rt_sigprocmask
sys_enter_rt_sigprocmask
sys_enter_gettid
sys_enter_futex
sys_enter_sigaltstack
sys_enter_sigaltstack
sys_enter_gettid
sys_enter_rt_sigprocmask
sys_enter_futex
sys_enter_futex
sys_enter_futex
sys_enter_mmap
sys_enter_futex
sys_enter_futex
sys_enter_futex
sys_enter_openat
sys_enter_futex
sys_enter_read
sys_enter_read
sys_enter_close
sys_enter_socket
sys_enter_close
sys_enter_socket
sys_enter_setsockopt
sys_enter_bind
sys_enter_socket
sys_enter_setsockopt
sys_enter_bind
sys_enter_close
sys_enter_close
sys_enter_getpid
sys_enter_getppid
sys_enter_mmap
sys_enter_mmap
sys_enter_getppid
sys_enter_openat
sys_enter_pipe2
sys_enter_getpid
sys_enter_clone
sys_enter_setsid
sys_enter_close
sys_enter_read
sys_enter_chdir
sys_enter_execve
sys_enter_close
sys_enter_exit_group
sys_enter_mmap
sys_enter_mmap
sys_enter_mprotect
sys_enter_mmap
sys_enter_mmap
sys_enter_mprotect
sys_enter_mmap
sys_enter_mprotect
sys_enter_mmap
sys_enter_mprotect
sys_enter_mmap
sys_enter_mmap
sys_enter_close
sys_enter_munmap
sys_enter_sched_getaffinity
sys_enter_mmap
sys_enter_munmap
sys_enter_mmap
sys_enter_mmap
sys_enter_mmap
sys_enter_mmap
sys_enter_mmap
sys_enter_mmap
sys_enter_rt_sigprocmask
sys_enter_sigaltstack
sys_enter_sigaltstack
sys_enter_gettid
sys_enter_rt_sigprocmask
sys_enter_rt_sigaction
sys_enter_rt_sigaction
sys_enter_rt_sigaction
sys_enter_rt_sigaction
sys_enter_rt_sigaction
sys_enter_rt_sigaction
sys_enter_rt_sigaction
sys_enter_rt_sigaction
sys_enter_rt_sigaction
sys_enter_rt_sigaction
sys_enter_rt_sigaction
sys_enter_rt_sigaction
sys_enter_rt_sigaction
sys_enter_rt_sigaction
sys_enter_rt_sigaction
sys_enter_rt_sigaction
sys_enter_rt_sigaction
sys_enter_rt_sigaction
sys_enter_rt_sigaction
sys_enter_rt_sigaction
sys_enter_rt_sigaction
sys_enter_rt_sigaction
sys_enter_rt_sigaction
sys_enter_rt_sigaction
sys_enter_rt_sigaction
sys_enter_rt_sigaction
sys_enter_rt_sigaction
sys_enter_rt_sigaction
sys_enter_rt_sigaction
sys_enter_rt_sigaction
sys_enter_rt_sigaction
sys_enter_rt_sigaction
sys_enter_rt_sigaction
sys_enter_rt_sigaction
sys_enter_rt_sigaction
sys_enter_rt_sigaction
sys_enter_rt_sigaction
sys_enter_rt_sigaction
sys_enter_rt_sigaction
sys_enter_rt_sigaction
sys_enter_rt_sigaction
sys_enter_rt_sigaction
sys_enter_rt_sigaction
sys_enter_rt_sigaction
sys_enter_rt_sigaction
sys_enter_rt_sigaction
sys_enter_rt_sigaction
sys_enter_rt_sigaction
sys_enter_rt_sigaction
sys_enter_rt_sigaction
sys_enter_rt_sigaction
sys_enter_rt_sigaction
sys_enter_rt_sigaction
sys_enter_rt_sigaction
sys_enter_rt_sigaction
sys_enter_rt_sigaction
sys_enter_rt_sigaction
sys_enter_rt_sigaction
sys_enter_rt_sigaction
sys_enter_rt_sigaction
sys_enter_rt_sigaction
sys_enter_rt_sigaction
sys_enter_rt_sigaction
sys_enter_rt_sigaction
sys_enter_rt_sigaction
sys_enter_rt_sigaction
sys_enter_rt_sigaction
sys_enter_rt_sigaction
sys_enter_rt_sigaction
sys_enter_rt_sigaction
sys_enter_rt_sigaction
sys_enter_rt_sigaction
sys_enter_rt_sigaction
sys_enter_rt_sigaction
sys_enter_rt_sigaction
sys_enter_rt_sigaction
sys_enter_rt_sigaction
sys_enter_rt_sigaction
sys_enter_rt_sigaction
sys_enter_rt_sigaction
sys_enter_rt_sigaction
sys_enter_rt_sigaction
sys_enter_rt_sigaction
sys_enter_rt_sigaction
sys_enter_rt_sigaction
sys_enter_rt_sigaction
sys_enter_rt_sigaction
sys_enter_rt_sigaction
sys_enter_rt_sigaction
sys_enter_rt_sigaction
sys_enter_rt_sigaction
sys_enter_rt_sigaction
sys_enter_rt_sigaction
sys_enter_rt_sigaction
sys_enter_rt_sigaction
sys_enter_rt_sigaction
sys_enter_rt_sigaction
sys_enter_rt_sigaction
sys_enter_rt_sigaction
sys_enter_rt_sigaction
sys_enter_rt_sigaction
sys_enter_rt_sigaction
sys_enter_rt_sigaction
sys_enter_rt_sigaction
sys_enter_rt_sigaction
sys_enter_rt_sigaction
sys_enter_rt_sigaction
sys_enter_rt_sigaction
sys_enter_rt_sigaction
sys_enter_rt_sigaction
sys_enter_rt_sigaction
sys_enter_rt_sigaction
sys_enter_rt_sigaction
sys_enter_rt_sigaction
sys_enter_rt_sigprocmask
sys_enter_clone
sys_enter_rt_sigprocmask
sys_enter_gettid
sys_enter_sigaltstack
sys_enter_sigaltstack
sys_enter_gettid
sys_enter_rt_sigprocmask
sys_enter_rt_sigprocmask
sys_enter_clone
sys_enter_rt_sigprocmask
sys_enter_gettid
sys_enter_sigaltstack
sys_enter_sigaltstack
sys_enter_gettid
sys_enter_rt_sigprocmask
sys_enter_rt_sigprocmask
sys_enter_clone
sys_enter_rt_sigprocmask
sys_enter_sched_yield
sys_enter_futex
sys_enter_futex
sys_enter_futex
sys_enter_gettid
sys_enter_sigaltstack
sys_enter_sigaltstack
sys_enter_gettid
sys_enter_rt_sigprocmask
sys_enter_futex
sys_enter_futex
sys_enter_futex
sys_enter_rt_sigprocmask
sys_enter_clone
sys_enter_rt_sigprocmask
sys_enter_futex
sys_enter_gettid
sys_enter_sigaltstack
sys_enter_sigaltstack
sys_enter_gettid
sys_enter_rt_sigprocmask
sys_enter_futex
sys_enter_futex
sys_enter_mmap
sys_enter_futex
sys_enter_futex
sys_enter_futex
sys_enter_openat
sys_enter_read
sys_enter_read
sys_enter_close
sys_enter_socket
sys_enter_close
sys_enter_socket
sys_enter_setsockopt
sys_enter_bind
sys_enter_socket
sys_enter_setsockopt
sys_enter_bind
sys_enter_close
sys_enter_close
sys_enter_getpid
sys_enter_getppid
sys_enter_mmap
sys_enter_mmap
sys_enter_getppid
sys_enter_openat
sys_enter_pipe2
sys_enter_getpid
sys_enter_clone
sys_enter_setsid
sys_enter_chdir
sys_enter_close
sys_enter_execve
sys_enter_read
sys_enter_close
sys_enter_exit_group
sys_enter_mmap
sys_enter_mmap
sys_enter_mprotect
sys_enter_mmap
sys_enter_mmap
sys_enter_mprotect
sys_enter_mmap
sys_enter_mprotect
sys_enter_mmap
sys_enter_mprotect
sys_enter_mmap
sys_enter_mmap
sys_enter_close
sys_enter_munmap
sys_enter_sched_getaffinity
sys_enter_mmap
sys_enter_munmap
sys_enter_mmap
sys_enter_mmap
sys_enter_mmap
sys_enter_mmap
sys_enter_mmap
sys_enter_mmap
sys_enter_rt_sigprocmask
sys_enter_sigaltstack
sys_enter_sigaltstack
sys_enter_gettid
sys_enter_rt_sigprocmask
sys_enter_rt_sigaction
sys_enter_rt_sigaction
sys_enter_rt_sigaction
sys_enter_rt_sigaction
sys_enter_rt_sigaction
sys_enter_rt_sigaction
sys_enter_rt_sigaction
sys_enter_rt_sigaction
sys_enter_rt_sigaction
sys_enter_rt_sigaction
sys_enter_rt_sigaction
sys_enter_rt_sigaction
sys_enter_rt_sigaction
sys_enter_rt_sigaction
sys_enter_rt_sigaction
sys_enter_rt_sigaction
sys_enter_rt_sigaction
sys_enter_rt_sigaction
sys_enter_rt_sigaction
sys_enter_rt_sigaction
sys_enter_rt_sigaction
sys_enter_rt_sigaction
sys_enter_rt_sigaction
sys_enter_rt_sigaction
sys_enter_rt_sigaction
sys_enter_rt_sigaction
sys_enter_rt_sigaction
sys_enter_rt_sigaction
sys_enter_rt_sigaction
sys_enter_rt_sigaction
sys_enter_rt_sigaction
sys_enter_rt_sigaction
sys_enter_rt_sigaction
sys_enter_rt_sigaction
sys_enter_rt_sigaction
sys_enter_rt_sigaction
sys_enter_rt_sigaction
sys_enter_rt_sigaction
sys_enter_rt_sigaction
sys_enter_rt_sigaction
sys_enter_rt_sigaction
sys_enter_rt_sigaction
sys_enter_rt_sigaction
sys_enter_rt_sigaction
sys_enter_rt_sigaction
sys_enter_rt_sigaction
sys_enter_rt_sigaction
sys_enter_rt_sigaction
sys_enter_rt_sigaction
sys_enter_rt_sigaction
sys_enter_rt_sigaction
sys_enter_rt_sigaction
sys_enter_rt_sigaction
sys_enter_rt_sigaction
sys_enter_rt_sigaction
sys_enter_rt_sigaction
sys_enter_rt_sigaction
sys_enter_rt_sigaction
sys_enter_rt_sigaction
sys_enter_rt_sigaction
sys_enter_rt_sigaction
sys_enter_rt_sigaction
sys_enter_rt_sigaction
sys_enter_rt_sigaction
sys_enter_rt_sigaction
sys_enter_rt_sigaction
sys_enter_rt_sigaction
sys_enter_rt_sigaction
sys_enter_rt_sigaction
sys_enter_rt_sigaction
sys_enter_rt_sigaction
sys_enter_rt_sigaction
sys_enter_rt_sigaction
sys_enter_rt_sigaction
sys_enter_rt_sigaction
sys_enter_rt_sigaction
sys_enter_rt_sigaction
sys_enter_rt_sigaction
sys_enter_rt_sigaction
sys_enter_rt_sigaction
sys_enter_rt_sigaction
sys_enter_rt_sigaction
sys_enter_rt_sigaction
sys_enter_rt_sigaction
sys_enter_rt_sigaction
sys_enter_rt_sigaction
sys_enter_rt_sigaction
sys_enter_rt_sigaction
sys_enter_rt_sigaction
sys_enter_rt_sigaction
sys_enter_rt_sigaction
sys_enter_rt_sigaction
sys_enter_rt_sigaction
sys_enter_rt_sigaction
sys_enter_rt_sigaction
sys_enter_rt_sigaction
sys_enter_rt_sigaction
sys_enter_rt_sigaction
sys_enter_rt_sigaction
sys_enter_rt_sigaction
sys_enter_rt_sigaction
sys_enter_rt_sigaction
sys_enter_rt_sigaction
sys_enter_rt_sigaction
sys_enter_rt_sigaction
sys_enter_rt_sigaction
sys_enter_rt_sigaction
sys_enter_rt_sigaction
sys_enter_rt_sigaction
sys_enter_rt_sigaction
sys_enter_rt_sigaction
sys_enter_rt_sigaction
sys_enter_rt_sigaction
sys_enter_rt_sigaction
sys_enter_rt_sigprocmask
sys_enter_clone
sys_enter_rt_sigprocmask
sys_enter_gettid
sys_enter_sigaltstack
sys_enter_sigaltstack
sys_enter_gettid
sys_enter_rt_sigprocmask
sys_enter_rt_sigprocmask
sys_enter_clone
sys_enter_rt_sigprocmask
sys_enter_gettid
sys_enter_sigaltstack
sys_enter_sigaltstack
sys_enter_gettid
sys_enter_rt_sigprocmask
sys_enter_rt_sigprocmask
sys_enter_clone
sys_enter_rt_sigprocmask
sys_enter_futex
sys_enter_gettid
sys_enter_sigaltstack
sys_enter_sigaltstack
sys_enter_rt_sigprocmask
sys_enter_clone
sys_enter_gettid
sys_enter_rt_sigprocmask
sys_enter_futex
sys_enter_futex
sys_enter_rt_sigprocmask
sys_enter_futex
sys_enter_gettid
sys_enter_sigaltstack
sys_enter_sigaltstack
sys_enter_gettid
sys_enter_rt_sigprocmask
sys_enter_futex
sys_enter_futex
sys_enter_mmap
sys_enter_futex
sys_enter_futex
sys_enter_futex
sys_enter_openat
sys_enter_read
sys_enter_read
sys_enter_close
sys_enter_socket
sys_enter_close
sys_enter_socket
sys_enter_setsockopt
sys_enter_bind
sys_enter_socket
sys_enter_setsockopt
sys_enter_bind
sys_enter_close
sys_enter_close
sys_enter_getpid
sys_enter_getppid
sys_enter_mmap
sys_enter_mmap
sys_enter_getppid
sys_enter_openat
sys_enter_pipe2
sys_enter_getpid
sys_enter_clone
sys_enter_setsid
sys_enter_close
sys_enter_read
sys_enter_chdir
sys_enter_execve
sys_enter_close
sys_enter_exit_group
sys_enter_mmap
sys_enter_mmap
sys_enter_mprotect
sys_enter_mmap
sys_enter_mmap
sys_enter_mprotect
sys_enter_mmap
sys_enter_mprotect
sys_enter_mmap
sys_enter_mprotect
sys_enter_mmap
sys_enter_mmap
sys_enter_close
sys_enter_munmap
sys_enter_sched_getaffinity
sys_enter_mmap
sys_enter_munmap
sys_enter_mmap
sys_enter_mmap
sys_enter_mmap
sys_enter_mmap
sys_enter_mmap
sys_enter_mmap
sys_enter_rt_sigprocmask
sys_enter_sigaltstack
sys_enter_sigaltstack
sys_enter_gettid
sys_enter_rt_sigprocmask
sys_enter_rt_sigaction
sys_enter_rt_sigaction
sys_enter_rt_sigaction
sys_enter_rt_sigaction
sys_enter_rt_sigaction
sys_enter_rt_sigaction
sys_enter_rt_sigaction
sys_enter_rt_sigaction
sys_enter_rt_sigaction
sys_enter_rt_sigaction
sys_enter_rt_sigaction
sys_enter_rt_sigaction
sys_enter_rt_sigaction
sys_enter_rt_sigaction
sys_enter_rt_sigaction
sys_enter_rt_sigaction
sys_enter_rt_sigaction
sys_enter_rt_sigaction
sys_enter_rt_sigaction
sys_enter_rt_sigaction
sys_enter_rt_sigaction
sys_enter_rt_sigaction
sys_enter_rt_sigaction
sys_enter_rt_sigaction
sys_enter_rt_sigaction
sys_enter_rt_sigaction
sys_enter_rt_sigaction
sys_enter_rt_sigaction
sys_enter_rt_sigaction
sys_enter_rt_sigaction
sys_enter_rt_sigaction
sys_enter_rt_sigaction
sys_enter_rt_sigaction
sys_enter_rt_sigaction
sys_enter_rt_sigaction
sys_enter_rt_sigaction
sys_enter_rt_sigaction
sys_enter_rt_sigaction
sys_enter_rt_sigaction
sys_enter_rt_sigaction
sys_enter_rt_sigaction
sys_enter_rt_sigaction
sys_enter_rt_sigaction
sys_enter_rt_sigaction
sys_enter_rt_sigaction
sys_enter_rt_sigaction
sys_enter_rt_sigaction
sys_enter_rt_sigaction
sys_enter_rt_sigaction
sys_enter_rt_sigaction
sys_enter_rt_sigaction
sys_enter_rt_sigaction
sys_enter_rt_sigaction
sys_enter_rt_sigaction
sys_enter_rt_sigaction
sys_enter_rt_sigaction
sys_enter_rt_sigaction
sys_enter_rt_sigaction
sys_enter_rt_sigaction
sys_enter_rt_sigaction
sys_enter_rt_sigaction
sys_enter_rt_sigaction
sys_enter_rt_sigaction
sys_enter_rt_sigaction
sys_enter_rt_sigaction
sys_enter_rt_sigaction
sys_enter_rt_sigaction
sys_enter_rt_sigaction
sys_enter_rt_sigaction
sys_enter_rt_sigaction
sys_enter_rt_sigaction
sys_enter_rt_sigaction
sys_enter_rt_sigaction
sys_enter_rt_sigaction
sys_enter_rt_sigaction
sys_enter_rt_sigaction
sys_enter_rt_sigaction
sys_enter_rt_sigaction
sys_enter_rt_sigaction
sys_enter_rt_sigaction
sys_enter_rt_sigaction
sys_enter_rt_sigaction
sys_enter_rt_sigaction
sys_enter_rt_sigaction
sys_enter_rt_sigaction
sys_enter_rt_sigaction
sys_enter_rt_sigaction
sys_enter_rt_sigaction
sys_enter_rt_sigaction
sys_enter_rt_sigaction
sys_enter_rt_sigaction
sys_enter_rt_sigaction
sys_enter_rt_sigaction
sys_enter_rt_sigaction
sys_enter_rt_sigaction
sys_enter_rt_sigaction
sys_enter_rt_sigaction
sys_enter_rt_sigaction
sys_enter_rt_sigaction
sys_enter_rt_sigaction
sys_enter_rt_sigaction
sys_enter_rt_sigaction
sys_enter_rt_sigaction
sys_enter_rt_sigaction
sys_enter_rt_sigaction
sys_enter_rt_sigaction
sys_enter_rt_sigaction
sys_enter_rt_sigaction
sys_enter_rt_sigaction
sys_enter_rt_sigaction
sys_enter_rt_sigaction
sys_enter_rt_sigaction
sys_enter_rt_sigaction
sys_enter_rt_sigaction
sys_enter_rt_sigprocmask
sys_enter_clone
sys_enter_rt_sigprocmask
sys_enter_gettid
sys_enter_sigaltstack
sys_enter_sigaltstack
sys_enter_gettid
sys_enter_rt_sigprocmask
sys_enter_rt_sigprocmask
sys_enter_clone
sys_enter_rt_sigprocmask
sys_enter_rt_sigprocmask
sys_enter_clone
sys_enter_gettid
sys_enter_sigaltstack
sys_enter_sigaltstack
sys_enter_gettid
sys_enter_rt_sigprocmask
sys_enter_rt_sigprocmask
sys_enter_futex
sys_enter_rt_sigprocmask
sys_enter_clone
sys_enter_gettid
sys_enter_sigaltstack
sys_enter_sigaltstack
sys_enter_gettid
sys_enter_rt_sigprocmask
sys_enter_rt_sigprocmask
sys_enter_futex
sys_enter_gettid
sys_enter_futex
sys_enter_futex
sys_enter_sigaltstack
sys_enter_sigaltstack
sys_enter_gettid
sys_enter_rt_sigprocmask
sys_enter_futex
sys_enter_futex
sys_enter_mmap
sys_enter_futex
sys_enter_futex
sys_enter_futex
sys_enter_openat
sys_enter_read
sys_enter_read
sys_enter_close
sys_enter_socket
sys_enter_close
sys_enter_socket
sys_enter_setsockopt
sys_enter_bind
sys_enter_socket
sys_enter_setsockopt
sys_enter_bind
sys_enter_close
sys_enter_close
sys_enter_getpid
sys_enter_getppid
sys_enter_mmap
sys_enter_mmap
sys_enter_getppid
sys_enter_openat
sys_enter_pipe2
sys_enter_getpid
sys_enter_clone
sys_enter_setsid
sys_enter_close
sys_enter_read
sys_enter_chdir
sys_enter_execve
sys_enter_close
sys_enter_mmap
sys_enter_exit_group
sys_enter_mmap
sys_enter_mprotect
sys_enter_mmap
sys_enter_mmap
sys_enter_mprotect
sys_enter_mmap
sys_enter_mprotect
sys_enter_mmap
sys_enter_mprotect
sys_enter_mmap
sys_enter_mmap
sys_enter_close
sys_enter_munmap
sys_enter_sched_getaffinity
sys_enter_mmap
sys_enter_munmap
sys_enter_mmap
sys_enter_mmap
sys_enter_mmap
sys_enter_mmap
sys_enter_mmap
sys_enter_mmap
sys_enter_rt_sigprocmask
sys_enter_sigaltstack
sys_enter_sigaltstack
sys_enter_gettid
sys_enter_rt_sigprocmask
sys_enter_rt_sigaction
sys_enter_rt_sigaction
sys_enter_rt_sigaction
sys_enter_rt_sigaction
sys_enter_rt_sigaction
sys_enter_rt_sigaction
sys_enter_rt_sigaction
sys_enter_rt_sigaction
sys_enter_rt_sigaction
sys_enter_rt_sigaction
sys_enter_rt_sigaction
sys_enter_rt_sigaction
sys_enter_rt_sigaction
sys_enter_rt_sigaction
sys_enter_rt_sigaction
sys_enter_rt_sigaction
sys_enter_rt_sigaction
sys_enter_rt_sigaction
sys_enter_rt_sigaction
sys_enter_rt_sigaction
sys_enter_rt_sigaction
sys_enter_rt_sigaction
sys_enter_rt_sigaction
sys_enter_rt_sigaction
sys_enter_rt_sigaction
sys_enter_rt_sigaction
sys_enter_rt_sigaction
sys_enter_rt_sigaction
sys_enter_rt_sigaction
sys_enter_rt_sigaction
sys_enter_rt_sigaction
sys_enter_rt_sigaction
sys_enter_rt_sigaction
sys_enter_rt_sigaction
sys_enter_rt_sigaction
sys_enter_rt_sigaction
sys_enter_rt_sigaction
sys_enter_rt_sigaction
sys_enter_rt_sigaction
sys_enter_rt_sigaction
sys_enter_rt_sigaction
sys_enter_rt_sigaction
sys_enter_rt_sigaction
sys_enter_rt_sigaction
sys_enter_rt_sigaction
sys_enter_rt_sigaction
sys_enter_rt_sigaction
sys_enter_rt_sigaction
sys_enter_rt_sigaction
sys_enter_rt_sigaction
sys_enter_rt_sigaction
sys_enter_rt_sigaction
sys_enter_rt_sigaction
sys_enter_rt_sigaction
sys_enter_rt_sigaction
sys_enter_rt_sigaction
sys_enter_rt_sigaction
sys_enter_rt_sigaction
sys_enter_rt_sigaction
sys_enter_rt_sigaction
sys_enter_rt_sigaction
sys_enter_rt_sigaction
sys_enter_rt_sigaction
sys_enter_rt_sigaction
sys_enter_rt_sigaction
sys_enter_rt_sigaction
sys_enter_rt_sigaction
sys_enter_rt_sigaction
sys_enter_rt_sigaction
sys_enter_rt_sigaction
sys_enter_rt_sigaction
sys_enter_rt_sigaction
sys_enter_rt_sigaction
sys_enter_rt_sigaction
sys_enter_rt_sigaction
sys_enter_rt_sigaction
sys_enter_rt_sigaction
sys_enter_rt_sigaction
sys_enter_rt_sigaction
sys_enter_rt_sigaction
sys_enter_rt_sigaction
sys_enter_rt_sigaction
sys_enter_rt_sigaction
sys_enter_rt_sigaction
sys_enter_rt_sigaction
sys_enter_rt_sigaction
sys_enter_rt_sigaction
sys_enter_rt_sigaction
sys_enter_rt_sigaction
sys_enter_rt_sigaction
sys_enter_rt_sigaction
sys_enter_rt_sigaction
sys_enter_rt_sigaction
sys_enter_rt_sigaction
sys_enter_rt_sigaction
sys_enter_rt_sigaction
sys_enter_rt_sigaction
sys_enter_rt_sigaction
sys_enter_rt_sigaction
sys_enter_rt_sigaction
sys_enter_rt_sigaction
sys_enter_rt_sigaction
sys_enter_rt_sigaction
sys_enter_rt_sigaction
sys_enter_rt_sigaction
sys_enter_rt_sigaction
sys_enter_rt_sigaction
sys_enter_rt_sigaction
sys_enter_rt_sigaction
sys_enter_rt_sigaction
sys_enter_rt_sigaction
sys_enter_rt_sigaction
sys_enter_rt_sigaction
sys_enter_rt_sigaction
sys_enter_rt_sigprocmask
sys_enter_clone
sys_enter_rt_sigprocmask
sys_enter_gettid
sys_enter_sigaltstack
sys_enter_sigaltstack
sys_enter_gettid
sys_enter_rt_sigprocmask
sys_enter_rt_sigprocmask
sys_enter_clone
sys_enter_rt_sigprocmask
sys_enter_gettid
sys_enter_sigaltstack
sys_enter_sigaltstack
sys_enter_gettid
sys_enter_rt_sigprocmask
sys_enter_rt_sigprocmask
sys_enter_clone
sys_enter_rt_sigprocmask
sys_enter_sched_yield
sys_enter_futex
sys_enter_futex
sys_enter_futex
sys_enter_gettid
sys_enter_sigaltstack
sys_enter_sigaltstack
sys_enter_gettid
sys_enter_rt_sigprocmask
sys_enter_futex
sys_enter_futex
sys_enter_futex
sys_enter_rt_sigprocmask
sys_enter_clone
sys_enter_rt_sigprocmask
sys_enter_futex
sys_enter_gettid
sys_enter_sigaltstack
sys_enter_sigaltstack
sys_enter_gettid
sys_enter_rt_sigprocmask
sys_enter_futex
sys_enter_futex
sys_enter_mmap
sys_enter_futex
sys_enter_futex
sys_enter_futex
sys_enter_openat
sys_enter_read
sys_enter_read
sys_enter_close
sys_enter_socket
sys_enter_close
sys_enter_socket
sys_enter_setsockopt
sys_enter_bind
sys_enter_socket
sys_enter_setsockopt
sys_enter_bind
sys_enter_close
sys_enter_close
sys_enter_getpid
sys_enter_getppid
sys_enter_mmap
sys_enter_mmap
sys_enter_getppid
sys_enter_openat
sys_enter_pipe2
sys_enter_getpid
sys_enter_clone
sys_enter_setsid
sys_enter_close
sys_enter_read
sys_enter_chdir
sys_enter_execve
sys_enter_close
sys_enter_exit_group
sys_enter_mmap
sys_enter_mmap
sys_enter_mprotect
sys_enter_mmap
sys_enter_mmap
sys_enter_mprotect
sys_enter_mmap
sys_enter_mprotect
sys_enter_mmap
sys_enter_mprotect
sys_enter_mmap
sys_enter_mmap
sys_enter_close
sys_enter_munmap
sys_enter_sched_getaffinity
sys_enter_mmap
sys_enter_munmap
sys_enter_mmap
sys_enter_mmap
sys_enter_mmap
sys_enter_mmap
sys_enter_mmap
sys_enter_mmap
sys_enter_rt_sigprocmask
sys_enter_sigaltstack
sys_enter_sigaltstack
sys_enter_gettid
sys_enter_rt_sigprocmask
sys_enter_rt_sigaction
sys_enter_rt_sigaction
sys_enter_rt_sigaction
sys_enter_rt_sigaction
sys_enter_rt_sigaction
sys_enter_rt_sigaction
sys_enter_rt_sigaction
sys_enter_rt_sigaction
sys_enter_rt_sigaction
sys_enter_rt_sigaction
sys_enter_rt_sigaction
sys_enter_rt_sigaction
sys_enter_rt_sigaction
sys_enter_rt_sigaction
sys_enter_rt_sigaction
sys_enter_rt_sigaction
sys_enter_rt_sigaction
sys_enter_rt_sigaction
sys_enter_rt_sigaction
sys_enter_rt_sigaction
sys_enter_rt_sigaction
sys_enter_rt_sigaction
sys_enter_rt_sigaction
sys_enter_rt_sigaction
sys_enter_rt_sigaction
sys_enter_rt_sigaction
sys_enter_rt_sigaction
sys_enter_rt_sigaction
sys_enter_rt_sigaction
sys_enter_rt_sigaction
sys_enter_rt_sigaction
sys_enter_rt_sigaction
sys_enter_rt_sigaction
sys_enter_rt_sigaction
sys_enter_rt_sigaction
sys_enter_rt_sigaction
sys_enter_rt_sigaction
sys_enter_rt_sigaction
sys_enter_rt_sigaction
sys_enter_rt_sigaction
sys_enter_rt_sigaction
sys_enter_rt_sigaction
sys_enter_rt_sigaction
sys_enter_rt_sigaction
sys_enter_rt_sigaction
sys_enter_rt_sigaction
sys_enter_rt_sigaction
sys_enter_rt_sigaction
sys_enter_rt_sigaction
sys_enter_rt_sigaction
sys_enter_rt_sigaction
sys_enter_rt_sigaction
sys_enter_rt_sigaction
sys_enter_rt_sigaction
sys_enter_rt_sigaction
sys_enter_rt_sigaction
sys_enter_rt_sigaction
sys_enter_rt_sigaction
sys_enter_rt_sigaction
sys_enter_rt_sigaction
sys_enter_rt_sigaction
sys_enter_rt_sigaction
sys_enter_rt_sigaction
sys_enter_rt_sigaction
sys_enter_rt_sigaction
sys_enter_rt_sigaction
sys_enter_rt_sigaction
sys_enter_rt_sigaction
sys_enter_rt_sigaction
sys_enter_rt_sigaction
sys_enter_rt_sigaction
sys_enter_rt_sigaction
sys_enter_rt_sigaction
sys_enter_rt_sigaction
sys_enter_rt_sigaction
sys_enter_rt_sigaction
sys_enter_rt_sigaction
sys_enter_rt_sigaction
sys_enter_rt_sigaction
sys_enter_rt_sigaction
sys_enter_rt_sigaction
sys_enter_rt_sigaction
sys_enter_rt_sigaction
sys_enter_rt_sigaction
sys_enter_rt_sigaction
sys_enter_rt_sigaction
sys_enter_rt_sigaction
sys_enter_rt_sigaction
sys_enter_rt_sigaction
sys_enter_rt_sigaction
sys_enter_rt_sigaction
sys_enter_rt_sigaction
sys_enter_rt_sigaction
sys_enter_rt_sigaction
sys_enter_rt_sigaction
sys_enter_rt_sigaction
sys_enter_rt_sigaction
sys_enter_rt_sigaction
sys_enter_rt_sigaction
sys_enter_rt_sigaction
sys_enter_rt_sigaction
sys_enter_rt_sigaction
sys_enter_rt_sigaction
sys_enter_rt_sigaction
sys_enter_rt_sigaction
sys_enter_rt_sigaction
sys_enter_rt_sigaction
sys_enter_rt_sigaction
sys_enter_rt_sigaction
sys_enter_rt_sigaction
sys_enter_rt_sigaction
sys_enter_rt_sigaction
sys_enter_rt_sigaction
sys_enter_rt_sigaction
sys_enter_rt_sigprocmask
sys_enter_clone
sys_enter_rt_sigprocmask
sys_enter_gettid
sys_enter_sigaltstack
sys_enter_sigaltstack
sys_enter_gettid
sys_enter_rt_sigprocmask
sys_enter_rt_sigprocmask
sys_enter_clone
sys_enter_rt_sigprocmask
sys_enter_gettid
sys_enter_sigaltstack
sys_enter_sigaltstack
sys_enter_gettid
sys_enter_rt_sigprocmask
sys_enter_rt_sigprocmask
sys_enter_clone
sys_enter_rt_sigprocmask
sys_enter_clone
sys_enter_rt_sigprocmask
sys_enter_futex
sys_enter_gettid
sys_enter_sigaltstack
sys_enter_rt_sigprocmask
sys_enter_sigaltstack
sys_enter_gettid
sys_enter_gettid
sys_enter_rt_sigprocmask
sys_enter_sigaltstack
sys_enter_sigaltstack
sys_enter_futex
sys_enter_gettid
sys_enter_rt_sigprocmask
sys_enter_futex
sys_enter_futex
sys_enter_futex
sys_enter_futex
sys_enter_mmap
sys_enter_futex
sys_enter_futex
sys_enter_futex
sys_enter_openat
sys_enter_read
sys_enter_read
sys_enter_close
sys_enter_socket
sys_enter_close
sys_enter_socket
sys_enter_setsockopt
sys_enter_bind
sys_enter_socket
sys_enter_setsockopt
sys_enter_bind
sys_enter_close
sys_enter_close
sys_enter_getpid
sys_enter_getppid
sys_enter_mmap
sys_enter_mmap
sys_enter_getppid
sys_enter_openat
sys_enter_pipe2
sys_enter_getpid
sys_enter_clone
sys_enter_setsid
sys_enter_close
sys_enter_chdir
sys_enter_read
sys_enter_execve
sys_enter_close
sys_enter_exit_group
sys_enter_mmap
sys_enter_mmap
sys_enter_mprotect
sys_enter_mmap
sys_enter_mmap
sys_enter_mprotect
sys_enter_mmap
sys_enter_mprotect
sys_enter_mmap
sys_enter_mprotect
sys_enter_mmap
sys_enter_mmap
sys_enter_close
sys_enter_munmap
sys_enter_sched_getaffinity
sys_enter_mmap
sys_enter_munmap
sys_enter_mmap
sys_enter_mmap
sys_enter_mmap
sys_enter_mmap
sys_enter_mmap
sys_enter_mmap
sys_enter_rt_sigprocmask
sys_enter_sigaltstack
sys_enter_sigaltstack
sys_enter_gettid
sys_enter_rt_sigprocmask
sys_enter_rt_sigaction
sys_enter_rt_sigaction
sys_enter_rt_sigaction
sys_enter_rt_sigaction
sys_enter_rt_sigaction
sys_enter_rt_sigaction
sys_enter_rt_sigaction
sys_enter_rt_sigaction
sys_enter_rt_sigaction
sys_enter_rt_sigaction
sys_enter_rt_sigaction
sys_enter_rt_sigaction
sys_enter_rt_sigaction
sys_enter_rt_sigaction
sys_enter_rt_sigaction
sys_enter_rt_sigaction
sys_enter_rt_sigaction
sys_enter_rt_sigaction
sys_enter_rt_sigaction
sys_enter_rt_sigaction
sys_enter_rt_sigaction
sys_enter_rt_sigaction
sys_enter_rt_sigaction
sys_enter_rt_sigaction
sys_enter_rt_sigaction
sys_enter_rt_sigaction
sys_enter_rt_sigaction
sys_enter_rt_sigaction
sys_enter_rt_sigaction
sys_enter_rt_sigaction
sys_enter_rt_sigaction
sys_enter_rt_sigaction
sys_enter_rt_sigaction
sys_enter_rt_sigaction
sys_enter_rt_sigaction
sys_enter_rt_sigaction
sys_enter_rt_sigaction
sys_enter_rt_sigaction
sys_enter_rt_sigaction
sys_enter_rt_sigaction
sys_enter_rt_sigaction
sys_enter_rt_sigaction
sys_enter_rt_sigaction
sys_enter_rt_sigaction
sys_enter_rt_sigaction
sys_enter_rt_sigaction
sys_enter_rt_sigaction
sys_enter_rt_sigaction
sys_enter_rt_sigaction
sys_enter_rt_sigaction
sys_enter_rt_sigaction
sys_enter_rt_sigaction
sys_enter_rt_sigaction
sys_enter_rt_sigaction
sys_enter_rt_sigaction
sys_enter_rt_sigaction
sys_enter_rt_sigaction
sys_enter_rt_sigaction
sys_enter_rt_sigaction
sys_enter_rt_sigaction
sys_enter_rt_sigaction
sys_enter_rt_sigaction
sys_enter_rt_sigaction
sys_enter_rt_sigaction
sys_enter_rt_sigaction
sys_enter_rt_sigaction
sys_enter_rt_sigaction
sys_enter_rt_sigaction
sys_enter_rt_sigaction
sys_enter_rt_sigaction
sys_enter_rt_sigaction
sys_enter_rt_sigaction
sys_enter_rt_sigaction
sys_enter_rt_sigaction
sys_enter_rt_sigaction
sys_enter_rt_sigaction
sys_enter_rt_sigaction
sys_enter_rt_sigaction
sys_enter_rt_sigaction
sys_enter_rt_sigaction
sys_enter_rt_sigaction
sys_enter_rt_sigaction
sys_enter_rt_sigaction
sys_enter_rt_sigaction
sys_enter_rt_sigaction
sys_enter_rt_sigaction
sys_enter_rt_sigaction
sys_enter_rt_sigaction
sys_enter_rt_sigaction
sys_enter_rt_sigaction
sys_enter_rt_sigaction
sys_enter_rt_sigaction
sys_enter_rt_sigaction
sys_enter_rt_sigaction
sys_enter_rt_sigaction
sys_enter_rt_sigaction
sys_enter_rt_sigaction
sys_enter_rt_sigaction
sys_enter_rt_sigaction
sys_enter_rt_sigaction
sys_enter_rt_sigaction
sys_enter_rt_sigaction
sys_enter_rt_sigaction
sys_enter_rt_sigaction
sys_enter_rt_sigaction
sys_enter_rt_sigaction
sys_enter_rt_sigaction
sys_enter_rt_sigaction
sys_enter_rt_sigaction
sys_enter_rt_sigaction
sys_enter_rt_sigaction
sys_enter_rt_sigaction
sys_enter_rt_sigaction
sys_enter_rt_sigaction
sys_enter_rt_sigprocmask
sys_enter_clone
sys_enter_rt_sigprocmask
sys_enter_gettid
sys_enter_sigaltstack
sys_enter_sigaltstack
sys_enter_gettid
sys_enter_rt_sigprocmask
sys_enter_rt_sigprocmask
sys_enter_clone
sys_enter_rt_sigprocmask
sys_enter_gettid
sys_enter_sigaltstack
sys_enter_sigaltstack
sys_enter_rt_sigprocmask
sys_enter_clone
sys_enter_gettid
sys_enter_rt_sigprocmask
sys_enter_rt_sigprocmask
sys_enter_futex
sys_enter_gettid
sys_enter_sigaltstack
sys_enter_sigaltstack
sys_enter_gettid
sys_enter_rt_sigprocmask
sys_enter_clone
sys_enter_rt_sigprocmask
sys_enter_futex
sys_enter_futex
sys_enter_rt_sigprocmask
sys_enter_futex
sys_enter_gettid
sys_enter_sigaltstack
sys_enter_sigaltstack
sys_enter_gettid
sys_enter_rt_sigprocmask
sys_enter_futex
sys_enter_futex
sys_enter_mmap
sys_enter_futex
sys_enter_futex
sys_enter_futex
sys_enter_openat
sys_enter_read
sys_enter_read
sys_enter_close
sys_enter_socket
sys_enter_close
sys_enter_socket
sys_enter_setsockopt
sys_enter_bind
sys_enter_socket
sys_enter_setsockopt
sys_enter_bind
sys_enter_close
sys_enter_close
sys_enter_getpid
sys_enter_getppid
sys_enter_mmap
sys_enter_mmap
sys_enter_getppid
sys_enter_openat
sys_enter_pipe2
sys_enter_getpid
sys_enter_clone
sys_enter_setsid
sys_enter_close
sys_enter_read
sys_enter_chdir
sys_enter_execve
sys_enter_close
sys_enter_exit_group
sys_enter_mmap
sys_enter_mmap
sys_enter_mprotect
sys_enter_mmap
sys_enter_mmap
sys_enter_mprotect
sys_enter_mmap
sys_enter_mprotect
sys_enter_mmap
sys_enter_mprotect
sys_enter_mmap
sys_enter_mmap
sys_enter_close
sys_enter_munmap
sys_enter_sched_getaffinity
sys_enter_mmap
sys_enter_munmap
sys_enter_mmap
sys_enter_mmap
sys_enter_mmap
sys_enter_mmap
sys_enter_mmap
sys_enter_mmap
sys_enter_rt_sigprocmask
sys_enter_sigaltstack
sys_enter_sigaltstack
sys_enter_gettid
sys_enter_rt_sigprocmask
sys_enter_rt_sigaction
sys_enter_rt_sigaction
sys_enter_rt_sigaction
sys_enter_rt_sigaction
sys_enter_rt_sigaction
sys_enter_rt_sigaction
sys_enter_rt_sigaction
sys_enter_rt_sigaction
sys_enter_rt_sigaction
sys_enter_rt_sigaction
sys_enter_rt_sigaction
sys_enter_rt_sigaction
sys_enter_rt_sigaction
sys_enter_rt_sigaction
sys_enter_rt_sigaction
sys_enter_rt_sigaction
sys_enter_rt_sigaction
sys_enter_rt_sigaction
sys_enter_rt_sigaction
sys_enter_rt_sigaction
sys_enter_rt_sigaction
sys_enter_rt_sigaction
sys_enter_rt_sigaction
sys_enter_rt_sigaction
sys_enter_rt_sigaction
sys_enter_rt_sigaction
sys_enter_rt_sigaction
sys_enter_rt_sigaction
sys_enter_rt_sigaction
sys_enter_rt_sigaction
sys_enter_rt_sigaction
sys_enter_rt_sigaction
sys_enter_rt_sigaction
sys_enter_rt_sigaction
sys_enter_rt_sigaction
sys_enter_rt_sigaction
sys_enter_rt_sigaction
sys_enter_rt_sigaction
sys_enter_rt_sigaction
sys_enter_rt_sigaction
sys_enter_rt_sigaction
sys_enter_rt_sigaction
sys_enter_rt_sigaction
sys_enter_rt_sigaction
sys_enter_rt_sigaction
sys_enter_rt_sigaction
sys_enter_rt_sigaction
sys_enter_rt_sigaction
sys_enter_rt_sigaction
sys_enter_rt_sigaction
sys_enter_rt_sigaction
sys_enter_rt_sigaction
sys_enter_rt_sigaction
sys_enter_rt_sigaction
sys_enter_rt_sigaction
sys_enter_rt_sigaction
sys_enter_rt_sigaction
sys_enter_rt_sigaction
sys_enter_rt_sigaction
sys_enter_rt_sigaction
sys_enter_rt_sigaction
sys_enter_rt_sigaction
sys_enter_rt_sigaction
sys_enter_rt_sigaction
sys_enter_rt_sigaction
sys_enter_rt_sigaction
sys_enter_rt_sigaction
sys_enter_rt_sigaction
sys_enter_rt_sigaction
sys_enter_rt_sigaction
sys_enter_rt_sigaction
sys_enter_rt_sigaction
sys_enter_rt_sigaction
sys_enter_rt_sigaction
sys_enter_rt_sigaction
sys_enter_rt_sigaction
sys_enter_rt_sigaction
sys_enter_rt_sigaction
sys_enter_rt_sigaction
sys_enter_rt_sigaction
sys_enter_rt_sigaction
sys_enter_rt_sigaction
sys_enter_rt_sigaction
sys_enter_rt_sigaction
sys_enter_rt_sigaction
sys_enter_rt_sigaction
sys_enter_rt_sigaction
sys_enter_rt_sigaction
sys_enter_rt_sigaction
sys_enter_rt_sigaction
sys_enter_rt_sigaction
sys_enter_rt_sigaction
sys_enter_rt_sigaction
sys_enter_rt_sigaction
sys_enter_rt_sigaction
sys_enter_rt_sigaction
sys_enter_rt_sigaction
sys_enter_rt_sigaction
sys_enter_rt_sigaction
sys_enter_rt_sigaction
sys_enter_rt_sigaction
sys_enter_rt_sigaction
sys_enter_rt_sigaction
sys_enter_rt_sigaction
sys_enter_rt_sigaction
sys_enter_rt_sigaction
sys_enter_rt_sigaction
sys_enter_rt_sigaction
sys_enter_rt_sigaction
sys_enter_rt_sigaction
sys_enter_rt_sigaction
sys_enter_rt_sigaction
sys_enter_rt_sigaction
sys_enter_rt_sigaction
sys_enter_rt_sigprocmask
sys_enter_clone
sys_enter_rt_sigprocmask
sys_enter_gettid
sys_enter_sigaltstack
sys_enter_sigaltstack
sys_enter_gettid
sys_enter_rt_sigprocmask
sys_enter_rt_sigprocmask
sys_enter_clone
sys_enter_rt_sigprocmask
sys_enter_gettid
sys_enter_sigaltstack
sys_enter_sigaltstack
sys_enter_rt_sigprocmask
sys_enter_clone
sys_enter_gettid
sys_enter_rt_sigprocmask
sys_enter_rt_sigprocmask
sys_enter_futex
sys_enter_gettid
sys_enter_sigaltstack
sys_enter_sigaltstack
sys_enter_rt_sigprocmask
sys_enter_clone
sys_enter_gettid
sys_enter_rt_sigprocmask
sys_enter_futex
sys_enter_futex
sys_enter_rt_sigprocmask
sys_enter_futex
sys_enter_gettid
sys_enter_sigaltstack
sys_enter_sigaltstack
sys_enter_gettid
sys_enter_rt_sigprocmask
sys_enter_futex
sys_enter_futex
sys_enter_mmap
sys_enter_futex
sys_enter_futex
sys_enter_futex
sys_enter_openat
sys_enter_read
sys_enter_read
sys_enter_close
sys_enter_socket
sys_enter_close
sys_enter_socket
sys_enter_setsockopt
sys_enter_bind
sys_enter_socket
sys_enter_setsockopt
sys_enter_bind
sys_enter_close
sys_enter_close
sys_enter_getpid
sys_enter_getppid
sys_enter_mmap
sys_enter_mmap
sys_enter_getppid
sys_enter_openat
sys_enter_pipe2
sys_enter_getpid
sys_enter_clone
sys_enter_setsid
sys_enter_close
sys_enter_read
sys_enter_chdir
sys_enter_execve
sys_enter_close
sys_enter_mmap
sys_enter_exit_group
sys_enter_mmap
sys_enter_mprotect
sys_enter_mmap
sys_enter_mmap
sys_enter_mprotect
sys_enter_mmap
sys_enter_mprotect
sys_enter_mmap
sys_enter_mprotect
sys_enter_mmap
sys_enter_mmap
sys_enter_close
sys_enter_munmap
sys_enter_sched_getaffinity
sys_enter_mmap
sys_enter_munmap
sys_enter_mmap
sys_enter_mmap
sys_enter_mmap
sys_enter_mmap
sys_enter_mmap
sys_enter_mmap
sys_enter_rt_sigprocmask
sys_enter_sigaltstack
sys_enter_sigaltstack
sys_enter_gettid
sys_enter_rt_sigprocmask
sys_enter_rt_sigaction
sys_enter_rt_sigaction
sys_enter_rt_sigaction
sys_enter_rt_sigaction
sys_enter_rt_sigaction
sys_enter_rt_sigaction
sys_enter_rt_sigaction
sys_enter_rt_sigaction
sys_enter_rt_sigaction
sys_enter_rt_sigaction
sys_enter_rt_sigaction
sys_enter_rt_sigaction
sys_enter_rt_sigaction
sys_enter_rt_sigaction
sys_enter_rt_sigaction
sys_enter_rt_sigaction
sys_enter_rt_sigaction
sys_enter_rt_sigaction
sys_enter_rt_sigaction
sys_enter_rt_sigaction
sys_enter_rt_sigaction
sys_enter_rt_sigaction
sys_enter_rt_sigaction
sys_enter_rt_sigaction
sys_enter_rt_sigaction
sys_enter_rt_sigaction
sys_enter_rt_sigaction
sys_enter_rt_sigaction
sys_enter_rt_sigaction
sys_enter_rt_sigaction
sys_enter_rt_sigaction
sys_enter_rt_sigaction
sys_enter_rt_sigaction
sys_enter_rt_sigaction
sys_enter_rt_sigaction
sys_enter_rt_sigaction
sys_enter_rt_sigaction
sys_enter_rt_sigaction
sys_enter_rt_sigaction
sys_enter_rt_sigaction
sys_enter_rt_sigaction
sys_enter_rt_sigaction
sys_enter_rt_sigaction
sys_enter_rt_sigaction
sys_enter_rt_sigaction
sys_enter_rt_sigaction
sys_enter_rt_sigaction
sys_enter_rt_sigaction
sys_enter_rt_sigaction
sys_enter_rt_sigaction
sys_enter_rt_sigaction
sys_enter_rt_sigaction
sys_enter_rt_sigaction
sys_enter_rt_sigaction
sys_enter_rt_sigaction
sys_enter_rt_sigaction
sys_enter_rt_sigaction
sys_enter_rt_sigaction
sys_enter_rt_sigaction
sys_enter_rt_sigaction
sys_enter_rt_sigaction
sys_enter_rt_sigaction
sys_enter_rt_sigaction
sys_enter_rt_sigaction
sys_enter_rt_sigaction
sys_enter_rt_sigaction
sys_enter_rt_sigaction
sys_enter_rt_sigaction
sys_enter_rt_sigaction
sys_enter_rt_sigaction
sys_enter_rt_sigaction
sys_enter_rt_sigaction
sys_enter_rt_sigaction
sys_enter_rt_sigaction
sys_enter_rt_sigaction
sys_enter_rt_sigaction
sys_enter_rt_sigaction
sys_enter_rt_sigaction
sys_enter_rt_sigaction
sys_enter_rt_sigaction
sys_enter_rt_sigaction
sys_enter_rt_sigaction
sys_enter_rt_sigaction
sys_enter_rt_sigaction
sys_enter_rt_sigaction
sys_enter_rt_sigaction
sys_enter_rt_sigaction
sys_enter_rt_sigaction
sys_enter_rt_sigaction
sys_enter_rt_sigaction
sys_enter_rt_sigaction
sys_enter_rt_sigaction
sys_enter_rt_sigaction
sys_enter_rt_sigaction
sys_enter_rt_sigaction
sys_enter_rt_sigaction
sys_enter_rt_sigaction
sys_enter_rt_sigaction
sys_enter_rt_sigaction
sys_enter_rt_sigaction
sys_enter_rt_sigaction
sys_enter_rt_sigaction
sys_enter_rt_sigaction
sys_enter_rt_sigaction
sys_enter_rt_sigaction
sys_enter_rt_sigaction
sys_enter_rt_sigaction
sys_enter_rt_sigaction
sys_enter_rt_sigaction
sys_enter_rt_sigaction
sys_enter_rt_sigaction
sys_enter_rt_sigaction
sys_enter_rt_sigaction
sys_enter_rt_sigaction
sys_enter_rt_sigprocmask
sys_enter_clone
sys_enter_rt_sigprocmask
sys_enter_gettid
sys_enter_sigaltstack
sys_enter_sigaltstack
sys_enter_gettid
sys_enter_rt_sigprocmask
sys_enter_rt_sigprocmask
sys_enter_clone
sys_enter_rt_sigprocmask
sys_enter_gettid
sys_enter_sigaltstack
sys_enter_sigaltstack
sys_enter_rt_sigprocmask
sys_enter_clone
sys_enter_gettid
sys_enter_rt_sigprocmask
sys_enter_rt_sigprocmask
sys_enter_futex
sys_enter_gettid
sys_enter_sigaltstack
sys_enter_sigaltstack
sys_enter_gettid
sys_enter_rt_sigprocmask
sys_enter_rt_sigprocmask
sys_enter_clone
sys_enter_futex
sys_enter_futex
sys_enter_rt_sigprocmask
sys_enter_gettid
sys_enter_sigaltstack
sys_enter_futex
sys_enter_sigaltstack
sys_enter_gettid
sys_enter_rt_sigprocmask
sys_enter_futex
sys_enter_futex
sys_enter_mmap
sys_enter_futex
sys_enter_futex
sys_enter_futex
sys_enter_openat
sys_enter_read
sys_enter_read
sys_enter_close
sys_enter_socket
sys_enter_close
sys_enter_socket
sys_enter_setsockopt
sys_enter_bind
sys_enter_socket
sys_enter_setsockopt
sys_enter_bind
sys_enter_close
sys_enter_close
sys_enter_getpid
sys_enter_getppid
sys_enter_mmap
sys_enter_mmap
sys_enter_getppid
sys_enter_openat
sys_enter_pipe2
sys_enter_getpid
sys_enter_clone
sys_enter_setsid
sys_enter_close
sys_enter_read
sys_enter_chdir
sys_enter_execve
sys_enter_close
sys_enter_exit_group
sys_enter_mmap
sys_enter_mmap
sys_enter_mprotect
sys_enter_mmap
sys_enter_mmap
sys_enter_mprotect
sys_enter_mmap
sys_enter_mprotect
sys_enter_mmap
sys_enter_mprotect
sys_enter_mmap
sys_enter_mmap
sys_enter_close
sys_enter_munmap
sys_enter_sched_getaffinity
sys_enter_mmap
sys_enter_munmap
sys_enter_mmap
sys_enter_mmap
sys_enter_mmap
sys_enter_mmap
sys_enter_mmap
sys_enter_mmap
sys_enter_rt_sigprocmask
sys_enter_sigaltstack
sys_enter_sigaltstack
sys_enter_gettid
sys_enter_rt_sigprocmask
sys_enter_rt_sigaction
sys_enter_rt_sigaction
sys_enter_rt_sigaction
sys_enter_rt_sigaction
sys_enter_rt_sigaction
sys_enter_rt_sigaction
sys_enter_rt_sigaction
sys_enter_rt_sigaction
sys_enter_rt_sigaction
sys_enter_rt_sigaction
sys_enter_rt_sigaction
sys_enter_rt_sigaction
sys_enter_rt_sigaction
sys_enter_rt_sigaction
sys_enter_rt_sigaction
sys_enter_rt_sigaction
sys_enter_rt_sigaction
sys_enter_rt_sigaction
sys_enter_rt_sigaction
sys_enter_rt_sigaction
sys_enter_rt_sigaction
sys_enter_rt_sigaction
sys_enter_rt_sigaction
sys_enter_rt_sigaction
sys_enter_rt_sigaction
sys_enter_rt_sigaction
sys_enter_rt_sigaction
sys_enter_rt_sigaction
sys_enter_rt_sigaction
sys_enter_rt_sigaction
sys_enter_rt_sigaction
sys_enter_rt_sigaction
sys_enter_rt_sigaction
sys_enter_rt_sigaction
sys_enter_rt_sigaction
sys_enter_rt_sigaction
sys_enter_rt_sigaction
sys_enter_rt_sigaction
sys_enter_rt_sigaction
sys_enter_rt_sigaction
sys_enter_rt_sigaction
sys_enter_rt_sigaction
sys_enter_rt_sigaction
sys_enter_rt_sigaction
sys_enter_rt_sigaction
sys_enter_rt_sigaction
sys_enter_rt_sigaction
sys_enter_rt_sigaction
sys_enter_rt_sigaction
sys_enter_rt_sigaction
sys_enter_rt_sigaction
sys_enter_rt_sigaction
sys_enter_rt_sigaction
sys_enter_rt_sigaction
sys_enter_rt_sigaction
sys_enter_rt_sigaction
sys_enter_rt_sigaction
sys_enter_rt_sigaction
sys_enter_rt_sigaction
sys_enter_rt_sigaction
sys_enter_rt_sigaction
sys_enter_rt_sigaction
sys_enter_rt_sigaction
sys_enter_rt_sigaction
sys_enter_rt_sigaction
sys_enter_rt_sigaction
sys_enter_rt_sigaction
sys_enter_rt_sigaction
sys_enter_rt_sigaction
sys_enter_rt_sigaction
sys_enter_rt_sigaction
sys_enter_rt_sigaction
sys_enter_rt_sigaction
sys_enter_rt_sigaction
sys_enter_rt_sigaction
sys_enter_rt_sigaction
sys_enter_rt_sigaction
sys_enter_rt_sigaction
sys_enter_rt_sigaction
sys_enter_rt_sigaction
sys_enter_rt_sigaction
sys_enter_rt_sigaction
sys_enter_rt_sigaction
sys_enter_rt_sigaction
sys_enter_rt_sigaction
sys_enter_rt_sigaction
sys_enter_rt_sigaction
sys_enter_rt_sigaction
sys_enter_rt_sigaction
sys_enter_rt_sigaction
sys_enter_rt_sigaction
sys_enter_rt_sigaction
sys_enter_rt_sigaction
sys_enter_rt_sigaction
sys_enter_rt_sigaction
sys_enter_rt_sigaction
sys_enter_rt_sigaction
sys_enter_rt_sigaction
sys_enter_rt_sigaction
sys_enter_rt_sigaction
sys_enter_rt_sigaction
sys_enter_rt_sigaction
sys_enter_rt_sigaction
sys_enter_rt_sigaction
sys_enter_rt_sigaction
sys_enter_rt_sigaction
sys_enter_rt_sigaction
sys_enter_rt_sigaction
sys_enter_rt_sigaction
sys_enter_rt_sigaction
sys_enter_rt_sigaction
sys_enter_rt_sigaction
sys_enter_rt_sigaction
sys_enter_rt_sigaction
sys_enter_rt_sigprocmask
sys_enter_clone
sys_enter_rt_sigprocmask
sys_enter_gettid
sys_enter_sigaltstack
sys_enter_sigaltstack
sys_enter_gettid
sys_enter_rt_sigprocmask
sys_enter_rt_sigprocmask
sys_enter_clone
sys_enter_rt_sigprocmask
sys_enter_gettid
sys_enter_sigaltstack
sys_enter_sigaltstack
sys_enter_rt_sigprocmask
sys_enter_clone
sys_enter_gettid
sys_enter_rt_sigprocmask
sys_enter_rt_sigprocmask
sys_enter_sched_yield
sys_enter_gettid
sys_enter_futex
sys_enter_sigaltstack
sys_enter_sigaltstack
sys_enter_gettid
sys_enter_rt_sigprocmask
sys_enter_futex
sys_enter_rt_sigprocmask
sys_enter_clone
sys_enter_futex
sys_enter_futex
sys_enter_rt_sigprocmask
sys_enter_futex
sys_enter_gettid
sys_enter_sigaltstack
sys_enter_sigaltstack
sys_enter_gettid
sys_enter_rt_sigprocmask
sys_enter_futex
sys_enter_futex
sys_enter_mmap
sys_enter_futex
sys_enter_futex
sys_enter_futex
sys_enter_openat
sys_enter_read
sys_enter_read
sys_enter_close
sys_enter_socket
sys_enter_close
sys_enter_socket
sys_enter_setsockopt
sys_enter_bind
sys_enter_socket
sys_enter_setsockopt
sys_enter_bind
sys_enter_close
sys_enter_close
sys_enter_getpid
sys_enter_getppid
sys_enter_mmap
sys_enter_mmap
sys_enter_getppid
sys_enter_openat
sys_enter_pipe2
sys_enter_getpid
sys_enter_clone
sys_enter_setsid
sys_enter_close
sys_enter_read
sys_enter_chdir
sys_enter_execve
sys_enter_close
sys_enter_exit_group
sys_enter_mmap
sys_enter_mmap
sys_enter_mprotect
sys_enter_mmap
sys_enter_mmap
sys_enter_mprotect
sys_enter_mmap
sys_enter_mprotect
sys_enter_mmap
sys_enter_mprotect
sys_enter_mmap
sys_enter_mmap
sys_enter_close
sys_enter_munmap
sys_enter_sched_getaffinity
sys_enter_mmap
sys_enter_munmap
sys_enter_mmap
sys_enter_mmap
sys_enter_mmap
sys_enter_mmap
sys_enter_mmap
sys_enter_mmap
sys_enter_rt_sigprocmask
sys_enter_sigaltstack
sys_enter_sigaltstack
sys_enter_gettid
sys_enter_rt_sigprocmask
sys_enter_rt_sigaction
sys_enter_rt_sigaction
sys_enter_rt_sigaction
sys_enter_rt_sigaction
sys_enter_rt_sigaction
sys_enter_rt_sigaction
sys_enter_rt_sigaction
sys_enter_rt_sigaction
sys_enter_rt_sigaction
sys_enter_rt_sigaction
sys_enter_rt_sigaction
sys_enter_rt_sigaction
sys_enter_rt_sigaction
sys_enter_rt_sigaction
sys_enter_rt_sigaction
sys_enter_rt_sigaction
sys_enter_rt_sigaction
sys_enter_rt_sigaction
sys_enter_rt_sigaction
sys_enter_rt_sigaction
sys_enter_rt_sigaction
sys_enter_rt_sigaction
sys_enter_rt_sigaction
sys_enter_rt_sigaction
sys_enter_rt_sigaction
sys_enter_rt_sigaction
sys_enter_rt_sigaction
sys_enter_rt_sigaction
sys_enter_rt_sigaction
sys_enter_rt_sigaction
sys_enter_rt_sigaction
sys_enter_rt_sigaction
sys_enter_rt_sigaction
sys_enter_rt_sigaction
sys_enter_rt_sigaction
sys_enter_rt_sigaction
sys_enter_rt_sigaction
sys_enter_rt_sigaction
sys_enter_rt_sigaction
sys_enter_rt_sigaction
sys_enter_rt_sigaction
sys_enter_rt_sigaction
sys_enter_rt_sigaction
sys_enter_rt_sigaction
sys_enter_rt_sigaction
sys_enter_rt_sigaction
sys_enter_rt_sigaction
sys_enter_rt_sigaction
sys_enter_rt_sigaction
sys_enter_rt_sigaction
sys_enter_rt_sigaction
sys_enter_rt_sigaction
sys_enter_rt_sigaction
sys_enter_rt_sigaction
sys_enter_rt_sigaction
sys_enter_rt_sigaction
sys_enter_rt_sigaction
sys_enter_rt_sigaction
sys_enter_rt_sigaction
sys_enter_rt_sigaction
sys_enter_rt_sigaction
sys_enter_rt_sigaction
sys_enter_rt_sigaction
sys_enter_rt_sigaction
sys_enter_rt_sigaction
sys_enter_rt_sigaction
sys_enter_rt_sigaction
sys_enter_rt_sigaction
sys_enter_rt_sigaction
sys_enter_rt_sigaction
sys_enter_rt_sigaction
sys_enter_rt_sigaction
sys_enter_rt_sigaction
sys_enter_rt_sigaction
sys_enter_rt_sigaction
sys_enter_rt_sigaction
sys_enter_rt_sigaction
sys_enter_rt_sigaction
sys_enter_rt_sigaction
sys_enter_rt_sigaction
sys_enter_rt_sigaction
sys_enter_rt_sigaction
sys_enter_rt_sigaction
sys_enter_rt_sigaction
sys_enter_rt_sigaction
sys_enter_rt_sigaction
sys_enter_rt_sigaction
sys_enter_rt_sigaction
sys_enter_rt_sigaction
sys_enter_rt_sigaction
sys_enter_rt_sigaction
sys_enter_rt_sigaction
sys_enter_rt_sigaction
sys_enter_rt_sigaction
sys_enter_rt_sigaction
sys_enter_rt_sigaction
sys_enter_rt_sigaction
sys_enter_rt_sigaction
sys_enter_rt_sigaction
sys_enter_rt_sigaction
sys_enter_rt_sigaction
sys_enter_rt_sigaction
sys_enter_rt_sigaction
sys_enter_rt_sigaction
sys_enter_rt_sigaction
sys_enter_rt_sigaction
sys_enter_rt_sigaction
sys_enter_rt_sigaction
sys_enter_rt_sigaction
sys_enter_rt_sigaction
sys_enter_rt_sigaction
sys_enter_rt_sigaction
sys_enter_rt_sigaction
sys_enter_rt_sigaction
sys_enter_rt_sigprocmask
sys_enter_clone
sys_enter_rt_sigprocmask
sys_enter_gettid
sys_enter_sigaltstack
sys_enter_sigaltstack
sys_enter_gettid
sys_enter_rt_sigprocmask
sys_enter_rt_sigprocmask
sys_enter_clone
sys_enter_rt_sigprocmask
sys_enter_gettid
sys_enter_sigaltstack
sys_enter_sigaltstack
sys_enter_gettid
sys_enter_rt_sigprocmask
sys_enter_rt_sigprocmask
sys_enter_clone
sys_enter_rt_sigprocmask
sys_enter_futex
sys_enter_rt_sigprocmask
sys_enter_clone
sys_enter_rt_sigprocmask
sys_enter_futex
sys_enter_gettid
sys_enter_sigaltstack
sys_enter_sigaltstack
sys_enter_gettid
sys_enter_rt_sigprocmask
sys_enter_futex
sys_enter_futex
sys_enter_gettid
sys_enter_sigaltstack
sys_enter_sigaltstack
sys_enter_gettid
sys_enter_rt_sigprocmask
sys_enter_futex
sys_enter_futex
sys_enter_mmap
sys_enter_futex
sys_enter_futex
sys_enter_futex
sys_enter_openat
sys_enter_futex
sys_enter_futex
sys_enter_read
sys_enter_read
sys_enter_close
sys_enter_socket
sys_enter_close
sys_enter_socket
sys_enter_setsockopt
sys_enter_bind
sys_enter_socket
sys_enter_setsockopt
sys_enter_bind
sys_enter_close
sys_enter_close
sys_enter_mmap
sys_enter_getpid
sys_enter_getppid
sys_enter_mmap
sys_enter_mmap
sys_enter_mmap
sys_enter_getppid
sys_enter_openat
sys_enter_pipe2
sys_enter_getpid
sys_enter_clone
sys_enter_setsid
sys_enter_close
sys_enter_chdir
sys_enter_read
sys_enter_execve
sys_enter_close
sys_enter_mmap
sys_enter_mmap
sys_enter_exit_group
sys_enter_mprotect
sys_enter_mmap
sys_enter_mmap
sys_enter_mprotect
sys_enter_mmap
sys_enter_mprotect
sys_enter_mmap
sys_enter_mprotect
sys_enter_mmap
sys_enter_mmap
sys_enter_close
sys_enter_munmap
sys_enter_sched_getaffinity
sys_enter_mmap
sys_enter_munmap
sys_enter_mmap
sys_enter_mmap
sys_enter_mmap
sys_enter_mmap
sys_enter_mmap
sys_enter_mmap
sys_enter_rt_sigprocmask
sys_enter_sigaltstack
sys_enter_sigaltstack
sys_enter_gettid
sys_enter_rt_sigprocmask
sys_enter_rt_sigaction
sys_enter_rt_sigaction
sys_enter_rt_sigaction
sys_enter_rt_sigaction
sys_enter_rt_sigaction
sys_enter_rt_sigaction
sys_enter_rt_sigaction
sys_enter_rt_sigaction
sys_enter_rt_sigaction
sys_enter_rt_sigaction
sys_enter_rt_sigaction
sys_enter_rt_sigaction
sys_enter_rt_sigaction
sys_enter_rt_sigaction
sys_enter_rt_sigaction
sys_enter_rt_sigaction
sys_enter_rt_sigaction
sys_enter_rt_sigaction
sys_enter_rt_sigaction
sys_enter_rt_sigaction
sys_enter_rt_sigaction
sys_enter_rt_sigaction
sys_enter_rt_sigaction
sys_enter_rt_sigaction
sys_enter_rt_sigaction
sys_enter_rt_sigaction
sys_enter_rt_sigaction
sys_enter_rt_sigaction
sys_enter_rt_sigaction
sys_enter_rt_sigaction
sys_enter_rt_sigaction
sys_enter_rt_sigaction
sys_enter_rt_sigaction
sys_enter_rt_sigaction
sys_enter_rt_sigaction
sys_enter_rt_sigaction
sys_enter_rt_sigaction
sys_enter_rt_sigaction
sys_enter_rt_sigaction
sys_enter_rt_sigaction
sys_enter_rt_sigaction
sys_enter_rt_sigaction
sys_enter_rt_sigaction
sys_enter_rt_sigaction
sys_enter_rt_sigaction
sys_enter_rt_sigaction
sys_enter_rt_sigaction
sys_enter_rt_sigaction
sys_enter_rt_sigaction
sys_enter_rt_sigaction
sys_enter_rt_sigaction
sys_enter_rt_sigaction
sys_enter_rt_sigaction
sys_enter_rt_sigaction
sys_enter_rt_sigaction
sys_enter_rt_sigaction
sys_enter_rt_sigaction
sys_enter_rt_sigaction
sys_enter_rt_sigaction
sys_enter_rt_sigaction
sys_enter_rt_sigaction
sys_enter_rt_sigaction
sys_enter_rt_sigaction
sys_enter_rt_sigaction
sys_enter_rt_sigaction
sys_enter_rt_sigaction
sys_enter_rt_sigaction
sys_enter_rt_sigaction
sys_enter_rt_sigaction
sys_enter_rt_sigaction
sys_enter_rt_sigaction
sys_enter_rt_sigaction
sys_enter_rt_sigaction
sys_enter_rt_sigaction
sys_enter_rt_sigaction
sys_enter_rt_sigaction
sys_enter_rt_sigaction
sys_enter_rt_sigaction
sys_enter_rt_sigaction
sys_enter_rt_sigaction
sys_enter_rt_sigaction
sys_enter_rt_sigaction
sys_enter_rt_sigaction
sys_enter_rt_sigaction
sys_enter_rt_sigaction
sys_enter_rt_sigaction
sys_enter_rt_sigaction
sys_enter_rt_sigaction
sys_enter_rt_sigaction
sys_enter_rt_sigaction
sys_enter_rt_sigaction
sys_enter_rt_sigaction
sys_enter_rt_sigaction
sys_enter_rt_sigaction
sys_enter_rt_sigaction
sys_enter_rt_sigaction
sys_enter_rt_sigaction
sys_enter_rt_sigaction
sys_enter_rt_sigaction
sys_enter_rt_sigaction
sys_enter_rt_sigaction
sys_enter_rt_sigaction
sys_enter_rt_sigaction
sys_enter_rt_sigaction
sys_enter_rt_sigaction
sys_enter_rt_sigaction
sys_enter_rt_sigaction
sys_enter_rt_sigaction
sys_enter_rt_sigaction
sys_enter_rt_sigaction
sys_enter_rt_sigaction
sys_enter_rt_sigaction
sys_enter_rt_sigaction
sys_enter_rt_sigaction
sys_enter_rt_sigprocmask
sys_enter_clone
sys_enter_rt_sigprocmask
sys_enter_gettid
sys_enter_rt_sigprocmask
sys_enter_clone
sys_enter_rt_sigprocmask
sys_enter_sigaltstack
sys_enter_sigaltstack
sys_enter_gettid
sys_enter_rt_sigprocmask
sys_enter_gettid
sys_enter_rt_sigprocmask
sys_enter_clone
sys_enter_sigaltstack
sys_enter_sigaltstack
sys_enter_gettid
sys_enter_rt_sigprocmask
sys_enter_rt_sigprocmask
sys_enter_futex
sys_enter_rt_sigprocmask
sys_enter_clone
sys_enter_gettid
sys_enter_sigaltstack
sys_enter_sigaltstack
sys_enter_gettid
sys_enter_rt_sigprocmask
sys_enter_futex
sys_enter_rt_sigprocmask
sys_enter_futex
sys_enter_futex
sys_enter_gettid
sys_enter_sigaltstack
sys_enter_sigaltstack
sys_enter_gettid
sys_enter_rt_sigprocmask
sys_enter_futex
sys_enter_futex
sys_enter_mmap
sys_enter_futex
sys_enter_futex
sys_enter_futex
sys_enter_openat
sys_enter_read
sys_enter_read
sys_enter_close
sys_enter_socket
sys_enter_close
sys_enter_socket
sys_enter_setsockopt
sys_enter_bind
sys_enter_socket
sys_enter_setsockopt
sys_enter_bind
sys_enter_close
sys_enter_close
sys_enter_getpid
sys_enter_getppid
sys_enter_mmap
sys_enter_mmap
sys_enter_getppid
sys_enter_openat
sys_enter_pipe2
sys_enter_getpid
sys_enter_clone
sys_enter_setsid
sys_enter_close
sys_enter_read
sys_enter_chdir
sys_enter_execve
sys_enter_close
sys_enter_exit_group
sys_enter_mmap
sys_enter_mmap
sys_enter_mprotect
sys_enter_mmap
sys_enter_mmap
sys_enter_mprotect
sys_enter_mmap
sys_enter_mprotect
sys_enter_mmap
sys_enter_mprotect
sys_enter_mmap
sys_enter_mmap
sys_enter_close
sys_enter_munmap
sys_enter_sched_getaffinity
sys_enter_mmap
sys_enter_munmap
sys_enter_mmap
sys_enter_mmap
sys_enter_mmap
sys_enter_mmap
sys_enter_mmap
sys_enter_mmap
sys_enter_rt_sigprocmask
sys_enter_sigaltstack
sys_enter_sigaltstack
sys_enter_gettid
sys_enter_rt_sigprocmask
sys_enter_rt_sigaction
sys_enter_rt_sigaction
sys_enter_rt_sigaction
sys_enter_rt_sigaction
sys_enter_rt_sigaction
sys_enter_rt_sigaction
sys_enter_rt_sigaction
sys_enter_rt_sigaction
sys_enter_rt_sigaction
sys_enter_rt_sigaction
sys_enter_rt_sigaction
sys_enter_rt_sigaction
sys_enter_rt_sigaction
sys_enter_rt_sigaction
sys_enter_rt_sigaction
sys_enter_rt_sigaction
sys_enter_rt_sigaction
sys_enter_rt_sigaction
sys_enter_rt_sigaction
sys_enter_rt_sigaction
sys_enter_rt_sigaction
sys_enter_rt_sigaction
sys_enter_rt_sigaction
sys_enter_rt_sigaction
sys_enter_rt_sigaction
sys_enter_rt_sigaction
sys_enter_rt_sigaction
sys_enter_rt_sigaction
sys_enter_rt_sigaction
sys_enter_rt_sigaction
sys_enter_rt_sigaction
sys_enter_rt_sigaction
sys_enter_rt_sigaction
sys_enter_rt_sigaction
sys_enter_rt_sigaction
sys_enter_rt_sigaction
sys_enter_rt_sigaction
sys_enter_rt_sigaction
sys_enter_rt_sigaction
sys_enter_rt_sigaction
sys_enter_rt_sigaction
sys_enter_rt_sigaction
sys_enter_rt_sigaction
sys_enter_rt_sigaction
sys_enter_rt_sigaction
sys_enter_rt_sigaction
sys_enter_rt_sigaction
sys_enter_rt_sigaction
sys_enter_rt_sigaction
sys_enter_rt_sigaction
sys_enter_rt_sigaction
sys_enter_rt_sigaction
sys_enter_rt_sigaction
sys_enter_rt_sigaction
sys_enter_rt_sigaction
sys_enter_rt_sigaction
sys_enter_rt_sigaction
sys_enter_rt_sigaction
sys_enter_rt_sigaction
sys_enter_rt_sigaction
sys_enter_rt_sigaction
sys_enter_rt_sigaction
sys_enter_rt_sigaction
sys_enter_rt_sigaction
sys_enter_rt_sigaction
sys_enter_rt_sigaction
sys_enter_rt_sigaction
sys_enter_rt_sigaction
sys_enter_rt_sigaction
sys_enter_rt_sigaction
sys_enter_rt_sigaction
sys_enter_rt_sigaction
sys_enter_rt_sigaction
sys_enter_rt_sigaction
sys_enter_rt_sigaction
sys_enter_rt_sigaction
sys_enter_rt_sigaction
sys_enter_rt_sigaction
sys_enter_rt_sigaction
sys_enter_rt_sigaction
sys_enter_rt_sigaction
sys_enter_rt_sigaction
sys_enter_rt_sigaction
sys_enter_rt_sigaction
sys_enter_rt_sigaction
sys_enter_rt_sigaction
sys_enter_rt_sigaction
sys_enter_rt_sigaction
sys_enter_rt_sigaction
sys_enter_rt_sigaction
sys_enter_rt_sigaction
sys_enter_rt_sigaction
sys_enter_rt_sigaction
sys_enter_rt_sigaction
sys_enter_rt_sigaction
sys_enter_rt_sigaction
sys_enter_rt_sigaction
sys_enter_rt_sigaction
sys_enter_rt_sigaction
sys_enter_rt_sigaction
sys_enter_rt_sigaction
sys_enter_rt_sigaction
sys_enter_rt_sigaction
sys_enter_rt_sigaction
sys_enter_rt_sigaction
sys_enter_rt_sigaction
sys_enter_rt_sigaction
sys_enter_rt_sigaction
sys_enter_rt_sigaction
sys_enter_rt_sigaction
sys_enter_rt_sigaction
sys_enter_rt_sigaction
sys_enter_rt_sigaction
sys_enter_rt_sigaction
sys_enter_rt_sigprocmask
sys_enter_clone
sys_enter_rt_sigprocmask
sys_enter_gettid
sys_enter_sigaltstack
sys_enter_sigaltstack
sys_enter_gettid
sys_enter_rt_sigprocmask
sys_enter_rt_sigprocmask
sys_enter_clone
sys_enter_rt_sigprocmask
sys_enter_gettid
sys_enter_sigaltstack
sys_enter_sigaltstack
sys_enter_gettid
sys_enter_rt_sigprocmask
sys_enter_rt_sigprocmask
sys_enter_clone
sys_enter_rt_sigprocmask
sys_enter_futex
sys_enter_gettid
sys_enter_sigaltstack
sys_enter_sigaltstack
sys_enter_gettid
sys_enter_rt_sigprocmask
sys_enter_futex
sys_enter_futex
sys_enter_rt_sigprocmask
sys_enter_clone
sys_enter_rt_sigprocmask
sys_enter_futex
sys_enter_gettid
sys_enter_sigaltstack
sys_enter_sigaltstack
sys_enter_gettid
sys_enter_rt_sigprocmask
sys_enter_futex
sys_enter_futex
sys_enter_mmap
sys_enter_futex
sys_enter_futex
sys_enter_futex
sys_enter_openat
sys_enter_read
sys_enter_read
sys_enter_close
sys_enter_socket
sys_enter_close
sys_enter_socket
sys_enter_setsockopt
sys_enter_bind
sys_enter_socket
sys_enter_setsockopt
sys_enter_bind
sys_enter_close
sys_enter_close
sys_enter_getpid
sys_enter_getppid
sys_enter_mmap
sys_enter_mmap
sys_enter_getppid
sys_enter_openat
sys_enter_pipe2
sys_enter_getpid
sys_enter_clone
sys_enter_setsid
sys_enter_close
sys_enter_read
sys_enter_chdir
sys_enter_execve
sys_enter_close
sys_enter_exit_group
sys_enter_mmap
sys_enter_mmap
sys_enter_mprotect
sys_enter_mmap
sys_enter_mmap
sys_enter_mprotect
sys_enter_mmap
sys_enter_mprotect
sys_enter_mmap
sys_enter_mprotect
sys_enter_mmap
sys_enter_mmap
sys_enter_close
sys_enter_munmap
sys_enter_sched_getaffinity
sys_enter_mmap
sys_enter_munmap
sys_enter_mmap
sys_enter_mmap
sys_enter_mmap
sys_enter_mmap
sys_enter_mmap
sys_enter_mmap
sys_enter_rt_sigprocmask
sys_enter_sigaltstack
sys_enter_sigaltstack
sys_enter_gettid
sys_enter_rt_sigprocmask
sys_enter_rt_sigaction
sys_enter_rt_sigaction
sys_enter_rt_sigaction
sys_enter_rt_sigaction
sys_enter_rt_sigaction
sys_enter_rt_sigaction
sys_enter_rt_sigaction
sys_enter_rt_sigaction
sys_enter_rt_sigaction
sys_enter_rt_sigaction
sys_enter_rt_sigaction
sys_enter_rt_sigaction
sys_enter_rt_sigaction
sys_enter_rt_sigaction
sys_enter_rt_sigaction
sys_enter_rt_sigaction
sys_enter_rt_sigaction
sys_enter_rt_sigaction
sys_enter_rt_sigaction
sys_enter_rt_sigaction
sys_enter_rt_sigaction
sys_enter_rt_sigaction
sys_enter_rt_sigaction
sys_enter_rt_sigaction
sys_enter_rt_sigaction
sys_enter_rt_sigaction
sys_enter_rt_sigaction
sys_enter_rt_sigaction
sys_enter_rt_sigaction
sys_enter_rt_sigaction
sys_enter_rt_sigaction
sys_enter_rt_sigaction
sys_enter_rt_sigaction
sys_enter_rt_sigaction
sys_enter_rt_sigaction
sys_enter_rt_sigaction
sys_enter_rt_sigaction
sys_enter_rt_sigaction
sys_enter_rt_sigaction
sys_enter_rt_sigaction
sys_enter_rt_sigaction
sys_enter_rt_sigaction
sys_enter_rt_sigaction
sys_enter_rt_sigaction
sys_enter_rt_sigaction
sys_enter_rt_sigaction
sys_enter_rt_sigaction
sys_enter_rt_sigaction
sys_enter_rt_sigaction
sys_enter_rt_sigaction
sys_enter_rt_sigaction
sys_enter_rt_sigaction
sys_enter_rt_sigaction
sys_enter_rt_sigaction
sys_enter_rt_sigaction
sys_enter_rt_sigaction
sys_enter_rt_sigaction
sys_enter_rt_sigaction
sys_enter_rt_sigaction
sys_enter_rt_sigaction
sys_enter_rt_sigaction
sys_enter_rt_sigaction
sys_enter_rt_sigaction
sys_enter_rt_sigaction
sys_enter_rt_sigaction
sys_enter_rt_sigaction
sys_enter_rt_sigaction
sys_enter_rt_sigaction
sys_enter_rt_sigaction
sys_enter_rt_sigaction
sys_enter_rt_sigaction
sys_enter_rt_sigaction
sys_enter_rt_sigaction
sys_enter_rt_sigaction
sys_enter_rt_sigaction
sys_enter_rt_sigaction
sys_enter_rt_sigaction
sys_enter_rt_sigaction
sys_enter_rt_sigaction
sys_enter_rt_sigaction
sys_enter_rt_sigaction
sys_enter_rt_sigaction
sys_enter_rt_sigaction
sys_enter_rt_sigaction
sys_enter_rt_sigaction
sys_enter_rt_sigaction
sys_enter_rt_sigaction
sys_enter_rt_sigaction
sys_enter_rt_sigaction
sys_enter_rt_sigaction
sys_enter_rt_sigaction
sys_enter_rt_sigaction
sys_enter_rt_sigaction
sys_enter_rt_sigaction
sys_enter_rt_sigaction
sys_enter_rt_sigaction
sys_enter_rt_sigaction
sys_enter_rt_sigaction
sys_enter_rt_sigaction
sys_enter_rt_sigaction
sys_enter_rt_sigaction
sys_enter_rt_sigaction
sys_enter_rt_sigaction
sys_enter_rt_sigaction
sys_enter_rt_sigaction
sys_enter_rt_sigaction
sys_enter_rt_sigaction
sys_enter_rt_sigaction
sys_enter_rt_sigaction
sys_enter_rt_sigaction
sys_enter_rt_sigaction
sys_enter_rt_sigaction
sys_enter_rt_sigaction
sys_enter_rt_sigaction
sys_enter_rt_sigprocmask
sys_enter_clone
sys_enter_rt_sigprocmask
sys_enter_gettid
sys_enter_sigaltstack
sys_enter_sigaltstack
sys_enter_gettid
sys_enter_rt_sigprocmask
sys_enter_rt_sigprocmask
sys_enter_clone
sys_enter_rt_sigprocmask
sys_enter_gettid
sys_enter_sigaltstack
sys_enter_sigaltstack
sys_enter_gettid
sys_enter_rt_sigprocmask
sys_enter_rt_sigprocmask
sys_enter_clone
sys_enter_rt_sigprocmask
sys_enter_clone
sys_enter_rt_sigprocmask
sys_enter_futex
sys_enter_gettid
sys_enter_sigaltstack
sys_enter_sigaltstack
sys_enter_gettid
sys_enter_rt_sigprocmask
sys_enter_rt_sigprocmask
sys_enter_gettid
sys_enter_futex
sys_enter_sigaltstack
sys_enter_sigaltstack
sys_enter_gettid
sys_enter_futex
sys_enter_rt_sigprocmask
sys_enter_futex
sys_enter_futex
sys_enter_futex
sys_enter_mmap
sys_enter_futex
sys_enter_futex
sys_enter_futex
sys_enter_openat
sys_enter_read
sys_enter_read
sys_enter_close
sys_enter_socket
sys_enter_close
sys_enter_socket
sys_enter_setsockopt
sys_enter_bind
sys_enter_socket
sys_enter_setsockopt
sys_enter_bind
sys_enter_close
sys_enter_close
sys_enter_getpid
sys_enter_getppid
sys_enter_mmap
sys_enter_mmap
sys_enter_getppid
sys_enter_openat
sys_enter_pipe2
sys_enter_getpid
sys_enter_clone
sys_enter_setsid
sys_enter_close
sys_enter_read
sys_enter_chdir
sys_enter_execve
sys_enter_close
sys_enter_exit_group
sys_enter_mmap
sys_enter_mmap
sys_enter_mprotect
sys_enter_mmap
sys_enter_mmap
sys_enter_mprotect
sys_enter_mmap
sys_enter_mprotect
sys_enter_mmap
sys_enter_mprotect
sys_enter_mmap
sys_enter_mmap
sys_enter_close
sys_enter_munmap
sys_enter_sched_getaffinity
sys_enter_mmap
sys_enter_munmap
sys_enter_mmap
sys_enter_mmap
sys_enter_mmap
sys_enter_mmap
sys_enter_mmap
sys_enter_mmap
sys_enter_rt_sigprocmask
sys_enter_sigaltstack
sys_enter_sigaltstack
sys_enter_gettid
sys_enter_rt_sigprocmask
sys_enter_rt_sigaction
sys_enter_rt_sigaction
sys_enter_rt_sigaction
sys_enter_rt_sigaction
sys_enter_rt_sigaction
sys_enter_rt_sigaction
sys_enter_rt_sigaction
sys_enter_rt_sigaction
sys_enter_rt_sigaction
sys_enter_rt_sigaction
sys_enter_rt_sigaction
sys_enter_rt_sigaction
sys_enter_rt_sigaction
sys_enter_rt_sigaction
sys_enter_rt_sigaction
sys_enter_rt_sigaction
sys_enter_rt_sigaction
sys_enter_rt_sigaction
sys_enter_rt_sigaction
sys_enter_rt_sigaction
sys_enter_rt_sigaction
sys_enter_rt_sigaction
sys_enter_rt_sigaction
sys_enter_rt_sigaction
sys_enter_rt_sigaction
sys_enter_rt_sigaction
sys_enter_rt_sigaction
sys_enter_rt_sigaction
sys_enter_rt_sigaction
sys_enter_rt_sigaction
sys_enter_rt_sigaction
sys_enter_rt_sigaction
sys_enter_rt_sigaction
sys_enter_rt_sigaction
sys_enter_rt_sigaction
sys_enter_rt_sigaction
sys_enter_rt_sigaction
sys_enter_rt_sigaction
sys_enter_rt_sigaction
sys_enter_rt_sigaction
sys_enter_rt_sigaction
sys_enter_rt_sigaction
sys_enter_rt_sigaction
sys_enter_rt_sigaction
sys_enter_rt_sigaction
sys_enter_rt_sigaction
sys_enter_rt_sigaction
sys_enter_rt_sigaction
sys_enter_rt_sigaction
sys_enter_rt_sigaction
sys_enter_rt_sigaction
sys_enter_rt_sigaction
sys_enter_rt_sigaction
sys_enter_rt_sigaction
sys_enter_rt_sigaction
sys_enter_rt_sigaction
sys_enter_rt_sigaction
sys_enter_rt_sigaction
sys_enter_rt_sigaction
sys_enter_rt_sigaction
sys_enter_rt_sigaction
sys_enter_rt_sigaction
sys_enter_rt_sigaction
sys_enter_rt_sigaction
sys_enter_rt_sigaction
sys_enter_rt_sigaction
sys_enter_rt_sigaction
sys_enter_rt_sigaction
sys_enter_rt_sigaction
sys_enter_rt_sigaction
sys_enter_rt_sigaction
sys_enter_rt_sigaction
sys_enter_rt_sigaction
sys_enter_rt_sigaction
sys_enter_rt_sigaction
sys_enter_rt_sigaction
sys_enter_rt_sigaction
sys_enter_rt_sigaction
sys_enter_rt_sigaction
sys_enter_rt_sigaction
sys_enter_rt_sigaction
sys_enter_rt_sigaction
sys_enter_rt_sigaction
sys_enter_rt_sigaction
sys_enter_rt_sigaction
sys_enter_rt_sigaction
sys_enter_rt_sigaction
sys_enter_rt_sigaction
sys_enter_rt_sigaction
sys_enter_rt_sigaction
sys_enter_rt_sigaction
sys_enter_rt_sigaction
sys_enter_rt_sigaction
sys_enter_rt_sigaction
sys_enter_rt_sigaction
sys_enter_rt_sigaction
sys_enter_rt_sigaction
sys_enter_rt_sigaction
sys_enter_rt_sigaction
sys_enter_rt_sigaction
sys_enter_rt_sigaction
sys_enter_rt_sigaction
sys_enter_rt_sigaction
sys_enter_rt_sigaction
sys_enter_rt_sigaction
sys_enter_rt_sigaction
sys_enter_rt_sigaction
sys_enter_rt_sigaction
sys_enter_rt_sigaction
sys_enter_rt_sigaction
sys_enter_rt_sigaction
sys_enter_rt_sigaction
sys_enter_rt_sigaction
sys_enter_rt_sigaction
sys_enter_rt_sigprocmask
sys_enter_clone
sys_enter_rt_sigprocmask
sys_enter_gettid
sys_enter_sigaltstack
sys_enter_sigaltstack
sys_enter_gettid
sys_enter_rt_sigprocmask
sys_enter_rt_sigprocmask
sys_enter_clone
sys_enter_rt_sigprocmask
sys_enter_gettid
sys_enter_sigaltstack
sys_enter_sigaltstack
sys_enter_rt_sigprocmask
sys_enter_clone
sys_enter_gettid
sys_enter_rt_sigprocmask
sys_enter_rt_sigprocmask
sys_enter_sched_yield
sys_enter_futex
sys_enter_futex
sys_enter_gettid
sys_enter_sigaltstack
sys_enter_sigaltstack
sys_enter_gettid
sys_enter_rt_sigprocmask
sys_enter_futex
sys_enter_rt_sigprocmask
sys_enter_clone
sys_enter_rt_sigprocmask
sys_enter_futex
sys_enter_gettid
sys_enter_sigaltstack
sys_enter_sigaltstack
sys_enter_gettid
sys_enter_rt_sigprocmask
sys_enter_futex
sys_enter_futex
sys_enter_futex
sys_enter_mmap
sys_enter_futex
sys_enter_futex
sys_enter_futex
sys_enter_openat
sys_enter_read
sys_enter_read
sys_enter_close
sys_enter_socket
sys_enter_close
sys_enter_socket
sys_enter_setsockopt
sys_enter_bind
sys_enter_socket
sys_enter_setsockopt
sys_enter_bind
sys_enter_close
sys_enter_close
sys_enter_getpid
sys_enter_getppid
sys_enter_mmap
sys_enter_mmap
sys_enter_getppid
sys_enter_openat
sys_enter_pipe2
sys_enter_getpid
sys_enter_clone
sys_enter_setsid
sys_enter_close
sys_enter_chdir
sys_enter_read
sys_enter_execve
sys_enter_close
sys_enter_exit_group
sys_enter_mmap
sys_enter_mmap
sys_enter_mprotect
sys_enter_mmap
sys_enter_mmap
sys_enter_mprotect
sys_enter_mmap
sys_enter_mprotect
sys_enter_mmap
sys_enter_mprotect
sys_enter_mmap
sys_enter_mmap
sys_enter_close
sys_enter_munmap
sys_enter_sched_getaffinity
sys_enter_mmap
sys_enter_munmap
sys_enter_mmap
sys_enter_mmap
sys_enter_mmap
sys_enter_mmap
sys_enter_mmap
sys_enter_mmap
sys_enter_rt_sigprocmask
sys_enter_sigaltstack
sys_enter_sigaltstack
sys_enter_gettid
sys_enter_rt_sigprocmask
sys_enter_rt_sigaction
sys_enter_rt_sigaction
sys_enter_rt_sigaction
sys_enter_rt_sigaction
sys_enter_rt_sigaction
sys_enter_rt_sigaction
sys_enter_rt_sigaction
sys_enter_rt_sigaction
sys_enter_rt_sigaction
sys_enter_rt_sigaction
sys_enter_rt_sigaction
sys_enter_rt_sigaction
sys_enter_rt_sigaction
sys_enter_rt_sigaction
sys_enter_rt_sigaction
sys_enter_rt_sigaction
sys_enter_rt_sigaction
sys_enter_rt_sigaction
sys_enter_rt_sigaction
sys_enter_rt_sigaction
sys_enter_rt_sigaction
sys_enter_rt_sigaction
sys_enter_rt_sigaction
sys_enter_rt_sigaction
sys_enter_rt_sigaction
sys_enter_rt_sigaction
sys_enter_rt_sigaction
sys_enter_rt_sigaction
sys_enter_rt_sigaction
sys_enter_rt_sigaction
sys_enter_rt_sigaction
sys_enter_rt_sigaction
sys_enter_rt_sigaction
sys_enter_rt_sigaction
sys_enter_rt_sigaction
sys_enter_rt_sigaction
sys_enter_rt_sigaction
sys_enter_rt_sigaction
sys_enter_rt_sigaction
sys_enter_rt_sigaction
sys_enter_rt_sigaction
sys_enter_rt_sigaction
sys_enter_rt_sigaction
sys_enter_rt_sigaction
sys_enter_rt_sigaction
sys_enter_rt_sigaction
sys_enter_rt_sigaction
sys_enter_rt_sigaction
sys_enter_rt_sigaction
sys_enter_rt_sigaction
sys_enter_rt_sigaction
sys_enter_rt_sigaction
sys_enter_rt_sigaction
sys_enter_rt_sigaction
sys_enter_rt_sigaction
sys_enter_rt_sigaction
sys_enter_rt_sigaction
sys_enter_rt_sigaction
sys_enter_rt_sigaction
sys_enter_rt_sigaction
sys_enter_rt_sigaction
sys_enter_rt_sigaction
sys_enter_rt_sigaction
sys_enter_rt_sigaction
sys_enter_rt_sigaction
sys_enter_rt_sigaction
sys_enter_rt_sigaction
sys_enter_rt_sigaction
sys_enter_rt_sigaction
sys_enter_rt_sigaction
sys_enter_rt_sigaction
sys_enter_rt_sigaction
sys_enter_rt_sigaction
sys_enter_rt_sigaction
sys_enter_rt_sigaction
sys_enter_rt_sigaction
sys_enter_rt_sigaction
sys_enter_rt_sigaction
sys_enter_rt_sigaction
sys_enter_rt_sigaction
sys_enter_rt_sigaction
sys_enter_rt_sigaction
sys_enter_rt_sigaction
sys_enter_rt_sigaction
sys_enter_rt_sigaction
sys_enter_rt_sigaction
sys_enter_rt_sigaction
sys_enter_rt_sigaction
sys_enter_rt_sigaction
sys_enter_rt_sigaction
sys_enter_rt_sigaction
sys_enter_rt_sigaction
sys_enter_rt_sigaction
sys_enter_rt_sigaction
sys_enter_rt_sigaction
sys_enter_rt_sigaction
sys_enter_rt_sigaction
sys_enter_rt_sigaction
sys_enter_rt_sigaction
sys_enter_rt_sigaction
sys_enter_rt_sigaction
sys_enter_rt_sigaction
sys_enter_rt_sigaction
sys_enter_rt_sigaction
sys_enter_rt_sigaction
sys_enter_rt_sigaction
sys_enter_rt_sigaction
sys_enter_rt_sigaction
sys_enter_rt_sigaction
sys_enter_rt_sigaction
sys_enter_rt_sigaction
sys_enter_rt_sigaction
sys_enter_rt_sigaction
sys_enter_rt_sigaction
sys_enter_rt_sigprocmask
sys_enter_clone
sys_enter_rt_sigprocmask
sys_enter_gettid
sys_enter_sigaltstack
sys_enter_sigaltstack
sys_enter_gettid
sys_enter_rt_sigprocmask
sys_enter_rt_sigprocmask
sys_enter_clone
sys_enter_rt_sigprocmask
sys_enter_gettid
sys_enter_sigaltstack
sys_enter_sigaltstack
sys_enter_gettid
sys_enter_rt_sigprocmask
sys_enter_rt_sigprocmask
sys_enter_clone
sys_enter_rt_sigprocmask
sys_enter_clone
sys_enter_rt_sigprocmask
sys_enter_futex
sys_enter_gettid
sys_enter_sigaltstack
sys_enter_rt_sigprocmask
sys_enter_sigaltstack
sys_enter_gettid
sys_enter_gettid
sys_enter_rt_sigprocmask
sys_enter_sigaltstack
sys_enter_sigaltstack
sys_enter_futex
sys_enter_gettid
sys_enter_rt_sigprocmask
sys_enter_futex
sys_enter_futex
sys_enter_futex
sys_enter_futex
sys_enter_mmap
sys_enter_futex
sys_enter_futex
sys_enter_futex
sys_enter_openat
sys_enter_read
sys_enter_read
sys_enter_close
sys_enter_socket
sys_enter_close
sys_enter_socket
sys_enter_setsockopt
sys_enter_bind
sys_enter_socket
sys_enter_setsockopt
sys_enter_bind
sys_enter_close
sys_enter_close
sys_enter_getpid
sys_enter_getppid
sys_enter_mmap
sys_enter_mmap
sys_enter_getppid
sys_enter_openat
sys_enter_pipe2
sys_enter_getpid
sys_enter_clone
sys_enter_setsid
sys_enter_close
sys_enter_chdir
sys_enter_read
sys_enter_execve
sys_enter_close
sys_enter_mmap
sys_enter_exit_group
sys_enter_mmap
sys_enter_mprotect
sys_enter_mmap
sys_enter_mmap
sys_enter_mprotect
sys_enter_mmap
sys_enter_mprotect
sys_enter_mmap
sys_enter_mprotect
sys_enter_mmap
sys_enter_mmap
sys_enter_close
sys_enter_munmap
sys_enter_sched_getaffinity
sys_enter_mmap
sys_enter_munmap
sys_enter_mmap
sys_enter_mmap
sys_enter_mmap
sys_enter_mmap
sys_enter_mmap
sys_enter_mmap
sys_enter_rt_sigprocmask
sys_enter_sigaltstack
sys_enter_sigaltstack
sys_enter_gettid
sys_enter_rt_sigprocmask
sys_enter_rt_sigaction
sys_enter_rt_sigaction
sys_enter_rt_sigaction
sys_enter_rt_sigaction
sys_enter_rt_sigaction
sys_enter_rt_sigaction
sys_enter_rt_sigaction
sys_enter_rt_sigaction
sys_enter_rt_sigaction
sys_enter_rt_sigaction
sys_enter_rt_sigaction
sys_enter_rt_sigaction
sys_enter_rt_sigaction
sys_enter_rt_sigaction
sys_enter_rt_sigaction
sys_enter_rt_sigaction
sys_enter_rt_sigaction
sys_enter_rt_sigaction
sys_enter_rt_sigaction
sys_enter_rt_sigaction
sys_enter_rt_sigaction
sys_enter_rt_sigaction
sys_enter_rt_sigaction
sys_enter_rt_sigaction
sys_enter_rt_sigaction
sys_enter_rt_sigaction
sys_enter_rt_sigaction
sys_enter_rt_sigaction
sys_enter_rt_sigaction
sys_enter_rt_sigaction
sys_enter_rt_sigaction
sys_enter_rt_sigaction
sys_enter_rt_sigaction
sys_enter_rt_sigaction
sys_enter_rt_sigaction
sys_enter_rt_sigaction
sys_enter_rt_sigaction
sys_enter_rt_sigaction
sys_enter_rt_sigaction
sys_enter_rt_sigaction
sys_enter_rt_sigaction
sys_enter_rt_sigaction
sys_enter_rt_sigaction
sys_enter_rt_sigaction
sys_enter_rt_sigaction
sys_enter_rt_sigaction
sys_enter_rt_sigaction
sys_enter_rt_sigaction
sys_enter_rt_sigaction
sys_enter_rt_sigaction
sys_enter_rt_sigaction
sys_enter_rt_sigaction
sys_enter_rt_sigaction
sys_enter_rt_sigaction
sys_enter_rt_sigaction
sys_enter_rt_sigaction
sys_enter_rt_sigaction
sys_enter_rt_sigaction
sys_enter_rt_sigaction
sys_enter_rt_sigaction
sys_enter_rt_sigaction
sys_enter_rt_sigaction
sys_enter_rt_sigaction
sys_enter_rt_sigaction
sys_enter_rt_sigaction
sys_enter_rt_sigaction
sys_enter_rt_sigaction
sys_enter_rt_sigaction
sys_enter_rt_sigaction
sys_enter_rt_sigaction
sys_enter_rt_sigaction
sys_enter_rt_sigaction
sys_enter_rt_sigaction
sys_enter_rt_sigaction
sys_enter_rt_sigaction
sys_enter_rt_sigaction
sys_enter_rt_sigaction
sys_enter_rt_sigaction
sys_enter_rt_sigaction
sys_enter_rt_sigaction
sys_enter_rt_sigaction
sys_enter_rt_sigaction
sys_enter_rt_sigaction
sys_enter_rt_sigaction
sys_enter_rt_sigaction
sys_enter_rt_sigaction
sys_enter_rt_sigaction
sys_enter_rt_sigaction
sys_enter_rt_sigaction
sys_enter_rt_sigaction
sys_enter_rt_sigaction
sys_enter_rt_sigaction
sys_enter_rt_sigaction
sys_enter_rt_sigaction
sys_enter_rt_sigaction
sys_enter_rt_sigaction
sys_enter_rt_sigaction
sys_enter_rt_sigaction
sys_enter_rt_sigaction
sys_enter_rt_sigaction
sys_enter_rt_sigaction
sys_enter_rt_sigaction
sys_enter_rt_sigaction
sys_enter_rt_sigaction
sys_enter_rt_sigaction
sys_enter_rt_sigaction
sys_enter_rt_sigaction
sys_enter_rt_sigaction
sys_enter_rt_sigaction
sys_enter_rt_sigaction
sys_enter_rt_sigaction
sys_enter_rt_sigaction
sys_enter_rt_sigaction
sys_enter_rt_sigaction
sys_enter_rt_sigprocmask
sys_enter_clone
sys_enter_rt_sigprocmask
sys_enter_gettid
sys_enter_sigaltstack
sys_enter_sigaltstack
sys_enter_gettid
sys_enter_rt_sigprocmask
sys_enter_rt_sigprocmask
sys_enter_clone
sys_enter_rt_sigprocmask
sys_enter_gettid
sys_enter_sigaltstack
sys_enter_sigaltstack
sys_enter_rt_sigprocmask
sys_enter_clone
sys_enter_gettid
sys_enter_rt_sigprocmask
sys_enter_rt_sigprocmask
sys_enter_sched_yield
sys_enter_futex
sys_enter_futex
sys_enter_futex
sys_enter_gettid
sys_enter_futex
sys_enter_sigaltstack
sys_enter_sigaltstack
sys_enter_gettid
sys_enter_rt_sigprocmask
sys_enter_rt_sigprocmask
sys_enter_clone
sys_enter_futex
sys_enter_futex
sys_enter_rt_sigprocmask
sys_enter_gettid
sys_enter_futex
sys_enter_sigaltstack
sys_enter_sigaltstack
sys_enter_gettid
sys_enter_rt_sigprocmask
sys_enter_futex
sys_enter_futex
sys_enter_mmap
sys_enter_futex
sys_enter_futex
sys_enter_futex
sys_enter_openat
sys_enter_read
sys_enter_read
sys_enter_close
sys_enter_socket
sys_enter_close
sys_enter_socket
sys_enter_setsockopt
sys_enter_bind
sys_enter_socket
sys_enter_setsockopt
sys_enter_bind
sys_enter_close
sys_enter_close
sys_enter_getpid
sys_enter_getppid
sys_enter_mmap
sys_enter_mmap
sys_enter_getppid
sys_enter_openat
sys_enter_pipe2
sys_enter_getpid
sys_enter_clone
sys_enter_setsid
sys_enter_close
sys_enter_read
sys_enter_chdir
sys_enter_execve
sys_enter_close
sys_enter_exit_group
sys_enter_mmap
sys_enter_mmap
sys_enter_mprotect
sys_enter_mmap
sys_enter_mmap
sys_enter_mprotect
sys_enter_mmap
sys_enter_mprotect
sys_enter_mmap
sys_enter_mprotect
sys_enter_mmap
sys_enter_mmap
sys_enter_close
sys_enter_munmap
sys_enter_sched_getaffinity
sys_enter_mmap
sys_enter_munmap
sys_enter_mmap
sys_enter_mmap
sys_enter_mmap
sys_enter_mmap
sys_enter_mmap
sys_enter_mmap
sys_enter_rt_sigprocmask
sys_enter_sigaltstack
sys_enter_sigaltstack
sys_enter_gettid
sys_enter_rt_sigprocmask
sys_enter_rt_sigaction
sys_enter_rt_sigaction
sys_enter_rt_sigaction
sys_enter_rt_sigaction
sys_enter_rt_sigaction
sys_enter_rt_sigaction
sys_enter_rt_sigaction
sys_enter_rt_sigaction
sys_enter_rt_sigaction
sys_enter_rt_sigaction
sys_enter_rt_sigaction
sys_enter_rt_sigaction
sys_enter_rt_sigaction
sys_enter_rt_sigaction
sys_enter_rt_sigaction
sys_enter_rt_sigaction
sys_enter_rt_sigaction
sys_enter_rt_sigaction
sys_enter_rt_sigaction
sys_enter_rt_sigaction
sys_enter_rt_sigaction
sys_enter_rt_sigaction
sys_enter_rt_sigaction
sys_enter_rt_sigaction
sys_enter_rt_sigaction
sys_enter_rt_sigaction
sys_enter_rt_sigaction
sys_enter_rt_sigaction
sys_enter_rt_sigaction
sys_enter_rt_sigaction
sys_enter_rt_sigaction
sys_enter_rt_sigaction
sys_enter_rt_sigaction
sys_enter_rt_sigaction
sys_enter_rt_sigaction
sys_enter_rt_sigaction
sys_enter_rt_sigaction
sys_enter_rt_sigaction
sys_enter_rt_sigaction
sys_enter_rt_sigaction
sys_enter_rt_sigaction
sys_enter_rt_sigaction
sys_enter_rt_sigaction
sys_enter_rt_sigaction
sys_enter_rt_sigaction
sys_enter_rt_sigaction
sys_enter_rt_sigaction
sys_enter_rt_sigaction
sys_enter_rt_sigaction
sys_enter_rt_sigaction
sys_enter_rt_sigaction
sys_enter_rt_sigaction
sys_enter_rt_sigaction
sys_enter_rt_sigaction
sys_enter_rt_sigaction
sys_enter_rt_sigaction
sys_enter_rt_sigaction
sys_enter_rt_sigaction
sys_enter_rt_sigaction
sys_enter_rt_sigaction
sys_enter_rt_sigaction
sys_enter_rt_sigaction
sys_enter_rt_sigaction
sys_enter_rt_sigaction
sys_enter_rt_sigaction
sys_enter_rt_sigaction
sys_enter_rt_sigaction
sys_enter_rt_sigaction
sys_enter_rt_sigaction
sys_enter_rt_sigaction
sys_enter_rt_sigaction
sys_enter_rt_sigaction
sys_enter_rt_sigaction
sys_enter_rt_sigaction
sys_enter_rt_sigaction
sys_enter_rt_sigaction
sys_enter_rt_sigaction
sys_enter_rt_sigaction
sys_enter_rt_sigaction
sys_enter_rt_sigaction
sys_enter_rt_sigaction
sys_enter_rt_sigaction
sys_enter_rt_sigaction
sys_enter_rt_sigaction
sys_enter_rt_sigaction
sys_enter_rt_sigaction
sys_enter_rt_sigaction
sys_enter_rt_sigaction
sys_enter_rt_sigaction
sys_enter_rt_sigaction
sys_enter_rt_sigaction
sys_enter_rt_sigaction
sys_enter_rt_sigaction
sys_enter_rt_sigaction
sys_enter_rt_sigaction
sys_enter_rt_sigaction
sys_enter_rt_sigaction
sys_enter_rt_sigaction
sys_enter_rt_sigaction
sys_enter_rt_sigaction
sys_enter_rt_sigaction
sys_enter_rt_sigaction
sys_enter_rt_sigaction
sys_enter_rt_sigaction
sys_enter_rt_sigaction
sys_enter_rt_sigaction
sys_enter_rt_sigaction
sys_enter_rt_sigaction
sys_enter_rt_sigaction
sys_enter_rt_sigaction
sys_enter_rt_sigaction
sys_enter_rt_sigaction
sys_enter_rt_sigaction
sys_enter_rt_sigaction
sys_enter_rt_sigprocmask
sys_enter_clone
sys_enter_rt_sigprocmask
sys_enter_gettid
sys_enter_sigaltstack
sys_enter_sigaltstack
sys_enter_gettid
sys_enter_rt_sigprocmask
sys_enter_rt_sigprocmask
sys_enter_clone
sys_enter_rt_sigprocmask
sys_enter_gettid
sys_enter_sigaltstack
sys_enter_sigaltstack
sys_enter_gettid
sys_enter_rt_sigprocmask
sys_enter_rt_sigprocmask
sys_enter_clone
sys_enter_rt_sigprocmask
sys_enter_clone
sys_enter_rt_sigprocmask
sys_enter_futex
sys_enter_gettid
sys_enter_sigaltstack
sys_enter_sigaltstack
sys_enter_gettid
sys_enter_rt_sigprocmask
sys_enter_futex
sys_enter_rt_sigprocmask
sys_enter_gettid
sys_enter_futex
sys_enter_futex
sys_enter_sigaltstack
sys_enter_sigaltstack
sys_enter_gettid
sys_enter_rt_sigprocmask
sys_enter_futex
sys_enter_futex
sys_enter_mmap
sys_enter_futex
sys_enter_futex
sys_enter_futex
sys_enter_openat
sys_enter_read
sys_enter_read
sys_enter_close
sys_enter_socket
sys_enter_close
sys_enter_socket
sys_enter_setsockopt
sys_enter_bind
sys_enter_socket
sys_enter_setsockopt
sys_enter_bind
sys_enter_close
sys_enter_close
sys_enter_getpid
sys_enter_getppid
sys_enter_mmap
sys_enter_mmap
sys_enter_getppid
sys_enter_openat
sys_enter_pipe2
sys_enter_getpid
sys_enter_clone
sys_enter_close
sys_enter_read
sys_enter_setsid
sys_enter_chdir
sys_enter_execve
sys_enter_close
sys_enter_exit_group
sys_enter_mmap
sys_enter_mmap
sys_enter_mprotect
sys_enter_mmap
sys_enter_mmap
sys_enter_mprotect
sys_enter_mmap
sys_enter_mprotect
sys_enter_mmap
sys_enter_mprotect
sys_enter_mmap
sys_enter_mmap
sys_enter_close
sys_enter_munmap
sys_enter_sched_getaffinity
sys_enter_mmap
sys_enter_munmap
sys_enter_mmap
sys_enter_mmap
sys_enter_mmap
sys_enter_mmap
sys_enter_mmap
sys_enter_mmap
sys_enter_rt_sigprocmask
sys_enter_sigaltstack
sys_enter_sigaltstack
sys_enter_gettid
sys_enter_rt_sigprocmask
sys_enter_rt_sigaction
sys_enter_rt_sigaction
sys_enter_rt_sigaction
sys_enter_rt_sigaction
sys_enter_rt_sigaction
sys_enter_rt_sigaction
sys_enter_rt_sigaction
sys_enter_rt_sigaction
sys_enter_rt_sigaction
sys_enter_rt_sigaction
sys_enter_rt_sigaction
sys_enter_rt_sigaction
sys_enter_rt_sigaction
sys_enter_rt_sigaction
sys_enter_rt_sigaction
sys_enter_rt_sigaction
sys_enter_rt_sigaction
sys_enter_rt_sigaction
sys_enter_rt_sigaction
sys_enter_rt_sigaction
sys_enter_rt_sigaction
sys_enter_rt_sigaction
sys_enter_rt_sigaction
sys_enter_rt_sigaction
sys_enter_rt_sigaction
sys_enter_rt_sigaction
sys_enter_rt_sigaction
sys_enter_rt_sigaction
sys_enter_rt_sigaction
sys_enter_rt_sigaction
sys_enter_rt_sigaction
sys_enter_rt_sigaction
sys_enter_rt_sigaction
sys_enter_rt_sigaction
sys_enter_rt_sigaction
sys_enter_rt_sigaction
sys_enter_rt_sigaction
sys_enter_rt_sigaction
sys_enter_rt_sigaction
sys_enter_rt_sigaction
sys_enter_rt_sigaction
sys_enter_rt_sigaction
sys_enter_rt_sigaction
sys_enter_rt_sigaction
sys_enter_rt_sigaction
sys_enter_rt_sigaction
sys_enter_rt_sigaction
sys_enter_rt_sigaction
sys_enter_rt_sigaction
sys_enter_rt_sigaction
sys_enter_rt_sigaction
sys_enter_rt_sigaction
sys_enter_rt_sigaction
sys_enter_rt_sigaction
sys_enter_rt_sigaction
sys_enter_rt_sigaction
sys_enter_rt_sigaction
sys_enter_rt_sigaction
sys_enter_rt_sigaction
sys_enter_rt_sigaction
sys_enter_rt_sigaction
sys_enter_rt_sigaction
sys_enter_rt_sigaction
sys_enter_rt_sigaction
sys_enter_rt_sigaction
sys_enter_rt_sigaction
sys_enter_rt_sigaction
sys_enter_rt_sigaction
sys_enter_rt_sigaction
sys_enter_rt_sigaction
sys_enter_rt_sigaction
sys_enter_rt_sigaction
sys_enter_rt_sigaction
sys_enter_rt_sigaction
sys_enter_rt_sigaction
sys_enter_rt_sigaction
sys_enter_rt_sigaction
sys_enter_rt_sigaction
sys_enter_rt_sigaction
sys_enter_rt_sigaction
sys_enter_rt_sigaction
sys_enter_rt_sigaction
sys_enter_rt_sigaction
sys_enter_rt_sigaction
sys_enter_rt_sigaction
sys_enter_rt_sigaction
sys_enter_rt_sigaction
sys_enter_rt_sigaction
sys_enter_rt_sigaction
sys_enter_rt_sigaction
sys_enter_rt_sigaction
sys_enter_rt_sigaction
sys_enter_rt_sigaction
sys_enter_rt_sigaction
sys_enter_rt_sigaction
sys_enter_rt_sigaction
sys_enter_rt_sigaction
sys_enter_rt_sigaction
sys_enter_rt_sigaction
sys_enter_rt_sigaction
sys_enter_rt_sigaction
sys_enter_rt_sigaction
sys_enter_rt_sigaction
sys_enter_rt_sigaction
sys_enter_rt_sigaction
sys_enter_rt_sigaction
sys_enter_rt_sigaction
sys_enter_rt_sigaction
sys_enter_rt_sigaction
sys_enter_rt_sigaction
sys_enter_rt_sigaction
sys_enter_rt_sigaction
sys_enter_rt_sigaction
sys_enter_rt_sigaction
sys_enter_rt_sigprocmask
sys_enter_clone
sys_enter_rt_sigprocmask
sys_enter_gettid
sys_enter_sigaltstack
sys_enter_sigaltstack
sys_enter_gettid
sys_enter_rt_sigprocmask
sys_enter_rt_sigprocmask
sys_enter_clone
sys_enter_rt_sigprocmask
sys_enter_gettid
sys_enter_sigaltstack
sys_enter_sigaltstack
sys_enter_gettid
sys_enter_rt_sigprocmask
sys_enter_clone
sys_enter_rt_sigprocmask
sys_enter_rt_sigprocmask
sys_enter_futex
sys_enter_gettid
sys_enter_sigaltstack
sys_enter_rt_sigprocmask
sys_enter_clone
sys_enter_sigaltstack
sys_enter_gettid
sys_enter_rt_sigprocmask
sys_enter_futex
sys_enter_futex
sys_enter_rt_sigprocmask
sys_enter_futex
sys_enter_gettid
sys_enter_sigaltstack
sys_enter_sigaltstack
sys_enter_gettid
sys_enter_rt_sigprocmask
sys_enter_futex
sys_enter_futex
sys_enter_mmap
sys_enter_futex
sys_enter_futex
sys_enter_futex
sys_enter_openat
sys_enter_read
sys_enter_read
sys_enter_close
sys_enter_socket
sys_enter_close
sys_enter_socket
sys_enter_setsockopt
sys_enter_bind
sys_enter_socket
sys_enter_setsockopt
sys_enter_bind
sys_enter_close
sys_enter_close
sys_enter_getpid
sys_enter_getppid
sys_enter_mmap
sys_enter_mmap
sys_enter_getppid
sys_enter_openat
sys_enter_pipe2
sys_enter_getpid
sys_enter_clone
sys_enter_setsid
sys_enter_close
sys_enter_read
sys_enter_chdir
sys_enter_execve
sys_enter_close
sys_enter_mmap
sys_enter_exit_group
sys_enter_mmap
sys_enter_mprotect
sys_enter_mmap
sys_enter_mmap
sys_enter_mprotect
sys_enter_mmap
sys_enter_mprotect
sys_enter_mmap
sys_enter_mprotect
sys_enter_mmap
sys_enter_mmap
sys_enter_close
sys_enter_munmap
sys_enter_sched_getaffinity
sys_enter_mmap
sys_enter_munmap
sys_enter_mmap
sys_enter_mmap
sys_enter_mmap
sys_enter_mmap
sys_enter_mmap
sys_enter_mmap
sys_enter_rt_sigprocmask
sys_enter_sigaltstack
sys_enter_sigaltstack
sys_enter_gettid
sys_enter_rt_sigprocmask
sys_enter_rt_sigaction
sys_enter_rt_sigaction
sys_enter_rt_sigaction
sys_enter_rt_sigaction
sys_enter_rt_sigaction
sys_enter_rt_sigaction
sys_enter_rt_sigaction
sys_enter_rt_sigaction
sys_enter_rt_sigaction
sys_enter_rt_sigaction
sys_enter_rt_sigaction
sys_enter_rt_sigaction
sys_enter_rt_sigaction
sys_enter_rt_sigaction
sys_enter_rt_sigaction
sys_enter_rt_sigaction
sys_enter_rt_sigaction
sys_enter_rt_sigaction
sys_enter_rt_sigaction
sys_enter_rt_sigaction
sys_enter_rt_sigaction
sys_enter_rt_sigaction
sys_enter_rt_sigaction
sys_enter_rt_sigaction
sys_enter_rt_sigaction
sys_enter_rt_sigaction
sys_enter_rt_sigaction
sys_enter_rt_sigaction
sys_enter_rt_sigaction
sys_enter_rt_sigaction
sys_enter_rt_sigaction
sys_enter_rt_sigaction
sys_enter_rt_sigaction
sys_enter_rt_sigaction
sys_enter_rt_sigaction
sys_enter_rt_sigaction
sys_enter_rt_sigaction
sys_enter_rt_sigaction
sys_enter_rt_sigaction
sys_enter_rt_sigaction
sys_enter_rt_sigaction
sys_enter_rt_sigaction
sys_enter_rt_sigaction
sys_enter_rt_sigaction
sys_enter_rt_sigaction
sys_enter_rt_sigaction
sys_enter_rt_sigaction
sys_enter_rt_sigaction
sys_enter_rt_sigaction
sys_enter_rt_sigaction
sys_enter_rt_sigaction
sys_enter_rt_sigaction
sys_enter_rt_sigaction
sys_enter_rt_sigaction
sys_enter_rt_sigaction
sys_enter_rt_sigaction
sys_enter_rt_sigaction
sys_enter_rt_sigaction
sys_enter_rt_sigaction
sys_enter_rt_sigaction
sys_enter_rt_sigaction
sys_enter_rt_sigaction
sys_enter_rt_sigaction
sys_enter_rt_sigaction
sys_enter_rt_sigaction
sys_enter_rt_sigaction
sys_enter_rt_sigaction
sys_enter_rt_sigaction
sys_enter_rt_sigaction
sys_enter_rt_sigaction
sys_enter_rt_sigaction
sys_enter_rt_sigaction
sys_enter_rt_sigaction
sys_enter_rt_sigaction
sys_enter_rt_sigaction
sys_enter_rt_sigaction
sys_enter_rt_sigaction
sys_enter_rt_sigaction
sys_enter_rt_sigaction
sys_enter_rt_sigaction
sys_enter_rt_sigaction
sys_enter_rt_sigaction
sys_enter_rt_sigaction
sys_enter_rt_sigaction
sys_enter_rt_sigaction
sys_enter_rt_sigaction
sys_enter_rt_sigaction
sys_enter_rt_sigaction
sys_enter_rt_sigaction
sys_enter_rt_sigaction
sys_enter_rt_sigaction
sys_enter_rt_sigaction
sys_enter_rt_sigaction
sys_enter_rt_sigaction
sys_enter_rt_sigaction
sys_enter_rt_sigaction
sys_enter_rt_sigaction
sys_enter_rt_sigaction
sys_enter_rt_sigaction
sys_enter_rt_sigaction
sys_enter_rt_sigaction
sys_enter_rt_sigaction
sys_enter_rt_sigaction
sys_enter_rt_sigaction
sys_enter_rt_sigaction
sys_enter_rt_sigaction
sys_enter_rt_sigaction
sys_enter_rt_sigaction
sys_enter_rt_sigaction
sys_enter_rt_sigaction
sys_enter_rt_sigaction
sys_enter_rt_sigaction
sys_enter_rt_sigaction
sys_enter_rt_sigaction
sys_enter_rt_sigprocmask
sys_enter_clone
sys_enter_rt_sigprocmask
sys_enter_gettid
sys_enter_sigaltstack
sys_enter_sigaltstack
sys_enter_gettid
sys_enter_rt_sigprocmask
sys_enter_rt_sigprocmask
sys_enter_clone
sys_enter_rt_sigprocmask
sys_enter_gettid
sys_enter_sigaltstack
sys_enter_sigaltstack
sys_enter_gettid
sys_enter_rt_sigprocmask
sys_enter_sched_yield
sys_enter_futex
sys_enter_sched_yield
sys_enter_futex
sys_enter_futex
sys_enter_futex
sys_enter_rt_sigprocmask
sys_enter_clone
sys_enter_rt_sigprocmask
sys_enter_clone
sys_enter_rt_sigprocmask
sys_enter_futex
sys_enter_gettid
sys_enter_rt_sigprocmask
sys_enter_sigaltstack
sys_enter_gettid
sys_enter_sigaltstack
sys_enter_sigaltstack
sys_enter_sigaltstack
sys_enter_gettid
sys_enter_gettid
sys_enter_rt_sigprocmask
sys_enter_rt_sigprocmask
sys_enter_futex
sys_enter_futex
sys_enter_futex
sys_enter_futex
sys_enter_futex
sys_enter_mmap
sys_enter_futex
sys_enter_futex
sys_enter_futex
sys_enter_openat
sys_enter_read
sys_enter_read
sys_enter_close
sys_enter_socket
sys_enter_close
sys_enter_socket
sys_enter_setsockopt
sys_enter_bind
sys_enter_socket
sys_enter_setsockopt
sys_enter_bind
sys_enter_close
sys_enter_close
sys_enter_getpid
sys_enter_getppid
sys_enter_mmap
sys_enter_mmap
sys_enter_getppid
sys_enter_openat
sys_enter_pipe2
sys_enter_getpid
sys_enter_clone
sys_enter_setsid
sys_enter_close
sys_enter_read
sys_enter_chdir
sys_enter_execve
sys_enter_close
sys_enter_exit_group
sys_enter_mmap
sys_enter_mmap
sys_enter_mprotect
sys_enter_mmap
sys_enter_mmap
sys_enter_mprotect
sys_enter_mmap
sys_enter_mprotect
sys_enter_mmap
sys_enter_mprotect
sys_enter_mmap
sys_enter_mmap
sys_enter_close
sys_enter_munmap
sys_enter_sched_getaffinity
sys_enter_mmap
sys_enter_munmap
sys_enter_mmap
sys_enter_mmap
sys_enter_mmap
sys_enter_mmap
sys_enter_mmap
sys_enter_mmap
sys_enter_rt_sigprocmask
sys_enter_sigaltstack
sys_enter_sigaltstack
sys_enter_gettid
sys_enter_rt_sigprocmask
sys_enter_rt_sigaction
sys_enter_rt_sigaction
sys_enter_rt_sigaction
sys_enter_rt_sigaction
sys_enter_rt_sigaction
sys_enter_rt_sigaction
sys_enter_rt_sigaction
sys_enter_rt_sigaction
sys_enter_rt_sigaction
sys_enter_rt_sigaction
sys_enter_rt_sigaction
sys_enter_rt_sigaction
sys_enter_rt_sigaction
sys_enter_rt_sigaction
sys_enter_rt_sigaction
sys_enter_rt_sigaction
sys_enter_rt_sigaction
sys_enter_rt_sigaction
sys_enter_rt_sigaction
sys_enter_rt_sigaction
sys_enter_rt_sigaction
sys_enter_rt_sigaction
sys_enter_rt_sigaction
sys_enter_rt_sigaction
sys_enter_rt_sigaction
sys_enter_rt_sigaction
sys_enter_rt_sigaction
sys_enter_rt_sigaction
sys_enter_rt_sigaction
sys_enter_rt_sigaction
sys_enter_rt_sigaction
sys_enter_rt_sigaction
sys_enter_rt_sigaction
sys_enter_rt_sigaction
sys_enter_rt_sigaction
sys_enter_rt_sigaction
sys_enter_rt_sigaction
sys_enter_rt_sigaction
sys_enter_rt_sigaction
sys_enter_rt_sigaction
sys_enter_rt_sigaction
sys_enter_rt_sigaction
sys_enter_rt_sigaction
sys_enter_rt_sigaction
sys_enter_rt_sigaction
sys_enter_rt_sigaction
sys_enter_rt_sigaction
sys_enter_rt_sigaction
sys_enter_rt_sigaction
sys_enter_rt_sigaction
sys_enter_rt_sigaction
sys_enter_rt_sigaction
sys_enter_rt_sigaction
sys_enter_rt_sigaction
sys_enter_rt_sigaction
sys_enter_rt_sigaction
sys_enter_rt_sigaction
sys_enter_rt_sigaction
sys_enter_rt_sigaction
sys_enter_rt_sigaction
sys_enter_rt_sigaction
sys_enter_rt_sigaction
sys_enter_rt_sigaction
sys_enter_rt_sigaction
sys_enter_rt_sigaction
sys_enter_rt_sigaction
sys_enter_rt_sigaction
sys_enter_rt_sigaction
sys_enter_rt_sigaction
sys_enter_rt_sigaction
sys_enter_rt_sigaction
sys_enter_rt_sigaction
sys_enter_rt_sigaction
sys_enter_rt_sigaction
sys_enter_rt_sigaction
sys_enter_rt_sigaction
sys_enter_rt_sigaction
sys_enter_rt_sigaction
sys_enter_rt_sigaction
sys_enter_rt_sigaction
sys_enter_rt_sigaction
sys_enter_rt_sigaction
sys_enter_rt_sigaction
sys_enter_rt_sigaction
sys_enter_rt_sigaction
sys_enter_rt_sigaction
sys_enter_rt_sigaction
sys_enter_rt_sigaction
sys_enter_rt_sigaction
sys_enter_rt_sigaction
sys_enter_rt_sigaction
sys_enter_rt_sigaction
sys_enter_rt_sigaction
sys_enter_rt_sigaction
sys_enter_rt_sigaction
sys_enter_rt_sigaction
sys_enter_rt_sigaction
sys_enter_rt_sigaction
sys_enter_rt_sigaction
sys_enter_rt_sigaction
sys_enter_rt_sigaction
sys_enter_rt_sigaction
sys_enter_rt_sigaction
sys_enter_rt_sigaction
sys_enter_rt_sigaction
sys_enter_rt_sigaction
sys_enter_rt_sigaction
sys_enter_rt_sigaction
sys_enter_rt_sigaction
sys_enter_rt_sigaction
sys_enter_rt_sigaction
sys_enter_rt_sigaction
sys_enter_rt_sigaction
sys_enter_rt_sigaction
sys_enter_rt_sigprocmask
sys_enter_clone
sys_enter_rt_sigprocmask
sys_enter_gettid
sys_enter_sigaltstack
sys_enter_sigaltstack
sys_enter_gettid
sys_enter_rt_sigprocmask
sys_enter_rt_sigprocmask
sys_enter_clone
sys_enter_rt_sigprocmask
sys_enter_gettid
sys_enter_sigaltstack
sys_enter_sigaltstack
sys_enter_gettid
sys_enter_rt_sigprocmask
sys_enter_rt_sigprocmask
sys_enter_clone
sys_enter_rt_sigprocmask
sys_enter_clone
sys_enter_rt_sigprocmask
sys_enter_futex
sys_enter_rt_sigprocmask
sys_enter_futex
sys_enter_gettid
sys_enter_sigaltstack
sys_enter_sigaltstack
sys_enter_gettid
sys_enter_rt_sigprocmask
sys_enter_futex
sys_enter_gettid
sys_enter_futex
sys_enter_sigaltstack
sys_enter_sigaltstack
sys_enter_gettid
sys_enter_rt_sigprocmask
sys_enter_futex
sys_enter_futex
sys_enter_mmap
sys_enter_futex
sys_enter_futex
sys_enter_futex
sys_enter_openat
sys_enter_read
sys_enter_read
sys_enter_close
sys_enter_socket
sys_enter_close
sys_enter_socket
sys_enter_setsockopt
sys_enter_bind
sys_enter_socket
sys_enter_setsockopt
sys_enter_bind
sys_enter_close
sys_enter_close
sys_enter_getpid
sys_enter_getppid
sys_enter_mmap
sys_enter_mmap
sys_enter_getppid
sys_enter_openat
sys_enter_pipe2
sys_enter_getpid
sys_enter_clone
sys_enter_setsid
sys_enter_close
sys_enter_read
sys_enter_chdir
sys_enter_execve
sys_enter_close
sys_enter_mmap
sys_enter_mmap
sys_enter_exit_group
sys_enter_mprotect
sys_enter_mmap
sys_enter_mmap
sys_enter_mprotect
sys_enter_mmap
sys_enter_mprotect
sys_enter_mmap
sys_enter_mprotect
sys_enter_mmap
sys_enter_mmap
sys_enter_close
sys_enter_munmap
sys_enter_sched_getaffinity
sys_enter_mmap
sys_enter_munmap
sys_enter_mmap
sys_enter_mmap
sys_enter_mmap
sys_enter_mmap
sys_enter_mmap
sys_enter_mmap
sys_enter_rt_sigprocmask
sys_enter_sigaltstack
sys_enter_sigaltstack
sys_enter_gettid
sys_enter_rt_sigprocmask
sys_enter_rt_sigaction
sys_enter_rt_sigaction
sys_enter_rt_sigaction
sys_enter_rt_sigaction
sys_enter_rt_sigaction
sys_enter_rt_sigaction
sys_enter_rt_sigaction
sys_enter_rt_sigaction
sys_enter_rt_sigaction
sys_enter_rt_sigaction
sys_enter_rt_sigaction
sys_enter_rt_sigaction
sys_enter_rt_sigaction
sys_enter_rt_sigaction
sys_enter_rt_sigaction
sys_enter_rt_sigaction
sys_enter_rt_sigaction
sys_enter_rt_sigaction
sys_enter_rt_sigaction
sys_enter_rt_sigaction
sys_enter_rt_sigaction
sys_enter_rt_sigaction
sys_enter_rt_sigaction
sys_enter_rt_sigaction
sys_enter_rt_sigaction
sys_enter_rt_sigaction
sys_enter_rt_sigaction
sys_enter_rt_sigaction
sys_enter_rt_sigaction
sys_enter_rt_sigaction
sys_enter_rt_sigaction
sys_enter_rt_sigaction
sys_enter_rt_sigaction
sys_enter_rt_sigaction
sys_enter_rt_sigaction
sys_enter_rt_sigaction
sys_enter_rt_sigaction
sys_enter_rt_sigaction
sys_enter_rt_sigaction
sys_enter_rt_sigaction
sys_enter_rt_sigaction
sys_enter_rt_sigaction
sys_enter_rt_sigaction
sys_enter_rt_sigaction
sys_enter_rt_sigaction
sys_enter_rt_sigaction
sys_enter_rt_sigaction
sys_enter_rt_sigaction
sys_enter_rt_sigaction
sys_enter_rt_sigaction
sys_enter_rt_sigaction
sys_enter_rt_sigaction
sys_enter_rt_sigaction
sys_enter_rt_sigaction
sys_enter_rt_sigaction
sys_enter_rt_sigaction
sys_enter_rt_sigaction
sys_enter_rt_sigaction
sys_enter_rt_sigaction
sys_enter_rt_sigaction
sys_enter_rt_sigaction
sys_enter_rt_sigaction
sys_enter_rt_sigaction
sys_enter_rt_sigaction
sys_enter_rt_sigaction
sys_enter_rt_sigaction
sys_enter_rt_sigaction
sys_enter_rt_sigaction
sys_enter_rt_sigaction
sys_enter_rt_sigaction
sys_enter_rt_sigaction
sys_enter_rt_sigaction
sys_enter_rt_sigaction
sys_enter_rt_sigaction
sys_enter_rt_sigaction
sys_enter_rt_sigaction
sys_enter_rt_sigaction
sys_enter_rt_sigaction
sys_enter_rt_sigaction
sys_enter_rt_sigaction
sys_enter_rt_sigaction
sys_enter_rt_sigaction
sys_enter_rt_sigaction
sys_enter_rt_sigaction
sys_enter_rt_sigaction
sys_enter_rt_sigaction
sys_enter_rt_sigaction
sys_enter_rt_sigaction
sys_enter_rt_sigaction
sys_enter_rt_sigaction
sys_enter_rt_sigaction
sys_enter_rt_sigaction
sys_enter_rt_sigaction
sys_enter_rt_sigaction
sys_enter_rt_sigaction
sys_enter_rt_sigaction
sys_enter_rt_sigaction
sys_enter_rt_sigaction
sys_enter_rt_sigaction
sys_enter_rt_sigaction
sys_enter_rt_sigaction
sys_enter_rt_sigaction
sys_enter_rt_sigaction
sys_enter_rt_sigaction
sys_enter_rt_sigaction
sys_enter_rt_sigaction
sys_enter_rt_sigaction
sys_enter_rt_sigaction
sys_enter_rt_sigaction
sys_enter_rt_sigaction
sys_enter_rt_sigaction
sys_enter_rt_sigaction
sys_enter_rt_sigaction
sys_enter_rt_sigaction
sys_enter_rt_sigprocmask
sys_enter_clone
sys_enter_rt_sigprocmask
sys_enter_gettid
sys_enter_sigaltstack
sys_enter_sigaltstack
sys_enter_gettid
sys_enter_rt_sigprocmask
sys_enter_rt_sigprocmask
sys_enter_clone
sys_enter_rt_sigprocmask
sys_enter_gettid
sys_enter_sigaltstack
sys_enter_sigaltstack
sys_enter_rt_sigprocmask
sys_enter_clone
sys_enter_gettid
sys_enter_rt_sigprocmask
sys_enter_rt_sigprocmask
sys_enter_sched_yield
sys_enter_gettid
sys_enter_sigaltstack
sys_enter_sigaltstack
sys_enter_gettid
sys_enter_rt_sigprocmask
sys_enter_futex
sys_enter_futex
sys_enter_gettid
sys_enter_futex
sys_enter_futex
sys_enter_rt_sigprocmask
sys_enter_clone
sys_enter_rt_sigprocmask
sys_enter_futex
sys_enter_sigaltstack
sys_enter_sigaltstack
sys_enter_gettid
sys_enter_rt_sigprocmask
sys_enter_futex
sys_enter_futex
sys_enter_mmap
sys_enter_futex
sys_enter_futex
sys_enter_futex
sys_enter_openat
sys_enter_read
sys_enter_read
sys_enter_close
sys_enter_socket
sys_enter_close
sys_enter_socket
sys_enter_setsockopt
sys_enter_bind
sys_enter_socket
sys_enter_setsockopt
sys_enter_bind
sys_enter_close
sys_enter_close
sys_enter_getpid
sys_enter_getppid
sys_enter_mmap
sys_enter_mmap
sys_enter_getppid
sys_enter_openat
sys_enter_pipe2
sys_enter_getpid
sys_enter_clone
sys_enter_setsid
sys_enter_close
sys_enter_read
sys_enter_chdir
sys_enter_execve
sys_enter_close
sys_enter_exit_group
sys_enter_mmap
sys_enter_mmap
sys_enter_mprotect
sys_enter_mmap
sys_enter_mmap
sys_enter_mprotect
sys_enter_mmap
sys_enter_mprotect
sys_enter_mmap
sys_enter_mprotect
sys_enter_mmap
sys_enter_mmap
sys_enter_close
sys_enter_munmap
sys_enter_sched_getaffinity
sys_enter_mmap
sys_enter_munmap
sys_enter_mmap
sys_enter_mmap
sys_enter_mmap
sys_enter_mmap
sys_enter_mmap
sys_enter_mmap
sys_enter_rt_sigprocmask
sys_enter_sigaltstack
sys_enter_sigaltstack
sys_enter_gettid
sys_enter_rt_sigprocmask
sys_enter_rt_sigaction
sys_enter_rt_sigaction
sys_enter_rt_sigaction
sys_enter_rt_sigaction
sys_enter_rt_sigaction
sys_enter_rt_sigaction
sys_enter_rt_sigaction
sys_enter_rt_sigaction
sys_enter_rt_sigaction
sys_enter_rt_sigaction
sys_enter_rt_sigaction
sys_enter_rt_sigaction
sys_enter_rt_sigaction
sys_enter_rt_sigaction
sys_enter_rt_sigaction
sys_enter_rt_sigaction
sys_enter_rt_sigaction
sys_enter_rt_sigaction
sys_enter_rt_sigaction
sys_enter_rt_sigaction
sys_enter_rt_sigaction
sys_enter_rt_sigaction
sys_enter_rt_sigaction
sys_enter_rt_sigaction
sys_enter_rt_sigaction
sys_enter_rt_sigaction
sys_enter_rt_sigaction
sys_enter_rt_sigaction
sys_enter_rt_sigaction
sys_enter_rt_sigaction
sys_enter_rt_sigaction
sys_enter_rt_sigaction
sys_enter_rt_sigaction
sys_enter_rt_sigaction
sys_enter_rt_sigaction
sys_enter_rt_sigaction
sys_enter_rt_sigaction
sys_enter_rt_sigaction
sys_enter_rt_sigaction
sys_enter_rt_sigaction
sys_enter_rt_sigaction
sys_enter_rt_sigaction
sys_enter_rt_sigaction
sys_enter_rt_sigaction
sys_enter_rt_sigaction
sys_enter_rt_sigaction
sys_enter_rt_sigaction
sys_enter_rt_sigaction
sys_enter_rt_sigaction
sys_enter_rt_sigaction
sys_enter_rt_sigaction
sys_enter_rt_sigaction
sys_enter_rt_sigaction
sys_enter_rt_sigaction
sys_enter_rt_sigaction
sys_enter_rt_sigaction
sys_enter_rt_sigaction
sys_enter_rt_sigaction
sys_enter_rt_sigaction
sys_enter_rt_sigaction
sys_enter_rt_sigaction
sys_enter_rt_sigaction
sys_enter_rt_sigaction
sys_enter_rt_sigaction
sys_enter_rt_sigaction
sys_enter_rt_sigaction
sys_enter_rt_sigaction
sys_enter_rt_sigaction
sys_enter_rt_sigaction
sys_enter_rt_sigaction
sys_enter_rt_sigaction
sys_enter_rt_sigaction
sys_enter_rt_sigaction
sys_enter_rt_sigaction
sys_enter_rt_sigaction
sys_enter_rt_sigaction
sys_enter_rt_sigaction
sys_enter_rt_sigaction
sys_enter_rt_sigaction
sys_enter_rt_sigaction
sys_enter_rt_sigaction
sys_enter_rt_sigaction
sys_enter_rt_sigaction
sys_enter_rt_sigaction
sys_enter_rt_sigaction
sys_enter_rt_sigaction
sys_enter_rt_sigaction
sys_enter_rt_sigaction
sys_enter_rt_sigaction
sys_enter_rt_sigaction
sys_enter_rt_sigaction
sys_enter_rt_sigaction
sys_enter_rt_sigaction
sys_enter_rt_sigaction
sys_enter_rt_sigaction
sys_enter_rt_sigaction
sys_enter_rt_sigaction
sys_enter_rt_sigaction
sys_enter_rt_sigaction
sys_enter_rt_sigaction
sys_enter_rt_sigaction
sys_enter_rt_sigaction
sys_enter_rt_sigaction
sys_enter_rt_sigaction
sys_enter_rt_sigaction
sys_enter_rt_sigaction
sys_enter_rt_sigaction
sys_enter_rt_sigaction
sys_enter_rt_sigaction
sys_enter_rt_sigaction
sys_enter_rt_sigaction
sys_enter_rt_sigaction
sys_enter_rt_sigaction
sys_enter_rt_sigaction
sys_enter_rt_sigprocmask
sys_enter_clone
sys_enter_rt_sigprocmask
sys_enter_gettid
sys_enter_sigaltstack
sys_enter_sigaltstack
sys_enter_gettid
sys_enter_rt_sigprocmask
sys_enter_rt_sigprocmask
sys_enter_clone
sys_enter_rt_sigprocmask
sys_enter_gettid
sys_enter_sigaltstack
sys_enter_sigaltstack
sys_enter_gettid
sys_enter_rt_sigprocmask
sys_enter_rt_sigprocmask
sys_enter_clone
sys_enter_rt_sigprocmask
sys_enter_clone
sys_enter_rt_sigprocmask
sys_enter_futex
sys_enter_gettid
sys_enter_sigaltstack
sys_enter_sigaltstack
sys_enter_gettid
sys_enter_rt_sigprocmask
sys_enter_futex
sys_enter_futex
sys_enter_rt_sigprocmask
sys_enter_gettid
sys_enter_sigaltstack
sys_enter_sigaltstack
sys_enter_gettid
sys_enter_rt_sigprocmask
sys_enter_futex
sys_enter_mmap
sys_enter_futex
sys_enter_futex
sys_enter_futex
sys_enter_openat
sys_enter_read
sys_enter_read
sys_enter_close
sys_enter_socket
sys_enter_close
sys_enter_socket
sys_enter_setsockopt
sys_enter_bind
sys_enter_socket
sys_enter_setsockopt
sys_enter_bind
sys_enter_close
sys_enter_close
sys_enter_getpid
sys_enter_getppid
sys_enter_mmap
sys_enter_mmap
sys_enter_getppid
sys_enter_openat
sys_enter_pipe2
sys_enter_getpid
sys_enter_clone
sys_enter_setsid
sys_enter_close
sys_enter_read
sys_enter_chdir
sys_enter_execve
sys_enter_close
sys_enter_exit_group
sys_enter_mmap
sys_enter_mmap
sys_enter_mprotect
sys_enter_mmap
sys_enter_mmap
sys_enter_mprotect
sys_enter_mmap
sys_enter_mprotect
sys_enter_mmap
sys_enter_mprotect
sys_enter_mmap
sys_enter_mmap
sys_enter_close
sys_enter_munmap
sys_enter_sched_getaffinity
sys_enter_mmap
sys_enter_munmap
sys_enter_mmap
sys_enter_mmap
sys_enter_mmap
sys_enter_mmap
sys_enter_mmap
sys_enter_mmap
sys_enter_rt_sigprocmask
sys_enter_sigaltstack
sys_enter_sigaltstack
sys_enter_gettid
sys_enter_rt_sigprocmask
sys_enter_rt_sigaction
sys_enter_rt_sigaction
sys_enter_rt_sigaction
sys_enter_rt_sigaction
sys_enter_rt_sigaction
sys_enter_rt_sigaction
sys_enter_rt_sigaction
sys_enter_rt_sigaction
sys_enter_rt_sigaction
sys_enter_rt_sigaction
sys_enter_rt_sigaction
sys_enter_rt_sigaction
sys_enter_rt_sigaction
sys_enter_rt_sigaction
sys_enter_rt_sigaction
sys_enter_rt_sigaction
sys_enter_rt_sigaction
sys_enter_rt_sigaction
sys_enter_rt_sigaction
sys_enter_rt_sigaction
sys_enter_rt_sigaction
sys_enter_rt_sigaction
sys_enter_rt_sigaction
sys_enter_rt_sigaction
sys_enter_rt_sigaction
sys_enter_rt_sigaction
sys_enter_rt_sigaction
sys_enter_rt_sigaction
sys_enter_rt_sigaction
sys_enter_rt_sigaction
sys_enter_rt_sigaction
sys_enter_rt_sigaction
sys_enter_rt_sigaction
sys_enter_rt_sigaction
sys_enter_rt_sigaction
sys_enter_rt_sigaction
sys_enter_rt_sigaction
sys_enter_rt_sigaction
sys_enter_rt_sigaction
sys_enter_rt_sigaction
sys_enter_rt_sigaction
sys_enter_rt_sigaction
sys_enter_rt_sigaction
sys_enter_rt_sigaction
sys_enter_rt_sigaction
sys_enter_rt_sigaction
sys_enter_rt_sigaction
sys_enter_rt_sigaction
sys_enter_rt_sigaction
sys_enter_rt_sigaction
sys_enter_rt_sigaction
sys_enter_rt_sigaction
sys_enter_rt_sigaction
sys_enter_rt_sigaction
sys_enter_rt_sigaction
sys_enter_rt_sigaction
sys_enter_rt_sigaction
sys_enter_rt_sigaction
sys_enter_rt_sigaction
sys_enter_rt_sigaction
sys_enter_rt_sigaction
sys_enter_rt_sigaction
sys_enter_rt_sigaction
sys_enter_rt_sigaction
sys_enter_rt_sigaction
sys_enter_rt_sigaction
sys_enter_rt_sigaction
sys_enter_rt_sigaction
sys_enter_rt_sigaction
sys_enter_rt_sigaction
sys_enter_rt_sigaction
sys_enter_rt_sigaction
sys_enter_rt_sigaction
sys_enter_rt_sigaction
sys_enter_rt_sigaction
sys_enter_rt_sigaction
sys_enter_rt_sigaction
sys_enter_rt_sigaction
sys_enter_rt_sigaction
sys_enter_rt_sigaction
sys_enter_rt_sigaction
sys_enter_rt_sigaction
sys_enter_rt_sigaction
sys_enter_rt_sigaction
sys_enter_rt_sigaction
sys_enter_rt_sigaction
sys_enter_rt_sigaction
sys_enter_rt_sigaction
sys_enter_rt_sigaction
sys_enter_rt_sigaction
sys_enter_rt_sigaction
sys_enter_rt_sigaction
sys_enter_rt_sigaction
sys_enter_rt_sigaction
sys_enter_rt_sigaction
sys_enter_rt_sigaction
sys_enter_rt_sigaction
sys_enter_rt_sigaction
sys_enter_rt_sigaction
sys_enter_rt_sigaction
sys_enter_rt_sigaction
sys_enter_rt_sigaction
sys_enter_rt_sigaction
sys_enter_rt_sigaction
sys_enter_rt_sigaction
sys_enter_rt_sigaction
sys_enter_rt_sigaction
sys_enter_rt_sigaction
sys_enter_rt_sigaction
sys_enter_rt_sigaction
sys_enter_rt_sigaction
sys_enter_rt_sigaction
sys_enter_rt_sigaction
sys_enter_rt_sigaction
sys_enter_rt_sigprocmask
sys_enter_clone
sys_enter_rt_sigprocmask
sys_enter_gettid
sys_enter_sigaltstack
sys_enter_sigaltstack
sys_enter_gettid
sys_enter_rt_sigprocmask
sys_enter_rt_sigprocmask
sys_enter_clone
sys_enter_rt_sigprocmask
sys_enter_gettid
sys_enter_sigaltstack
sys_enter_sigaltstack
sys_enter_gettid
sys_enter_rt_sigprocmask
sys_enter_rt_sigprocmask
sys_enter_clone
sys_enter_rt_sigprocmask
sys_enter_futex
sys_enter_rt_sigprocmask
sys_enter_clone
sys_enter_gettid
sys_enter_rt_sigprocmask
sys_enter_sigaltstack
sys_enter_sigaltstack
sys_enter_gettid
sys_enter_rt_sigprocmask
sys_enter_futex
sys_enter_gettid
sys_enter_sigaltstack
sys_enter_sigaltstack
sys_enter_gettid
sys_enter_rt_sigprocmask
sys_enter_futex
sys_enter_futex
sys_enter_futex
sys_enter_futex
sys_enter_mmap
sys_enter_futex
sys_enter_futex
sys_enter_futex
sys_enter_openat
sys_enter_read
sys_enter_read
sys_enter_close
sys_enter_socket
sys_enter_close
sys_enter_socket
sys_enter_setsockopt
sys_enter_bind
sys_enter_socket
sys_enter_setsockopt
sys_enter_bind
sys_enter_close
sys_enter_close
sys_enter_getpid
sys_enter_getppid
sys_enter_mmap
sys_enter_mmap
sys_enter_getppid
sys_enter_openat
sys_enter_pipe2
sys_enter_getpid
sys_enter_clone
sys_enter_setsid
sys_enter_close
sys_enter_read
sys_enter_chdir
sys_enter_execve
sys_enter_close
sys_enter_mmap
sys_enter_exit_group
sys_enter_mmap
sys_enter_mprotect
sys_enter_mmap
sys_enter_mmap
sys_enter_mprotect
sys_enter_mmap
sys_enter_mprotect
sys_enter_mmap
sys_enter_mprotect
sys_enter_mmap
sys_enter_mmap
sys_enter_close
sys_enter_munmap
sys_enter_sched_getaffinity
sys_enter_mmap
sys_enter_munmap
sys_enter_mmap
sys_enter_mmap
sys_enter_mmap
sys_enter_mmap
sys_enter_mmap
sys_enter_mmap
sys_enter_rt_sigprocmask
sys_enter_sigaltstack
sys_enter_sigaltstack
sys_enter_gettid
sys_enter_rt_sigprocmask
sys_enter_rt_sigaction
sys_enter_rt_sigaction
sys_enter_rt_sigaction
sys_enter_rt_sigaction
sys_enter_rt_sigaction
sys_enter_rt_sigaction
sys_enter_rt_sigaction
sys_enter_rt_sigaction
sys_enter_rt_sigaction
sys_enter_rt_sigaction
sys_enter_rt_sigaction
sys_enter_rt_sigaction
sys_enter_rt_sigaction
sys_enter_rt_sigaction
sys_enter_rt_sigaction
sys_enter_rt_sigaction
sys_enter_rt_sigaction
sys_enter_rt_sigaction
sys_enter_rt_sigaction
sys_enter_rt_sigaction
sys_enter_rt_sigaction
sys_enter_rt_sigaction
sys_enter_rt_sigaction
sys_enter_rt_sigaction
sys_enter_rt_sigaction
sys_enter_rt_sigaction
sys_enter_rt_sigaction
sys_enter_rt_sigaction
sys_enter_rt_sigaction
sys_enter_rt_sigaction
sys_enter_rt_sigaction
sys_enter_rt_sigaction
sys_enter_rt_sigaction
sys_enter_rt_sigaction
sys_enter_rt_sigaction
sys_enter_rt_sigaction
sys_enter_rt_sigaction
sys_enter_rt_sigaction
sys_enter_rt_sigaction
sys_enter_rt_sigaction
sys_enter_rt_sigaction
sys_enter_rt_sigaction
sys_enter_rt_sigaction
sys_enter_rt_sigaction
sys_enter_rt_sigaction
sys_enter_rt_sigaction
sys_enter_rt_sigaction
sys_enter_rt_sigaction
sys_enter_rt_sigaction
sys_enter_rt_sigaction
sys_enter_rt_sigaction
sys_enter_rt_sigaction
sys_enter_rt_sigaction
sys_enter_rt_sigaction
sys_enter_rt_sigaction
sys_enter_rt_sigaction
sys_enter_rt_sigaction
sys_enter_rt_sigaction
sys_enter_rt_sigaction
sys_enter_rt_sigaction
sys_enter_rt_sigaction
sys_enter_rt_sigaction
sys_enter_rt_sigaction
sys_enter_rt_sigaction
sys_enter_rt_sigaction
sys_enter_rt_sigaction
sys_enter_rt_sigaction
sys_enter_rt_sigaction
sys_enter_rt_sigaction
sys_enter_rt_sigaction
sys_enter_rt_sigaction
sys_enter_rt_sigaction
sys_enter_rt_sigaction
sys_enter_rt_sigaction
sys_enter_rt_sigaction
sys_enter_rt_sigaction
sys_enter_rt_sigaction
sys_enter_rt_sigaction
sys_enter_rt_sigaction
sys_enter_rt_sigaction
sys_enter_rt_sigaction
sys_enter_rt_sigaction
sys_enter_rt_sigaction
sys_enter_rt_sigaction
sys_enter_rt_sigaction
sys_enter_rt_sigaction
sys_enter_rt_sigaction
sys_enter_rt_sigaction
sys_enter_rt_sigaction
sys_enter_rt_sigaction
sys_enter_rt_sigaction
sys_enter_rt_sigaction
sys_enter_rt_sigaction
sys_enter_rt_sigaction
sys_enter_rt_sigaction
sys_enter_rt_sigaction
sys_enter_rt_sigaction
sys_enter_rt_sigaction
sys_enter_rt_sigaction
sys_enter_rt_sigaction
sys_enter_rt_sigaction
sys_enter_rt_sigaction
sys_enter_rt_sigaction
sys_enter_rt_sigaction
sys_enter_rt_sigaction
sys_enter_rt_sigaction
sys_enter_rt_sigaction
sys_enter_rt_sigaction
sys_enter_rt_sigaction
sys_enter_rt_sigaction
sys_enter_rt_sigaction
sys_enter_rt_sigaction
sys_enter_rt_sigaction
sys_enter_rt_sigaction
sys_enter_rt_sigprocmask
sys_enter_clone
sys_enter_rt_sigprocmask
sys_enter_rt_sigprocmask
sys_enter_clone
sys_enter_rt_sigprocmask
sys_enter_rt_sigprocmask
sys_enter_clone
sys_enter_rt_sigprocmask
sys_enter_futex
sys_enter_gettid
sys_enter_sigaltstack
sys_enter_sigaltstack
sys_enter_gettid
sys_enter_rt_sigprocmask
sys_enter_futex
sys_enter_futex
sys_enter_gettid
sys_enter_sigaltstack
sys_enter_sigaltstack
sys_enter_gettid
sys_enter_rt_sigprocmask
sys_enter_gettid
sys_enter_sigaltstack
sys_enter_sigaltstack
sys_enter_gettid
sys_enter_rt_sigprocmask
sys_enter_rt_sigprocmask
sys_enter_clone
sys_enter_rt_sigprocmask
sys_enter_futex
sys_enter_futex
sys_enter_mmap
sys_enter_gettid
sys_enter_sigaltstack
sys_enter_sigaltstack
sys_enter_gettid
sys_enter_rt_sigprocmask
sys_enter_futex
sys_enter_futex
sys_enter_futex
sys_enter_futex
sys_enter_openat
sys_enter_futex
sys_enter_futex
sys_enter_read
sys_enter_read
sys_enter_close
sys_enter_socket
sys_enter_close
sys_enter_socket
sys_enter_setsockopt
sys_enter_bind
sys_enter_socket
sys_enter_setsockopt
sys_enter_bind
sys_enter_close
sys_enter_close
sys_enter_mmap
sys_enter_getpid
sys_enter_getppid
sys_enter_mmap
sys_enter_mmap
sys_enter_mmap
sys_enter_getppid
sys_enter_openat
sys_enter_pipe2
sys_enter_getpid
sys_enter_clone
sys_enter_close
sys_enter_read
sys_enter_setsid
sys_enter_chdir
sys_enter_execve
sys_enter_close
sys_enter_exit_group
sys_enter_mmap
sys_enter_mmap
sys_enter_mprotect
sys_enter_mmap
sys_enter_mmap
sys_enter_mprotect
sys_enter_mmap
sys_enter_mprotect
sys_enter_mmap
sys_enter_mprotect
sys_enter_mmap
sys_enter_mmap
sys_enter_close
sys_enter_munmap
sys_enter_sched_getaffinity
sys_enter_mmap
sys_enter_munmap
sys_enter_mmap
sys_enter_mmap
sys_enter_mmap
sys_enter_mmap
sys_enter_mmap
sys_enter_mmap
sys_enter_rt_sigprocmask
sys_enter_sigaltstack
sys_enter_sigaltstack
sys_enter_gettid
sys_enter_rt_sigprocmask
sys_enter_rt_sigaction
sys_enter_rt_sigaction
sys_enter_rt_sigaction
sys_enter_rt_sigaction
sys_enter_rt_sigaction
sys_enter_rt_sigaction
sys_enter_rt_sigaction
sys_enter_rt_sigaction
sys_enter_rt_sigaction
sys_enter_rt_sigaction
sys_enter_rt_sigaction
sys_enter_rt_sigaction
sys_enter_rt_sigaction
sys_enter_rt_sigaction
sys_enter_rt_sigaction
sys_enter_rt_sigaction
sys_enter_rt_sigaction
sys_enter_rt_sigaction
sys_enter_rt_sigaction
sys_enter_rt_sigaction
sys_enter_rt_sigaction
sys_enter_rt_sigaction
sys_enter_rt_sigaction
sys_enter_rt_sigaction
sys_enter_rt_sigaction
sys_enter_rt_sigaction
sys_enter_rt_sigaction
sys_enter_rt_sigaction
sys_enter_rt_sigaction
sys_enter_rt_sigaction
sys_enter_rt_sigaction
sys_enter_rt_sigaction
sys_enter_rt_sigaction
sys_enter_rt_sigaction
sys_enter_rt_sigaction
sys_enter_rt_sigaction
sys_enter_rt_sigaction
sys_enter_rt_sigaction
sys_enter_rt_sigaction
sys_enter_rt_sigaction
sys_enter_rt_sigaction
sys_enter_rt_sigaction
sys_enter_rt_sigaction
sys_enter_rt_sigaction
sys_enter_rt_sigaction
sys_enter_rt_sigaction
sys_enter_rt_sigaction
sys_enter_rt_sigaction
sys_enter_rt_sigaction
sys_enter_rt_sigaction
sys_enter_rt_sigaction
sys_enter_rt_sigaction
sys_enter_rt_sigaction
sys_enter_rt_sigaction
sys_enter_rt_sigaction
sys_enter_rt_sigaction
sys_enter_rt_sigaction
sys_enter_rt_sigaction
sys_enter_rt_sigaction
sys_enter_rt_sigaction
sys_enter_rt_sigaction
sys_enter_rt_sigaction
sys_enter_rt_sigaction
sys_enter_rt_sigaction
sys_enter_rt_sigaction
sys_enter_rt_sigaction
sys_enter_rt_sigaction
sys_enter_rt_sigaction
sys_enter_rt_sigaction
sys_enter_rt_sigaction
sys_enter_rt_sigaction
sys_enter_rt_sigaction
sys_enter_rt_sigaction
sys_enter_rt_sigaction
sys_enter_rt_sigaction
sys_enter_rt_sigaction
sys_enter_rt_sigaction
sys_enter_rt_sigaction
sys_enter_rt_sigaction
sys_enter_rt_sigaction
sys_enter_rt_sigaction
sys_enter_rt_sigaction
sys_enter_rt_sigaction
sys_enter_rt_sigaction
sys_enter_rt_sigaction
sys_enter_rt_sigaction
sys_enter_rt_sigaction
sys_enter_rt_sigaction
sys_enter_rt_sigaction
sys_enter_rt_sigaction
sys_enter_rt_sigaction
sys_enter_rt_sigaction
sys_enter_rt_sigaction
sys_enter_rt_sigaction
sys_enter_rt_sigaction
sys_enter_rt_sigaction
sys_enter_rt_sigaction
sys_enter_rt_sigaction
sys_enter_rt_sigaction
sys_enter_rt_sigaction
sys_enter_rt_sigaction
sys_enter_rt_sigaction
sys_enter_rt_sigaction
sys_enter_rt_sigaction
sys_enter_rt_sigaction
sys_enter_rt_sigaction
sys_enter_rt_sigaction
sys_enter_rt_sigaction
sys_enter_rt_sigaction
sys_enter_rt_sigaction
sys_enter_rt_sigaction
sys_enter_rt_sigaction
sys_enter_rt_sigaction
sys_enter_rt_sigaction
sys_enter_rt_sigprocmask
sys_enter_clone
sys_enter_rt_sigprocmask
sys_enter_rt_sigprocmask
sys_enter_clone
sys_enter_rt_sigprocmask
sys_enter_rt_sigprocmask
sys_enter_clone
sys_enter_rt_sigprocmask
sys_enter_futex
sys_enter_gettid
sys_enter_futex
sys_enter_gettid
sys_enter_sigaltstack
sys_enter_sigaltstack
sys_enter_gettid
sys_enter_rt_sigprocmask
sys_enter_gettid
sys_enter_sigaltstack
sys_enter_sigaltstack
sys_enter_gettid
sys_enter_rt_sigprocmask
sys_enter_futex
sys_enter_futex
sys_enter_gettid
sys_enter_sigaltstack
sys_enter_sigaltstack
sys_enter_gettid
sys_enter_rt_sigprocmask
sys_enter_rt_sigprocmask
sys_enter_clone
sys_enter_rt_sigprocmask
sys_enter_futex
sys_enter_sigaltstack
sys_enter_sigaltstack
sys_enter_gettid
sys_enter_rt_sigprocmask
sys_enter_futex
sys_enter_mmap
sys_enter_futex
sys_enter_futex
sys_enter_futex
sys_enter_openat
sys_enter_read
sys_enter_read
sys_enter_close
sys_enter_socket
sys_enter_close
sys_enter_socket
sys_enter_setsockopt
sys_enter_bind
sys_enter_socket
sys_enter_setsockopt
sys_enter_bind
sys_enter_close
sys_enter_close
sys_enter_getpid
sys_enter_getppid
sys_enter_mmap
sys_enter_mmap
sys_enter_getppid
sys_enter_openat
sys_enter_pipe2
sys_enter_getpid
sys_enter_clone
sys_enter_setsid
sys_enter_close
sys_enter_read
sys_enter_chdir
sys_enter_execve
sys_enter_close
sys_enter_exit_group
sys_enter_mmap
sys_enter_mmap
sys_enter_mprotect
sys_enter_mmap
sys_enter_mmap
sys_enter_mprotect
sys_enter_mmap
sys_enter_mprotect
sys_enter_mmap
sys_enter_mprotect
sys_enter_mmap
sys_enter_mmap
sys_enter_close
sys_enter_munmap
sys_enter_sched_getaffinity
sys_enter_mmap
sys_enter_munmap
sys_enter_mmap
sys_enter_mmap
sys_enter_mmap
sys_enter_mmap
sys_enter_mmap
sys_enter_mmap
sys_enter_rt_sigprocmask
sys_enter_sigaltstack
sys_enter_sigaltstack
sys_enter_gettid
sys_enter_rt_sigprocmask
sys_enter_rt_sigaction
sys_enter_rt_sigaction
sys_enter_rt_sigaction
sys_enter_rt_sigaction
sys_enter_rt_sigaction
sys_enter_rt_sigaction
sys_enter_rt_sigaction
sys_enter_rt_sigaction
sys_enter_rt_sigaction
sys_enter_rt_sigaction
sys_enter_rt_sigaction
sys_enter_rt_sigaction
sys_enter_rt_sigaction
sys_enter_rt_sigaction
sys_enter_rt_sigaction
sys_enter_rt_sigaction
sys_enter_rt_sigaction
sys_enter_rt_sigaction
sys_enter_rt_sigaction
sys_enter_rt_sigaction
sys_enter_rt_sigaction
sys_enter_rt_sigaction
sys_enter_rt_sigaction
sys_enter_rt_sigaction
sys_enter_rt_sigaction
sys_enter_rt_sigaction
sys_enter_rt_sigaction
sys_enter_rt_sigaction
sys_enter_rt_sigaction
sys_enter_rt_sigaction
sys_enter_rt_sigaction
sys_enter_rt_sigaction
sys_enter_rt_sigaction
sys_enter_rt_sigaction
sys_enter_rt_sigaction
sys_enter_rt_sigaction
sys_enter_rt_sigaction
sys_enter_rt_sigaction
sys_enter_rt_sigaction
sys_enter_rt_sigaction
sys_enter_rt_sigaction
sys_enter_rt_sigaction
sys_enter_rt_sigaction
sys_enter_rt_sigaction
sys_enter_rt_sigaction
sys_enter_rt_sigaction
sys_enter_rt_sigaction
sys_enter_rt_sigaction
sys_enter_rt_sigaction
sys_enter_rt_sigaction
sys_enter_rt_sigaction
sys_enter_rt_sigaction
sys_enter_rt_sigaction
sys_enter_rt_sigaction
sys_enter_rt_sigaction
sys_enter_rt_sigaction
sys_enter_rt_sigaction
sys_enter_rt_sigaction
sys_enter_rt_sigaction
sys_enter_rt_sigaction
sys_enter_rt_sigaction
sys_enter_rt_sigaction
sys_enter_rt_sigaction
sys_enter_rt_sigaction
sys_enter_rt_sigaction
sys_enter_rt_sigaction
sys_enter_rt_sigaction
sys_enter_rt_sigaction
sys_enter_rt_sigaction
sys_enter_rt_sigaction
sys_enter_rt_sigaction
sys_enter_rt_sigaction
sys_enter_rt_sigaction
sys_enter_rt_sigaction
sys_enter_rt_sigaction
sys_enter_rt_sigaction
sys_enter_rt_sigaction
sys_enter_rt_sigaction
sys_enter_rt_sigaction
sys_enter_rt_sigaction
sys_enter_rt_sigaction
sys_enter_rt_sigaction
sys_enter_rt_sigaction
sys_enter_rt_sigaction
sys_enter_rt_sigaction
sys_enter_rt_sigaction
sys_enter_rt_sigaction
sys_enter_rt_sigaction
sys_enter_rt_sigaction
sys_enter_rt_sigaction
sys_enter_rt_sigaction
sys_enter_rt_sigaction
sys_enter_rt_sigaction
sys_enter_rt_sigaction
sys_enter_rt_sigaction
sys_enter_rt_sigaction
sys_enter_rt_sigaction
sys_enter_rt_sigaction
sys_enter_rt_sigaction
sys_enter_rt_sigaction
sys_enter_rt_sigaction
sys_enter_rt_sigaction
sys_enter_rt_sigaction
sys_enter_rt_sigaction
sys_enter_rt_sigaction
sys_enter_rt_sigaction
sys_enter_rt_sigaction
sys_enter_rt_sigaction
sys_enter_rt_sigaction
sys_enter_rt_sigaction
sys_enter_rt_sigaction
sys_enter_rt_sigaction
sys_enter_rt_sigaction
sys_enter_rt_sigaction
sys_enter_rt_sigprocmask
sys_enter_clone
sys_enter_rt_sigprocmask
sys_enter_gettid
sys_enter_sigaltstack
sys_enter_sigaltstack
sys_enter_gettid
sys_enter_rt_sigprocmask
sys_enter_rt_sigprocmask
sys_enter_clone
sys_enter_rt_sigprocmask
sys_enter_gettid
sys_enter_sigaltstack
sys_enter_sigaltstack
sys_enter_gettid
sys_enter_rt_sigprocmask
sys_enter_rt_sigprocmask
sys_enter_clone
sys_enter_rt_sigprocmask
sys_enter_futex
sys_enter_gettid
sys_enter_sigaltstack
sys_enter_sigaltstack
sys_enter_gettid
sys_enter_rt_sigprocmask
sys_enter_futex
sys_enter_rt_sigprocmask
sys_enter_clone
sys_enter_rt_sigprocmask
sys_enter_futex
sys_enter_gettid
sys_enter_futex
sys_enter_sigaltstack
sys_enter_sigaltstack
sys_enter_gettid
sys_enter_rt_sigprocmask
sys_enter_futex
sys_enter_futex
sys_enter_mmap
sys_enter_futex
sys_enter_futex
sys_enter_futex
sys_enter_openat
sys_enter_read
sys_enter_read
sys_enter_close
sys_enter_socket
sys_enter_close
sys_enter_socket
sys_enter_setsockopt
sys_enter_bind
sys_enter_socket
sys_enter_setsockopt
sys_enter_bind
sys_enter_close
sys_enter_close
sys_enter_getpid
sys_enter_getppid
sys_enter_mmap
sys_enter_mmap
sys_enter_getppid
sys_enter_openat
sys_enter_pipe2
sys_enter_getpid
sys_enter_clone
sys_enter_setsid
sys_enter_close
sys_enter_read
sys_enter_chdir
sys_enter_execve
sys_enter_close
sys_enter_mmap
sys_enter_exit_group
sys_enter_mmap
sys_enter_mprotect
sys_enter_mmap
sys_enter_mmap
sys_enter_mprotect
sys_enter_mmap
sys_enter_mprotect
sys_enter_mmap
sys_enter_mprotect
sys_enter_mmap
sys_enter_mmap
sys_enter_close
sys_enter_munmap
sys_enter_sched_getaffinity
sys_enter_mmap
sys_enter_munmap
sys_enter_mmap
sys_enter_mmap
sys_enter_mmap
sys_enter_mmap
sys_enter_mmap
sys_enter_mmap
sys_enter_rt_sigprocmask
sys_enter_sigaltstack
sys_enter_sigaltstack
sys_enter_gettid
sys_enter_rt_sigprocmask
sys_enter_rt_sigaction
sys_enter_rt_sigaction
sys_enter_rt_sigaction
sys_enter_rt_sigaction
sys_enter_rt_sigaction
sys_enter_rt_sigaction
sys_enter_rt_sigaction
sys_enter_rt_sigaction
sys_enter_rt_sigaction
sys_enter_rt_sigaction
sys_enter_rt_sigaction
sys_enter_rt_sigaction
sys_enter_rt_sigaction
sys_enter_rt_sigaction
sys_enter_rt_sigaction
sys_enter_rt_sigaction
sys_enter_rt_sigaction
sys_enter_rt_sigaction
sys_enter_rt_sigaction
sys_enter_rt_sigaction
sys_enter_rt_sigaction
sys_enter_rt_sigaction
sys_enter_rt_sigaction
sys_enter_rt_sigaction
sys_enter_rt_sigaction
sys_enter_rt_sigaction
sys_enter_rt_sigaction
sys_enter_rt_sigaction
sys_enter_rt_sigaction
sys_enter_rt_sigaction
sys_enter_rt_sigaction
sys_enter_rt_sigaction
sys_enter_rt_sigaction
sys_enter_rt_sigaction
sys_enter_rt_sigaction
sys_enter_rt_sigaction
sys_enter_rt_sigaction
sys_enter_rt_sigaction
sys_enter_rt_sigaction
sys_enter_rt_sigaction
sys_enter_rt_sigaction
sys_enter_rt_sigaction
sys_enter_rt_sigaction
sys_enter_rt_sigaction
sys_enter_rt_sigaction
sys_enter_rt_sigaction
sys_enter_rt_sigaction
sys_enter_rt_sigaction
sys_enter_rt_sigaction
sys_enter_rt_sigaction
sys_enter_rt_sigaction
sys_enter_rt_sigaction
sys_enter_rt_sigaction
sys_enter_rt_sigaction
sys_enter_rt_sigaction
sys_enter_rt_sigaction
sys_enter_rt_sigaction
sys_enter_rt_sigaction
sys_enter_rt_sigaction
sys_enter_rt_sigaction
sys_enter_rt_sigaction
sys_enter_rt_sigaction
sys_enter_rt_sigaction
sys_enter_rt_sigaction
sys_enter_rt_sigaction
sys_enter_rt_sigaction
sys_enter_rt_sigaction
sys_enter_rt_sigaction
sys_enter_rt_sigaction
sys_enter_rt_sigaction
sys_enter_rt_sigaction
sys_enter_rt_sigaction
sys_enter_rt_sigaction
sys_enter_rt_sigaction
sys_enter_rt_sigaction
sys_enter_rt_sigaction
sys_enter_rt_sigaction
sys_enter_rt_sigaction
sys_enter_rt_sigaction
sys_enter_rt_sigaction
sys_enter_rt_sigaction
sys_enter_rt_sigaction
sys_enter_rt_sigaction
sys_enter_rt_sigaction
sys_enter_rt_sigaction
sys_enter_rt_sigaction
sys_enter_rt_sigaction
sys_enter_rt_sigaction
sys_enter_rt_sigaction
sys_enter_rt_sigaction
sys_enter_rt_sigaction
sys_enter_rt_sigaction
sys_enter_rt_sigaction
sys_enter_rt_sigaction
sys_enter_rt_sigaction
sys_enter_rt_sigaction
sys_enter_rt_sigaction
sys_enter_rt_sigaction
sys_enter_rt_sigaction
sys_enter_rt_sigaction
sys_enter_rt_sigaction
sys_enter_rt_sigaction
sys_enter_rt_sigaction
sys_enter_rt_sigaction
sys_enter_rt_sigaction
sys_enter_rt_sigaction
sys_enter_rt_sigaction
sys_enter_rt_sigaction
sys_enter_rt_sigaction
sys_enter_rt_sigaction
sys_enter_rt_sigaction
sys_enter_rt_sigaction
sys_enter_rt_sigaction
sys_enter_rt_sigaction
sys_enter_rt_sigprocmask
sys_enter_clone
sys_enter_rt_sigprocmask
sys_enter_gettid
sys_enter_sigaltstack
sys_enter_sigaltstack
sys_enter_gettid
sys_enter_rt_sigprocmask
sys_enter_rt_sigprocmask
sys_enter_clone
sys_enter_rt_sigprocmask
sys_enter_gettid
sys_enter_sigaltstack
sys_enter_sigaltstack
sys_enter_gettid
sys_enter_rt_sigprocmask
sys_enter_rt_sigprocmask
sys_enter_clone
sys_enter_rt_sigprocmask
sys_enter_futex
sys_enter_gettid
sys_enter_sigaltstack
sys_enter_sigaltstack
sys_enter_gettid
sys_enter_rt_sigprocmask
sys_enter_futex
sys_enter_rt_sigprocmask
sys_enter_clone
sys_enter_rt_sigprocmask
sys_enter_futex
sys_enter_futex
sys_enter_gettid
sys_enter_sigaltstack
sys_enter_sigaltstack
sys_enter_gettid
sys_enter_rt_sigprocmask
sys_enter_futex
sys_enter_futex
sys_enter_mmap
sys_enter_futex
sys_enter_futex
sys_enter_futex
sys_enter_openat
sys_enter_futex
sys_enter_futex
sys_enter_read
sys_enter_read
sys_enter_close
sys_enter_socket
sys_enter_close
sys_enter_socket
sys_enter_setsockopt
sys_enter_bind
sys_enter_socket
sys_enter_setsockopt
sys_enter_bind
sys_enter_close
sys_enter_close
sys_enter_getpid
sys_enter_getppid
sys_enter_mmap
sys_enter_mmap
sys_enter_getppid
sys_enter_openat
sys_enter_pipe2
sys_enter_getpid
sys_enter_clone
sys_enter_setsid
sys_enter_close
sys_enter_read
sys_enter_chdir
sys_enter_execve
sys_enter_close
sys_enter_exit_group
sys_enter_mmap
sys_enter_mmap
sys_enter_mprotect
sys_enter_mmap
sys_enter_mmap
sys_enter_mprotect
sys_enter_mmap
sys_enter_mprotect
sys_enter_mmap
sys_enter_mprotect
sys_enter_mmap
sys_enter_mmap
sys_enter_close
sys_enter_munmap
sys_enter_sched_getaffinity
sys_enter_mmap
sys_enter_munmap
sys_enter_mmap
sys_enter_mmap
sys_enter_mmap
sys_enter_mmap
sys_enter_mmap
sys_enter_mmap
sys_enter_rt_sigprocmask
sys_enter_sigaltstack
sys_enter_sigaltstack
sys_enter_gettid
sys_enter_rt_sigprocmask
sys_enter_rt_sigaction
sys_enter_rt_sigaction
sys_enter_rt_sigaction
sys_enter_rt_sigaction
sys_enter_rt_sigaction
sys_enter_rt_sigaction
sys_enter_rt_sigaction
sys_enter_rt_sigaction
sys_enter_rt_sigaction
sys_enter_rt_sigaction
sys_enter_rt_sigaction
sys_enter_rt_sigaction
sys_enter_rt_sigaction
sys_enter_rt_sigaction
sys_enter_rt_sigaction
sys_enter_rt_sigaction
sys_enter_rt_sigaction
sys_enter_rt_sigaction
sys_enter_rt_sigaction
sys_enter_rt_sigaction
sys_enter_rt_sigaction
sys_enter_rt_sigaction
sys_enter_rt_sigaction
sys_enter_rt_sigaction
sys_enter_rt_sigaction
sys_enter_rt_sigaction
sys_enter_rt_sigaction
sys_enter_rt_sigaction
sys_enter_rt_sigaction
sys_enter_rt_sigaction
sys_enter_rt_sigaction
sys_enter_rt_sigaction
sys_enter_rt_sigaction
sys_enter_rt_sigaction
sys_enter_rt_sigaction
sys_enter_rt_sigaction
sys_enter_rt_sigaction
sys_enter_rt_sigaction
sys_enter_rt_sigaction
sys_enter_rt_sigaction
sys_enter_rt_sigaction
sys_enter_rt_sigaction
sys_enter_rt_sigaction
sys_enter_rt_sigaction
sys_enter_rt_sigaction
sys_enter_rt_sigaction
sys_enter_rt_sigaction
sys_enter_rt_sigaction
sys_enter_rt_sigaction
sys_enter_rt_sigaction
sys_enter_rt_sigaction
sys_enter_rt_sigaction
sys_enter_rt_sigaction
sys_enter_rt_sigaction
sys_enter_rt_sigaction
sys_enter_rt_sigaction
sys_enter_rt_sigaction
sys_enter_rt_sigaction
sys_enter_rt_sigaction
sys_enter_rt_sigaction
sys_enter_rt_sigaction
sys_enter_rt_sigaction
sys_enter_rt_sigaction
sys_enter_rt_sigaction
sys_enter_rt_sigaction
sys_enter_rt_sigaction
sys_enter_rt_sigaction
sys_enter_rt_sigaction
sys_enter_rt_sigaction
sys_enter_rt_sigaction
sys_enter_rt_sigaction
sys_enter_rt_sigaction
sys_enter_rt_sigaction
sys_enter_rt_sigaction
sys_enter_rt_sigaction
sys_enter_rt_sigaction
sys_enter_rt_sigaction
sys_enter_rt_sigaction
sys_enter_rt_sigaction
sys_enter_rt_sigaction
sys_enter_rt_sigaction
sys_enter_rt_sigaction
sys_enter_rt_sigaction
sys_enter_rt_sigaction
sys_enter_rt_sigaction
sys_enter_rt_sigaction
sys_enter_rt_sigaction
sys_enter_rt_sigaction
sys_enter_rt_sigaction
sys_enter_rt_sigaction
sys_enter_rt_sigaction
sys_enter_rt_sigaction
sys_enter_rt_sigaction
sys_enter_rt_sigaction
sys_enter_rt_sigaction
sys_enter_rt_sigaction
sys_enter_rt_sigaction
sys_enter_rt_sigaction
sys_enter_rt_sigaction
sys_enter_rt_sigaction
sys_enter_rt_sigaction
sys_enter_rt_sigaction
sys_enter_rt_sigaction
sys_enter_rt_sigaction
sys_enter_rt_sigaction
sys_enter_rt_sigaction
sys_enter_rt_sigaction
sys_enter_rt_sigaction
sys_enter_rt_sigaction
sys_enter_rt_sigaction
sys_enter_rt_sigaction
sys_enter_rt_sigaction
sys_enter_rt_sigaction
sys_enter_rt_sigaction
sys_enter_rt_sigprocmask
sys_enter_clone
sys_enter_rt_sigprocmask
sys_enter_gettid
sys_enter_sigaltstack
sys_enter_sigaltstack
sys_enter_gettid
sys_enter_rt_sigprocmask
sys_enter_rt_sigprocmask
sys_enter_clone
sys_enter_rt_sigprocmask
sys_enter_gettid
sys_enter_sigaltstack
sys_enter_sigaltstack
sys_enter_gettid
sys_enter_rt_sigprocmask
sys_enter_sched_yield
sys_enter_sched_yield
sys_enter_futex
sys_enter_futex
sys_enter_futex
sys_enter_rt_sigprocmask
sys_enter_clone
sys_enter_futex
sys_enter_rt_sigprocmask
sys_enter_clone
sys_enter_rt_sigprocmask
sys_enter_futex
sys_enter_gettid
sys_enter_sigaltstack
sys_enter_sigaltstack
sys_enter_gettid
sys_enter_rt_sigprocmask
sys_enter_futex
sys_enter_futex
sys_enter_rt_sigprocmask
sys_enter_gettid
sys_enter_sigaltstack
sys_enter_sigaltstack
sys_enter_gettid
sys_enter_rt_sigprocmask
sys_enter_futex
sys_enter_futex
sys_enter_futex
sys_enter_mmap
sys_enter_futex
sys_enter_futex
sys_enter_futex
sys_enter_openat
sys_enter_read
sys_enter_read
sys_enter_close
sys_enter_socket
sys_enter_close
sys_enter_socket
sys_enter_setsockopt
sys_enter_bind
sys_enter_socket
sys_enter_setsockopt
sys_enter_bind
sys_enter_close
sys_enter_close
sys_enter_getpid
sys_enter_getppid
sys_enter_mmap
sys_enter_mmap
sys_enter_getppid
sys_enter_openat
sys_enter_pipe2
sys_enter_getpid
sys_enter_clone
sys_enter_setsid
sys_enter_close
sys_enter_read
sys_enter_chdir
sys_enter_execve
sys_enter_close
sys_enter_exit_group
sys_enter_mmap
sys_enter_mmap
sys_enter_mprotect
sys_enter_mmap
sys_enter_mmap
sys_enter_mprotect
sys_enter_mmap
sys_enter_mprotect
sys_enter_mmap
sys_enter_mprotect
sys_enter_mmap
sys_enter_mmap
sys_enter_close
sys_enter_munmap
sys_enter_sched_getaffinity
sys_enter_mmap
sys_enter_munmap
sys_enter_mmap
sys_enter_mmap
sys_enter_mmap
sys_enter_mmap
sys_enter_mmap
sys_enter_mmap
sys_enter_rt_sigprocmask
sys_enter_sigaltstack
sys_enter_sigaltstack
sys_enter_gettid
sys_enter_rt_sigprocmask
sys_enter_rt_sigaction
sys_enter_rt_sigaction
sys_enter_rt_sigaction
sys_enter_rt_sigaction
sys_enter_rt_sigaction
sys_enter_rt_sigaction
sys_enter_rt_sigaction
sys_enter_rt_sigaction
sys_enter_rt_sigaction
sys_enter_rt_sigaction
sys_enter_rt_sigaction
sys_enter_rt_sigaction
sys_enter_rt_sigaction
sys_enter_rt_sigaction
sys_enter_rt_sigaction
sys_enter_rt_sigaction
sys_enter_rt_sigaction
sys_enter_rt_sigaction
sys_enter_rt_sigaction
sys_enter_rt_sigaction
sys_enter_rt_sigaction
sys_enter_rt_sigaction
sys_enter_rt_sigaction
sys_enter_rt_sigaction
sys_enter_rt_sigaction
sys_enter_rt_sigaction
sys_enter_rt_sigaction
sys_enter_rt_sigaction
sys_enter_rt_sigaction
sys_enter_rt_sigaction
sys_enter_rt_sigaction
sys_enter_rt_sigaction
sys_enter_rt_sigaction
sys_enter_rt_sigaction
sys_enter_rt_sigaction
sys_enter_rt_sigaction
sys_enter_rt_sigaction
sys_enter_rt_sigaction
sys_enter_rt_sigaction
sys_enter_rt_sigaction
sys_enter_rt_sigaction
sys_enter_rt_sigaction
sys_enter_rt_sigaction
sys_enter_rt_sigaction
sys_enter_rt_sigaction
sys_enter_rt_sigaction
sys_enter_rt_sigaction
sys_enter_rt_sigaction
sys_enter_rt_sigaction
sys_enter_rt_sigaction
sys_enter_rt_sigaction
sys_enter_rt_sigaction
sys_enter_rt_sigaction
sys_enter_rt_sigaction
sys_enter_rt_sigaction
sys_enter_rt_sigaction
sys_enter_rt_sigaction
sys_enter_rt_sigaction
sys_enter_rt_sigaction
sys_enter_rt_sigaction
sys_enter_rt_sigaction
sys_enter_rt_sigaction
sys_enter_rt_sigaction
sys_enter_rt_sigaction
sys_enter_rt_sigaction
sys_enter_rt_sigaction
sys_enter_rt_sigaction
sys_enter_rt_sigaction
sys_enter_rt_sigaction
sys_enter_rt_sigaction
sys_enter_rt_sigaction
sys_enter_rt_sigaction
sys_enter_rt_sigaction
sys_enter_rt_sigaction
sys_enter_rt_sigaction
sys_enter_rt_sigaction
sys_enter_rt_sigaction
sys_enter_rt_sigaction
sys_enter_rt_sigaction
sys_enter_rt_sigaction
sys_enter_rt_sigaction
sys_enter_rt_sigaction
sys_enter_rt_sigaction
sys_enter_rt_sigaction
sys_enter_rt_sigaction
sys_enter_rt_sigaction
sys_enter_rt_sigaction
sys_enter_rt_sigaction
sys_enter_rt_sigaction
sys_enter_rt_sigaction
sys_enter_rt_sigaction
sys_enter_rt_sigaction
sys_enter_rt_sigaction
sys_enter_rt_sigaction
sys_enter_rt_sigaction
sys_enter_rt_sigaction
sys_enter_rt_sigaction
sys_enter_rt_sigaction
sys_enter_rt_sigaction
sys_enter_rt_sigaction
sys_enter_rt_sigaction
sys_enter_rt_sigaction
sys_enter_rt_sigaction
sys_enter_rt_sigaction
sys_enter_rt_sigaction
sys_enter_rt_sigaction
sys_enter_rt_sigaction
sys_enter_rt_sigaction
sys_enter_rt_sigaction
sys_enter_rt_sigaction
sys_enter_rt_sigaction
sys_enter_rt_sigaction
sys_enter_rt_sigaction
sys_enter_rt_sigaction
sys_enter_rt_sigprocmask
sys_enter_clone
sys_enter_rt_sigprocmask
sys_enter_gettid
sys_enter_sigaltstack
sys_enter_sigaltstack
sys_enter_gettid
sys_enter_rt_sigprocmask
sys_enter_rt_sigprocmask
sys_enter_clone
sys_enter_rt_sigprocmask
sys_enter_gettid
sys_enter_sigaltstack
sys_enter_sigaltstack
sys_enter_gettid
sys_enter_rt_sigprocmask
sys_enter_rt_sigprocmask
sys_enter_clone
sys_enter_rt_sigprocmask
sys_enter_clone
sys_enter_rt_sigprocmask
sys_enter_rt_sigprocmask
sys_enter_futex
sys_enter_gettid
sys_enter_sigaltstack
sys_enter_sigaltstack
sys_enter_gettid
sys_enter_rt_sigprocmask
sys_enter_futex
sys_enter_gettid
sys_enter_sigaltstack
sys_enter_sigaltstack
sys_enter_gettid
sys_enter_futex
sys_enter_rt_sigprocmask
sys_enter_futex
sys_enter_futex
sys_enter_futex
sys_enter_mmap
sys_enter_futex
sys_enter_futex
sys_enter_futex
sys_enter_openat
sys_enter_read
sys_enter_read
sys_enter_close
sys_enter_socket
sys_enter_close
sys_enter_socket
sys_enter_setsockopt
sys_enter_bind
sys_enter_socket
sys_enter_setsockopt
sys_enter_bind
sys_enter_close
sys_enter_close
sys_enter_getpid
sys_enter_getppid
sys_enter_mmap
sys_enter_mmap
sys_enter_getppid
sys_enter_openat
sys_enter_pipe2
sys_enter_getpid
sys_enter_clone
sys_enter_close
sys_enter_read
sys_enter_setsid
sys_enter_chdir
sys_enter_execve
sys_enter_close
sys_enter_exit_group
sys_enter_mmap
sys_enter_mmap
sys_enter_mprotect
sys_enter_mmap
sys_enter_mmap
sys_enter_mprotect
sys_enter_mmap
sys_enter_mprotect
sys_enter_mmap
sys_enter_mprotect
sys_enter_mmap
sys_enter_mmap
sys_enter_close
sys_enter_munmap
sys_enter_sched_getaffinity
sys_enter_mmap
sys_enter_munmap
sys_enter_mmap
sys_enter_mmap
sys_enter_mmap
sys_enter_mmap
sys_enter_mmap
sys_enter_mmap
sys_enter_rt_sigprocmask
sys_enter_sigaltstack
sys_enter_sigaltstack
sys_enter_gettid
sys_enter_rt_sigprocmask
sys_enter_rt_sigaction
sys_enter_rt_sigaction
sys_enter_rt_sigaction
sys_enter_rt_sigaction
sys_enter_rt_sigaction
sys_enter_rt_sigaction
sys_enter_rt_sigaction
sys_enter_rt_sigaction
sys_enter_rt_sigaction
sys_enter_rt_sigaction
sys_enter_rt_sigaction
sys_enter_rt_sigaction
sys_enter_rt_sigaction
sys_enter_rt_sigaction
sys_enter_rt_sigaction
sys_enter_rt_sigaction
sys_enter_rt_sigaction
sys_enter_rt_sigaction
sys_enter_rt_sigaction
sys_enter_rt_sigaction
sys_enter_rt_sigaction
sys_enter_rt_sigaction
sys_enter_rt_sigaction
sys_enter_rt_sigaction
sys_enter_rt_sigaction
sys_enter_rt_sigaction
sys_enter_rt_sigaction
sys_enter_rt_sigaction
sys_enter_rt_sigaction
sys_enter_rt_sigaction
sys_enter_rt_sigaction
sys_enter_rt_sigaction
sys_enter_rt_sigaction
sys_enter_rt_sigaction
sys_enter_rt_sigaction
sys_enter_rt_sigaction
sys_enter_rt_sigaction
sys_enter_rt_sigaction
sys_enter_rt_sigaction
sys_enter_rt_sigaction
sys_enter_rt_sigaction
sys_enter_rt_sigaction
sys_enter_rt_sigaction
sys_enter_rt_sigaction
sys_enter_rt_sigaction
sys_enter_rt_sigaction
sys_enter_rt_sigaction
sys_enter_rt_sigaction
sys_enter_rt_sigaction
sys_enter_rt_sigaction
sys_enter_rt_sigaction
sys_enter_rt_sigaction
sys_enter_rt_sigaction
sys_enter_rt_sigaction
sys_enter_rt_sigaction
sys_enter_rt_sigaction
sys_enter_rt_sigaction
sys_enter_rt_sigaction
sys_enter_rt_sigaction
sys_enter_rt_sigaction
sys_enter_rt_sigaction
sys_enter_rt_sigaction
sys_enter_rt_sigaction
sys_enter_rt_sigaction
sys_enter_rt_sigaction
sys_enter_rt_sigaction
sys_enter_rt_sigaction
sys_enter_rt_sigaction
sys_enter_rt_sigaction
sys_enter_rt_sigaction
sys_enter_rt_sigaction
sys_enter_rt_sigaction
sys_enter_rt_sigaction
sys_enter_rt_sigaction
sys_enter_rt_sigaction
sys_enter_rt_sigaction
sys_enter_rt_sigaction
sys_enter_rt_sigaction
sys_enter_rt_sigaction
sys_enter_rt_sigaction
sys_enter_rt_sigaction
sys_enter_rt_sigaction
sys_enter_rt_sigaction
sys_enter_rt_sigaction
sys_enter_rt_sigaction
sys_enter_rt_sigaction
sys_enter_rt_sigaction
sys_enter_rt_sigaction
sys_enter_rt_sigaction
sys_enter_rt_sigaction
sys_enter_rt_sigaction
sys_enter_rt_sigaction
sys_enter_rt_sigaction
sys_enter_rt_sigaction
sys_enter_rt_sigaction
sys_enter_rt_sigaction
sys_enter_rt_sigaction
sys_enter_rt_sigaction
sys_enter_rt_sigaction
sys_enter_rt_sigaction
sys_enter_rt_sigaction
sys_enter_rt_sigaction
sys_enter_rt_sigaction
sys_enter_rt_sigaction
sys_enter_rt_sigaction
sys_enter_rt_sigaction
sys_enter_rt_sigaction
sys_enter_rt_sigaction
sys_enter_rt_sigaction
sys_enter_rt_sigaction
sys_enter_rt_sigaction
sys_enter_rt_sigaction
sys_enter_rt_sigaction
sys_enter_rt_sigaction
sys_enter_rt_sigprocmask
sys_enter_clone
sys_enter_rt_sigprocmask
sys_enter_gettid
sys_enter_sigaltstack
sys_enter_sigaltstack
sys_enter_gettid
sys_enter_rt_sigprocmask
sys_enter_rt_sigprocmask
sys_enter_clone
sys_enter_rt_sigprocmask
sys_enter_gettid
sys_enter_sigaltstack
sys_enter_sigaltstack
sys_enter_gettid
sys_enter_rt_sigprocmask
sys_enter_rt_sigprocmask
sys_enter_clone
sys_enter_mmap
sys_enter_mmap
sys_enter_rt_sigprocmask
sys_enter_futex
sys_enter_gettid
sys_enter_sigaltstack
sys_enter_sigaltstack
sys_enter_gettid
sys_enter_rt_sigprocmask
sys_enter_rt_sigprocmask
sys_enter_clone
sys_enter_futex
sys_enter_futex
sys_enter_rt_sigprocmask
sys_enter_futex
sys_enter_gettid
sys_enter_sigaltstack
sys_enter_sigaltstack
sys_enter_gettid
sys_enter_rt_sigprocmask
sys_enter_futex
sys_enter_futex
sys_enter_mmap
sys_enter_futex
sys_enter_futex
sys_enter_futex
sys_enter_openat
sys_enter_read
sys_enter_read
sys_enter_close
sys_enter_socket
sys_enter_close
sys_enter_socket
sys_enter_setsockopt
sys_enter_bind
sys_enter_socket
sys_enter_setsockopt
sys_enter_bind
sys_enter_close
sys_enter_close
sys_enter_getpid
sys_enter_getppid
sys_enter_mmap
sys_enter_mmap
sys_enter_getppid
sys_enter_openat
sys_enter_pipe2
sys_enter_getpid
sys_enter_clone
sys_enter_setsid
sys_enter_close
sys_enter_read
sys_enter_chdir
sys_enter_execve
sys_enter_close
sys_enter_exit_group
sys_enter_mmap
sys_enter_mmap
sys_enter_mprotect
sys_enter_mmap
sys_enter_mmap
sys_enter_mprotect
sys_enter_mmap
sys_enter_mprotect
sys_enter_mmap
sys_enter_mprotect
sys_enter_mmap
sys_enter_mmap
sys_enter_close
sys_enter_munmap
sys_enter_sched_getaffinity
sys_enter_mmap
sys_enter_munmap
sys_enter_mmap
sys_enter_mmap
sys_enter_mmap
sys_enter_mmap
sys_enter_mmap
sys_enter_mmap
sys_enter_rt_sigprocmask
sys_enter_sigaltstack
sys_enter_sigaltstack
sys_enter_gettid
sys_enter_rt_sigprocmask
sys_enter_rt_sigaction
sys_enter_rt_sigaction
sys_enter_rt_sigaction
sys_enter_rt_sigaction
sys_enter_rt_sigaction
sys_enter_rt_sigaction
sys_enter_rt_sigaction
sys_enter_rt_sigaction
sys_enter_rt_sigaction
sys_enter_rt_sigaction
sys_enter_rt_sigaction
sys_enter_rt_sigaction
sys_enter_rt_sigaction
sys_enter_rt_sigaction
sys_enter_rt_sigaction
sys_enter_rt_sigaction
sys_enter_rt_sigaction
sys_enter_rt_sigaction
sys_enter_rt_sigaction
sys_enter_rt_sigaction
sys_enter_rt_sigaction
sys_enter_rt_sigaction
sys_enter_rt_sigaction
sys_enter_rt_sigaction
sys_enter_rt_sigaction
sys_enter_rt_sigaction
sys_enter_rt_sigaction
sys_enter_rt_sigaction
sys_enter_rt_sigaction
sys_enter_rt_sigaction
sys_enter_rt_sigaction
sys_enter_rt_sigaction
sys_enter_rt_sigaction
sys_enter_rt_sigaction
sys_enter_rt_sigaction
sys_enter_rt_sigaction
sys_enter_rt_sigaction
sys_enter_rt_sigaction
sys_enter_rt_sigaction
sys_enter_rt_sigaction
sys_enter_rt_sigaction
sys_enter_rt_sigaction
sys_enter_rt_sigaction
sys_enter_rt_sigaction
sys_enter_rt_sigaction
sys_enter_rt_sigaction
sys_enter_rt_sigaction
sys_enter_rt_sigaction
sys_enter_rt_sigaction
sys_enter_rt_sigaction
sys_enter_rt_sigaction
sys_enter_rt_sigaction
sys_enter_rt_sigaction
sys_enter_rt_sigaction
sys_enter_rt_sigaction
sys_enter_rt_sigaction
sys_enter_rt_sigaction
sys_enter_rt_sigaction
sys_enter_rt_sigaction
sys_enter_rt_sigaction
sys_enter_rt_sigaction
sys_enter_rt_sigaction
sys_enter_rt_sigaction
sys_enter_rt_sigaction
sys_enter_rt_sigaction
sys_enter_rt_sigaction
sys_enter_rt_sigaction
sys_enter_rt_sigaction
sys_enter_rt_sigaction
sys_enter_rt_sigaction
sys_enter_rt_sigaction
sys_enter_rt_sigaction
sys_enter_rt_sigaction
sys_enter_rt_sigaction
sys_enter_rt_sigaction
sys_enter_rt_sigaction
sys_enter_rt_sigaction
sys_enter_rt_sigaction
sys_enter_rt_sigaction
sys_enter_rt_sigaction
sys_enter_rt_sigaction
sys_enter_rt_sigaction
sys_enter_rt_sigaction
sys_enter_rt_sigaction
sys_enter_rt_sigaction
sys_enter_rt_sigaction
sys_enter_rt_sigaction
sys_enter_rt_sigaction
sys_enter_rt_sigaction
sys_enter_rt_sigaction
sys_enter_rt_sigaction
sys_enter_rt_sigaction
sys_enter_rt_sigaction
sys_enter_rt_sigaction
sys_enter_rt_sigaction
sys_enter_rt_sigaction
sys_enter_rt_sigaction
sys_enter_rt_sigaction
sys_enter_rt_sigaction
sys_enter_rt_sigaction
sys_enter_rt_sigaction
sys_enter_rt_sigaction
sys_enter_rt_sigaction
sys_enter_rt_sigaction
sys_enter_rt_sigaction
sys_enter_rt_sigaction
sys_enter_rt_sigaction
sys_enter_rt_sigaction
sys_enter_rt_sigaction
sys_enter_rt_sigaction
sys_enter_rt_sigaction
sys_enter_rt_sigaction
sys_enter_rt_sigaction
sys_enter_rt_sigaction
sys_enter_rt_sigprocmask
sys_enter_clone
sys_enter_rt_sigprocmask
sys_enter_gettid
sys_enter_sigaltstack
sys_enter_sigaltstack
sys_enter_gettid
sys_enter_rt_sigprocmask
sys_enter_rt_sigprocmask
sys_enter_clone
sys_enter_rt_sigprocmask
sys_enter_gettid
sys_enter_sigaltstack
sys_enter_sigaltstack
sys_enter_gettid
sys_enter_rt_sigprocmask
sys_enter_rt_sigprocmask
sys_enter_clone
sys_enter_rt_sigprocmask
sys_enter_clone
sys_enter_rt_sigprocmask
sys_enter_futex
sys_enter_gettid
sys_enter_sigaltstack
sys_enter_rt_sigprocmask
sys_enter_gettid
sys_enter_sigaltstack
sys_enter_gettid
sys_enter_rt_sigprocmask
sys_enter_sigaltstack
sys_enter_futex
sys_enter_sigaltstack
sys_enter_gettid
sys_enter_futex
sys_enter_rt_sigprocmask
sys_enter_futex
sys_enter_futex
sys_enter_futex
sys_enter_mmap
sys_enter_futex
sys_enter_futex
sys_enter_futex
sys_enter_openat
sys_enter_read
sys_enter_read
sys_enter_close
sys_enter_socket
sys_enter_close
sys_enter_socket
sys_enter_setsockopt
sys_enter_bind
sys_enter_socket
sys_enter_setsockopt
sys_enter_bind
sys_enter_close
sys_enter_close
sys_enter_getpid
sys_enter_getppid
sys_enter_mmap
sys_enter_mmap
sys_enter_getppid
sys_enter_openat
sys_enter_pipe2
sys_enter_getpid
sys_enter_clone
sys_enter_close
sys_enter_read
sys_enter_setsid
sys_enter_chdir
sys_enter_execve
sys_enter_close
sys_enter_exit_group
sys_enter_mmap
sys_enter_mmap
sys_enter_mprotect
sys_enter_mmap
sys_enter_mmap
sys_enter_mprotect
sys_enter_mmap
sys_enter_mprotect
sys_enter_mmap
sys_enter_mprotect
sys_enter_mmap
sys_enter_mmap
sys_enter_close
sys_enter_munmap
sys_enter_sched_getaffinity
sys_enter_mmap
sys_enter_munmap
sys_enter_mmap
sys_enter_mmap
sys_enter_mmap
sys_enter_mmap
sys_enter_mmap
sys_enter_mmap
sys_enter_rt_sigprocmask
sys_enter_sigaltstack
sys_enter_sigaltstack
sys_enter_gettid
sys_enter_rt_sigprocmask
sys_enter_rt_sigaction
sys_enter_rt_sigaction
sys_enter_rt_sigaction
sys_enter_rt_sigaction
sys_enter_rt_sigaction
sys_enter_rt_sigaction
sys_enter_rt_sigaction
sys_enter_rt_sigaction
sys_enter_rt_sigaction
sys_enter_rt_sigaction
sys_enter_rt_sigaction
sys_enter_rt_sigaction
sys_enter_rt_sigaction
sys_enter_rt_sigaction
sys_enter_rt_sigaction
sys_enter_rt_sigaction
sys_enter_rt_sigaction
sys_enter_rt_sigaction
sys_enter_rt_sigaction
sys_enter_rt_sigaction
sys_enter_rt_sigaction
sys_enter_rt_sigaction
sys_enter_rt_sigaction
sys_enter_rt_sigaction
sys_enter_rt_sigaction
sys_enter_rt_sigaction
sys_enter_rt_sigaction
sys_enter_rt_sigaction
sys_enter_rt_sigaction
sys_enter_rt_sigaction
sys_enter_rt_sigaction
sys_enter_rt_sigaction
sys_enter_rt_sigaction
sys_enter_rt_sigaction
sys_enter_rt_sigaction
sys_enter_rt_sigaction
sys_enter_rt_sigaction
sys_enter_rt_sigaction
sys_enter_rt_sigaction
sys_enter_rt_sigaction
sys_enter_rt_sigaction
sys_enter_rt_sigaction
sys_enter_rt_sigaction
sys_enter_rt_sigaction
sys_enter_rt_sigaction
sys_enter_rt_sigaction
sys_enter_rt_sigaction
sys_enter_rt_sigaction
sys_enter_rt_sigaction
sys_enter_rt_sigaction
sys_enter_rt_sigaction
sys_enter_rt_sigaction
sys_enter_rt_sigaction
sys_enter_rt_sigaction
sys_enter_rt_sigaction
sys_enter_rt_sigaction
sys_enter_rt_sigaction
sys_enter_rt_sigaction
sys_enter_rt_sigaction
sys_enter_rt_sigaction
sys_enter_rt_sigaction
sys_enter_rt_sigaction
sys_enter_rt_sigaction
sys_enter_rt_sigaction
sys_enter_rt_sigaction
sys_enter_rt_sigaction
sys_enter_rt_sigaction
sys_enter_rt_sigaction
sys_enter_rt_sigaction
sys_enter_rt_sigaction
sys_enter_rt_sigaction
sys_enter_rt_sigaction
sys_enter_rt_sigaction
sys_enter_rt_sigaction
sys_enter_rt_sigaction
sys_enter_rt_sigaction
sys_enter_rt_sigaction
sys_enter_rt_sigaction
sys_enter_rt_sigaction
sys_enter_rt_sigaction
sys_enter_rt_sigaction
sys_enter_rt_sigaction
sys_enter_rt_sigaction
sys_enter_rt_sigaction
sys_enter_rt_sigaction
sys_enter_rt_sigaction
sys_enter_rt_sigaction
sys_enter_rt_sigaction
sys_enter_rt_sigaction
sys_enter_rt_sigaction
sys_enter_rt_sigaction
sys_enter_rt_sigaction
sys_enter_rt_sigaction
sys_enter_rt_sigaction
sys_enter_rt_sigaction
sys_enter_rt_sigaction
sys_enter_rt_sigaction
sys_enter_rt_sigaction
sys_enter_rt_sigaction
sys_enter_rt_sigaction
sys_enter_rt_sigaction
sys_enter_rt_sigaction
sys_enter_rt_sigaction
sys_enter_rt_sigaction
sys_enter_rt_sigaction
sys_enter_rt_sigaction
sys_enter_rt_sigaction
sys_enter_rt_sigaction
sys_enter_rt_sigaction
sys_enter_rt_sigaction
sys_enter_rt_sigaction
sys_enter_rt_sigaction
sys_enter_rt_sigaction
sys_enter_rt_sigaction
sys_enter_rt_sigprocmask
sys_enter_clone
sys_enter_rt_sigprocmask
sys_enter_gettid
sys_enter_sigaltstack
sys_enter_sigaltstack
sys_enter_gettid
sys_enter_rt_sigprocmask
sys_enter_rt_sigprocmask
sys_enter_clone
sys_enter_rt_sigprocmask
sys_enter_gettid
sys_enter_sigaltstack
sys_enter_sigaltstack
sys_enter_gettid
sys_enter_rt_sigprocmask
sys_enter_rt_sigprocmask
sys_enter_clone
sys_enter_rt_sigprocmask
sys_enter_clone
sys_enter_rt_sigprocmask
sys_enter_rt_sigprocmask
sys_enter_futex
sys_enter_gettid
sys_enter_sigaltstack
sys_enter_sigaltstack
sys_enter_gettid
sys_enter_rt_sigprocmask
sys_enter_futex
sys_enter_futex
sys_enter_futex
sys_enter_gettid
sys_enter_sigaltstack
sys_enter_sigaltstack
sys_enter_gettid
sys_enter_rt_sigprocmask
sys_enter_futex
sys_enter_futex
sys_enter_mmap
sys_enter_futex
sys_enter_futex
sys_enter_futex
sys_enter_openat
sys_enter_futex
sys_enter_futex
sys_enter_read
sys_enter_read
sys_enter_close
sys_enter_socket
sys_enter_close
sys_enter_socket
sys_enter_setsockopt
sys_enter_bind
sys_enter_socket
sys_enter_setsockopt
sys_enter_bind
sys_enter_close
sys_enter_close
sys_enter_mmap
sys_enter_getpid
sys_enter_getppid
sys_enter_mmap
sys_enter_mmap
sys_enter_getppid
sys_enter_openat
sys_enter_pipe2
sys_enter_getpid
sys_enter_clone
sys_enter_setsid
sys_enter_close
sys_enter_read
sys_enter_chdir
sys_enter_execve
sys_enter_close
sys_enter_mmap
sys_enter_exit_group
sys_enter_mmap
sys_enter_mprotect
sys_enter_mmap
sys_enter_mmap
sys_enter_mprotect
sys_enter_mmap
sys_enter_mprotect
sys_enter_mmap
sys_enter_mprotect
sys_enter_mmap
sys_enter_mmap
sys_enter_close
sys_enter_munmap
sys_enter_sched_getaffinity
sys_enter_mmap
sys_enter_munmap
sys_enter_mmap
sys_enter_mmap
sys_enter_mmap
sys_enter_mmap
sys_enter_mmap
sys_enter_mmap
sys_enter_rt_sigprocmask
sys_enter_sigaltstack
sys_enter_sigaltstack
sys_enter_gettid
sys_enter_rt_sigprocmask
sys_enter_rt_sigaction
sys_enter_rt_sigaction
sys_enter_rt_sigaction
sys_enter_rt_sigaction
sys_enter_rt_sigaction
sys_enter_rt_sigaction
sys_enter_rt_sigaction
sys_enter_rt_sigaction
sys_enter_rt_sigaction
sys_enter_rt_sigaction
sys_enter_rt_sigaction
sys_enter_rt_sigaction
sys_enter_rt_sigaction
sys_enter_rt_sigaction
sys_enter_rt_sigaction
sys_enter_rt_sigaction
sys_enter_rt_sigaction
sys_enter_rt_sigaction
sys_enter_rt_sigaction
sys_enter_rt_sigaction
sys_enter_rt_sigaction
sys_enter_rt_sigaction
sys_enter_rt_sigaction
sys_enter_rt_sigaction
sys_enter_rt_sigaction
sys_enter_rt_sigaction
sys_enter_rt_sigaction
sys_enter_rt_sigaction
sys_enter_rt_sigaction
sys_enter_rt_sigaction
sys_enter_rt_sigaction
sys_enter_rt_sigaction
sys_enter_rt_sigaction
sys_enter_rt_sigaction
sys_enter_rt_sigaction
sys_enter_rt_sigaction
sys_enter_rt_sigaction
sys_enter_rt_sigaction
sys_enter_rt_sigaction
sys_enter_rt_sigaction
sys_enter_rt_sigaction
sys_enter_rt_sigaction
sys_enter_rt_sigaction
sys_enter_rt_sigaction
sys_enter_rt_sigaction
sys_enter_rt_sigaction
sys_enter_rt_sigaction
sys_enter_rt_sigaction
sys_enter_rt_sigaction
sys_enter_rt_sigaction
sys_enter_rt_sigaction
sys_enter_rt_sigaction
sys_enter_rt_sigaction
sys_enter_rt_sigaction
sys_enter_rt_sigaction
sys_enter_rt_sigaction
sys_enter_rt_sigaction
sys_enter_rt_sigaction
sys_enter_rt_sigaction
sys_enter_rt_sigaction
sys_enter_rt_sigaction
sys_enter_rt_sigaction
sys_enter_rt_sigaction
sys_enter_rt_sigaction
sys_enter_rt_sigaction
sys_enter_rt_sigaction
sys_enter_rt_sigaction
sys_enter_rt_sigaction
sys_enter_rt_sigaction
sys_enter_rt_sigaction
sys_enter_rt_sigaction
sys_enter_rt_sigaction
sys_enter_rt_sigaction
sys_enter_rt_sigaction
sys_enter_rt_sigaction
sys_enter_rt_sigaction
sys_enter_rt_sigaction
sys_enter_rt_sigaction
sys_enter_rt_sigaction
sys_enter_rt_sigaction
sys_enter_rt_sigaction
sys_enter_rt_sigaction
sys_enter_rt_sigaction
sys_enter_rt_sigaction
sys_enter_rt_sigaction
sys_enter_rt_sigaction
sys_enter_rt_sigaction
sys_enter_rt_sigaction
sys_enter_rt_sigaction
sys_enter_rt_sigaction
sys_enter_rt_sigaction
sys_enter_rt_sigaction
sys_enter_rt_sigaction
sys_enter_rt_sigaction
sys_enter_rt_sigaction
sys_enter_rt_sigaction
sys_enter_rt_sigaction
sys_enter_rt_sigaction
sys_enter_rt_sigaction
sys_enter_rt_sigaction
sys_enter_rt_sigaction
sys_enter_rt_sigaction
sys_enter_rt_sigaction
sys_enter_rt_sigaction
sys_enter_rt_sigaction
sys_enter_rt_sigaction
sys_enter_rt_sigaction
sys_enter_rt_sigaction
sys_enter_rt_sigaction
sys_enter_rt_sigaction
sys_enter_rt_sigaction
sys_enter_rt_sigaction
sys_enter_rt_sigaction
sys_enter_rt_sigaction
sys_enter_rt_sigprocmask
sys_enter_clone
sys_enter_rt_sigprocmask
sys_enter_gettid
sys_enter_sigaltstack
sys_enter_sigaltstack
sys_enter_gettid
sys_enter_rt_sigprocmask
sys_enter_rt_sigprocmask
sys_enter_clone
sys_enter_rt_sigprocmask
sys_enter_gettid
sys_enter_sigaltstack
sys_enter_sigaltstack
sys_enter_gettid
sys_enter_rt_sigprocmask
sys_enter_clone
sys_enter_rt_sigprocmask
sys_enter_rt_sigprocmask
sys_enter_futex
sys_enter_gettid
sys_enter_gettid
sys_enter_sigaltstack
sys_enter_sigaltstack
sys_enter_gettid
sys_enter_rt_sigprocmask
sys_enter_futex
sys_enter_futex
sys_enter_rt_sigprocmask
sys_enter_clone
sys_enter_rt_sigprocmask
sys_enter_futex
sys_enter_mmap
sys_enter_openat
sys_enter_read
sys_enter_read
sys_enter_close
sys_enter_socket
sys_enter_close
sys_enter_socket
sys_enter_sigaltstack
sys_enter_sigaltstack
sys_enter_gettid
sys_enter_rt_sigprocmask
sys_enter_setsockopt
sys_enter_bind
sys_enter_socket
sys_enter_setsockopt
sys_enter_bind
sys_enter_close
sys_enter_close
sys_enter_futex
sys_enter_futex
sys_enter_futex
sys_enter_getpid
sys_enter_getppid
sys_enter_mmap
sys_enter_mmap
sys_enter_getppid
sys_enter_openat
sys_enter_pipe2
sys_enter_getpid
sys_enter_clone
sys_enter_setsid
sys_enter_close
sys_enter_read
sys_enter_chdir
sys_enter_execve
sys_enter_close
sys_enter_exit_group
sys_enter_mmap
sys_enter_mmap
sys_enter_mprotect
sys_enter_mmap
sys_enter_mmap
sys_enter_mprotect
sys_enter_mmap
sys_enter_mprotect
sys_enter_mmap
sys_enter_mprotect
sys_enter_mmap
sys_enter_mmap
sys_enter_close
sys_enter_munmap
sys_enter_sched_getaffinity
sys_enter_mmap
sys_enter_munmap
sys_enter_mmap
sys_enter_mmap
sys_enter_mmap
sys_enter_mmap
sys_enter_mmap
sys_enter_mmap
sys_enter_rt_sigprocmask
sys_enter_sigaltstack
sys_enter_sigaltstack
sys_enter_gettid
sys_enter_rt_sigprocmask
sys_enter_rt_sigaction
sys_enter_rt_sigaction
sys_enter_rt_sigaction
sys_enter_rt_sigaction
sys_enter_rt_sigaction
sys_enter_rt_sigaction
sys_enter_rt_sigaction
sys_enter_rt_sigaction
sys_enter_rt_sigaction
sys_enter_rt_sigaction
sys_enter_rt_sigaction
sys_enter_rt_sigaction
sys_enter_rt_sigaction
sys_enter_rt_sigaction
sys_enter_rt_sigaction
sys_enter_rt_sigaction
sys_enter_rt_sigaction
sys_enter_rt_sigaction
sys_enter_rt_sigaction
sys_enter_rt_sigaction
sys_enter_rt_sigaction
sys_enter_rt_sigaction
sys_enter_rt_sigaction
sys_enter_rt_sigaction
sys_enter_rt_sigaction
sys_enter_rt_sigaction
sys_enter_rt_sigaction
sys_enter_rt_sigaction
sys_enter_rt_sigaction
sys_enter_rt_sigaction
sys_enter_rt_sigaction
sys_enter_rt_sigaction
sys_enter_rt_sigaction
sys_enter_rt_sigaction
sys_enter_rt_sigaction
sys_enter_rt_sigaction
sys_enter_rt_sigaction
sys_enter_rt_sigaction
sys_enter_rt_sigaction
sys_enter_rt_sigaction
sys_enter_rt_sigaction
sys_enter_rt_sigaction
sys_enter_rt_sigaction
sys_enter_rt_sigaction
sys_enter_rt_sigaction
sys_enter_rt_sigaction
sys_enter_rt_sigaction
sys_enter_rt_sigaction
sys_enter_rt_sigaction
sys_enter_rt_sigaction
sys_enter_rt_sigaction
sys_enter_rt_sigaction
sys_enter_rt_sigaction
sys_enter_rt_sigaction
sys_enter_rt_sigaction
sys_enter_rt_sigaction
sys_enter_rt_sigaction
sys_enter_rt_sigaction
sys_enter_rt_sigaction
sys_enter_rt_sigaction
sys_enter_rt_sigaction
sys_enter_rt_sigaction
sys_enter_rt_sigaction
sys_enter_rt_sigaction
sys_enter_rt_sigaction
sys_enter_rt_sigaction
sys_enter_rt_sigaction
sys_enter_rt_sigaction
sys_enter_rt_sigaction
sys_enter_rt_sigaction
sys_enter_rt_sigaction
sys_enter_rt_sigaction
sys_enter_rt_sigaction
sys_enter_rt_sigaction
sys_enter_rt_sigaction
sys_enter_rt_sigaction
sys_enter_rt_sigaction
sys_enter_rt_sigaction
sys_enter_rt_sigaction
sys_enter_rt_sigaction
sys_enter_rt_sigaction
sys_enter_rt_sigaction
sys_enter_rt_sigaction
sys_enter_rt_sigaction
sys_enter_rt_sigaction
sys_enter_rt_sigaction
sys_enter_rt_sigaction
sys_enter_rt_sigaction
sys_enter_rt_sigaction
sys_enter_rt_sigaction
sys_enter_rt_sigaction
sys_enter_rt_sigaction
sys_enter_rt_sigaction
sys_enter_rt_sigaction
sys_enter_rt_sigaction
sys_enter_rt_sigaction
sys_enter_rt_sigaction
sys_enter_rt_sigaction
sys_enter_rt_sigaction
sys_enter_rt_sigaction
sys_enter_rt_sigaction
sys_enter_rt_sigaction
sys_enter_rt_sigaction
sys_enter_rt_sigaction
sys_enter_rt_sigaction
sys_enter_rt_sigaction
sys_enter_rt_sigaction
sys_enter_rt_sigaction
sys_enter_rt_sigaction
sys_enter_rt_sigaction
sys_enter_rt_sigaction
sys_enter_rt_sigaction
sys_enter_rt_sigaction
sys_enter_rt_sigaction
sys_enter_rt_sigprocmask
sys_enter_clone
sys_enter_rt_sigprocmask
sys_enter_gettid
sys_enter_sigaltstack
sys_enter_sigaltstack
sys_enter_gettid
sys_enter_rt_sigprocmask
sys_enter_rt_sigprocmask
sys_enter_clone
sys_enter_rt_sigprocmask
sys_enter_gettid
sys_enter_sigaltstack
sys_enter_sigaltstack
sys_enter_gettid
sys_enter_rt_sigprocmask
sys_enter_rt_sigprocmask
sys_enter_clone
sys_enter_rt_sigprocmask
sys_enter_clone
sys_enter_rt_sigprocmask
sys_enter_futex
sys_enter_gettid
sys_enter_rt_sigprocmask
sys_enter_futex
sys_enter_gettid
sys_enter_sigaltstack
sys_enter_sigaltstack
sys_enter_gettid
sys_enter_rt_sigprocmask
sys_enter_futex
sys_enter_futex
sys_enter_sigaltstack
sys_enter_sigaltstack
sys_enter_gettid
sys_enter_rt_sigprocmask
sys_enter_futex
sys_enter_futex
sys_enter_mmap
sys_enter_futex
sys_enter_futex
sys_enter_futex
sys_enter_openat
sys_enter_read
sys_enter_read
sys_enter_close
sys_enter_socket
sys_enter_close
sys_enter_socket
sys_enter_setsockopt
sys_enter_bind
sys_enter_socket
sys_enter_setsockopt
sys_enter_bind
sys_enter_close
sys_enter_close
sys_enter_getpid
sys_enter_getppid
sys_enter_mmap
sys_enter_mmap
sys_enter_getppid
sys_enter_openat
sys_enter_pipe2
sys_enter_getpid
sys_enter_clone
sys_enter_setsid
sys_enter_close
sys_enter_chdir
sys_enter_read
sys_enter_execve
sys_enter_close
sys_enter_mmap
sys_enter_mmap
sys_enter_exit_group
sys_enter_mprotect
sys_enter_mmap
sys_enter_mmap
sys_enter_mprotect
sys_enter_mmap
sys_enter_mprotect
sys_enter_mmap
sys_enter_mprotect
sys_enter_mmap
sys_enter_mmap
sys_enter_close
sys_enter_munmap
sys_enter_sched_getaffinity
sys_enter_mmap
sys_enter_munmap
sys_enter_mmap
sys_enter_mmap
sys_enter_mmap
sys_enter_mmap
sys_enter_mmap
sys_enter_mmap
sys_enter_rt_sigprocmask
sys_enter_sigaltstack
sys_enter_sigaltstack
sys_enter_gettid
sys_enter_rt_sigprocmask
sys_enter_rt_sigaction
sys_enter_rt_sigaction
sys_enter_rt_sigaction
sys_enter_rt_sigaction
sys_enter_rt_sigaction
sys_enter_rt_sigaction
sys_enter_rt_sigaction
sys_enter_rt_sigaction
sys_enter_rt_sigaction
sys_enter_rt_sigaction
sys_enter_rt_sigaction
sys_enter_rt_sigaction
sys_enter_rt_sigaction
sys_enter_rt_sigaction
sys_enter_rt_sigaction
sys_enter_rt_sigaction
sys_enter_rt_sigaction
sys_enter_rt_sigaction
sys_enter_rt_sigaction
sys_enter_rt_sigaction
sys_enter_rt_sigaction
sys_enter_rt_sigaction
sys_enter_rt_sigaction
sys_enter_rt_sigaction
sys_enter_rt_sigaction
sys_enter_rt_sigaction
sys_enter_rt_sigaction
sys_enter_rt_sigaction
sys_enter_rt_sigaction
sys_enter_rt_sigaction
sys_enter_rt_sigaction
sys_enter_rt_sigaction
sys_enter_rt_sigaction
sys_enter_rt_sigaction
sys_enter_rt_sigaction
sys_enter_rt_sigaction
sys_enter_rt_sigaction
sys_enter_rt_sigaction
sys_enter_rt_sigaction
sys_enter_rt_sigaction
sys_enter_rt_sigaction
sys_enter_rt_sigaction
sys_enter_rt_sigaction
sys_enter_rt_sigaction
sys_enter_rt_sigaction
sys_enter_rt_sigaction
sys_enter_rt_sigaction
sys_enter_rt_sigaction
sys_enter_rt_sigaction
sys_enter_rt_sigaction
sys_enter_rt_sigaction
sys_enter_rt_sigaction
sys_enter_rt_sigaction
sys_enter_rt_sigaction
sys_enter_rt_sigaction
sys_enter_rt_sigaction
sys_enter_rt_sigaction
sys_enter_rt_sigaction
sys_enter_rt_sigaction
sys_enter_rt_sigaction
sys_enter_rt_sigaction
sys_enter_rt_sigaction
sys_enter_rt_sigaction
sys_enter_rt_sigaction
sys_enter_rt_sigaction
sys_enter_rt_sigaction
sys_enter_rt_sigaction
sys_enter_rt_sigaction
sys_enter_rt_sigaction
sys_enter_rt_sigaction
sys_enter_rt_sigaction
sys_enter_rt_sigaction
sys_enter_rt_sigaction
sys_enter_rt_sigaction
sys_enter_rt_sigaction
sys_enter_rt_sigaction
sys_enter_rt_sigaction
sys_enter_rt_sigaction
sys_enter_rt_sigaction
sys_enter_rt_sigaction
sys_enter_rt_sigaction
sys_enter_rt_sigaction
sys_enter_rt_sigaction
sys_enter_rt_sigaction
sys_enter_rt_sigaction
sys_enter_rt_sigaction
sys_enter_rt_sigaction
sys_enter_rt_sigaction
sys_enter_rt_sigaction
sys_enter_rt_sigaction
sys_enter_rt_sigaction
sys_enter_rt_sigaction
sys_enter_rt_sigaction
sys_enter_rt_sigaction
sys_enter_rt_sigaction
sys_enter_rt_sigaction
sys_enter_rt_sigaction
sys_enter_rt_sigaction
sys_enter_rt_sigaction
sys_enter_rt_sigaction
sys_enter_rt_sigaction
sys_enter_rt_sigaction
sys_enter_rt_sigaction
sys_enter_rt_sigaction
sys_enter_rt_sigaction
sys_enter_rt_sigaction
sys_enter_rt_sigaction
sys_enter_rt_sigaction
sys_enter_rt_sigaction
sys_enter_rt_sigaction
sys_enter_rt_sigaction
sys_enter_rt_sigaction
sys_enter_rt_sigaction
sys_enter_rt_sigaction
sys_enter_rt_sigprocmask
sys_enter_clone
sys_enter_rt_sigprocmask
sys_enter_gettid
sys_enter_sigaltstack
sys_enter_sigaltstack
sys_enter_gettid
sys_enter_rt_sigprocmask
sys_enter_rt_sigprocmask
sys_enter_clone
sys_enter_rt_sigprocmask
sys_enter_gettid
sys_enter_sigaltstack
sys_enter_sigaltstack
sys_enter_gettid
sys_enter_rt_sigprocmask
sys_enter_clone
sys_enter_rt_sigprocmask
sys_enter_rt_sigprocmask
sys_enter_futex
sys_enter_rt_sigprocmask
sys_enter_clone
sys_enter_gettid
sys_enter_sigaltstack
sys_enter_sigaltstack
sys_enter_gettid
sys_enter_rt_sigprocmask
sys_enter_rt_sigprocmask
sys_enter_gettid
sys_enter_futex
sys_enter_sigaltstack
sys_enter_sigaltstack
sys_enter_gettid
sys_enter_futex
sys_enter_rt_sigprocmask
sys_enter_futex
sys_enter_futex
sys_enter_futex
sys_enter_mmap
sys_enter_futex
sys_enter_futex
sys_enter_futex
sys_enter_openat
sys_enter_read
sys_enter_read
sys_enter_close
sys_enter_socket
sys_enter_close
sys_enter_socket
sys_enter_setsockopt
sys_enter_bind
sys_enter_socket
sys_enter_setsockopt
sys_enter_bind
sys_enter_close
sys_enter_close
sys_enter_getpid
sys_enter_getppid
sys_enter_mmap
sys_enter_mmap
sys_enter_getppid
sys_enter_openat
sys_enter_pipe2
sys_enter_getpid
sys_enter_clone
sys_enter_setsid
sys_enter_close
sys_enter_read
sys_enter_chdir
sys_enter_execve
sys_enter_close
sys_enter_exit_group
sys_enter_mmap
sys_enter_mmap
sys_enter_mprotect
sys_enter_mmap
sys_enter_mmap
sys_enter_mprotect
sys_enter_mmap
sys_enter_mprotect
sys_enter_mmap
sys_enter_mprotect
sys_enter_mmap
sys_enter_mmap
sys_enter_close
sys_enter_munmap
sys_enter_sched_getaffinity
sys_enter_mmap
sys_enter_munmap
sys_enter_mmap
sys_enter_mmap
sys_enter_mmap
sys_enter_mmap
sys_enter_mmap
sys_enter_mmap
sys_enter_rt_sigprocmask
sys_enter_sigaltstack
sys_enter_sigaltstack
sys_enter_gettid
sys_enter_rt_sigprocmask
sys_enter_rt_sigaction
sys_enter_rt_sigaction
sys_enter_rt_sigaction
sys_enter_rt_sigaction
sys_enter_rt_sigaction
sys_enter_rt_sigaction
sys_enter_rt_sigaction
sys_enter_rt_sigaction
sys_enter_rt_sigaction
sys_enter_rt_sigaction
sys_enter_rt_sigaction
sys_enter_rt_sigaction
sys_enter_rt_sigaction
sys_enter_rt_sigaction
sys_enter_rt_sigaction
sys_enter_rt_sigaction
sys_enter_rt_sigaction
sys_enter_rt_sigaction
sys_enter_rt_sigaction
sys_enter_rt_sigaction
sys_enter_rt_sigaction
sys_enter_rt_sigaction
sys_enter_rt_sigaction
sys_enter_rt_sigaction
sys_enter_rt_sigaction
sys_enter_rt_sigaction
sys_enter_rt_sigaction
sys_enter_rt_sigaction
sys_enter_rt_sigaction
sys_enter_rt_sigaction
sys_enter_rt_sigaction
sys_enter_rt_sigaction
sys_enter_rt_sigaction
sys_enter_rt_sigaction
sys_enter_rt_sigaction
sys_enter_rt_sigaction
sys_enter_rt_sigaction
sys_enter_rt_sigaction
sys_enter_rt_sigaction
sys_enter_rt_sigaction
sys_enter_rt_sigaction
sys_enter_rt_sigaction
sys_enter_rt_sigaction
sys_enter_rt_sigaction
sys_enter_rt_sigaction
sys_enter_rt_sigaction
sys_enter_rt_sigaction
sys_enter_rt_sigaction
sys_enter_rt_sigaction
sys_enter_rt_sigaction
sys_enter_rt_sigaction
sys_enter_rt_sigaction
sys_enter_rt_sigaction
sys_enter_rt_sigaction
sys_enter_rt_sigaction
sys_enter_rt_sigaction
sys_enter_rt_sigaction
sys_enter_rt_sigaction
sys_enter_rt_sigaction
sys_enter_rt_sigaction
sys_enter_rt_sigaction
sys_enter_rt_sigaction
sys_enter_rt_sigaction
sys_enter_rt_sigaction
sys_enter_rt_sigaction
sys_enter_rt_sigaction
sys_enter_rt_sigaction
sys_enter_rt_sigaction
sys_enter_rt_sigaction
sys_enter_rt_sigaction
sys_enter_rt_sigaction
sys_enter_rt_sigaction
sys_enter_rt_sigaction
sys_enter_rt_sigaction
sys_enter_rt_sigaction
sys_enter_rt_sigaction
sys_enter_rt_sigaction
sys_enter_rt_sigaction
sys_enter_rt_sigaction
sys_enter_rt_sigaction
sys_enter_rt_sigaction
sys_enter_rt_sigaction
sys_enter_rt_sigaction
sys_enter_rt_sigaction
sys_enter_rt_sigaction
sys_enter_rt_sigaction
sys_enter_rt_sigaction
sys_enter_rt_sigaction
sys_enter_rt_sigaction
sys_enter_rt_sigaction
sys_enter_rt_sigaction
sys_enter_rt_sigaction
sys_enter_rt_sigaction
sys_enter_rt_sigaction
sys_enter_rt_sigaction
sys_enter_rt_sigaction
sys_enter_rt_sigaction
sys_enter_rt_sigaction
sys_enter_rt_sigaction
sys_enter_rt_sigaction
sys_enter_rt_sigaction
sys_enter_rt_sigaction
sys_enter_rt_sigaction
sys_enter_rt_sigaction
sys_enter_rt_sigaction
sys_enter_rt_sigaction
sys_enter_rt_sigaction
sys_enter_rt_sigaction
sys_enter_rt_sigaction
sys_enter_rt_sigaction
sys_enter_rt_sigaction
sys_enter_rt_sigaction
sys_enter_rt_sigaction
sys_enter_rt_sigaction
sys_enter_rt_sigprocmask
sys_enter_clone
sys_enter_rt_sigprocmask
sys_enter_gettid
sys_enter_sigaltstack
sys_enter_sigaltstack
sys_enter_gettid
sys_enter_rt_sigprocmask
sys_enter_rt_sigprocmask
sys_enter_clone
sys_enter_rt_sigprocmask
sys_enter_gettid
sys_enter_sigaltstack
sys_enter_sigaltstack
sys_enter_gettid
sys_enter_rt_sigprocmask
sys_enter_rt_sigprocmask
sys_enter_clone
sys_enter_rt_sigprocmask
sys_enter_sched_yield
sys_enter_futex
sys_enter_futex
sys_enter_rt_sigprocmask
sys_enter_clone
sys_enter_gettid
sys_enter_sigaltstack
sys_enter_sigaltstack
sys_enter_gettid
sys_enter_rt_sigprocmask
sys_enter_rt_sigprocmask
sys_enter_futex
sys_enter_gettid
sys_enter_futex
sys_enter_sigaltstack
sys_enter_sigaltstack
sys_enter_gettid
sys_enter_rt_sigprocmask
sys_enter_futex
sys_enter_futex
sys_enter_futex
sys_enter_mmap
sys_enter_futex
sys_enter_futex
sys_enter_futex
sys_enter_openat
sys_enter_read
sys_enter_read
sys_enter_close
sys_enter_socket
sys_enter_close
sys_enter_socket
sys_enter_setsockopt
sys_enter_bind
sys_enter_socket
sys_enter_setsockopt
sys_enter_bind
sys_enter_close
sys_enter_close
sys_enter_getpid
sys_enter_getppid
sys_enter_mmap
sys_enter_mmap
sys_enter_getppid
sys_enter_openat
sys_enter_pipe2
sys_enter_getpid
sys_enter_clone
sys_enter_setsid
sys_enter_close
sys_enter_read
sys_enter_chdir
sys_enter_execve
sys_enter_close
sys_enter_exit_group
sys_enter_mmap
sys_enter_mmap
sys_enter_mprotect
sys_enter_mmap
sys_enter_mmap
sys_enter_mprotect
sys_enter_mmap
sys_enter_mprotect
sys_enter_mmap
sys_enter_mprotect
sys_enter_mmap
sys_enter_mmap
sys_enter_close
sys_enter_munmap
sys_enter_sched_getaffinity
sys_enter_mmap
sys_enter_munmap
sys_enter_mmap
sys_enter_mmap
sys_enter_mmap
sys_enter_mmap
sys_enter_mmap
sys_enter_mmap
sys_enter_rt_sigprocmask
sys_enter_sigaltstack
sys_enter_sigaltstack
sys_enter_gettid
sys_enter_rt_sigprocmask
sys_enter_rt_sigaction
sys_enter_rt_sigaction
sys_enter_rt_sigaction
sys_enter_rt_sigaction
sys_enter_rt_sigaction
sys_enter_rt_sigaction
sys_enter_rt_sigaction
sys_enter_rt_sigaction
sys_enter_rt_sigaction
sys_enter_rt_sigaction
sys_enter_rt_sigaction
sys_enter_rt_sigaction
sys_enter_rt_sigaction
sys_enter_rt_sigaction
sys_enter_rt_sigaction
sys_enter_rt_sigaction
sys_enter_rt_sigaction
sys_enter_rt_sigaction
sys_enter_rt_sigaction
sys_enter_rt_sigaction
sys_enter_rt_sigaction
sys_enter_rt_sigaction
sys_enter_rt_sigaction
sys_enter_rt_sigaction
sys_enter_rt_sigaction
sys_enter_rt_sigaction
sys_enter_rt_sigaction
sys_enter_rt_sigaction
sys_enter_rt_sigaction
sys_enter_rt_sigaction
sys_enter_rt_sigaction
sys_enter_rt_sigaction
sys_enter_rt_sigaction
sys_enter_rt_sigaction
sys_enter_rt_sigaction
sys_enter_rt_sigaction
sys_enter_rt_sigaction
sys_enter_rt_sigaction
sys_enter_rt_sigaction
sys_enter_rt_sigaction
sys_enter_rt_sigaction
sys_enter_rt_sigaction
sys_enter_rt_sigaction
sys_enter_rt_sigaction
sys_enter_rt_sigaction
sys_enter_rt_sigaction
sys_enter_rt_sigaction
sys_enter_rt_sigaction
sys_enter_rt_sigaction
sys_enter_rt_sigaction
sys_enter_rt_sigaction
sys_enter_rt_sigaction
sys_enter_rt_sigaction
sys_enter_rt_sigaction
sys_enter_rt_sigaction
sys_enter_rt_sigaction
sys_enter_rt_sigaction
sys_enter_rt_sigaction
sys_enter_rt_sigaction
sys_enter_rt_sigaction
sys_enter_rt_sigaction
sys_enter_rt_sigaction
sys_enter_rt_sigaction
sys_enter_rt_sigaction
sys_enter_rt_sigaction
sys_enter_rt_sigaction
sys_enter_rt_sigaction
sys_enter_rt_sigaction
sys_enter_rt_sigaction
sys_enter_rt_sigaction
sys_enter_rt_sigaction
sys_enter_rt_sigaction
sys_enter_rt_sigaction
sys_enter_rt_sigaction
sys_enter_rt_sigaction
sys_enter_rt_sigaction
sys_enter_rt_sigaction
sys_enter_rt_sigaction
sys_enter_rt_sigaction
sys_enter_rt_sigaction
sys_enter_rt_sigaction
sys_enter_rt_sigaction
sys_enter_rt_sigaction
sys_enter_rt_sigaction
sys_enter_rt_sigaction
sys_enter_rt_sigaction
sys_enter_rt_sigaction
sys_enter_rt_sigaction
sys_enter_rt_sigaction
sys_enter_rt_sigaction
sys_enter_rt_sigaction
sys_enter_rt_sigaction
sys_enter_rt_sigaction
sys_enter_rt_sigaction
sys_enter_rt_sigaction
sys_enter_rt_sigaction
sys_enter_rt_sigaction
sys_enter_rt_sigaction
sys_enter_rt_sigaction
sys_enter_rt_sigaction
sys_enter_rt_sigaction
sys_enter_rt_sigaction
sys_enter_rt_sigaction
sys_enter_rt_sigaction
sys_enter_rt_sigaction
sys_enter_rt_sigaction
sys_enter_rt_sigaction
sys_enter_rt_sigaction
sys_enter_rt_sigaction
sys_enter_rt_sigaction
sys_enter_rt_sigaction
sys_enter_rt_sigaction
sys_enter_rt_sigaction
sys_enter_rt_sigaction
sys_enter_rt_sigprocmask
sys_enter_clone
sys_enter_rt_sigprocmask
sys_enter_gettid
sys_enter_sigaltstack
sys_enter_sigaltstack
sys_enter_gettid
sys_enter_rt_sigprocmask
sys_enter_rt_sigprocmask
sys_enter_clone
sys_enter_rt_sigprocmask
sys_enter_gettid
sys_enter_sigaltstack
sys_enter_sigaltstack
sys_enter_gettid
sys_enter_rt_sigprocmask
sys_enter_rt_sigprocmask
sys_enter_clone
sys_enter_rt_sigprocmask
sys_enter_futex
sys_enter_rt_sigprocmask
sys_enter_clone
sys_enter_gettid
sys_enter_sigaltstack
sys_enter_sigaltstack
sys_enter_gettid
sys_enter_rt_sigprocmask
sys_enter_rt_sigprocmask
sys_enter_gettid
sys_enter_futex
sys_enter_futex
sys_enter_sigaltstack
sys_enter_futex
sys_enter_sigaltstack
sys_enter_gettid
sys_enter_rt_sigprocmask
sys_enter_futex
sys_enter_futex
sys_enter_mmap
sys_enter_futex
sys_enter_futex
sys_enter_futex
sys_enter_openat
sys_enter_read
sys_enter_read
sys_enter_close
sys_enter_socket
sys_enter_close
sys_enter_socket
sys_enter_setsockopt
sys_enter_bind
sys_enter_socket
sys_enter_setsockopt
sys_enter_bind
sys_enter_close
sys_enter_close
sys_enter_getpid
sys_enter_getppid
sys_enter_mmap
sys_enter_mmap
sys_enter_getppid
sys_enter_openat
sys_enter_pipe2
sys_enter_getpid
sys_enter_clone
sys_enter_setsid
sys_enter_close
sys_enter_read
sys_enter_chdir
sys_enter_execve
sys_enter_close
sys_enter_exit_group
sys_enter_mmap
sys_enter_mmap
sys_enter_mprotect
sys_enter_mmap
sys_enter_mmap
sys_enter_mprotect
sys_enter_mmap
sys_enter_mprotect
sys_enter_mmap
sys_enter_mprotect
sys_enter_mmap
sys_enter_mmap
sys_enter_close
sys_enter_munmap
sys_enter_sched_getaffinity
sys_enter_mmap
sys_enter_munmap
sys_enter_mmap
sys_enter_mmap
sys_enter_mmap
sys_enter_mmap
sys_enter_mmap
sys_enter_mmap
sys_enter_rt_sigprocmask
sys_enter_sigaltstack
sys_enter_sigaltstack
sys_enter_gettid
sys_enter_rt_sigprocmask
sys_enter_rt_sigaction
sys_enter_rt_sigaction
sys_enter_rt_sigaction
sys_enter_rt_sigaction
sys_enter_rt_sigaction
sys_enter_rt_sigaction
sys_enter_rt_sigaction
sys_enter_rt_sigaction
sys_enter_rt_sigaction
sys_enter_rt_sigaction
sys_enter_rt_sigaction
sys_enter_rt_sigaction
sys_enter_rt_sigaction
sys_enter_rt_sigaction
sys_enter_rt_sigaction
sys_enter_rt_sigaction
sys_enter_rt_sigaction
sys_enter_rt_sigaction
sys_enter_rt_sigaction
sys_enter_rt_sigaction
sys_enter_rt_sigaction
sys_enter_rt_sigaction
sys_enter_rt_sigaction
sys_enter_rt_sigaction
sys_enter_rt_sigaction
sys_enter_rt_sigaction
sys_enter_rt_sigaction
sys_enter_rt_sigaction
sys_enter_rt_sigaction
sys_enter_rt_sigaction
sys_enter_rt_sigaction
sys_enter_rt_sigaction
sys_enter_rt_sigaction
sys_enter_rt_sigaction
sys_enter_rt_sigaction
sys_enter_rt_sigaction
sys_enter_rt_sigaction
sys_enter_rt_sigaction
sys_enter_rt_sigaction
sys_enter_rt_sigaction
sys_enter_rt_sigaction
sys_enter_rt_sigaction
sys_enter_rt_sigaction
sys_enter_rt_sigaction
sys_enter_rt_sigaction
sys_enter_rt_sigaction
sys_enter_rt_sigaction
sys_enter_rt_sigaction
sys_enter_rt_sigaction
sys_enter_rt_sigaction
sys_enter_rt_sigaction
sys_enter_rt_sigaction
sys_enter_rt_sigaction
sys_enter_rt_sigaction
sys_enter_rt_sigaction
sys_enter_rt_sigaction
sys_enter_rt_sigaction
sys_enter_rt_sigaction
sys_enter_rt_sigaction
sys_enter_rt_sigaction
sys_enter_rt_sigaction
sys_enter_rt_sigaction
sys_enter_rt_sigaction
sys_enter_rt_sigaction
sys_enter_rt_sigaction
sys_enter_rt_sigaction
sys_enter_rt_sigaction
sys_enter_rt_sigaction
sys_enter_rt_sigaction
sys_enter_rt_sigaction
sys_enter_rt_sigaction
sys_enter_rt_sigaction
sys_enter_rt_sigaction
sys_enter_rt_sigaction
sys_enter_rt_sigaction
sys_enter_rt_sigaction
sys_enter_rt_sigaction
sys_enter_rt_sigaction
sys_enter_rt_sigaction
sys_enter_rt_sigaction
sys_enter_rt_sigaction
sys_enter_rt_sigaction
sys_enter_rt_sigaction
sys_enter_rt_sigaction
sys_enter_rt_sigaction
sys_enter_rt_sigaction
sys_enter_rt_sigaction
sys_enter_rt_sigaction
sys_enter_rt_sigaction
sys_enter_rt_sigaction
sys_enter_rt_sigaction
sys_enter_rt_sigaction
sys_enter_rt_sigaction
sys_enter_rt_sigaction
sys_enter_rt_sigaction
sys_enter_rt_sigaction
sys_enter_rt_sigaction
sys_enter_rt_sigaction
sys_enter_rt_sigaction
sys_enter_rt_sigaction
sys_enter_rt_sigaction
sys_enter_rt_sigaction
sys_enter_rt_sigaction
sys_enter_rt_sigaction
sys_enter_rt_sigaction
sys_enter_rt_sigaction
sys_enter_rt_sigaction
sys_enter_rt_sigaction
sys_enter_rt_sigaction
sys_enter_rt_sigaction
sys_enter_rt_sigaction
sys_enter_rt_sigaction
sys_enter_rt_sigaction
sys_enter_rt_sigaction
sys_enter_rt_sigprocmask
sys_enter_clone
sys_enter_rt_sigprocmask
sys_enter_gettid
sys_enter_sigaltstack
sys_enter_sigaltstack
sys_enter_gettid
sys_enter_rt_sigprocmask
sys_enter_rt_sigprocmask
sys_enter_clone
sys_enter_rt_sigprocmask
sys_enter_gettid
sys_enter_sigaltstack
sys_enter_sigaltstack
sys_enter_gettid
sys_enter_rt_sigprocmask
sys_enter_clone
sys_enter_rt_sigprocmask
sys_enter_rt_sigprocmask
sys_enter_futex
sys_enter_rt_sigprocmask
sys_enter_clone
sys_enter_gettid
sys_enter_sigaltstack
sys_enter_sigaltstack
sys_enter_gettid
sys_enter_rt_sigprocmask
sys_enter_rt_sigprocmask
sys_enter_gettid
sys_enter_futex
sys_enter_futex
sys_enter_sigaltstack
sys_enter_futex
sys_enter_sigaltstack
sys_enter_gettid
sys_enter_rt_sigprocmask
sys_enter_futex
sys_enter_futex
sys_enter_mmap
sys_enter_futex
sys_enter_futex
sys_enter_futex
sys_enter_openat
sys_enter_read
sys_enter_read
sys_enter_close
sys_enter_socket
sys_enter_close
sys_enter_socket
sys_enter_setsockopt
sys_enter_bind
sys_enter_socket
sys_enter_setsockopt
sys_enter_bind
sys_enter_close
sys_enter_close
sys_enter_getpid
sys_enter_getppid
sys_enter_mmap
sys_enter_mmap
sys_enter_getppid
sys_enter_openat
sys_enter_pipe2
sys_enter_getpid
sys_enter_clone
sys_enter_setsid
sys_enter_close
sys_enter_read
sys_enter_chdir
sys_enter_execve
sys_enter_close
sys_enter_exit_group
sys_enter_mmap
sys_enter_mmap
sys_enter_mprotect
sys_enter_mmap
sys_enter_mmap
sys_enter_mprotect
sys_enter_mmap
sys_enter_mprotect
sys_enter_mmap
sys_enter_mprotect
sys_enter_mmap
sys_enter_mmap
sys_enter_close
sys_enter_munmap
sys_enter_sched_getaffinity
sys_enter_mmap
sys_enter_munmap
sys_enter_mmap
sys_enter_mmap
sys_enter_mmap
sys_enter_mmap
sys_enter_mmap
sys_enter_mmap
sys_enter_rt_sigprocmask
sys_enter_sigaltstack
sys_enter_sigaltstack
sys_enter_gettid
sys_enter_rt_sigprocmask
sys_enter_rt_sigaction
sys_enter_rt_sigaction
sys_enter_rt_sigaction
sys_enter_rt_sigaction
sys_enter_rt_sigaction
sys_enter_rt_sigaction
sys_enter_rt_sigaction
sys_enter_rt_sigaction
sys_enter_rt_sigaction
sys_enter_rt_sigaction
sys_enter_rt_sigaction
sys_enter_rt_sigaction
sys_enter_rt_sigaction
sys_enter_rt_sigaction
sys_enter_rt_sigaction
sys_enter_rt_sigaction
sys_enter_rt_sigaction
sys_enter_rt_sigaction
sys_enter_rt_sigaction
sys_enter_rt_sigaction
sys_enter_rt_sigaction
sys_enter_rt_sigaction
sys_enter_rt_sigaction
sys_enter_rt_sigaction
sys_enter_rt_sigaction
sys_enter_rt_sigaction
sys_enter_rt_sigaction
sys_enter_rt_sigaction
sys_enter_rt_sigaction
sys_enter_rt_sigaction
sys_enter_rt_sigaction
sys_enter_rt_sigaction
sys_enter_rt_sigaction
sys_enter_rt_sigaction
sys_enter_rt_sigaction
sys_enter_rt_sigaction
sys_enter_rt_sigaction
sys_enter_rt_sigaction
sys_enter_rt_sigaction
sys_enter_rt_sigaction
sys_enter_rt_sigaction
sys_enter_rt_sigaction
sys_enter_rt_sigaction
sys_enter_rt_sigaction
sys_enter_rt_sigaction
sys_enter_rt_sigaction
sys_enter_rt_sigaction
sys_enter_rt_sigaction
sys_enter_rt_sigaction
sys_enter_rt_sigaction
sys_enter_rt_sigaction
sys_enter_rt_sigaction
sys_enter_rt_sigaction
sys_enter_rt_sigaction
sys_enter_rt_sigaction
sys_enter_rt_sigaction
sys_enter_rt_sigaction
sys_enter_rt_sigaction
sys_enter_rt_sigaction
sys_enter_rt_sigaction
sys_enter_rt_sigaction
sys_enter_rt_sigaction
sys_enter_rt_sigaction
sys_enter_rt_sigaction
sys_enter_rt_sigaction
sys_enter_rt_sigaction
sys_enter_rt_sigaction
sys_enter_rt_sigaction
sys_enter_rt_sigaction
sys_enter_rt_sigaction
sys_enter_rt_sigaction
sys_enter_rt_sigaction
sys_enter_rt_sigaction
sys_enter_rt_sigaction
sys_enter_rt_sigaction
sys_enter_rt_sigaction
sys_enter_rt_sigaction
sys_enter_rt_sigaction
sys_enter_rt_sigaction
sys_enter_rt_sigaction
sys_enter_rt_sigaction
sys_enter_rt_sigaction
sys_enter_rt_sigaction
sys_enter_rt_sigaction
sys_enter_rt_sigaction
sys_enter_rt_sigaction
sys_enter_rt_sigaction
sys_enter_rt_sigaction
sys_enter_rt_sigaction
sys_enter_rt_sigaction
sys_enter_rt_sigaction
sys_enter_rt_sigaction
sys_enter_rt_sigaction
sys_enter_rt_sigaction
sys_enter_rt_sigaction
sys_enter_rt_sigaction
sys_enter_rt_sigaction
sys_enter_rt_sigaction
sys_enter_rt_sigaction
sys_enter_rt_sigaction
sys_enter_rt_sigaction
sys_enter_rt_sigaction
sys_enter_rt_sigaction
sys_enter_rt_sigaction
sys_enter_rt_sigaction
sys_enter_rt_sigaction
sys_enter_rt_sigaction
sys_enter_rt_sigaction
sys_enter_rt_sigaction
sys_enter_rt_sigaction
sys_enter_rt_sigaction
sys_enter_rt_sigaction
sys_enter_rt_sigaction
sys_enter_rt_sigaction
sys_enter_rt_sigprocmask
sys_enter_clone
sys_enter_rt_sigprocmask
sys_enter_gettid
sys_enter_sigaltstack
sys_enter_sigaltstack
sys_enter_gettid
sys_enter_rt_sigprocmask
sys_enter_rt_sigprocmask
sys_enter_clone
sys_enter_rt_sigprocmask
sys_enter_gettid
sys_enter_sigaltstack
sys_enter_sigaltstack
sys_enter_gettid
sys_enter_rt_sigprocmask
sys_enter_rt_sigprocmask
sys_enter_clone
sys_enter_rt_sigprocmask
sys_enter_clone
sys_enter_rt_sigprocmask
sys_enter_futex
sys_enter_gettid
sys_enter_sigaltstack
sys_enter_sigaltstack
sys_enter_gettid
sys_enter_rt_sigprocmask
sys_enter_rt_sigprocmask
sys_enter_futex
sys_enter_gettid
sys_enter_futex
sys_enter_futex
sys_enter_mmap
sys_enter_sigaltstack
sys_enter_sigaltstack
sys_enter_gettid
sys_enter_rt_sigprocmask
sys_enter_futex
sys_enter_futex
sys_enter_futex
sys_enter_openat
sys_enter_read
sys_enter_read
sys_enter_close
sys_enter_socket
sys_enter_close
sys_enter_socket
sys_enter_setsockopt
sys_enter_bind
sys_enter_socket
sys_enter_setsockopt
sys_enter_bind
sys_enter_close
sys_enter_close
sys_enter_getpid
sys_enter_getppid
sys_enter_mmap
sys_enter_mmap
sys_enter_getppid
sys_enter_openat
sys_enter_pipe2
sys_enter_getpid
sys_enter_clone
sys_enter_setsid
sys_enter_close
sys_enter_read
sys_enter_chdir
sys_enter_execve
sys_enter_close
sys_enter_exit_group
sys_enter_mmap
sys_enter_mmap
sys_enter_mprotect
sys_enter_mmap
sys_enter_mmap
sys_enter_mprotect
sys_enter_mmap
sys_enter_mprotect
sys_enter_mmap
sys_enter_mprotect
sys_enter_mmap
sys_enter_mmap
sys_enter_close
sys_enter_munmap
sys_enter_sched_getaffinity
sys_enter_mmap
sys_enter_munmap
sys_enter_mmap
sys_enter_mmap
sys_enter_mmap
sys_enter_mmap
sys_enter_mmap
sys_enter_mmap
sys_enter_rt_sigprocmask
sys_enter_sigaltstack
sys_enter_sigaltstack
sys_enter_gettid
sys_enter_rt_sigprocmask
sys_enter_rt_sigaction
sys_enter_rt_sigaction
sys_enter_rt_sigaction
sys_enter_rt_sigaction
sys_enter_rt_sigaction
sys_enter_rt_sigaction
sys_enter_rt_sigaction
sys_enter_rt_sigaction
sys_enter_rt_sigaction
sys_enter_rt_sigaction
sys_enter_rt_sigaction
sys_enter_rt_sigaction
sys_enter_rt_sigaction
sys_enter_rt_sigaction
sys_enter_rt_sigaction
sys_enter_rt_sigaction
sys_enter_rt_sigaction
sys_enter_rt_sigaction
sys_enter_rt_sigaction
sys_enter_rt_sigaction
sys_enter_rt_sigaction
sys_enter_rt_sigaction
sys_enter_rt_sigaction
sys_enter_rt_sigaction
sys_enter_rt_sigaction
sys_enter_rt_sigaction
sys_enter_rt_sigaction
sys_enter_rt_sigaction
sys_enter_rt_sigaction
sys_enter_rt_sigaction
sys_enter_rt_sigaction
sys_enter_rt_sigaction
sys_enter_rt_sigaction
sys_enter_rt_sigaction
sys_enter_rt_sigaction
sys_enter_rt_sigaction
sys_enter_rt_sigaction
sys_enter_rt_sigaction
sys_enter_rt_sigaction
sys_enter_rt_sigaction
sys_enter_rt_sigaction
sys_enter_rt_sigaction
sys_enter_rt_sigaction
sys_enter_rt_sigaction
sys_enter_rt_sigaction
sys_enter_rt_sigaction
sys_enter_rt_sigaction
sys_enter_rt_sigaction
sys_enter_rt_sigaction
sys_enter_rt_sigaction
sys_enter_rt_sigaction
sys_enter_rt_sigaction
sys_enter_rt_sigaction
sys_enter_rt_sigaction
sys_enter_rt_sigaction
sys_enter_rt_sigaction
sys_enter_rt_sigaction
sys_enter_rt_sigaction
sys_enter_rt_sigaction
sys_enter_rt_sigaction
sys_enter_rt_sigaction
sys_enter_rt_sigaction
sys_enter_rt_sigaction
sys_enter_rt_sigaction
sys_enter_rt_sigaction
sys_enter_rt_sigaction
sys_enter_rt_sigaction
sys_enter_rt_sigaction
sys_enter_rt_sigaction
sys_enter_rt_sigaction
sys_enter_rt_sigaction
sys_enter_rt_sigaction
sys_enter_rt_sigaction
sys_enter_rt_sigaction
sys_enter_rt_sigaction
sys_enter_rt_sigaction
sys_enter_rt_sigaction
sys_enter_rt_sigaction
sys_enter_rt_sigaction
sys_enter_rt_sigaction
sys_enter_rt_sigaction
sys_enter_rt_sigaction
sys_enter_rt_sigaction
sys_enter_rt_sigaction
sys_enter_rt_sigaction
sys_enter_rt_sigaction
sys_enter_rt_sigaction
sys_enter_rt_sigaction
sys_enter_rt_sigaction
sys_enter_rt_sigaction
sys_enter_rt_sigaction
sys_enter_rt_sigaction
sys_enter_rt_sigaction
sys_enter_rt_sigaction
sys_enter_rt_sigaction
sys_enter_rt_sigaction
sys_enter_rt_sigaction
sys_enter_rt_sigaction
sys_enter_rt_sigaction
sys_enter_rt_sigaction
sys_enter_rt_sigaction
sys_enter_rt_sigaction
sys_enter_rt_sigaction
sys_enter_rt_sigaction
sys_enter_rt_sigaction
sys_enter_rt_sigaction
sys_enter_rt_sigaction
sys_enter_rt_sigaction
sys_enter_rt_sigaction
sys_enter_rt_sigaction
sys_enter_rt_sigaction
sys_enter_rt_sigaction
sys_enter_rt_sigaction
sys_enter_rt_sigaction
sys_enter_rt_sigprocmask
sys_enter_clone
sys_enter_rt_sigprocmask
sys_enter_gettid
sys_enter_sigaltstack
sys_enter_sigaltstack
sys_enter_gettid
sys_enter_rt_sigprocmask
sys_enter_rt_sigprocmask
sys_enter_clone
sys_enter_rt_sigprocmask
sys_enter_rt_sigprocmask
sys_enter_clone
sys_enter_gettid
sys_enter_sigaltstack
sys_enter_sigaltstack
sys_enter_gettid
sys_enter_rt_sigprocmask
sys_enter_rt_sigprocmask
sys_enter_sched_yield
sys_enter_futex
sys_enter_futex
sys_enter_rt_sigprocmask
sys_enter_clone
sys_enter_gettid
sys_enter_sigaltstack
sys_enter_sigaltstack
sys_enter_gettid
sys_enter_rt_sigprocmask
sys_enter_futex
sys_enter_rt_sigprocmask
sys_enter_futex
sys_enter_gettid
sys_enter_sigaltstack
sys_enter_sigaltstack
sys_enter_gettid
sys_enter_rt_sigprocmask
sys_enter_futex
sys_enter_futex
sys_enter_mmap
sys_enter_futex
sys_enter_futex
sys_enter_futex
sys_enter_futex
sys_enter_openat
sys_enter_read
sys_enter_read
sys_enter_close
sys_enter_socket
sys_enter_close
sys_enter_socket
sys_enter_setsockopt
sys_enter_bind
sys_enter_socket
sys_enter_setsockopt
sys_enter_bind
sys_enter_close
sys_enter_close
sys_enter_getpid
sys_enter_getppid
sys_enter_mmap
sys_enter_mmap
sys_enter_getppid
sys_enter_openat
sys_enter_pipe2
sys_enter_getpid
sys_enter_clone
sys_enter_setsid
sys_enter_close
sys_enter_read
sys_enter_chdir
sys_enter_execve
sys_enter_close
sys_enter_exit_group
sys_enter_mmap
sys_enter_mmap
sys_enter_mprotect
sys_enter_mmap
sys_enter_mmap
sys_enter_mprotect
sys_enter_mmap
sys_enter_mprotect
sys_enter_mmap
sys_enter_mprotect
sys_enter_mmap
sys_enter_mmap
sys_enter_close
sys_enter_munmap
sys_enter_sched_getaffinity
sys_enter_mmap
sys_enter_munmap
sys_enter_mmap
sys_enter_mmap
sys_enter_mmap
sys_enter_mmap
sys_enter_mmap
sys_enter_mmap
sys_enter_rt_sigprocmask
sys_enter_sigaltstack
sys_enter_sigaltstack
sys_enter_gettid
sys_enter_rt_sigprocmask
sys_enter_rt_sigaction
sys_enter_rt_sigaction
sys_enter_rt_sigaction
sys_enter_rt_sigaction
sys_enter_rt_sigaction
sys_enter_rt_sigaction
sys_enter_rt_sigaction
sys_enter_rt_sigaction
sys_enter_rt_sigaction
sys_enter_rt_sigaction
sys_enter_rt_sigaction
sys_enter_rt_sigaction
sys_enter_rt_sigaction
sys_enter_rt_sigaction
sys_enter_rt_sigaction
sys_enter_rt_sigaction
sys_enter_rt_sigaction
sys_enter_rt_sigaction
sys_enter_rt_sigaction
sys_enter_rt_sigaction
sys_enter_rt_sigaction
sys_enter_rt_sigaction
sys_enter_rt_sigaction
sys_enter_rt_sigaction
sys_enter_rt_sigaction
sys_enter_rt_sigaction
sys_enter_rt_sigaction
sys_enter_rt_sigaction
sys_enter_rt_sigaction
sys_enter_rt_sigaction
sys_enter_rt_sigaction
sys_enter_rt_sigaction
sys_enter_rt_sigaction
sys_enter_rt_sigaction
sys_enter_rt_sigaction
sys_enter_rt_sigaction
sys_enter_rt_sigaction
sys_enter_rt_sigaction
sys_enter_rt_sigaction
sys_enter_rt_sigaction
sys_enter_rt_sigaction
sys_enter_rt_sigaction
sys_enter_rt_sigaction
sys_enter_rt_sigaction
sys_enter_rt_sigaction
sys_enter_rt_sigaction
sys_enter_rt_sigaction
sys_enter_rt_sigaction
sys_enter_rt_sigaction
sys_enter_rt_sigaction
sys_enter_rt_sigaction
sys_enter_rt_sigaction
sys_enter_rt_sigaction
sys_enter_rt_sigaction
sys_enter_rt_sigaction
sys_enter_rt_sigaction
sys_enter_rt_sigaction
sys_enter_rt_sigaction
sys_enter_rt_sigaction
sys_enter_rt_sigaction
sys_enter_rt_sigaction
sys_enter_rt_sigaction
sys_enter_rt_sigaction
sys_enter_rt_sigaction
sys_enter_rt_sigaction
sys_enter_rt_sigaction
sys_enter_rt_sigaction
sys_enter_rt_sigaction
sys_enter_rt_sigaction
sys_enter_rt_sigaction
sys_enter_rt_sigaction
sys_enter_rt_sigaction
sys_enter_rt_sigaction
sys_enter_rt_sigaction
sys_enter_rt_sigaction
sys_enter_rt_sigaction
sys_enter_rt_sigaction
sys_enter_rt_sigaction
sys_enter_rt_sigaction
sys_enter_rt_sigaction
sys_enter_rt_sigaction
sys_enter_rt_sigaction
sys_enter_rt_sigaction
sys_enter_rt_sigaction
sys_enter_rt_sigaction
sys_enter_rt_sigaction
sys_enter_rt_sigaction
sys_enter_rt_sigaction
sys_enter_rt_sigaction
sys_enter_rt_sigaction
sys_enter_rt_sigaction
sys_enter_rt_sigaction
sys_enter_rt_sigaction
sys_enter_rt_sigaction
sys_enter_rt_sigaction
sys_enter_rt_sigaction
sys_enter_rt_sigaction
sys_enter_rt_sigaction
sys_enter_rt_sigaction
sys_enter_rt_sigaction
sys_enter_rt_sigaction
sys_enter_rt_sigaction
sys_enter_rt_sigaction
sys_enter_rt_sigaction
sys_enter_rt_sigaction
sys_enter_rt_sigaction
sys_enter_rt_sigaction
sys_enter_rt_sigaction
sys_enter_rt_sigaction
sys_enter_rt_sigaction
sys_enter_rt_sigaction
sys_enter_rt_sigaction
sys_enter_rt_sigaction
sys_enter_rt_sigaction
sys_enter_rt_sigprocmask
sys_enter_clone
sys_enter_rt_sigprocmask
sys_enter_gettid
sys_enter_sigaltstack
sys_enter_sigaltstack
sys_enter_gettid
sys_enter_rt_sigprocmask
sys_enter_rt_sigprocmask
sys_enter_clone
sys_enter_rt_sigprocmask
sys_enter_gettid
sys_enter_sigaltstack
sys_enter_sigaltstack
sys_enter_gettid
sys_enter_rt_sigprocmask
sys_enter_rt_sigprocmask
sys_enter_clone
sys_enter_rt_sigprocmask
sys_enter_futex
sys_enter_gettid
sys_enter_rt_sigprocmask
sys_enter_clone
sys_enter_sigaltstack
sys_enter_sigaltstack
sys_enter_gettid
sys_enter_rt_sigprocmask
sys_enter_futex
sys_enter_futex
sys_enter_rt_sigprocmask
sys_enter_futex
sys_enter_gettid
sys_enter_sigaltstack
sys_enter_sigaltstack
sys_enter_gettid
sys_enter_rt_sigprocmask
sys_enter_futex
sys_enter_futex
sys_enter_mmap
sys_enter_futex
sys_enter_futex
sys_enter_futex
sys_enter_openat
sys_enter_read
sys_enter_read
sys_enter_close
sys_enter_socket
sys_enter_close
sys_enter_socket
sys_enter_setsockopt
sys_enter_bind
sys_enter_socket
sys_enter_setsockopt
sys_enter_bind
sys_enter_close
sys_enter_close
sys_enter_getpid
sys_enter_getppid
sys_enter_mmap
sys_enter_mmap
sys_enter_getppid
sys_enter_openat
sys_enter_pipe2
sys_enter_getpid
sys_enter_clone
sys_enter_setsid
sys_enter_close
sys_enter_read
sys_enter_chdir
sys_enter_execve
sys_enter_close
sys_enter_exit_group
sys_enter_mmap
sys_enter_mmap
sys_enter_mprotect
sys_enter_mmap
sys_enter_mmap
sys_enter_mprotect
sys_enter_mmap
sys_enter_mprotect
sys_enter_mmap
sys_enter_mprotect
sys_enter_mmap
sys_enter_mmap
sys_enter_close
sys_enter_munmap
sys_enter_sched_getaffinity
sys_enter_mmap
sys_enter_munmap
sys_enter_mmap
sys_enter_mmap
sys_enter_mmap
sys_enter_mmap
sys_enter_mmap
sys_enter_mmap
sys_enter_rt_sigprocmask
sys_enter_sigaltstack
sys_enter_sigaltstack
sys_enter_gettid
sys_enter_rt_sigprocmask
sys_enter_rt_sigaction
sys_enter_rt_sigaction
sys_enter_rt_sigaction
sys_enter_rt_sigaction
sys_enter_rt_sigaction
sys_enter_rt_sigaction
sys_enter_rt_sigaction
sys_enter_rt_sigaction
sys_enter_rt_sigaction
sys_enter_rt_sigaction
sys_enter_rt_sigaction
sys_enter_rt_sigaction
sys_enter_rt_sigaction
sys_enter_rt_sigaction
sys_enter_rt_sigaction
sys_enter_rt_sigaction
sys_enter_rt_sigaction
sys_enter_rt_sigaction
sys_enter_rt_sigaction
sys_enter_rt_sigaction
sys_enter_rt_sigaction
sys_enter_rt_sigaction
sys_enter_rt_sigaction
sys_enter_rt_sigaction
sys_enter_rt_sigaction
sys_enter_rt_sigaction
sys_enter_rt_sigaction
sys_enter_rt_sigaction
sys_enter_rt_sigaction
sys_enter_rt_sigaction
sys_enter_rt_sigaction
sys_enter_rt_sigaction
sys_enter_rt_sigaction
sys_enter_rt_sigaction
sys_enter_rt_sigaction
sys_enter_rt_sigaction
sys_enter_rt_sigaction
sys_enter_rt_sigaction
sys_enter_rt_sigaction
sys_enter_rt_sigaction
sys_enter_rt_sigaction
sys_enter_rt_sigaction
sys_enter_rt_sigaction
sys_enter_rt_sigaction
sys_enter_rt_sigaction
sys_enter_rt_sigaction
sys_enter_rt_sigaction
sys_enter_rt_sigaction
sys_enter_rt_sigaction
sys_enter_rt_sigaction
sys_enter_rt_sigaction
sys_enter_rt_sigaction
sys_enter_rt_sigaction
sys_enter_rt_sigaction
sys_enter_rt_sigaction
sys_enter_rt_sigaction
sys_enter_rt_sigaction
sys_enter_rt_sigaction
sys_enter_rt_sigaction
sys_enter_rt_sigaction
sys_enter_rt_sigaction
sys_enter_rt_sigaction
sys_enter_rt_sigaction
sys_enter_rt_sigaction
sys_enter_rt_sigaction
sys_enter_rt_sigaction
sys_enter_rt_sigaction
sys_enter_rt_sigaction
sys_enter_rt_sigaction
sys_enter_rt_sigaction
sys_enter_rt_sigaction
sys_enter_rt_sigaction
sys_enter_rt_sigaction
sys_enter_rt_sigaction
sys_enter_rt_sigaction
sys_enter_rt_sigaction
sys_enter_rt_sigaction
sys_enter_rt_sigaction
sys_enter_rt_sigaction
sys_enter_rt_sigaction
sys_enter_rt_sigaction
sys_enter_rt_sigaction
sys_enter_rt_sigaction
sys_enter_rt_sigaction
sys_enter_rt_sigaction
sys_enter_rt_sigaction
sys_enter_rt_sigaction
sys_enter_rt_sigaction
sys_enter_rt_sigaction
sys_enter_rt_sigaction
sys_enter_rt_sigaction
sys_enter_rt_sigaction
sys_enter_rt_sigaction
sys_enter_rt_sigaction
sys_enter_rt_sigaction
sys_enter_rt_sigaction
sys_enter_rt_sigaction
sys_enter_rt_sigaction
sys_enter_rt_sigaction
sys_enter_rt_sigaction
sys_enter_rt_sigaction
sys_enter_rt_sigaction
sys_enter_rt_sigaction
sys_enter_rt_sigaction
sys_enter_rt_sigaction
sys_enter_rt_sigaction
sys_enter_rt_sigaction
sys_enter_rt_sigaction
sys_enter_rt_sigaction
sys_enter_rt_sigaction
sys_enter_rt_sigaction
sys_enter_rt_sigaction
sys_enter_rt_sigaction
sys_enter_rt_sigaction
sys_enter_rt_sigprocmask
sys_enter_clone
sys_enter_rt_sigprocmask
sys_enter_gettid
sys_enter_sigaltstack
sys_enter_sigaltstack
sys_enter_gettid
sys_enter_rt_sigprocmask
sys_enter_rt_sigprocmask
sys_enter_clone
sys_enter_rt_sigprocmask
sys_enter_gettid
sys_enter_sigaltstack
sys_enter_sigaltstack
sys_enter_rt_sigprocmask
sys_enter_clone
sys_enter_gettid
sys_enter_rt_sigprocmask
sys_enter_rt_sigprocmask
sys_enter_sched_yield
sys_enter_gettid
sys_enter_futex
sys_enter_sigaltstack
sys_enter_futex
sys_enter_sigaltstack
sys_enter_gettid
sys_enter_rt_sigprocmask
sys_enter_futex
sys_enter_rt_sigprocmask
sys_enter_clone
sys_enter_futex
sys_enter_rt_sigprocmask
sys_enter_futex
sys_enter_gettid
sys_enter_sigaltstack
sys_enter_sigaltstack
sys_enter_gettid
sys_enter_rt_sigprocmask
sys_enter_futex
sys_enter_futex
sys_enter_mmap
sys_enter_futex
sys_enter_futex
sys_enter_futex
sys_enter_openat
sys_enter_read
sys_enter_read
sys_enter_close
sys_enter_socket
sys_enter_close
sys_enter_socket
sys_enter_setsockopt
sys_enter_bind
sys_enter_socket
sys_enter_setsockopt
sys_enter_bind
sys_enter_close
sys_enter_close
sys_enter_getpid
sys_enter_getppid
sys_enter_mmap
sys_enter_mmap
sys_enter_getppid
sys_enter_openat
sys_enter_pipe2
sys_enter_getpid
sys_enter_clone
sys_enter_setsid
sys_enter_close
sys_enter_read
sys_enter_chdir
sys_enter_execve
sys_enter_close
sys_enter_exit_group
sys_enter_mmap
sys_enter_mmap
sys_enter_mprotect
sys_enter_mmap
sys_enter_mmap
sys_enter_mprotect
sys_enter_mmap
sys_enter_mprotect
sys_enter_mmap
sys_enter_mprotect
sys_enter_mmap
sys_enter_mmap
sys_enter_close
sys_enter_munmap
sys_enter_sched_getaffinity
sys_enter_mmap
sys_enter_munmap
sys_enter_mmap
sys_enter_mmap
sys_enter_mmap
sys_enter_mmap
sys_enter_mmap
sys_enter_mmap
sys_enter_rt_sigprocmask
sys_enter_sigaltstack
sys_enter_sigaltstack
sys_enter_gettid
sys_enter_rt_sigprocmask
sys_enter_rt_sigaction
sys_enter_rt_sigaction
sys_enter_rt_sigaction
sys_enter_rt_sigaction
sys_enter_rt_sigaction
sys_enter_rt_sigaction
sys_enter_rt_sigaction
sys_enter_rt_sigaction
sys_enter_rt_sigaction
sys_enter_rt_sigaction
sys_enter_rt_sigaction
sys_enter_rt_sigaction
sys_enter_rt_sigaction
sys_enter_rt_sigaction
sys_enter_rt_sigaction
sys_enter_rt_sigaction
sys_enter_rt_sigaction
sys_enter_rt_sigaction
sys_enter_rt_sigaction
sys_enter_rt_sigaction
sys_enter_rt_sigaction
sys_enter_rt_sigaction
sys_enter_rt_sigaction
sys_enter_rt_sigaction
sys_enter_rt_sigaction
sys_enter_rt_sigaction
sys_enter_rt_sigaction
sys_enter_rt_sigaction
sys_enter_rt_sigaction
sys_enter_rt_sigaction
sys_enter_rt_sigaction
sys_enter_rt_sigaction
sys_enter_rt_sigaction
sys_enter_rt_sigaction
sys_enter_rt_sigaction
sys_enter_rt_sigaction
sys_enter_rt_sigaction
sys_enter_rt_sigaction
sys_enter_rt_sigaction
sys_enter_rt_sigaction
sys_enter_rt_sigaction
sys_enter_rt_sigaction
sys_enter_rt_sigaction
sys_enter_rt_sigaction
sys_enter_rt_sigaction
sys_enter_rt_sigaction
sys_enter_rt_sigaction
sys_enter_rt_sigaction
sys_enter_rt_sigaction
sys_enter_rt_sigaction
sys_enter_rt_sigaction
sys_enter_rt_sigaction
sys_enter_rt_sigaction
sys_enter_rt_sigaction
sys_enter_rt_sigaction
sys_enter_rt_sigaction
sys_enter_rt_sigaction
sys_enter_rt_sigaction
sys_enter_rt_sigaction
sys_enter_rt_sigaction
sys_enter_rt_sigaction
sys_enter_rt_sigaction
sys_enter_rt_sigaction
sys_enter_rt_sigaction
sys_enter_rt_sigaction
sys_enter_rt_sigaction
sys_enter_rt_sigaction
sys_enter_rt_sigaction
sys_enter_rt_sigaction
sys_enter_rt_sigaction
sys_enter_rt_sigaction
sys_enter_rt_sigaction
sys_enter_rt_sigaction
sys_enter_rt_sigaction
sys_enter_rt_sigaction
sys_enter_rt_sigaction
sys_enter_rt_sigaction
sys_enter_rt_sigaction
sys_enter_rt_sigaction
sys_enter_rt_sigaction
sys_enter_rt_sigaction
sys_enter_rt_sigaction
sys_enter_rt_sigaction
sys_enter_rt_sigaction
sys_enter_rt_sigaction
sys_enter_rt_sigaction
sys_enter_rt_sigaction
sys_enter_rt_sigaction
sys_enter_rt_sigaction
sys_enter_rt_sigaction
sys_enter_rt_sigaction
sys_enter_rt_sigaction
sys_enter_rt_sigaction
sys_enter_rt_sigaction
sys_enter_rt_sigaction
sys_enter_rt_sigaction
sys_enter_rt_sigaction
sys_enter_rt_sigaction
sys_enter_rt_sigaction
sys_enter_rt_sigaction
sys_enter_rt_sigaction
sys_enter_rt_sigaction
sys_enter_rt_sigaction
sys_enter_rt_sigaction
sys_enter_rt_sigaction
sys_enter_rt_sigaction
sys_enter_rt_sigaction
sys_enter_rt_sigaction
sys_enter_rt_sigaction
sys_enter_rt_sigaction
sys_enter_rt_sigaction
sys_enter_rt_sigaction
sys_enter_rt_sigaction
sys_enter_rt_sigaction
sys_enter_rt_sigprocmask
sys_enter_clone
sys_enter_rt_sigprocmask
sys_enter_gettid
sys_enter_sigaltstack
sys_enter_sigaltstack
sys_enter_gettid
sys_enter_rt_sigprocmask
sys_enter_rt_sigprocmask
sys_enter_clone
sys_enter_rt_sigprocmask
sys_enter_gettid
sys_enter_sigaltstack
sys_enter_sigaltstack
sys_enter_rt_sigprocmask
sys_enter_clone
sys_enter_gettid
sys_enter_rt_sigprocmask
sys_enter_rt_sigprocmask
sys_enter_sched_yield
sys_enter_gettid
sys_enter_futex
sys_enter_sigaltstack
sys_enter_sigaltstack
sys_enter_gettid
sys_enter_futex
sys_enter_rt_sigprocmask
sys_enter_futex
sys_enter_futex
sys_enter_gettid
sys_enter_sigaltstack
sys_enter_sigaltstack
sys_enter_gettid
sys_enter_rt_sigprocmask
sys_enter_futex
sys_enter_rt_sigprocmask
sys_enter_clone
sys_enter_rt_sigprocmask
sys_enter_futex
sys_enter_futex
sys_enter_mmap
sys_enter_futex
sys_enter_futex
sys_enter_futex
sys_enter_openat
sys_enter_read
sys_enter_read
sys_enter_close
sys_enter_socket
sys_enter_close
sys_enter_socket
sys_enter_setsockopt
sys_enter_bind
sys_enter_socket
sys_enter_setsockopt
sys_enter_bind
sys_enter_close
sys_enter_close
sys_enter_getpid
sys_enter_getppid
sys_enter_mmap
sys_enter_mmap
sys_enter_getppid
sys_enter_openat
sys_enter_pipe2
sys_enter_getpid
sys_enter_clone
sys_enter_setsid
sys_enter_close
sys_enter_read
sys_enter_chdir
sys_enter_execve
sys_enter_close
sys_enter_mmap
sys_enter_exit_group
sys_enter_mmap
sys_enter_mprotect
sys_enter_mmap
sys_enter_mmap
sys_enter_mprotect
sys_enter_mmap
sys_enter_mprotect
sys_enter_mmap
sys_enter_mprotect
sys_enter_mmap
sys_enter_mmap
sys_enter_close
sys_enter_munmap
sys_enter_sched_getaffinity
sys_enter_mmap
sys_enter_munmap
sys_enter_mmap
sys_enter_mmap
sys_enter_mmap
sys_enter_mmap
sys_enter_mmap
sys_enter_mmap
sys_enter_rt_sigprocmask
sys_enter_sigaltstack
sys_enter_sigaltstack
sys_enter_gettid
sys_enter_rt_sigprocmask
sys_enter_rt_sigaction
sys_enter_rt_sigaction
sys_enter_rt_sigaction
sys_enter_rt_sigaction
sys_enter_rt_sigaction
sys_enter_rt_sigaction
sys_enter_rt_sigaction
sys_enter_rt_sigaction
sys_enter_rt_sigaction
sys_enter_rt_sigaction
sys_enter_rt_sigaction
sys_enter_rt_sigaction
sys_enter_rt_sigaction
sys_enter_rt_sigaction
sys_enter_rt_sigaction
sys_enter_rt_sigaction
sys_enter_rt_sigaction
sys_enter_rt_sigaction
sys_enter_rt_sigaction
sys_enter_rt_sigaction
sys_enter_rt_sigaction
sys_enter_rt_sigaction
sys_enter_rt_sigaction
sys_enter_rt_sigaction
sys_enter_rt_sigaction
sys_enter_rt_sigaction
sys_enter_rt_sigaction
sys_enter_rt_sigaction
sys_enter_rt_sigaction
sys_enter_rt_sigaction
sys_enter_rt_sigaction
sys_enter_rt_sigaction
sys_enter_rt_sigaction
sys_enter_rt_sigaction
sys_enter_rt_sigaction
sys_enter_rt_sigaction
sys_enter_rt_sigaction
sys_enter_rt_sigaction
sys_enter_rt_sigaction
sys_enter_rt_sigaction
sys_enter_rt_sigaction
sys_enter_rt_sigaction
sys_enter_rt_sigaction
sys_enter_rt_sigaction
sys_enter_rt_sigaction
sys_enter_rt_sigaction
sys_enter_rt_sigaction
sys_enter_rt_sigaction
sys_enter_rt_sigaction
sys_enter_rt_sigaction
sys_enter_rt_sigaction
sys_enter_rt_sigaction
sys_enter_rt_sigaction
sys_enter_rt_sigaction
sys_enter_rt_sigaction
sys_enter_rt_sigaction
sys_enter_rt_sigaction
sys_enter_rt_sigaction
sys_enter_rt_sigaction
sys_enter_rt_sigaction
sys_enter_rt_sigaction
sys_enter_rt_sigaction
sys_enter_rt_sigaction
sys_enter_rt_sigaction
sys_enter_rt_sigaction
sys_enter_rt_sigaction
sys_enter_rt_sigaction
sys_enter_rt_sigaction
sys_enter_rt_sigaction
sys_enter_rt_sigaction
sys_enter_rt_sigaction
sys_enter_rt_sigaction
sys_enter_rt_sigaction
sys_enter_rt_sigaction
sys_enter_rt_sigaction
sys_enter_rt_sigaction
sys_enter_rt_sigaction
sys_enter_rt_sigaction
sys_enter_rt_sigaction
sys_enter_rt_sigaction
sys_enter_rt_sigaction
sys_enter_rt_sigaction
sys_enter_rt_sigaction
sys_enter_rt_sigaction
sys_enter_rt_sigaction
sys_enter_rt_sigaction
sys_enter_rt_sigaction
sys_enter_rt_sigaction
sys_enter_rt_sigaction
sys_enter_rt_sigaction
sys_enter_rt_sigaction
sys_enter_rt_sigaction
sys_enter_rt_sigaction
sys_enter_rt_sigaction
sys_enter_rt_sigaction
sys_enter_rt_sigaction
sys_enter_rt_sigaction
sys_enter_rt_sigaction
sys_enter_rt_sigaction
sys_enter_rt_sigaction
sys_enter_rt_sigaction
sys_enter_rt_sigaction
sys_enter_rt_sigaction
sys_enter_rt_sigaction
sys_enter_rt_sigaction
sys_enter_rt_sigaction
sys_enter_rt_sigaction
sys_enter_rt_sigaction
sys_enter_rt_sigaction
sys_enter_rt_sigaction
sys_enter_rt_sigaction
sys_enter_rt_sigaction
sys_enter_rt_sigaction
sys_enter_rt_sigaction
sys_enter_rt_sigprocmask
sys_enter_clone
sys_enter_rt_sigprocmask
sys_enter_gettid
sys_enter_sigaltstack
sys_enter_sigaltstack
sys_enter_gettid
sys_enter_rt_sigprocmask
sys_enter_rt_sigprocmask
sys_enter_clone
sys_enter_rt_sigprocmask
sys_enter_rt_sigprocmask
sys_enter_clone
sys_enter_gettid
sys_enter_sigaltstack
sys_enter_sigaltstack
sys_enter_gettid
sys_enter_rt_sigprocmask
sys_enter_rt_sigprocmask
sys_enter_futex
sys_enter_gettid
sys_enter_sigaltstack
sys_enter_sigaltstack
sys_enter_gettid
sys_enter_rt_sigprocmask
sys_enter_futex
sys_enter_rt_sigprocmask
sys_enter_clone
sys_enter_futex
sys_enter_rt_sigprocmask
sys_enter_gettid
sys_enter_futex
sys_enter_sigaltstack
sys_enter_sigaltstack
sys_enter_gettid
sys_enter_rt_sigprocmask
sys_enter_futex
sys_enter_futex
sys_enter_mmap
sys_enter_futex
sys_enter_futex
sys_enter_futex
sys_enter_openat
sys_enter_read
sys_enter_read
sys_enter_close
sys_enter_socket
sys_enter_close
sys_enter_socket
sys_enter_setsockopt
sys_enter_bind
sys_enter_socket
sys_enter_setsockopt
sys_enter_bind
sys_enter_close
sys_enter_close
sys_enter_getpid
sys_enter_getppid
sys_enter_mmap
sys_enter_mmap
sys_enter_getppid
sys_enter_openat
sys_enter_pipe2
sys_enter_getpid
sys_enter_clone
sys_enter_setsid
sys_enter_close
sys_enter_read
sys_enter_chdir
sys_enter_execve
sys_enter_close
sys_enter_exit_group
sys_enter_mmap
sys_enter_mmap
sys_enter_mprotect
sys_enter_mmap
sys_enter_mmap
sys_enter_mprotect
sys_enter_mmap
sys_enter_mprotect
sys_enter_mmap
sys_enter_mprotect
sys_enter_mmap
sys_enter_mmap
sys_enter_close
sys_enter_munmap
sys_enter_sched_getaffinity
sys_enter_mmap
sys_enter_munmap
sys_enter_mmap
sys_enter_mmap
sys_enter_mmap
sys_enter_mmap
sys_enter_mmap
sys_enter_mmap
sys_enter_rt_sigprocmask
sys_enter_sigaltstack
sys_enter_sigaltstack
sys_enter_gettid
sys_enter_rt_sigprocmask
sys_enter_rt_sigaction
sys_enter_rt_sigaction
sys_enter_rt_sigaction
sys_enter_rt_sigaction
sys_enter_rt_sigaction
sys_enter_rt_sigaction
sys_enter_rt_sigaction
sys_enter_rt_sigaction
sys_enter_rt_sigaction
sys_enter_rt_sigaction
sys_enter_rt_sigaction
sys_enter_rt_sigaction
sys_enter_rt_sigaction
sys_enter_rt_sigaction
sys_enter_rt_sigaction
sys_enter_rt_sigaction
sys_enter_rt_sigaction
sys_enter_rt_sigaction
sys_enter_rt_sigaction
sys_enter_rt_sigaction
sys_enter_rt_sigaction
sys_enter_rt_sigaction
sys_enter_rt_sigaction
sys_enter_rt_sigaction
sys_enter_rt_sigaction
sys_enter_rt_sigaction
sys_enter_rt_sigaction
sys_enter_rt_sigaction
sys_enter_rt_sigaction
sys_enter_rt_sigaction
sys_enter_rt_sigaction
sys_enter_rt_sigaction
sys_enter_rt_sigaction
sys_enter_rt_sigaction
sys_enter_rt_sigaction
sys_enter_rt_sigaction
sys_enter_rt_sigaction
sys_enter_rt_sigaction
sys_enter_rt_sigaction
sys_enter_rt_sigaction
sys_enter_rt_sigaction
sys_enter_rt_sigaction
sys_enter_rt_sigaction
sys_enter_rt_sigaction
sys_enter_rt_sigaction
sys_enter_rt_sigaction
sys_enter_rt_sigaction
sys_enter_rt_sigaction
sys_enter_rt_sigaction
sys_enter_rt_sigaction
sys_enter_rt_sigaction
sys_enter_rt_sigaction
sys_enter_rt_sigaction
sys_enter_rt_sigaction
sys_enter_rt_sigaction
sys_enter_rt_sigaction
sys_enter_rt_sigaction
sys_enter_rt_sigaction
sys_enter_rt_sigaction
sys_enter_rt_sigaction
sys_enter_rt_sigaction
sys_enter_rt_sigaction
sys_enter_rt_sigaction
sys_enter_rt_sigaction
sys_enter_rt_sigaction
sys_enter_rt_sigaction
sys_enter_rt_sigaction
sys_enter_rt_sigaction
sys_enter_rt_sigaction
sys_enter_rt_sigaction
sys_enter_rt_sigaction
sys_enter_rt_sigaction
sys_enter_rt_sigaction
sys_enter_rt_sigaction
sys_enter_rt_sigaction
sys_enter_rt_sigaction
sys_enter_rt_sigaction
sys_enter_rt_sigaction
sys_enter_rt_sigaction
sys_enter_rt_sigaction
sys_enter_rt_sigaction
sys_enter_rt_sigaction
sys_enter_rt_sigaction
sys_enter_rt_sigaction
sys_enter_rt_sigaction
sys_enter_rt_sigaction
sys_enter_rt_sigaction
sys_enter_rt_sigaction
sys_enter_rt_sigaction
sys_enter_rt_sigaction
sys_enter_rt_sigaction
sys_enter_rt_sigaction
sys_enter_rt_sigaction
sys_enter_rt_sigaction
sys_enter_rt_sigaction
sys_enter_rt_sigaction
sys_enter_rt_sigaction
sys_enter_rt_sigaction
sys_enter_rt_sigaction
sys_enter_rt_sigaction
sys_enter_rt_sigaction
sys_enter_rt_sigaction
sys_enter_rt_sigaction
sys_enter_rt_sigaction
sys_enter_rt_sigaction
sys_enter_rt_sigaction
sys_enter_rt_sigaction
sys_enter_rt_sigaction
sys_enter_rt_sigaction
sys_enter_rt_sigaction
sys_enter_rt_sigaction
sys_enter_rt_sigaction
sys_enter_rt_sigaction
sys_enter_rt_sigaction
sys_enter_rt_sigprocmask
sys_enter_clone
sys_enter_rt_sigprocmask
sys_enter_gettid
sys_enter_sigaltstack
sys_enter_sigaltstack
sys_enter_gettid
sys_enter_rt_sigprocmask
sys_enter_rt_sigprocmask
sys_enter_clone
sys_enter_rt_sigprocmask
sys_enter_gettid
sys_enter_sigaltstack
sys_enter_sigaltstack
sys_enter_gettid
sys_enter_rt_sigprocmask
sys_enter_rt_sigprocmask
sys_enter_clone
sys_enter_rt_sigprocmask
sys_enter_futex
sys_enter_rt_sigprocmask
sys_enter_clone
sys_enter_gettid
sys_enter_sigaltstack
sys_enter_sigaltstack
sys_enter_rt_sigprocmask
sys_enter_gettid
sys_enter_rt_sigprocmask
sys_enter_gettid
sys_enter_futex
sys_enter_sigaltstack
sys_enter_sigaltstack
sys_enter_gettid
sys_enter_rt_sigprocmask
sys_enter_futex
sys_enter_futex
sys_enter_futex
sys_enter_futex
sys_enter_mmap
sys_enter_futex
sys_enter_futex
sys_enter_futex
sys_enter_openat
sys_enter_read
sys_enter_read
sys_enter_close
sys_enter_socket
sys_enter_close
sys_enter_socket
sys_enter_setsockopt
sys_enter_bind
sys_enter_socket
sys_enter_setsockopt
sys_enter_bind
sys_enter_close
sys_enter_close
sys_enter_getpid
sys_enter_getppid
sys_enter_mmap
sys_enter_mmap
sys_enter_getppid
sys_enter_openat
sys_enter_pipe2
sys_enter_getpid
sys_enter_clone
sys_enter_setsid
sys_enter_close
sys_enter_read
sys_enter_chdir
sys_enter_execve
sys_enter_close
sys_enter_mmap
sys_enter_mmap
sys_enter_exit_group
sys_enter_mprotect
sys_enter_mmap
sys_enter_mmap
sys_enter_mprotect
sys_enter_mmap
sys_enter_mprotect
sys_enter_mmap
sys_enter_mprotect
sys_enter_mmap
sys_enter_mmap
sys_enter_close
sys_enter_munmap
sys_enter_sched_getaffinity
sys_enter_mmap
sys_enter_munmap
sys_enter_mmap
sys_enter_mmap
sys_enter_mmap
sys_enter_mmap
sys_enter_mmap
sys_enter_mmap
sys_enter_rt_sigprocmask
sys_enter_sigaltstack
sys_enter_sigaltstack
sys_enter_gettid
sys_enter_rt_sigprocmask
sys_enter_rt_sigaction
sys_enter_rt_sigaction
sys_enter_rt_sigaction
sys_enter_rt_sigaction
sys_enter_rt_sigaction
sys_enter_rt_sigaction
sys_enter_rt_sigaction
sys_enter_rt_sigaction
sys_enter_rt_sigaction
sys_enter_rt_sigaction
sys_enter_rt_sigaction
sys_enter_rt_sigaction
sys_enter_rt_sigaction
sys_enter_rt_sigaction
sys_enter_rt_sigaction
sys_enter_rt_sigaction
sys_enter_rt_sigaction
sys_enter_rt_sigaction
sys_enter_rt_sigaction
sys_enter_rt_sigaction
sys_enter_rt_sigaction
sys_enter_rt_sigaction
sys_enter_rt_sigaction
sys_enter_rt_sigaction
sys_enter_rt_sigaction
sys_enter_rt_sigaction
sys_enter_rt_sigaction
sys_enter_rt_sigaction
sys_enter_rt_sigaction
sys_enter_rt_sigaction
sys_enter_rt_sigaction
sys_enter_rt_sigaction
sys_enter_rt_sigaction
sys_enter_rt_sigaction
sys_enter_rt_sigaction
sys_enter_rt_sigaction
sys_enter_rt_sigaction
sys_enter_rt_sigaction
sys_enter_rt_sigaction
sys_enter_rt_sigaction
sys_enter_rt_sigaction
sys_enter_rt_sigaction
sys_enter_rt_sigaction
sys_enter_rt_sigaction
sys_enter_rt_sigaction
sys_enter_rt_sigaction
sys_enter_rt_sigaction
sys_enter_rt_sigaction
sys_enter_rt_sigaction
sys_enter_rt_sigaction
sys_enter_rt_sigaction
sys_enter_rt_sigaction
sys_enter_rt_sigaction
sys_enter_rt_sigaction
sys_enter_rt_sigaction
sys_enter_rt_sigaction
sys_enter_rt_sigaction
sys_enter_rt_sigaction
sys_enter_rt_sigaction
sys_enter_rt_sigaction
sys_enter_rt_sigaction
sys_enter_rt_sigaction
sys_enter_rt_sigaction
sys_enter_rt_sigaction
sys_enter_rt_sigaction
sys_enter_rt_sigaction
sys_enter_rt_sigaction
sys_enter_rt_sigaction
sys_enter_rt_sigaction
sys_enter_rt_sigaction
sys_enter_rt_sigaction
sys_enter_rt_sigaction
sys_enter_rt_sigaction
sys_enter_rt_sigaction
sys_enter_rt_sigaction
sys_enter_rt_sigaction
sys_enter_rt_sigaction
sys_enter_rt_sigaction
sys_enter_rt_sigaction
sys_enter_rt_sigaction
sys_enter_rt_sigaction
sys_enter_rt_sigaction
sys_enter_rt_sigaction
sys_enter_rt_sigaction
sys_enter_rt_sigaction
sys_enter_rt_sigaction
sys_enter_rt_sigaction
sys_enter_rt_sigaction
sys_enter_rt_sigaction
sys_enter_rt_sigaction
sys_enter_rt_sigaction
sys_enter_rt_sigaction
sys_enter_rt_sigaction
sys_enter_rt_sigaction
sys_enter_rt_sigaction
sys_enter_rt_sigaction
sys_enter_rt_sigaction
sys_enter_rt_sigaction
sys_enter_rt_sigaction
sys_enter_rt_sigaction
sys_enter_rt_sigaction
sys_enter_rt_sigaction
sys_enter_rt_sigaction
sys_enter_rt_sigaction
sys_enter_rt_sigaction
sys_enter_rt_sigaction
sys_enter_rt_sigaction
sys_enter_rt_sigaction
sys_enter_rt_sigaction
sys_enter_rt_sigaction
sys_enter_rt_sigaction
sys_enter_rt_sigaction
sys_enter_rt_sigaction
sys_enter_rt_sigaction
sys_enter_rt_sigprocmask
sys_enter_clone
sys_enter_rt_sigprocmask
sys_enter_gettid
sys_enter_sigaltstack
sys_enter_sigaltstack
sys_enter_gettid
sys_enter_rt_sigprocmask
sys_enter_rt_sigprocmask
sys_enter_clone
sys_enter_rt_sigprocmask
sys_enter_gettid
sys_enter_sigaltstack
sys_enter_sigaltstack
sys_enter_gettid
sys_enter_rt_sigprocmask
sys_enter_rt_sigprocmask
sys_enter_clone
sys_enter_rt_sigprocmask
sys_enter_gettid
sys_enter_rt_sigprocmask
sys_enter_clone
sys_enter_sigaltstack
sys_enter_sigaltstack
sys_enter_gettid
sys_enter_rt_sigprocmask
sys_enter_futex
sys_enter_rt_sigprocmask
sys_enter_futex
sys_enter_futex
sys_enter_futex
sys_enter_gettid
sys_enter_sigaltstack
sys_enter_sigaltstack
sys_enter_gettid
sys_enter_rt_sigprocmask
sys_enter_futex
sys_enter_futex
sys_enter_mmap
sys_enter_futex
sys_enter_futex
sys_enter_futex
sys_enter_openat
sys_enter_read
sys_enter_read
sys_enter_close
sys_enter_socket
sys_enter_close
sys_enter_socket
sys_enter_setsockopt
sys_enter_bind
sys_enter_socket
sys_enter_setsockopt
sys_enter_bind
sys_enter_close
sys_enter_close
sys_enter_getpid
sys_enter_getppid
sys_enter_mmap
sys_enter_mmap
sys_enter_getppid
sys_enter_openat
sys_enter_pipe2
sys_enter_getpid
sys_enter_clone
sys_enter_setsid
sys_enter_close
sys_enter_read
sys_enter_chdir
sys_enter_execve
sys_enter_close
sys_enter_exit_group
sys_enter_mmap
sys_enter_mmap
sys_enter_mprotect
sys_enter_mmap
sys_enter_mmap
sys_enter_mprotect
sys_enter_mmap
sys_enter_mprotect
sys_enter_mmap
sys_enter_mprotect
sys_enter_mmap
sys_enter_mmap
sys_enter_close
sys_enter_munmap
sys_enter_sched_getaffinity
sys_enter_mmap
sys_enter_munmap
sys_enter_mmap
sys_enter_mmap
sys_enter_mmap
sys_enter_mmap
sys_enter_mmap
sys_enter_mmap
sys_enter_rt_sigprocmask
sys_enter_sigaltstack
sys_enter_sigaltstack
sys_enter_gettid
sys_enter_rt_sigprocmask
sys_enter_rt_sigaction
sys_enter_rt_sigaction
sys_enter_rt_sigaction
sys_enter_rt_sigaction
sys_enter_rt_sigaction
sys_enter_rt_sigaction
sys_enter_rt_sigaction
sys_enter_rt_sigaction
sys_enter_rt_sigaction
sys_enter_rt_sigaction
sys_enter_rt_sigaction
sys_enter_rt_sigaction
sys_enter_rt_sigaction
sys_enter_rt_sigaction
sys_enter_rt_sigaction
sys_enter_rt_sigaction
sys_enter_rt_sigaction
sys_enter_rt_sigaction
sys_enter_rt_sigaction
sys_enter_rt_sigaction
sys_enter_rt_sigaction
sys_enter_rt_sigaction
sys_enter_rt_sigaction
sys_enter_rt_sigaction
sys_enter_rt_sigaction
sys_enter_rt_sigaction
sys_enter_rt_sigaction
sys_enter_rt_sigaction
sys_enter_rt_sigaction
sys_enter_rt_sigaction
sys_enter_rt_sigaction
sys_enter_rt_sigaction
sys_enter_rt_sigaction
sys_enter_rt_sigaction
sys_enter_rt_sigaction
sys_enter_rt_sigaction
sys_enter_rt_sigaction
sys_enter_rt_sigaction
sys_enter_rt_sigaction
sys_enter_rt_sigaction
sys_enter_rt_sigaction
sys_enter_rt_sigaction
sys_enter_rt_sigaction
sys_enter_rt_sigaction
sys_enter_rt_sigaction
sys_enter_rt_sigaction
sys_enter_rt_sigaction
sys_enter_rt_sigaction
sys_enter_rt_sigaction
sys_enter_rt_sigaction
sys_enter_rt_sigaction
sys_enter_rt_sigaction
sys_enter_rt_sigaction
sys_enter_rt_sigaction
sys_enter_rt_sigaction
sys_enter_rt_sigaction
sys_enter_rt_sigaction
sys_enter_rt_sigaction
sys_enter_rt_sigaction
sys_enter_rt_sigaction
sys_enter_rt_sigaction
sys_enter_rt_sigaction
sys_enter_rt_sigaction
sys_enter_rt_sigaction
sys_enter_rt_sigaction
sys_enter_rt_sigaction
sys_enter_rt_sigaction
sys_enter_rt_sigaction
sys_enter_rt_sigaction
sys_enter_rt_sigaction
sys_enter_rt_sigaction
sys_enter_rt_sigaction
sys_enter_rt_sigaction
sys_enter_rt_sigaction
sys_enter_rt_sigaction
sys_enter_rt_sigaction
sys_enter_rt_sigaction
sys_enter_rt_sigaction
sys_enter_rt_sigaction
sys_enter_rt_sigaction
sys_enter_rt_sigaction
sys_enter_rt_sigaction
sys_enter_rt_sigaction
sys_enter_rt_sigaction
sys_enter_rt_sigaction
sys_enter_rt_sigaction
sys_enter_rt_sigaction
sys_enter_rt_sigaction
sys_enter_rt_sigaction
sys_enter_rt_sigaction
sys_enter_rt_sigaction
sys_enter_rt_sigaction
sys_enter_rt_sigaction
sys_enter_rt_sigaction
sys_enter_rt_sigaction
sys_enter_rt_sigaction
sys_enter_rt_sigaction
sys_enter_rt_sigaction
sys_enter_rt_sigaction
sys_enter_rt_sigaction
sys_enter_rt_sigaction
sys_enter_rt_sigaction
sys_enter_rt_sigaction
sys_enter_rt_sigaction
sys_enter_rt_sigaction
sys_enter_rt_sigaction
sys_enter_rt_sigaction
sys_enter_rt_sigaction
sys_enter_rt_sigaction
sys_enter_rt_sigaction
sys_enter_rt_sigaction
sys_enter_rt_sigaction
sys_enter_rt_sigaction
sys_enter_rt_sigaction
sys_enter_rt_sigprocmask
sys_enter_clone
sys_enter_rt_sigprocmask
sys_enter_gettid
sys_enter_sigaltstack
sys_enter_sigaltstack
sys_enter_gettid
sys_enter_rt_sigprocmask
sys_enter_rt_sigprocmask
sys_enter_clone
sys_enter_rt_sigprocmask
sys_enter_gettid
sys_enter_sigaltstack
sys_enter_sigaltstack
sys_enter_gettid
sys_enter_rt_sigprocmask
sys_enter_rt_sigprocmask
sys_enter_clone
sys_enter_rt_sigprocmask
sys_enter_futex
sys_enter_gettid
sys_enter_sigaltstack
sys_enter_sigaltstack
sys_enter_gettid
sys_enter_rt_sigprocmask
sys_enter_futex
sys_enter_gettid
sys_enter_sigaltstack
sys_enter_sigaltstack
sys_enter_gettid
sys_enter_rt_sigprocmask
sys_enter_futex
sys_enter_futex
sys_enter_rt_sigprocmask
sys_enter_clone
sys_enter_rt_sigprocmask
sys_enter_futex
sys_enter_futex
sys_enter_mmap
sys_enter_futex
sys_enter_futex
sys_enter_futex
sys_enter_openat
sys_enter_read
sys_enter_read
sys_enter_close
sys_enter_socket
sys_enter_close
sys_enter_socket
sys_enter_setsockopt
sys_enter_bind
sys_enter_socket
sys_enter_setsockopt
sys_enter_bind
sys_enter_close
sys_enter_close
sys_enter_getpid
sys_enter_getppid
sys_enter_mmap
sys_enter_mmap
sys_enter_getppid
sys_enter_openat
sys_enter_pipe2
sys_enter_getpid
sys_enter_clone
sys_enter_setsid
sys_enter_close
sys_enter_read
sys_enter_chdir
sys_enter_execve
sys_enter_close
sys_enter_mmap
sys_enter_exit_group
sys_enter_mmap
sys_enter_mprotect
sys_enter_mmap
sys_enter_mmap
sys_enter_mprotect
sys_enter_mmap
sys_enter_mprotect
sys_enter_mmap
sys_enter_mprotect
sys_enter_mmap
sys_enter_mmap
sys_enter_close
sys_enter_munmap
sys_enter_sched_getaffinity
sys_enter_mmap
sys_enter_munmap
sys_enter_mmap
sys_enter_mmap
sys_enter_mmap
sys_enter_mmap
sys_enter_mmap
sys_enter_mmap
sys_enter_rt_sigprocmask
sys_enter_sigaltstack
sys_enter_sigaltstack
sys_enter_gettid
sys_enter_rt_sigprocmask
sys_enter_rt_sigaction
sys_enter_rt_sigaction
sys_enter_rt_sigaction
sys_enter_rt_sigaction
sys_enter_rt_sigaction
sys_enter_rt_sigaction
sys_enter_rt_sigaction
sys_enter_rt_sigaction
sys_enter_rt_sigaction
sys_enter_rt_sigaction
sys_enter_rt_sigaction
sys_enter_rt_sigaction
sys_enter_rt_sigaction
sys_enter_rt_sigaction
sys_enter_rt_sigaction
sys_enter_rt_sigaction
sys_enter_rt_sigaction
sys_enter_rt_sigaction
sys_enter_rt_sigaction
sys_enter_rt_sigaction
sys_enter_rt_sigaction
sys_enter_rt_sigaction
sys_enter_rt_sigaction
sys_enter_rt_sigaction
sys_enter_rt_sigaction
sys_enter_rt_sigaction
sys_enter_rt_sigaction
sys_enter_rt_sigaction
sys_enter_rt_sigaction
sys_enter_rt_sigaction
sys_enter_rt_sigaction
sys_enter_rt_sigaction
sys_enter_rt_sigaction
sys_enter_rt_sigaction
sys_enter_rt_sigaction
sys_enter_rt_sigaction
sys_enter_rt_sigaction
sys_enter_rt_sigaction
sys_enter_rt_sigaction
sys_enter_rt_sigaction
sys_enter_rt_sigaction
sys_enter_rt_sigaction
sys_enter_rt_sigaction
sys_enter_rt_sigaction
sys_enter_rt_sigaction
sys_enter_rt_sigaction
sys_enter_rt_sigaction
sys_enter_rt_sigaction
sys_enter_rt_sigaction
sys_enter_rt_sigaction
sys_enter_rt_sigaction
sys_enter_rt_sigaction
sys_enter_rt_sigaction
sys_enter_rt_sigaction
sys_enter_rt_sigaction
sys_enter_rt_sigaction
sys_enter_rt_sigaction
sys_enter_rt_sigaction
sys_enter_rt_sigaction
sys_enter_rt_sigaction
sys_enter_rt_sigaction
sys_enter_rt_sigaction
sys_enter_rt_sigaction
sys_enter_rt_sigaction
sys_enter_rt_sigaction
sys_enter_rt_sigaction
sys_enter_rt_sigaction
sys_enter_rt_sigaction
sys_enter_rt_sigaction
sys_enter_rt_sigaction
sys_enter_rt_sigaction
sys_enter_rt_sigaction
sys_enter_rt_sigaction
sys_enter_rt_sigaction
sys_enter_rt_sigaction
sys_enter_rt_sigaction
sys_enter_rt_sigaction
sys_enter_rt_sigaction
sys_enter_rt_sigaction
sys_enter_rt_sigaction
sys_enter_rt_sigaction
sys_enter_rt_sigaction
sys_enter_rt_sigaction
sys_enter_rt_sigaction
sys_enter_rt_sigaction
sys_enter_rt_sigaction
sys_enter_rt_sigaction
sys_enter_rt_sigaction
sys_enter_rt_sigaction
sys_enter_rt_sigaction
sys_enter_rt_sigaction
sys_enter_rt_sigaction
sys_enter_rt_sigaction
sys_enter_rt_sigaction
sys_enter_rt_sigaction
sys_enter_rt_sigaction
sys_enter_rt_sigaction
sys_enter_rt_sigaction
sys_enter_rt_sigaction
sys_enter_rt_sigaction
sys_enter_rt_sigaction
sys_enter_rt_sigaction
sys_enter_rt_sigaction
sys_enter_rt_sigaction
sys_enter_rt_sigaction
sys_enter_rt_sigaction
sys_enter_rt_sigaction
sys_enter_rt_sigaction
sys_enter_rt_sigaction
sys_enter_rt_sigaction
sys_enter_rt_sigaction
sys_enter_rt_sigaction
sys_enter_rt_sigaction
sys_enter_rt_sigaction
sys_enter_rt_sigprocmask
sys_enter_clone
sys_enter_rt_sigprocmask
sys_enter_gettid
sys_enter_sigaltstack
sys_enter_sigaltstack
sys_enter_gettid
sys_enter_rt_sigprocmask
sys_enter_rt_sigprocmask
sys_enter_clone
sys_enter_rt_sigprocmask
sys_enter_gettid
sys_enter_sigaltstack
sys_enter_sigaltstack
sys_enter_gettid
sys_enter_rt_sigprocmask
sys_enter_clone
sys_enter_rt_sigprocmask
sys_enter_rt_sigprocmask
sys_enter_sched_yield
sys_enter_gettid
sys_enter_futex
sys_enter_futex
sys_enter_futex
sys_enter_futex
sys_enter_sigaltstack
sys_enter_sigaltstack
sys_enter_gettid
sys_enter_rt_sigprocmask
sys_enter_clone
sys_enter_rt_sigprocmask
sys_enter_futex
sys_enter_futex
sys_enter_rt_sigprocmask
sys_enter_futex
sys_enter_gettid
sys_enter_sigaltstack
sys_enter_sigaltstack
sys_enter_gettid
sys_enter_rt_sigprocmask
sys_enter_futex
sys_enter_futex
sys_enter_mmap
sys_enter_futex
sys_enter_futex
sys_enter_futex
sys_enter_openat
sys_enter_read
sys_enter_read
sys_enter_close
sys_enter_socket
sys_enter_close
sys_enter_socket
sys_enter_setsockopt
sys_enter_bind
sys_enter_socket
sys_enter_setsockopt
sys_enter_bind
sys_enter_close
sys_enter_close
sys_enter_getpid
sys_enter_getppid
sys_enter_mmap
sys_enter_mmap
sys_enter_getppid
sys_enter_openat
sys_enter_pipe2
sys_enter_getpid
sys_enter_clone
sys_enter_setsid
sys_enter_close
sys_enter_read
sys_enter_chdir
sys_enter_execve
sys_enter_close
sys_enter_mmap
sys_enter_exit_group
sys_enter_mmap
sys_enter_mprotect
sys_enter_mmap
sys_enter_mmap
sys_enter_mprotect
sys_enter_mmap
sys_enter_mprotect
sys_enter_mmap
sys_enter_mprotect
sys_enter_mmap
sys_enter_mmap
sys_enter_close
sys_enter_munmap
sys_enter_sched_getaffinity
sys_enter_mmap
sys_enter_munmap
sys_enter_mmap
sys_enter_mmap
sys_enter_mmap
sys_enter_mmap
sys_enter_mmap
sys_enter_mmap
sys_enter_rt_sigprocmask
sys_enter_sigaltstack
sys_enter_sigaltstack
sys_enter_gettid
sys_enter_rt_sigprocmask
sys_enter_rt_sigaction
sys_enter_rt_sigaction
sys_enter_rt_sigaction
sys_enter_rt_sigaction
sys_enter_rt_sigaction
sys_enter_rt_sigaction
sys_enter_rt_sigaction
sys_enter_rt_sigaction
sys_enter_rt_sigaction
sys_enter_rt_sigaction
sys_enter_rt_sigaction
sys_enter_rt_sigaction
sys_enter_rt_sigaction
sys_enter_rt_sigaction
sys_enter_rt_sigaction
sys_enter_rt_sigaction
sys_enter_rt_sigaction
sys_enter_rt_sigaction
sys_enter_rt_sigaction
sys_enter_rt_sigaction
sys_enter_rt_sigaction
sys_enter_rt_sigaction
sys_enter_rt_sigaction
sys_enter_rt_sigaction
sys_enter_rt_sigaction
sys_enter_rt_sigaction
sys_enter_rt_sigaction
sys_enter_rt_sigaction
sys_enter_rt_sigaction
sys_enter_rt_sigaction
sys_enter_rt_sigaction
sys_enter_rt_sigaction
sys_enter_rt_sigaction
sys_enter_rt_sigaction
sys_enter_rt_sigaction
sys_enter_rt_sigaction
sys_enter_rt_sigaction
sys_enter_rt_sigaction
sys_enter_rt_sigaction
sys_enter_rt_sigaction
sys_enter_rt_sigaction
sys_enter_rt_sigaction
sys_enter_rt_sigaction
sys_enter_rt_sigaction
sys_enter_rt_sigaction
sys_enter_rt_sigaction
sys_enter_rt_sigaction
sys_enter_rt_sigaction
sys_enter_rt_sigaction
sys_enter_rt_sigaction
sys_enter_rt_sigaction
sys_enter_rt_sigaction
sys_enter_rt_sigaction
sys_enter_rt_sigaction
sys_enter_rt_sigaction
sys_enter_rt_sigaction
sys_enter_rt_sigaction
sys_enter_rt_sigaction
sys_enter_rt_sigaction
sys_enter_rt_sigaction
sys_enter_rt_sigaction
sys_enter_rt_sigaction
sys_enter_rt_sigaction
sys_enter_rt_sigaction
sys_enter_rt_sigaction
sys_enter_rt_sigaction
sys_enter_rt_sigaction
sys_enter_rt_sigaction
sys_enter_rt_sigaction
sys_enter_rt_sigaction
sys_enter_rt_sigaction
sys_enter_rt_sigaction
sys_enter_rt_sigaction
sys_enter_rt_sigaction
sys_enter_rt_sigaction
sys_enter_rt_sigaction
sys_enter_rt_sigaction
sys_enter_rt_sigaction
sys_enter_rt_sigaction
sys_enter_rt_sigaction
sys_enter_rt_sigaction
sys_enter_rt_sigaction
sys_enter_rt_sigaction
sys_enter_rt_sigaction
sys_enter_rt_sigaction
sys_enter_rt_sigaction
sys_enter_rt_sigaction
sys_enter_rt_sigaction
sys_enter_rt_sigaction
sys_enter_rt_sigaction
sys_enter_rt_sigaction
sys_enter_rt_sigaction
sys_enter_rt_sigaction
sys_enter_rt_sigaction
sys_enter_rt_sigaction
sys_enter_rt_sigaction
sys_enter_rt_sigaction
sys_enter_rt_sigaction
sys_enter_rt_sigaction
sys_enter_rt_sigaction
sys_enter_rt_sigaction
sys_enter_rt_sigaction
sys_enter_rt_sigaction
sys_enter_rt_sigaction
sys_enter_rt_sigaction
sys_enter_rt_sigaction
sys_enter_rt_sigaction
sys_enter_rt_sigaction
sys_enter_rt_sigaction
sys_enter_rt_sigaction
sys_enter_rt_sigaction
sys_enter_rt_sigaction
sys_enter_rt_sigaction
sys_enter_rt_sigaction
sys_enter_rt_sigprocmask
sys_enter_clone
sys_enter_rt_sigprocmask
sys_enter_gettid
sys_enter_sigaltstack
sys_enter_sigaltstack
sys_enter_gettid
sys_enter_rt_sigprocmask
sys_enter_rt_sigprocmask
sys_enter_clone
sys_enter_rt_sigprocmask
sys_enter_gettid
sys_enter_sigaltstack
sys_enter_sigaltstack
sys_enter_rt_sigprocmask
sys_enter_clone
sys_enter_gettid
sys_enter_rt_sigprocmask
sys_enter_rt_sigprocmask
sys_enter_sched_yield
sys_enter_futex
sys_enter_futex
sys_enter_gettid
sys_enter_rt_sigprocmask
sys_enter_clone
sys_enter_sigaltstack
sys_enter_sigaltstack
sys_enter_gettid
sys_enter_rt_sigprocmask
sys_enter_futex
sys_enter_futex
sys_enter_rt_sigprocmask
sys_enter_futex
sys_enter_gettid
sys_enter_sigaltstack
sys_enter_sigaltstack
sys_enter_gettid
sys_enter_rt_sigprocmask
sys_enter_futex
sys_enter_futex
sys_enter_mmap
sys_enter_futex
sys_enter_futex
sys_enter_futex
sys_enter_openat
sys_enter_read
sys_enter_read
sys_enter_close
sys_enter_socket
sys_enter_close
sys_enter_socket
sys_enter_setsockopt
sys_enter_bind
sys_enter_socket
sys_enter_setsockopt
sys_enter_bind
sys_enter_close
sys_enter_close
sys_enter_getpid
sys_enter_getppid
sys_enter_mmap
sys_enter_mmap
sys_enter_getppid
sys_enter_openat
sys_enter_pipe2
sys_enter_getpid
sys_enter_clone
sys_enter_setsid
sys_enter_close
sys_enter_read
sys_enter_chdir
sys_enter_execve
sys_enter_close
sys_enter_exit_group
sys_enter_mmap
sys_enter_mmap
sys_enter_mprotect
sys_enter_mmap
sys_enter_mmap
sys_enter_mprotect
sys_enter_mmap
sys_enter_mprotect
sys_enter_mmap
sys_enter_mprotect
sys_enter_mmap
sys_enter_mmap
sys_enter_close
sys_enter_munmap
sys_enter_sched_getaffinity
sys_enter_mmap
sys_enter_munmap
sys_enter_mmap
sys_enter_mmap
sys_enter_mmap
sys_enter_mmap
sys_enter_mmap
sys_enter_mmap
sys_enter_rt_sigprocmask
sys_enter_sigaltstack
sys_enter_sigaltstack
sys_enter_gettid
sys_enter_rt_sigprocmask
sys_enter_rt_sigaction
sys_enter_rt_sigaction
sys_enter_rt_sigaction
sys_enter_rt_sigaction
sys_enter_rt_sigaction
sys_enter_rt_sigaction
sys_enter_rt_sigaction
sys_enter_rt_sigaction
sys_enter_rt_sigaction
sys_enter_rt_sigaction
sys_enter_rt_sigaction
sys_enter_rt_sigaction
sys_enter_rt_sigaction
sys_enter_rt_sigaction
sys_enter_rt_sigaction
sys_enter_rt_sigaction
sys_enter_rt_sigaction
sys_enter_rt_sigaction
sys_enter_rt_sigaction
sys_enter_rt_sigaction
sys_enter_rt_sigaction
sys_enter_rt_sigaction
sys_enter_rt_sigaction
sys_enter_rt_sigaction
sys_enter_rt_sigaction
sys_enter_rt_sigaction
sys_enter_rt_sigaction
sys_enter_rt_sigaction
sys_enter_rt_sigaction
sys_enter_rt_sigaction
sys_enter_rt_sigaction
sys_enter_rt_sigaction
sys_enter_rt_sigaction
sys_enter_rt_sigaction
sys_enter_rt_sigaction
sys_enter_rt_sigaction
sys_enter_rt_sigaction
sys_enter_rt_sigaction
sys_enter_rt_sigaction
sys_enter_rt_sigaction
sys_enter_rt_sigaction
sys_enter_rt_sigaction
sys_enter_rt_sigaction
sys_enter_rt_sigaction
sys_enter_rt_sigaction
sys_enter_rt_sigaction
sys_enter_rt_sigaction
sys_enter_rt_sigaction
sys_enter_rt_sigaction
sys_enter_rt_sigaction
sys_enter_rt_sigaction
sys_enter_rt_sigaction
sys_enter_rt_sigaction
sys_enter_rt_sigaction
sys_enter_rt_sigaction
sys_enter_rt_sigaction
sys_enter_rt_sigaction
sys_enter_rt_sigaction
sys_enter_rt_sigaction
sys_enter_rt_sigaction
sys_enter_rt_sigaction
sys_enter_rt_sigaction
sys_enter_rt_sigaction
sys_enter_rt_sigaction
sys_enter_rt_sigaction
sys_enter_rt_sigaction
sys_enter_rt_sigaction
sys_enter_rt_sigaction
sys_enter_rt_sigaction
sys_enter_rt_sigaction
sys_enter_rt_sigaction
sys_enter_rt_sigaction
sys_enter_rt_sigaction
sys_enter_rt_sigaction
sys_enter_rt_sigaction
sys_enter_rt_sigaction
sys_enter_rt_sigaction
sys_enter_rt_sigaction
sys_enter_rt_sigaction
sys_enter_rt_sigaction
sys_enter_rt_sigaction
sys_enter_rt_sigaction
sys_enter_rt_sigaction
sys_enter_rt_sigaction
sys_enter_rt_sigaction
sys_enter_rt_sigaction
sys_enter_rt_sigaction
sys_enter_rt_sigaction
sys_enter_rt_sigaction
sys_enter_rt_sigaction
sys_enter_rt_sigaction
sys_enter_rt_sigaction
sys_enter_rt_sigaction
sys_enter_rt_sigaction
sys_enter_rt_sigaction
sys_enter_rt_sigaction
sys_enter_rt_sigaction
sys_enter_rt_sigaction
sys_enter_rt_sigaction
sys_enter_rt_sigaction
sys_enter_rt_sigaction
sys_enter_rt_sigaction
sys_enter_rt_sigaction
sys_enter_rt_sigaction
sys_enter_rt_sigaction
sys_enter_rt_sigaction
sys_enter_rt_sigaction
sys_enter_rt_sigaction
sys_enter_rt_sigaction
sys_enter_rt_sigaction
sys_enter_rt_sigaction
sys_enter_rt_sigaction
sys_enter_rt_sigaction
sys_enter_rt_sigaction
sys_enter_rt_sigprocmask
sys_enter_clone
sys_enter_rt_sigprocmask
sys_enter_gettid
sys_enter_sigaltstack
sys_enter_sigaltstack
sys_enter_gettid
sys_enter_rt_sigprocmask
sys_enter_rt_sigprocmask
sys_enter_clone
sys_enter_rt_sigprocmask
sys_enter_gettid
sys_enter_sigaltstack
sys_enter_sigaltstack
sys_enter_gettid
sys_enter_rt_sigprocmask
sys_enter_rt_sigprocmask
sys_enter_clone
sys_enter_rt_sigprocmask
sys_enter_futex
sys_enter_rt_sigprocmask
sys_enter_clone
sys_enter_gettid
sys_enter_sigaltstack
sys_enter_sigaltstack
sys_enter_gettid
sys_enter_rt_sigprocmask
sys_enter_rt_sigprocmask
sys_enter_futex
sys_enter_gettid
sys_enter_futex
sys_enter_futex
sys_enter_sigaltstack
sys_enter_sigaltstack
sys_enter_gettid
sys_enter_rt_sigprocmask
sys_enter_futex
sys_enter_futex
sys_enter_mmap
sys_enter_futex
sys_enter_futex
sys_enter_futex
sys_enter_openat
sys_enter_read
sys_enter_read
sys_enter_close
sys_enter_socket
sys_enter_close
sys_enter_socket
sys_enter_setsockopt
sys_enter_bind
sys_enter_socket
sys_enter_setsockopt
sys_enter_bind
sys_enter_close
sys_enter_close
sys_enter_getpid
sys_enter_getppid
sys_enter_mmap
sys_enter_mmap
sys_enter_getppid
sys_enter_openat
sys_enter_pipe2
sys_enter_getpid
sys_enter_clone
sys_enter_setsid
sys_enter_close
sys_enter_read
sys_enter_chdir
sys_enter_execve
sys_enter_close
sys_enter_exit_group
sys_enter_mmap
sys_enter_mmap
sys_enter_mprotect
sys_enter_mmap
sys_enter_mmap
sys_enter_mprotect
sys_enter_mmap
sys_enter_mprotect
sys_enter_mmap
sys_enter_mprotect
sys_enter_mmap
sys_enter_mmap
sys_enter_close
sys_enter_munmap
sys_enter_sched_getaffinity
sys_enter_mmap
sys_enter_munmap
sys_enter_mmap
sys_enter_mmap
sys_enter_mmap
sys_enter_mmap
sys_enter_mmap
sys_enter_mmap
sys_enter_rt_sigprocmask
sys_enter_sigaltstack
sys_enter_sigaltstack
sys_enter_gettid
sys_enter_rt_sigprocmask
sys_enter_rt_sigaction
sys_enter_rt_sigaction
sys_enter_rt_sigaction
sys_enter_rt_sigaction
sys_enter_rt_sigaction
sys_enter_rt_sigaction
sys_enter_rt_sigaction
sys_enter_rt_sigaction
sys_enter_rt_sigaction
sys_enter_rt_sigaction
sys_enter_rt_sigaction
sys_enter_rt_sigaction
sys_enter_rt_sigaction
sys_enter_rt_sigaction
sys_enter_rt_sigaction
sys_enter_rt_sigaction
sys_enter_rt_sigaction
sys_enter_rt_sigaction
sys_enter_rt_sigaction
sys_enter_rt_sigaction
sys_enter_rt_sigaction
sys_enter_rt_sigaction
sys_enter_rt_sigaction
sys_enter_rt_sigaction
sys_enter_rt_sigaction
sys_enter_rt_sigaction
sys_enter_rt_sigaction
sys_enter_rt_sigaction
sys_enter_rt_sigaction
sys_enter_rt_sigaction
sys_enter_rt_sigaction
sys_enter_rt_sigaction
sys_enter_rt_sigaction
sys_enter_rt_sigaction
sys_enter_rt_sigaction
sys_enter_rt_sigaction
sys_enter_rt_sigaction
sys_enter_rt_sigaction
sys_enter_rt_sigaction
sys_enter_rt_sigaction
sys_enter_rt_sigaction
sys_enter_rt_sigaction
sys_enter_rt_sigaction
sys_enter_rt_sigaction
sys_enter_rt_sigaction
sys_enter_rt_sigaction
sys_enter_rt_sigaction
sys_enter_rt_sigaction
sys_enter_rt_sigaction
sys_enter_rt_sigaction
sys_enter_rt_sigaction
sys_enter_rt_sigaction
sys_enter_rt_sigaction
sys_enter_rt_sigaction
sys_enter_rt_sigaction
sys_enter_rt_sigaction
sys_enter_rt_sigaction
sys_enter_rt_sigaction
sys_enter_rt_sigaction
sys_enter_rt_sigaction
sys_enter_rt_sigaction
sys_enter_rt_sigaction
sys_enter_rt_sigaction
sys_enter_rt_sigaction
sys_enter_rt_sigaction
sys_enter_rt_sigaction
sys_enter_rt_sigaction
sys_enter_rt_sigaction
sys_enter_rt_sigaction
sys_enter_rt_sigaction
sys_enter_rt_sigaction
sys_enter_rt_sigaction
sys_enter_rt_sigaction
sys_enter_rt_sigaction
sys_enter_rt_sigaction
sys_enter_rt_sigaction
sys_enter_rt_sigaction
sys_enter_rt_sigaction
sys_enter_rt_sigaction
sys_enter_rt_sigaction
sys_enter_rt_sigaction
sys_enter_rt_sigaction
sys_enter_rt_sigaction
sys_enter_rt_sigaction
sys_enter_rt_sigaction
sys_enter_rt_sigaction
sys_enter_rt_sigaction
sys_enter_rt_sigaction
sys_enter_rt_sigaction
sys_enter_rt_sigaction
sys_enter_rt_sigaction
sys_enter_rt_sigaction
sys_enter_rt_sigaction
sys_enter_rt_sigaction
sys_enter_rt_sigaction
sys_enter_rt_sigaction
sys_enter_rt_sigaction
sys_enter_rt_sigaction
sys_enter_rt_sigaction
sys_enter_rt_sigaction
sys_enter_rt_sigaction
sys_enter_rt_sigaction
sys_enter_rt_sigaction
sys_enter_rt_sigaction
sys_enter_rt_sigaction
sys_enter_rt_sigaction
sys_enter_rt_sigaction
sys_enter_rt_sigaction
sys_enter_rt_sigaction
sys_enter_rt_sigaction
sys_enter_rt_sigaction
sys_enter_rt_sigaction
sys_enter_rt_sigaction
sys_enter_rt_sigaction
sys_enter_rt_sigprocmask
sys_enter_clone
sys_enter_rt_sigprocmask
sys_enter_gettid
sys_enter_sigaltstack
sys_enter_sigaltstack
sys_enter_gettid
sys_enter_rt_sigprocmask
sys_enter_rt_sigprocmask
sys_enter_clone
sys_enter_rt_sigprocmask
sys_enter_gettid
sys_enter_sigaltstack
sys_enter_sigaltstack
sys_enter_gettid
sys_enter_rt_sigprocmask
sys_enter_rt_sigprocmask
sys_enter_clone
sys_enter_rt_sigprocmask
sys_enter_futex
sys_enter_rt_sigprocmask
sys_enter_clone
sys_enter_gettid
sys_enter_sigaltstack
sys_enter_sigaltstack
sys_enter_gettid
sys_enter_rt_sigprocmask
sys_enter_futex
sys_enter_rt_sigprocmask
sys_enter_gettid
sys_enter_futex
sys_enter_futex
sys_enter_sigaltstack
sys_enter_sigaltstack
sys_enter_gettid
sys_enter_rt_sigprocmask
sys_enter_futex
sys_enter_futex
sys_enter_mmap
sys_enter_futex
sys_enter_futex
sys_enter_futex
sys_enter_openat
sys_enter_read
sys_enter_read
sys_enter_close
sys_enter_socket
sys_enter_close
sys_enter_socket
sys_enter_setsockopt
sys_enter_bind
sys_enter_socket
sys_enter_setsockopt
sys_enter_bind
sys_enter_close
sys_enter_close
sys_enter_getpid
sys_enter_getppid
sys_enter_mmap
sys_enter_mmap
sys_enter_getppid
sys_enter_openat
sys_enter_pipe2
sys_enter_getpid
sys_enter_clone
sys_enter_setsid
sys_enter_close
sys_enter_read
sys_enter_chdir
sys_enter_execve
sys_enter_close
sys_enter_mmap
sys_enter_mmap
sys_enter_exit_group
sys_enter_mprotect
sys_enter_mmap
sys_enter_mmap
sys_enter_mprotect
sys_enter_mmap
sys_enter_mprotect
sys_enter_mmap
sys_enter_mprotect
sys_enter_mmap
sys_enter_mmap
sys_enter_close
sys_enter_munmap
sys_enter_sched_getaffinity
sys_enter_mmap
sys_enter_munmap
sys_enter_mmap
sys_enter_mmap
sys_enter_mmap
sys_enter_mmap
sys_enter_mmap
sys_enter_mmap
sys_enter_rt_sigprocmask
sys_enter_sigaltstack
sys_enter_sigaltstack
sys_enter_gettid
sys_enter_rt_sigprocmask
sys_enter_rt_sigaction
sys_enter_rt_sigaction
sys_enter_rt_sigaction
sys_enter_rt_sigaction
sys_enter_rt_sigaction
sys_enter_rt_sigaction
sys_enter_rt_sigaction
sys_enter_rt_sigaction
sys_enter_rt_sigaction
sys_enter_rt_sigaction
sys_enter_rt_sigaction
sys_enter_rt_sigaction
sys_enter_rt_sigaction
sys_enter_rt_sigaction
sys_enter_rt_sigaction
sys_enter_rt_sigaction
sys_enter_rt_sigaction
sys_enter_rt_sigaction
sys_enter_rt_sigaction
sys_enter_rt_sigaction
sys_enter_rt_sigaction
sys_enter_rt_sigaction
sys_enter_rt_sigaction
sys_enter_rt_sigaction
sys_enter_rt_sigaction
sys_enter_rt_sigaction
sys_enter_rt_sigaction
sys_enter_rt_sigaction
sys_enter_rt_sigaction
sys_enter_rt_sigaction
sys_enter_rt_sigaction
sys_enter_rt_sigaction
sys_enter_rt_sigaction
sys_enter_rt_sigaction
sys_enter_rt_sigaction
sys_enter_rt_sigaction
sys_enter_rt_sigaction
sys_enter_rt_sigaction
sys_enter_rt_sigaction
sys_enter_rt_sigaction
sys_enter_rt_sigaction
sys_enter_rt_sigaction
sys_enter_rt_sigaction
sys_enter_rt_sigaction
sys_enter_rt_sigaction
sys_enter_rt_sigaction
sys_enter_rt_sigaction
sys_enter_rt_sigaction
sys_enter_rt_sigaction
sys_enter_rt_sigaction
sys_enter_rt_sigaction
sys_enter_rt_sigaction
sys_enter_rt_sigaction
sys_enter_rt_sigaction
sys_enter_rt_sigaction
sys_enter_rt_sigaction
sys_enter_rt_sigaction
sys_enter_rt_sigaction
sys_enter_rt_sigaction
sys_enter_rt_sigaction
sys_enter_rt_sigaction
sys_enter_rt_sigaction
sys_enter_rt_sigaction
sys_enter_rt_sigaction
sys_enter_rt_sigaction
sys_enter_rt_sigaction
sys_enter_rt_sigaction
sys_enter_rt_sigaction
sys_enter_rt_sigaction
sys_enter_rt_sigaction
sys_enter_rt_sigaction
sys_enter_rt_sigaction
sys_enter_rt_sigaction
sys_enter_rt_sigaction
sys_enter_rt_sigaction
sys_enter_rt_sigaction
sys_enter_rt_sigaction
sys_enter_rt_sigaction
sys_enter_rt_sigaction
sys_enter_rt_sigaction
sys_enter_rt_sigaction
sys_enter_rt_sigaction
sys_enter_rt_sigaction
sys_enter_rt_sigaction
sys_enter_rt_sigaction
sys_enter_rt_sigaction
sys_enter_rt_sigaction
sys_enter_rt_sigaction
sys_enter_rt_sigaction
sys_enter_rt_sigaction
sys_enter_rt_sigaction
sys_enter_rt_sigaction
sys_enter_rt_sigaction
sys_enter_rt_sigaction
sys_enter_rt_sigaction
sys_enter_rt_sigaction
sys_enter_rt_sigaction
sys_enter_rt_sigaction
sys_enter_rt_sigaction
sys_enter_rt_sigaction
sys_enter_rt_sigaction
sys_enter_rt_sigaction
sys_enter_rt_sigaction
sys_enter_rt_sigaction
sys_enter_rt_sigaction
sys_enter_rt_sigaction
sys_enter_rt_sigaction
sys_enter_rt_sigaction
sys_enter_rt_sigaction
sys_enter_rt_sigaction
sys_enter_rt_sigaction
sys_enter_rt_sigaction
sys_enter_rt_sigaction
sys_enter_rt_sigaction
sys_enter_rt_sigprocmask
sys_enter_clone
sys_enter_rt_sigprocmask
sys_enter_gettid
sys_enter_sigaltstack
sys_enter_sigaltstack
sys_enter_gettid
sys_enter_rt_sigprocmask
sys_enter_rt_sigprocmask
sys_enter_clone
sys_enter_rt_sigprocmask
sys_enter_gettid
sys_enter_sigaltstack
sys_enter_sigaltstack
sys_enter_rt_sigprocmask
sys_enter_clone
sys_enter_gettid
sys_enter_rt_sigprocmask
sys_enter_rt_sigprocmask
sys_enter_futex
sys_enter_gettid
sys_enter_sigaltstack
sys_enter_sigaltstack
sys_enter_gettid
sys_enter_rt_sigprocmask
sys_enter_futex
sys_enter_futex
sys_enter_rt_sigprocmask
sys_enter_clone
sys_enter_rt_sigprocmask
sys_enter_futex
sys_enter_gettid
sys_enter_sigaltstack
sys_enter_sigaltstack
sys_enter_gettid
sys_enter_rt_sigprocmask
sys_enter_futex
sys_enter_futex
sys_enter_mmap
sys_enter_futex
sys_enter_futex
sys_enter_futex
sys_enter_openat
sys_enter_futex
sys_enter_futex
sys_enter_read
sys_enter_read
sys_enter_close
sys_enter_socket
sys_enter_close
sys_enter_socket
sys_enter_setsockopt
sys_enter_bind
sys_enter_socket
sys_enter_setsockopt
sys_enter_bind
sys_enter_close
sys_enter_close
sys_enter_getpid
sys_enter_getppid
sys_enter_mmap
sys_enter_mmap
sys_enter_getppid
sys_enter_openat
sys_enter_pipe2
sys_enter_getpid
sys_enter_clone
sys_enter_setsid
sys_enter_close
sys_enter_read
sys_enter_chdir
sys_enter_execve
sys_enter_close
sys_enter_exit_group
sys_enter_mmap
sys_enter_mmap
sys_enter_mprotect
sys_enter_mmap
sys_enter_mmap
sys_enter_mprotect
sys_enter_mmap
sys_enter_mprotect
sys_enter_mmap
sys_enter_mprotect
sys_enter_mmap
sys_enter_mmap
sys_enter_close
sys_enter_munmap
sys_enter_sched_getaffinity
sys_enter_mmap
sys_enter_munmap
sys_enter_mmap
sys_enter_mmap
sys_enter_mmap
sys_enter_mmap
sys_enter_mmap
sys_enter_mmap
sys_enter_rt_sigprocmask
sys_enter_sigaltstack
sys_enter_sigaltstack
sys_enter_gettid
sys_enter_rt_sigprocmask
sys_enter_rt_sigaction
sys_enter_rt_sigaction
sys_enter_rt_sigaction
sys_enter_rt_sigaction
sys_enter_rt_sigaction
sys_enter_rt_sigaction
sys_enter_rt_sigaction
sys_enter_rt_sigaction
sys_enter_rt_sigaction
sys_enter_rt_sigaction
sys_enter_rt_sigaction
sys_enter_rt_sigaction
sys_enter_rt_sigaction
sys_enter_rt_sigaction
sys_enter_rt_sigaction
sys_enter_rt_sigaction
sys_enter_rt_sigaction
sys_enter_rt_sigaction
sys_enter_rt_sigaction
sys_enter_rt_sigaction
sys_enter_rt_sigaction
sys_enter_rt_sigaction
sys_enter_rt_sigaction
sys_enter_rt_sigaction
sys_enter_rt_sigaction
sys_enter_rt_sigaction
sys_enter_rt_sigaction
sys_enter_rt_sigaction
sys_enter_rt_sigaction
sys_enter_rt_sigaction
sys_enter_rt_sigaction
sys_enter_rt_sigaction
sys_enter_rt_sigaction
sys_enter_rt_sigaction
sys_enter_rt_sigaction
sys_enter_rt_sigaction
sys_enter_rt_sigaction
sys_enter_rt_sigaction
sys_enter_rt_sigaction
sys_enter_rt_sigaction
sys_enter_rt_sigaction
sys_enter_rt_sigaction
sys_enter_rt_sigaction
sys_enter_rt_sigaction
sys_enter_rt_sigaction
sys_enter_rt_sigaction
sys_enter_rt_sigaction
sys_enter_rt_sigaction
sys_enter_rt_sigaction
sys_enter_rt_sigaction
sys_enter_rt_sigaction
sys_enter_rt_sigaction
sys_enter_rt_sigaction
sys_enter_rt_sigaction
sys_enter_rt_sigaction
sys_enter_rt_sigaction
sys_enter_rt_sigaction
sys_enter_rt_sigaction
sys_enter_rt_sigaction
sys_enter_rt_sigaction
sys_enter_rt_sigaction
sys_enter_rt_sigaction
sys_enter_rt_sigaction
sys_enter_rt_sigaction
sys_enter_rt_sigaction
sys_enter_rt_sigaction
sys_enter_rt_sigaction
sys_enter_rt_sigaction
sys_enter_rt_sigaction
sys_enter_rt_sigaction
sys_enter_rt_sigaction
sys_enter_rt_sigaction
sys_enter_rt_sigaction
sys_enter_rt_sigaction
sys_enter_rt_sigaction
sys_enter_rt_sigaction
sys_enter_rt_sigaction
sys_enter_rt_sigaction
sys_enter_rt_sigaction
sys_enter_rt_sigaction
sys_enter_rt_sigaction
sys_enter_rt_sigaction
sys_enter_rt_sigaction
sys_enter_rt_sigaction
sys_enter_rt_sigaction
sys_enter_rt_sigaction
sys_enter_rt_sigaction
sys_enter_rt_sigaction
sys_enter_rt_sigaction
sys_enter_rt_sigaction
sys_enter_rt_sigaction
sys_enter_rt_sigaction
sys_enter_rt_sigaction
sys_enter_rt_sigaction
sys_enter_rt_sigaction
sys_enter_rt_sigaction
sys_enter_rt_sigaction
sys_enter_rt_sigaction
sys_enter_rt_sigaction
sys_enter_rt_sigaction
sys_enter_rt_sigaction
sys_enter_rt_sigaction
sys_enter_rt_sigaction
sys_enter_rt_sigaction
sys_enter_rt_sigaction
sys_enter_rt_sigaction
sys_enter_rt_sigaction
sys_enter_rt_sigaction
sys_enter_rt_sigaction
sys_enter_rt_sigaction
sys_enter_rt_sigaction
sys_enter_rt_sigaction
sys_enter_rt_sigaction
sys_enter_rt_sigaction
sys_enter_rt_sigprocmask
sys_enter_clone
sys_enter_rt_sigprocmask
sys_enter_gettid
sys_enter_sigaltstack
sys_enter_sigaltstack
sys_enter_gettid
sys_enter_rt_sigprocmask
sys_enter_rt_sigprocmask
sys_enter_clone
sys_enter_rt_sigprocmask
sys_enter_gettid
sys_enter_sigaltstack
sys_enter_sigaltstack
sys_enter_gettid
sys_enter_rt_sigprocmask
sys_enter_rt_sigprocmask
sys_enter_clone
sys_enter_rt_sigprocmask
sys_enter_clone
sys_enter_rt_sigprocmask
sys_enter_rt_sigprocmask
sys_enter_futex
sys_enter_gettid
sys_enter_sigaltstack
sys_enter_sigaltstack
sys_enter_gettid
sys_enter_rt_sigprocmask
sys_enter_futex
sys_enter_futex
sys_enter_futex
sys_enter_gettid
sys_enter_sigaltstack
sys_enter_sigaltstack
sys_enter_gettid
sys_enter_rt_sigprocmask
sys_enter_futex
sys_enter_futex
sys_enter_mmap
sys_enter_futex
sys_enter_futex
sys_enter_futex
sys_enter_openat
sys_enter_read
sys_enter_read
sys_enter_close
sys_enter_socket
sys_enter_close
sys_enter_socket
sys_enter_setsockopt
sys_enter_bind
sys_enter_socket
sys_enter_setsockopt
sys_enter_bind
sys_enter_close
sys_enter_close
sys_enter_getpid
sys_enter_getppid
sys_enter_mmap
sys_enter_mmap
sys_enter_getppid
sys_enter_openat
sys_enter_pipe2
sys_enter_getpid
sys_enter_clone
sys_enter_setsid
sys_enter_close
sys_enter_read
sys_enter_chdir
sys_enter_execve
sys_enter_close
sys_enter_exit_group
sys_enter_mmap
sys_enter_mmap
sys_enter_mprotect
sys_enter_mmap
sys_enter_mmap
sys_enter_mprotect
sys_enter_mmap
sys_enter_mprotect
sys_enter_mmap
sys_enter_mprotect
sys_enter_mmap
sys_enter_mmap
sys_enter_close
sys_enter_munmap
sys_enter_sched_getaffinity
sys_enter_mmap
sys_enter_munmap
sys_enter_mmap
sys_enter_mmap
sys_enter_mmap
sys_enter_mmap
sys_enter_mmap
sys_enter_mmap
sys_enter_rt_sigprocmask
sys_enter_sigaltstack
sys_enter_sigaltstack
sys_enter_gettid
sys_enter_rt_sigprocmask
sys_enter_rt_sigaction
sys_enter_rt_sigaction
sys_enter_rt_sigaction
sys_enter_rt_sigaction
sys_enter_rt_sigaction
sys_enter_rt_sigaction
sys_enter_rt_sigaction
sys_enter_rt_sigaction
sys_enter_rt_sigaction
sys_enter_rt_sigaction
sys_enter_rt_sigaction
sys_enter_rt_sigaction
sys_enter_rt_sigaction
sys_enter_rt_sigaction
sys_enter_rt_sigaction
sys_enter_rt_sigaction
sys_enter_rt_sigaction
sys_enter_rt_sigaction
sys_enter_rt_sigaction
sys_enter_rt_sigaction
sys_enter_rt_sigaction
sys_enter_rt_sigaction
sys_enter_rt_sigaction
sys_enter_rt_sigaction
sys_enter_rt_sigaction
sys_enter_rt_sigaction
sys_enter_rt_sigaction
sys_enter_rt_sigaction
sys_enter_rt_sigaction
sys_enter_rt_sigaction
sys_enter_rt_sigaction
sys_enter_rt_sigaction
sys_enter_rt_sigaction
sys_enter_rt_sigaction
sys_enter_rt_sigaction
sys_enter_rt_sigaction
sys_enter_rt_sigaction
sys_enter_rt_sigaction
sys_enter_rt_sigaction
sys_enter_rt_sigaction
sys_enter_rt_sigaction
sys_enter_rt_sigaction
sys_enter_rt_sigaction
sys_enter_rt_sigaction
sys_enter_rt_sigaction
sys_enter_rt_sigaction
sys_enter_rt_sigaction
sys_enter_rt_sigaction
sys_enter_rt_sigaction
sys_enter_rt_sigaction
sys_enter_rt_sigaction
sys_enter_rt_sigaction
sys_enter_rt_sigaction
sys_enter_rt_sigaction
sys_enter_rt_sigaction
sys_enter_rt_sigaction
sys_enter_rt_sigaction
sys_enter_rt_sigaction
sys_enter_rt_sigaction
sys_enter_rt_sigaction
sys_enter_rt_sigaction
sys_enter_rt_sigaction
sys_enter_rt_sigaction
sys_enter_rt_sigaction
sys_enter_rt_sigaction
sys_enter_rt_sigaction
sys_enter_rt_sigaction
sys_enter_rt_sigaction
sys_enter_rt_sigaction
sys_enter_rt_sigaction
sys_enter_rt_sigaction
sys_enter_rt_sigaction
sys_enter_rt_sigaction
sys_enter_rt_sigaction
sys_enter_rt_sigaction
sys_enter_rt_sigaction
sys_enter_rt_sigaction
sys_enter_rt_sigaction
sys_enter_rt_sigaction
sys_enter_rt_sigaction
sys_enter_rt_sigaction
sys_enter_rt_sigaction
sys_enter_rt_sigaction
sys_enter_rt_sigaction
sys_enter_rt_sigaction
sys_enter_rt_sigaction
sys_enter_rt_sigaction
sys_enter_rt_sigaction
sys_enter_rt_sigaction
sys_enter_rt_sigaction
sys_enter_rt_sigaction
sys_enter_rt_sigaction
sys_enter_rt_sigaction
sys_enter_rt_sigaction
sys_enter_rt_sigaction
sys_enter_rt_sigaction
sys_enter_rt_sigaction
sys_enter_rt_sigaction
sys_enter_rt_sigaction
sys_enter_rt_sigaction
sys_enter_rt_sigaction
sys_enter_rt_sigaction
sys_enter_rt_sigaction
sys_enter_rt_sigaction
sys_enter_rt_sigaction
sys_enter_rt_sigaction
sys_enter_rt_sigaction
sys_enter_rt_sigaction
sys_enter_rt_sigaction
sys_enter_rt_sigaction
sys_enter_rt_sigaction
sys_enter_rt_sigaction
sys_enter_rt_sigaction
sys_enter_rt_sigaction
sys_enter_rt_sigprocmask
sys_enter_clone
sys_enter_rt_sigprocmask
sys_enter_gettid
sys_enter_sigaltstack
sys_enter_sigaltstack
sys_enter_gettid
sys_enter_rt_sigprocmask
sys_enter_rt_sigprocmask
sys_enter_clone
sys_enter_rt_sigprocmask
sys_enter_gettid
sys_enter_sigaltstack
sys_enter_sigaltstack
sys_enter_gettid
sys_enter_rt_sigprocmask
sys_enter_rt_sigprocmask
sys_enter_clone
sys_enter_rt_sigprocmask
sys_enter_clone
sys_enter_rt_sigprocmask
sys_enter_futex
sys_enter_gettid
sys_enter_rt_sigprocmask
sys_enter_gettid
sys_enter_sigaltstack
sys_enter_sigaltstack
sys_enter_gettid
sys_enter_rt_sigprocmask
sys_enter_futex
sys_enter_sigaltstack
sys_enter_sigaltstack
sys_enter_gettid
sys_enter_rt_sigprocmask
sys_enter_futex
sys_enter_futex
sys_enter_futex
sys_enter_futex
sys_enter_mmap
sys_enter_futex
sys_enter_futex
sys_enter_futex
sys_enter_openat
sys_enter_read
sys_enter_read
sys_enter_close
sys_enter_socket
sys_enter_close
sys_enter_socket
sys_enter_setsockopt
sys_enter_bind
sys_enter_socket
sys_enter_setsockopt
sys_enter_bind
sys_enter_close
sys_enter_close
sys_enter_getpid
sys_enter_getppid
sys_enter_mmap
sys_enter_mmap
sys_enter_getppid
sys_enter_openat
sys_enter_pipe2
sys_enter_getpid
sys_enter_clone
sys_enter_setsid
sys_enter_close
sys_enter_read
sys_enter_chdir
sys_enter_execve
sys_enter_close
sys_enter_exit_group
sys_enter_mmap
sys_enter_mmap
sys_enter_mprotect
sys_enter_mmap
sys_enter_mmap
sys_enter_mprotect
sys_enter_mmap
sys_enter_mprotect
sys_enter_mmap
sys_enter_mprotect
sys_enter_mmap
sys_enter_mmap
sys_enter_close
sys_enter_munmap
sys_enter_sched_getaffinity
sys_enter_mmap
sys_enter_munmap
sys_enter_mmap
sys_enter_mmap
sys_enter_mmap
sys_enter_mmap
sys_enter_mmap
sys_enter_mmap
sys_enter_rt_sigprocmask
sys_enter_sigaltstack
sys_enter_sigaltstack
sys_enter_gettid
sys_enter_rt_sigprocmask
sys_enter_rt_sigaction
sys_enter_rt_sigaction
sys_enter_rt_sigaction
sys_enter_rt_sigaction
sys_enter_rt_sigaction
sys_enter_rt_sigaction
sys_enter_rt_sigaction
sys_enter_rt_sigaction
sys_enter_rt_sigaction
sys_enter_rt_sigaction
sys_enter_rt_sigaction
sys_enter_rt_sigaction
sys_enter_rt_sigaction
sys_enter_rt_sigaction
sys_enter_rt_sigaction
sys_enter_rt_sigaction
sys_enter_rt_sigaction
sys_enter_rt_sigaction
sys_enter_rt_sigaction
sys_enter_rt_sigaction
sys_enter_rt_sigaction
sys_enter_rt_sigaction
sys_enter_rt_sigaction
sys_enter_rt_sigaction
sys_enter_rt_sigaction
sys_enter_rt_sigaction
sys_enter_rt_sigaction
sys_enter_rt_sigaction
sys_enter_rt_sigaction
sys_enter_rt_sigaction
sys_enter_rt_sigaction
sys_enter_rt_sigaction
sys_enter_rt_sigaction
sys_enter_rt_sigaction
sys_enter_rt_sigaction
sys_enter_rt_sigaction
sys_enter_rt_sigaction
sys_enter_rt_sigaction
sys_enter_rt_sigaction
sys_enter_rt_sigaction
sys_enter_rt_sigaction
sys_enter_rt_sigaction
sys_enter_rt_sigaction
sys_enter_rt_sigaction
sys_enter_rt_sigaction
sys_enter_rt_sigaction
sys_enter_rt_sigaction
sys_enter_rt_sigaction
sys_enter_rt_sigaction
sys_enter_rt_sigaction
sys_enter_rt_sigaction
sys_enter_rt_sigaction
sys_enter_rt_sigaction
sys_enter_rt_sigaction
sys_enter_rt_sigaction
sys_enter_rt_sigaction
sys_enter_rt_sigaction
sys_enter_rt_sigaction
sys_enter_rt_sigaction
sys_enter_rt_sigaction
sys_enter_rt_sigaction
sys_enter_rt_sigaction
sys_enter_rt_sigaction
sys_enter_rt_sigaction
sys_enter_rt_sigaction
sys_enter_rt_sigaction
sys_enter_rt_sigaction
sys_enter_rt_sigaction
sys_enter_rt_sigaction
sys_enter_rt_sigaction
sys_enter_rt_sigaction
sys_enter_rt_sigaction
sys_enter_rt_sigaction
sys_enter_rt_sigaction
sys_enter_rt_sigaction
sys_enter_rt_sigaction
sys_enter_rt_sigaction
sys_enter_rt_sigaction
sys_enter_rt_sigaction
sys_enter_rt_sigaction
sys_enter_rt_sigaction
sys_enter_rt_sigaction
sys_enter_rt_sigaction
sys_enter_rt_sigaction
sys_enter_rt_sigaction
sys_enter_rt_sigaction
sys_enter_rt_sigaction
sys_enter_rt_sigaction
sys_enter_rt_sigaction
sys_enter_rt_sigaction
sys_enter_rt_sigaction
sys_enter_rt_sigaction
sys_enter_rt_sigaction
sys_enter_rt_sigaction
sys_enter_rt_sigaction
sys_enter_rt_sigaction
sys_enter_rt_sigaction
sys_enter_rt_sigaction
sys_enter_rt_sigaction
sys_enter_rt_sigaction
sys_enter_rt_sigaction
sys_enter_rt_sigaction
sys_enter_rt_sigaction
sys_enter_rt_sigaction
sys_enter_rt_sigaction
sys_enter_rt_sigaction
sys_enter_rt_sigaction
sys_enter_rt_sigaction
sys_enter_rt_sigaction
sys_enter_rt_sigaction
sys_enter_rt_sigaction
sys_enter_rt_sigaction
sys_enter_rt_sigaction
sys_enter_rt_sigaction
sys_enter_rt_sigprocmask
sys_enter_clone
sys_enter_rt_sigprocmask
sys_enter_gettid
sys_enter_rt_sigprocmask
sys_enter_clone
sys_enter_sigaltstack
sys_enter_sigaltstack
sys_enter_gettid
sys_enter_rt_sigprocmask
sys_enter_rt_sigprocmask
sys_enter_gettid
sys_enter_sigaltstack
sys_enter_sigaltstack
sys_enter_gettid
sys_enter_rt_sigprocmask
sys_enter_rt_sigprocmask
sys_enter_clone
sys_enter_rt_sigprocmask
sys_enter_clone
sys_enter_rt_sigprocmask
sys_enter_futex
sys_enter_gettid
sys_enter_sigaltstack
sys_enter_sigaltstack
sys_enter_gettid
sys_enter_rt_sigprocmask
sys_enter_rt_sigprocmask
sys_enter_futex
sys_enter_futex
sys_enter_gettid
sys_enter_futex
sys_enter_sigaltstack
sys_enter_sigaltstack
sys_enter_gettid
sys_enter_rt_sigprocmask
sys_enter_futex
sys_enter_futex
sys_enter_mmap
sys_enter_futex
sys_enter_futex
sys_enter_futex
sys_enter_openat
sys_enter_read
sys_enter_read
sys_enter_close
sys_enter_socket
sys_enter_close
sys_enter_socket
sys_enter_setsockopt
sys_enter_bind
sys_enter_socket
sys_enter_setsockopt
sys_enter_bind
sys_enter_close
sys_enter_close
sys_enter_getpid
sys_enter_getppid
sys_enter_mmap
sys_enter_mmap
sys_enter_getppid
sys_enter_openat
sys_enter_pipe2
sys_enter_getpid
sys_enter_clone
sys_enter_setsid
sys_enter_close
sys_enter_chdir
sys_enter_read
sys_enter_execve
sys_enter_close
sys_enter_exit_group
sys_enter_mmap
sys_enter_mmap
sys_enter_mprotect
sys_enter_mmap
sys_enter_mmap
sys_enter_mprotect
sys_enter_mmap
sys_enter_mprotect
sys_enter_mmap
sys_enter_mprotect
sys_enter_mmap
sys_enter_mmap
sys_enter_close
sys_enter_munmap
sys_enter_sched_getaffinity
sys_enter_mmap
sys_enter_munmap
sys_enter_mmap
sys_enter_mmap
sys_enter_mmap
sys_enter_mmap
sys_enter_mmap
sys_enter_mmap
sys_enter_rt_sigprocmask
sys_enter_sigaltstack
sys_enter_sigaltstack
sys_enter_gettid
sys_enter_rt_sigprocmask
sys_enter_rt_sigaction
sys_enter_rt_sigaction
sys_enter_rt_sigaction
sys_enter_rt_sigaction
sys_enter_rt_sigaction
sys_enter_rt_sigaction
sys_enter_rt_sigaction
sys_enter_rt_sigaction
sys_enter_rt_sigaction
sys_enter_rt_sigaction
sys_enter_rt_sigaction
sys_enter_rt_sigaction
sys_enter_rt_sigaction
sys_enter_rt_sigaction
sys_enter_rt_sigaction
sys_enter_rt_sigaction
sys_enter_rt_sigaction
sys_enter_rt_sigaction
sys_enter_rt_sigaction
sys_enter_rt_sigaction
sys_enter_rt_sigaction
sys_enter_rt_sigaction
sys_enter_rt_sigaction
sys_enter_rt_sigaction
sys_enter_rt_sigaction
sys_enter_rt_sigaction
sys_enter_rt_sigaction
sys_enter_rt_sigaction
sys_enter_rt_sigaction
sys_enter_rt_sigaction
sys_enter_rt_sigaction
sys_enter_rt_sigaction
sys_enter_rt_sigaction
sys_enter_rt_sigaction
sys_enter_rt_sigaction
sys_enter_rt_sigaction
sys_enter_rt_sigaction
sys_enter_rt_sigaction
sys_enter_rt_sigaction
sys_enter_rt_sigaction
sys_enter_rt_sigaction
sys_enter_rt_sigaction
sys_enter_rt_sigaction
sys_enter_rt_sigaction
sys_enter_rt_sigaction
sys_enter_rt_sigaction
sys_enter_rt_sigaction
sys_enter_rt_sigaction
sys_enter_rt_sigaction
sys_enter_rt_sigaction
sys_enter_rt_sigaction
sys_enter_rt_sigaction
sys_enter_rt_sigaction
sys_enter_rt_sigaction
sys_enter_rt_sigaction
sys_enter_rt_sigaction
sys_enter_rt_sigaction
sys_enter_rt_sigaction
sys_enter_rt_sigaction
sys_enter_rt_sigaction
sys_enter_rt_sigaction
sys_enter_rt_sigaction
sys_enter_rt_sigaction
sys_enter_rt_sigaction
sys_enter_rt_sigaction
sys_enter_rt_sigaction
sys_enter_rt_sigaction
sys_enter_rt_sigaction
sys_enter_rt_sigaction
sys_enter_rt_sigaction
sys_enter_rt_sigaction
sys_enter_rt_sigaction
sys_enter_rt_sigaction
sys_enter_rt_sigaction
sys_enter_rt_sigaction
sys_enter_rt_sigaction
sys_enter_rt_sigaction
sys_enter_rt_sigaction
sys_enter_rt_sigaction
sys_enter_rt_sigaction
sys_enter_rt_sigaction
sys_enter_rt_sigaction
sys_enter_rt_sigaction
sys_enter_rt_sigaction
sys_enter_rt_sigaction
sys_enter_rt_sigaction
sys_enter_rt_sigaction
sys_enter_rt_sigaction
sys_enter_rt_sigaction
sys_enter_rt_sigaction
sys_enter_rt_sigaction
sys_enter_rt_sigaction
sys_enter_rt_sigaction
sys_enter_rt_sigaction
sys_enter_rt_sigaction
sys_enter_rt_sigaction
sys_enter_rt_sigaction
sys_enter_rt_sigaction
sys_enter_rt_sigaction
sys_enter_rt_sigaction
sys_enter_rt_sigaction
sys_enter_rt_sigaction
sys_enter_rt_sigaction
sys_enter_rt_sigaction
sys_enter_rt_sigaction
sys_enter_rt_sigaction
sys_enter_rt_sigaction
sys_enter_rt_sigaction
sys_enter_rt_sigaction
sys_enter_rt_sigaction
sys_enter_rt_sigaction
sys_enter_rt_sigaction
sys_enter_rt_sigaction
sys_enter_rt_sigaction
sys_enter_rt_sigprocmask
sys_enter_clone
sys_enter_rt_sigprocmask
sys_enter_rt_sigprocmask
sys_enter_clone
sys_enter_rt_sigprocmask
sys_enter_rt_sigprocmask
sys_enter_clone
sys_enter_rt_sigprocmask
sys_enter_futex
sys_enter_gettid
sys_enter_sigaltstack
sys_enter_sigaltstack
sys_enter_gettid
sys_enter_rt_sigprocmask
sys_enter_futex
sys_enter_gettid
sys_enter_sigaltstack
sys_enter_sigaltstack
sys_enter_gettid
sys_enter_rt_sigprocmask
sys_enter_rt_sigprocmask
sys_enter_clone
sys_enter_rt_sigprocmask
sys_enter_futex
sys_enter_gettid
sys_enter_sigaltstack
sys_enter_sigaltstack
sys_enter_gettid
sys_enter_rt_sigprocmask
sys_enter_futex
sys_enter_gettid
sys_enter_sigaltstack
sys_enter_sigaltstack
sys_enter_gettid
sys_enter_rt_sigprocmask
sys_enter_futex
sys_enter_mmap
sys_enter_futex
sys_enter_futex
sys_enter_futex
sys_enter_futex
sys_enter_openat
sys_enter_read
sys_enter_read
sys_enter_close
sys_enter_socket
sys_enter_close
sys_enter_socket
sys_enter_setsockopt
sys_enter_bind
sys_enter_socket
sys_enter_setsockopt
sys_enter_bind
sys_enter_close
sys_enter_close
sys_enter_getpid
sys_enter_getppid
sys_enter_mmap
sys_enter_mmap
sys_enter_getppid
sys_enter_openat
sys_enter_pipe2
sys_enter_getpid
sys_enter_clone
sys_enter_setsid
sys_enter_close
sys_enter_read
sys_enter_chdir
sys_enter_execve
sys_enter_close
sys_enter_mmap
sys_enter_mmap
sys_enter_exit_group
sys_enter_mprotect
sys_enter_mmap
sys_enter_mmap
sys_enter_mprotect
sys_enter_mmap
sys_enter_mprotect
sys_enter_mmap
sys_enter_mprotect
sys_enter_mmap
sys_enter_mmap
sys_enter_close
sys_enter_munmap
sys_enter_sched_getaffinity
sys_enter_mmap
sys_enter_munmap
sys_enter_mmap
sys_enter_mmap
sys_enter_mmap
sys_enter_mmap
sys_enter_mmap
sys_enter_mmap
sys_enter_rt_sigprocmask
sys_enter_sigaltstack
sys_enter_sigaltstack
sys_enter_gettid
sys_enter_rt_sigprocmask
sys_enter_rt_sigaction
sys_enter_rt_sigaction
sys_enter_rt_sigaction
sys_enter_rt_sigaction
sys_enter_rt_sigaction
sys_enter_rt_sigaction
sys_enter_rt_sigaction
sys_enter_rt_sigaction
sys_enter_rt_sigaction
sys_enter_rt_sigaction
sys_enter_rt_sigaction
sys_enter_rt_sigaction
sys_enter_rt_sigaction
sys_enter_rt_sigaction
sys_enter_rt_sigaction
sys_enter_rt_sigaction
sys_enter_rt_sigaction
sys_enter_rt_sigaction
sys_enter_rt_sigaction
sys_enter_rt_sigaction
sys_enter_rt_sigaction
sys_enter_rt_sigaction
sys_enter_rt_sigaction
sys_enter_rt_sigaction
sys_enter_rt_sigaction
sys_enter_rt_sigaction
sys_enter_rt_sigaction
sys_enter_rt_sigaction
sys_enter_rt_sigaction
sys_enter_rt_sigaction
sys_enter_rt_sigaction
sys_enter_rt_sigaction
sys_enter_rt_sigaction
sys_enter_rt_sigaction
sys_enter_rt_sigaction
sys_enter_rt_sigaction
sys_enter_rt_sigaction
sys_enter_rt_sigaction
sys_enter_rt_sigaction
sys_enter_rt_sigaction
sys_enter_rt_sigaction
sys_enter_rt_sigaction
sys_enter_rt_sigaction
sys_enter_rt_sigaction
sys_enter_rt_sigaction
sys_enter_rt_sigaction
sys_enter_rt_sigaction
sys_enter_rt_sigaction
sys_enter_rt_sigaction
sys_enter_rt_sigaction
sys_enter_rt_sigaction
sys_enter_rt_sigaction
sys_enter_rt_sigaction
sys_enter_rt_sigaction
sys_enter_rt_sigaction
sys_enter_rt_sigaction
sys_enter_rt_sigaction
sys_enter_rt_sigaction
sys_enter_rt_sigaction
sys_enter_rt_sigaction
sys_enter_rt_sigaction
sys_enter_rt_sigaction
sys_enter_rt_sigaction
sys_enter_rt_sigaction
sys_enter_rt_sigaction
sys_enter_rt_sigaction
sys_enter_rt_sigaction
sys_enter_rt_sigaction
sys_enter_rt_sigaction
sys_enter_rt_sigaction
sys_enter_rt_sigaction
sys_enter_rt_sigaction
sys_enter_rt_sigaction
sys_enter_rt_sigaction
sys_enter_rt_sigaction
sys_enter_rt_sigaction
sys_enter_rt_sigaction
sys_enter_rt_sigaction
sys_enter_rt_sigaction
sys_enter_rt_sigaction
sys_enter_rt_sigaction
sys_enter_rt_sigaction
sys_enter_rt_sigaction
sys_enter_rt_sigaction
sys_enter_rt_sigaction
sys_enter_rt_sigaction
sys_enter_rt_sigaction
sys_enter_rt_sigaction
sys_enter_rt_sigaction
sys_enter_rt_sigaction
sys_enter_rt_sigaction
sys_enter_rt_sigaction
sys_enter_rt_sigaction
sys_enter_rt_sigaction
sys_enter_rt_sigaction
sys_enter_rt_sigaction
sys_enter_rt_sigaction
sys_enter_rt_sigaction
sys_enter_rt_sigaction
sys_enter_rt_sigaction
sys_enter_rt_sigaction
sys_enter_rt_sigaction
sys_enter_rt_sigaction
sys_enter_rt_sigaction
sys_enter_rt_sigaction
sys_enter_rt_sigaction
sys_enter_rt_sigaction
sys_enter_rt_sigaction
sys_enter_rt_sigaction
sys_enter_rt_sigaction
sys_enter_rt_sigaction
sys_enter_rt_sigaction
sys_enter_rt_sigaction
sys_enter_rt_sigaction
sys_enter_rt_sigprocmask
sys_enter_clone
sys_enter_rt_sigprocmask
sys_enter_gettid
sys_enter_sigaltstack
sys_enter_sigaltstack
sys_enter_gettid
sys_enter_rt_sigprocmask
sys_enter_rt_sigprocmask
sys_enter_clone
sys_enter_rt_sigprocmask
sys_enter_gettid
sys_enter_sigaltstack
sys_enter_sigaltstack
sys_enter_gettid
sys_enter_rt_sigprocmask
sys_enter_rt_sigprocmask
sys_enter_clone
sys_enter_rt_sigprocmask
sys_enter_futex
sys_enter_rt_sigprocmask
sys_enter_clone
sys_enter_gettid
sys_enter_rt_sigprocmask
sys_enter_sigaltstack
sys_enter_sigaltstack
sys_enter_gettid
sys_enter_rt_sigprocmask
sys_enter_gettid
sys_enter_futex
sys_enter_sigaltstack
sys_enter_sigaltstack
sys_enter_gettid
sys_enter_rt_sigprocmask
sys_enter_futex
sys_enter_futex
sys_enter_futex
sys_enter_futex
sys_enter_mmap
sys_enter_futex
sys_enter_futex
sys_enter_futex
sys_enter_openat
sys_enter_read
sys_enter_read
sys_enter_close
sys_enter_socket
sys_enter_close
sys_enter_socket
sys_enter_setsockopt
sys_enter_bind
sys_enter_socket
sys_enter_setsockopt
sys_enter_bind
sys_enter_close
sys_enter_close
sys_enter_getpid
sys_enter_getppid
sys_enter_mmap
sys_enter_mmap
sys_enter_getppid
sys_enter_openat
sys_enter_pipe2
sys_enter_getpid
sys_enter_clone
sys_enter_setsid
sys_enter_close
sys_enter_read
sys_enter_chdir
sys_enter_execve
sys_enter_close
sys_enter_exit_group
sys_enter_mmap
sys_enter_mmap
sys_enter_mprotect
sys_enter_mmap
sys_enter_mmap
sys_enter_mprotect
sys_enter_mmap
sys_enter_mprotect
sys_enter_mmap
sys_enter_mprotect
sys_enter_mmap
sys_enter_mmap
sys_enter_close
sys_enter_munmap
sys_enter_sched_getaffinity
sys_enter_mmap
sys_enter_munmap
sys_enter_mmap
sys_enter_mmap
sys_enter_mmap
sys_enter_mmap
sys_enter_mmap
sys_enter_mmap
sys_enter_rt_sigprocmask
sys_enter_sigaltstack
sys_enter_sigaltstack
sys_enter_gettid
sys_enter_rt_sigprocmask
sys_enter_rt_sigaction
sys_enter_rt_sigaction
sys_enter_rt_sigaction
sys_enter_rt_sigaction
sys_enter_rt_sigaction
sys_enter_rt_sigaction
sys_enter_rt_sigaction
sys_enter_rt_sigaction
sys_enter_rt_sigaction
sys_enter_rt_sigaction
sys_enter_rt_sigaction
sys_enter_rt_sigaction
sys_enter_rt_sigaction
sys_enter_rt_sigaction
sys_enter_rt_sigaction
sys_enter_rt_sigaction
sys_enter_rt_sigaction
sys_enter_rt_sigaction
sys_enter_rt_sigaction
sys_enter_rt_sigaction
sys_enter_rt_sigaction
sys_enter_rt_sigaction
sys_enter_rt_sigaction
sys_enter_rt_sigaction
sys_enter_rt_sigaction
sys_enter_rt_sigaction
sys_enter_rt_sigaction
sys_enter_rt_sigaction
sys_enter_rt_sigaction
sys_enter_rt_sigaction
sys_enter_rt_sigaction
sys_enter_rt_sigaction
sys_enter_rt_sigaction
sys_enter_rt_sigaction
sys_enter_rt_sigaction
sys_enter_rt_sigaction
sys_enter_rt_sigaction
sys_enter_rt_sigaction
sys_enter_rt_sigaction
sys_enter_rt_sigaction
sys_enter_rt_sigaction
sys_enter_rt_sigaction
sys_enter_rt_sigaction
sys_enter_rt_sigaction
sys_enter_rt_sigaction
sys_enter_rt_sigaction
sys_enter_rt_sigaction
sys_enter_rt_sigaction
sys_enter_rt_sigaction
sys_enter_rt_sigaction
sys_enter_rt_sigaction
sys_enter_rt_sigaction
sys_enter_rt_sigaction
sys_enter_rt_sigaction
sys_enter_rt_sigaction
sys_enter_rt_sigaction
sys_enter_rt_sigaction
sys_enter_rt_sigaction
sys_enter_rt_sigaction
sys_enter_rt_sigaction
sys_enter_rt_sigaction
sys_enter_rt_sigaction
sys_enter_rt_sigaction
sys_enter_rt_sigaction
sys_enter_rt_sigaction
sys_enter_rt_sigaction
sys_enter_rt_sigaction
sys_enter_rt_sigaction
sys_enter_rt_sigaction
sys_enter_rt_sigaction
sys_enter_rt_sigaction
sys_enter_rt_sigaction
sys_enter_rt_sigaction
sys_enter_rt_sigaction
sys_enter_rt_sigaction
sys_enter_rt_sigaction
sys_enter_rt_sigaction
sys_enter_rt_sigaction
sys_enter_rt_sigaction
sys_enter_rt_sigaction
sys_enter_rt_sigaction
sys_enter_rt_sigaction
sys_enter_rt_sigaction
sys_enter_rt_sigaction
sys_enter_rt_sigaction
sys_enter_rt_sigaction
sys_enter_rt_sigaction
sys_enter_rt_sigaction
sys_enter_rt_sigaction
sys_enter_rt_sigaction
sys_enter_rt_sigaction
sys_enter_rt_sigaction
sys_enter_rt_sigaction
sys_enter_rt_sigaction
sys_enter_rt_sigaction
sys_enter_rt_sigaction
sys_enter_rt_sigaction
sys_enter_rt_sigaction
sys_enter_rt_sigaction
sys_enter_rt_sigaction
sys_enter_rt_sigaction
sys_enter_rt_sigaction
sys_enter_rt_sigaction
sys_enter_rt_sigaction
sys_enter_rt_sigaction
sys_enter_rt_sigaction
sys_enter_rt_sigaction
sys_enter_rt_sigaction
sys_enter_rt_sigaction
sys_enter_rt_sigaction
sys_enter_rt_sigaction
sys_enter_rt_sigaction
sys_enter_rt_sigaction
sys_enter_rt_sigaction
sys_enter_rt_sigprocmask
sys_enter_clone
sys_enter_rt_sigprocmask
sys_enter_gettid
sys_enter_sigaltstack
sys_enter_sigaltstack
sys_enter_gettid
sys_enter_rt_sigprocmask
sys_enter_rt_sigprocmask
sys_enter_clone
sys_enter_rt_sigprocmask
sys_enter_gettid
sys_enter_sigaltstack
sys_enter_sigaltstack
sys_enter_gettid
sys_enter_rt_sigprocmask
sys_enter_rt_sigprocmask
sys_enter_clone
sys_enter_rt_sigprocmask
sys_enter_futex
sys_enter_gettid
sys_enter_gettid
sys_enter_sigaltstack
sys_enter_sigaltstack
sys_enter_gettid
sys_enter_rt_sigprocmask
sys_enter_futex
sys_enter_futex
sys_enter_rt_sigprocmask
sys_enter_clone
sys_enter_rt_sigprocmask
sys_enter_futex
sys_enter_mmap
sys_enter_sigaltstack
sys_enter_sigaltstack
sys_enter_gettid
sys_enter_rt_sigprocmask
sys_enter_futex
sys_enter_futex
sys_enter_futex
sys_enter_openat
sys_enter_read
sys_enter_read
sys_enter_close
sys_enter_socket
sys_enter_close
sys_enter_socket
sys_enter_setsockopt
sys_enter_bind
sys_enter_socket
sys_enter_setsockopt
sys_enter_bind
sys_enter_close
sys_enter_close
sys_enter_getpid
sys_enter_getppid
sys_enter_mmap
sys_enter_mmap
sys_enter_getppid
sys_enter_openat
sys_enter_pipe2
sys_enter_getpid
sys_enter_clone
sys_enter_setsid
sys_enter_close
sys_enter_read
sys_enter_chdir
sys_enter_execve
sys_enter_close
sys_enter_exit_group
sys_enter_mmap
sys_enter_mmap
sys_enter_mprotect
sys_enter_mmap
sys_enter_mmap
sys_enter_mprotect
sys_enter_mmap
sys_enter_mprotect
sys_enter_mmap
sys_enter_mprotect
sys_enter_mmap
sys_enter_mmap
sys_enter_close
sys_enter_munmap
sys_enter_sched_getaffinity
sys_enter_mmap
sys_enter_munmap
sys_enter_mmap
sys_enter_mmap
sys_enter_mmap
sys_enter_mmap
sys_enter_mmap
sys_enter_mmap
sys_enter_rt_sigprocmask
sys_enter_sigaltstack
sys_enter_sigaltstack
sys_enter_gettid
sys_enter_rt_sigprocmask
sys_enter_rt_sigaction
sys_enter_rt_sigaction
sys_enter_rt_sigaction
sys_enter_rt_sigaction
sys_enter_rt_sigaction
sys_enter_rt_sigaction
sys_enter_rt_sigaction
sys_enter_rt_sigaction
sys_enter_rt_sigaction
sys_enter_rt_sigaction
sys_enter_rt_sigaction
sys_enter_rt_sigaction
sys_enter_rt_sigaction
sys_enter_rt_sigaction
sys_enter_rt_sigaction
sys_enter_rt_sigaction
sys_enter_rt_sigaction
sys_enter_rt_sigaction
sys_enter_rt_sigaction
sys_enter_rt_sigaction
sys_enter_rt_sigaction
sys_enter_rt_sigaction
sys_enter_rt_sigaction
sys_enter_rt_sigaction
sys_enter_rt_sigaction
sys_enter_rt_sigaction
sys_enter_rt_sigaction
sys_enter_rt_sigaction
sys_enter_rt_sigaction
sys_enter_rt_sigaction
sys_enter_rt_sigaction
sys_enter_rt_sigaction
sys_enter_rt_sigaction
sys_enter_rt_sigaction
sys_enter_rt_sigaction
sys_enter_rt_sigaction
sys_enter_rt_sigaction
sys_enter_rt_sigaction
sys_enter_rt_sigaction
sys_enter_rt_sigaction
sys_enter_rt_sigaction
sys_enter_rt_sigaction
sys_enter_rt_sigaction
sys_enter_rt_sigaction
sys_enter_rt_sigaction
sys_enter_rt_sigaction
sys_enter_rt_sigaction
sys_enter_rt_sigaction
sys_enter_rt_sigaction
sys_enter_rt_sigaction
sys_enter_rt_sigaction
sys_enter_rt_sigaction
sys_enter_rt_sigaction
sys_enter_rt_sigaction
sys_enter_rt_sigaction
sys_enter_rt_sigaction
sys_enter_rt_sigaction
sys_enter_rt_sigaction
sys_enter_rt_sigaction
sys_enter_rt_sigaction
sys_enter_rt_sigaction
sys_enter_rt_sigaction
sys_enter_rt_sigaction
sys_enter_rt_sigaction
sys_enter_rt_sigaction
sys_enter_rt_sigaction
sys_enter_rt_sigaction
sys_enter_rt_sigaction
sys_enter_rt_sigaction
sys_enter_rt_sigaction
sys_enter_rt_sigaction
sys_enter_rt_sigaction
sys_enter_rt_sigaction
sys_enter_rt_sigaction
sys_enter_rt_sigaction
sys_enter_rt_sigaction
sys_enter_rt_sigaction
sys_enter_rt_sigaction
sys_enter_rt_sigaction
sys_enter_rt_sigaction
sys_enter_rt_sigaction
sys_enter_rt_sigaction
sys_enter_rt_sigaction
sys_enter_rt_sigaction
sys_enter_rt_sigaction
sys_enter_rt_sigaction
sys_enter_rt_sigaction
sys_enter_rt_sigaction
sys_enter_rt_sigaction
sys_enter_rt_sigaction
sys_enter_rt_sigaction
sys_enter_rt_sigaction
sys_enter_rt_sigaction
sys_enter_rt_sigaction
sys_enter_rt_sigaction
sys_enter_rt_sigaction
sys_enter_rt_sigaction
sys_enter_rt_sigaction
sys_enter_rt_sigaction
sys_enter_rt_sigaction
sys_enter_rt_sigaction
sys_enter_rt_sigaction
sys_enter_rt_sigaction
sys_enter_rt_sigaction
sys_enter_rt_sigaction
sys_enter_rt_sigaction
sys_enter_rt_sigaction
sys_enter_rt_sigaction
sys_enter_rt_sigaction
sys_enter_rt_sigaction
sys_enter_rt_sigaction
sys_enter_rt_sigaction
sys_enter_rt_sigaction
sys_enter_rt_sigaction
sys_enter_rt_sigprocmask
sys_enter_clone
sys_enter_rt_sigprocmask
sys_enter_gettid
sys_enter_sigaltstack
sys_enter_sigaltstack
sys_enter_gettid
sys_enter_rt_sigprocmask
sys_enter_rt_sigprocmask
sys_enter_clone
sys_enter_rt_sigprocmask
sys_enter_gettid
sys_enter_sigaltstack
sys_enter_sigaltstack
sys_enter_gettid
sys_enter_rt_sigprocmask
sys_enter_rt_sigprocmask
sys_enter_clone
sys_enter_rt_sigprocmask
sys_enter_futex
sys_enter_rt_sigprocmask
sys_enter_clone
sys_enter_gettid
sys_enter_sigaltstack
sys_enter_sigaltstack
sys_enter_gettid
sys_enter_rt_sigprocmask
sys_enter_rt_sigprocmask
sys_enter_futex
sys_enter_futex
sys_enter_futex
sys_enter_gettid
sys_enter_sigaltstack
sys_enter_sigaltstack
sys_enter_gettid
sys_enter_rt_sigprocmask
sys_enter_futex
sys_enter_futex
sys_enter_mmap
sys_enter_futex
sys_enter_futex
sys_enter_futex
sys_enter_openat
sys_enter_read
sys_enter_read
sys_enter_close
sys_enter_socket
sys_enter_close
sys_enter_socket
sys_enter_setsockopt
sys_enter_bind
sys_enter_socket
sys_enter_setsockopt
sys_enter_bind
sys_enter_close
sys_enter_close
sys_enter_getpid
sys_enter_getppid
sys_enter_mmap
sys_enter_mmap
sys_enter_getppid
sys_enter_openat
sys_enter_pipe2
sys_enter_getpid
sys_enter_clone
sys_enter_setsid
sys_enter_close
sys_enter_read
sys_enter_chdir
sys_enter_execve
sys_enter_close
sys_enter_exit_group
sys_enter_mmap
sys_enter_mmap
sys_enter_mprotect
sys_enter_mmap
sys_enter_mmap
sys_enter_mprotect
sys_enter_mmap
sys_enter_mprotect
sys_enter_mmap
sys_enter_mprotect
sys_enter_mmap
sys_enter_mmap
sys_enter_close
sys_enter_munmap
sys_enter_sched_getaffinity
sys_enter_mmap
sys_enter_munmap
sys_enter_mmap
sys_enter_mmap
sys_enter_mmap
sys_enter_mmap
sys_enter_mmap
sys_enter_mmap
sys_enter_rt_sigprocmask
sys_enter_sigaltstack
sys_enter_sigaltstack
sys_enter_gettid
sys_enter_rt_sigprocmask
sys_enter_rt_sigaction
sys_enter_rt_sigaction
sys_enter_rt_sigaction
sys_enter_rt_sigaction
sys_enter_rt_sigaction
sys_enter_rt_sigaction
sys_enter_rt_sigaction
sys_enter_rt_sigaction
sys_enter_rt_sigaction
sys_enter_rt_sigaction
sys_enter_rt_sigaction
sys_enter_rt_sigaction
sys_enter_rt_sigaction
sys_enter_rt_sigaction
sys_enter_rt_sigaction
sys_enter_rt_sigaction
sys_enter_rt_sigaction
sys_enter_rt_sigaction
sys_enter_rt_sigaction
sys_enter_rt_sigaction
sys_enter_rt_sigaction
sys_enter_rt_sigaction
sys_enter_rt_sigaction
sys_enter_rt_sigaction
sys_enter_rt_sigaction
sys_enter_rt_sigaction
sys_enter_rt_sigaction
sys_enter_rt_sigaction
sys_enter_rt_sigaction
sys_enter_rt_sigaction
sys_enter_rt_sigaction
sys_enter_rt_sigaction
sys_enter_rt_sigaction
sys_enter_rt_sigaction
sys_enter_rt_sigaction
sys_enter_rt_sigaction
sys_enter_rt_sigaction
sys_enter_rt_sigaction
sys_enter_rt_sigaction
sys_enter_rt_sigaction
sys_enter_rt_sigaction
sys_enter_rt_sigaction
sys_enter_rt_sigaction
sys_enter_rt_sigaction
sys_enter_rt_sigaction
sys_enter_rt_sigaction
sys_enter_rt_sigaction
sys_enter_rt_sigaction
sys_enter_rt_sigaction
sys_enter_rt_sigaction
sys_enter_rt_sigaction
sys_enter_rt_sigaction
sys_enter_rt_sigaction
sys_enter_rt_sigaction
sys_enter_rt_sigaction
sys_enter_rt_sigaction
sys_enter_rt_sigaction
sys_enter_rt_sigaction
sys_enter_rt_sigaction
sys_enter_rt_sigaction
sys_enter_rt_sigaction
sys_enter_rt_sigaction
sys_enter_rt_sigaction
sys_enter_rt_sigaction
sys_enter_rt_sigaction
sys_enter_rt_sigaction
sys_enter_rt_sigaction
sys_enter_rt_sigaction
sys_enter_rt_sigaction
sys_enter_rt_sigaction
sys_enter_rt_sigaction
sys_enter_rt_sigaction
sys_enter_rt_sigaction
sys_enter_rt_sigaction
sys_enter_rt_sigaction
sys_enter_rt_sigaction
sys_enter_rt_sigaction
sys_enter_rt_sigaction
sys_enter_rt_sigaction
sys_enter_rt_sigaction
sys_enter_rt_sigaction
sys_enter_rt_sigaction
sys_enter_rt_sigaction
sys_enter_rt_sigaction
sys_enter_rt_sigaction
sys_enter_rt_sigaction
sys_enter_rt_sigaction
sys_enter_rt_sigaction
sys_enter_rt_sigaction
sys_enter_rt_sigaction
sys_enter_rt_sigaction
sys_enter_rt_sigaction
sys_enter_rt_sigaction
sys_enter_rt_sigaction
sys_enter_rt_sigaction
sys_enter_rt_sigaction
sys_enter_rt_sigaction
sys_enter_rt_sigaction
sys_enter_rt_sigaction
sys_enter_rt_sigaction
sys_enter_rt_sigaction
sys_enter_rt_sigaction
sys_enter_rt_sigaction
sys_enter_rt_sigaction
sys_enter_rt_sigaction
sys_enter_rt_sigaction
sys_enter_rt_sigaction
sys_enter_rt_sigaction
sys_enter_rt_sigaction
sys_enter_rt_sigaction
sys_enter_rt_sigaction
sys_enter_rt_sigaction
sys_enter_rt_sigaction
sys_enter_rt_sigaction
sys_enter_rt_sigprocmask
sys_enter_clone
sys_enter_rt_sigprocmask
sys_enter_gettid
sys_enter_sigaltstack
sys_enter_sigaltstack
sys_enter_gettid
sys_enter_rt_sigprocmask
sys_enter_rt_sigprocmask
sys_enter_clone
sys_enter_gettid
sys_enter_sigaltstack
sys_enter_sigaltstack
sys_enter_gettid
sys_enter_rt_sigprocmask
sys_enter_futex
sys_enter_futex
sys_enter_gettid
sys_enter_rt_sigprocmask
sys_enter_rt_sigprocmask
sys_enter_clone
sys_enter_rt_sigprocmask
sys_enter_futex
sys_enter_gettid
sys_enter_sigaltstack
sys_enter_sigaltstack
sys_enter_gettid
sys_enter_rt_sigprocmask
sys_enter_rt_sigprocmask
sys_enter_clone
sys_enter_rt_sigprocmask
sys_enter_futex
sys_enter_sigaltstack
sys_enter_sigaltstack
sys_enter_gettid
sys_enter_rt_sigprocmask
sys_enter_futex
sys_enter_futex
sys_enter_mmap
sys_enter_futex
sys_enter_futex
sys_enter_futex
sys_enter_openat
sys_enter_futex
sys_enter_futex
sys_enter_read
sys_enter_read
sys_enter_close
sys_enter_socket
sys_enter_close
sys_enter_socket
sys_enter_setsockopt
sys_enter_bind
sys_enter_socket
sys_enter_setsockopt
sys_enter_bind
sys_enter_close
sys_enter_close
sys_enter_mmap
sys_enter_getpid
sys_enter_getppid
sys_enter_mmap
sys_enter_mmap
sys_enter_mmap
sys_enter_getppid
sys_enter_openat
sys_enter_pipe2
sys_enter_getpid
sys_enter_clone
sys_enter_setsid
sys_enter_close
sys_enter_chdir
sys_enter_read
sys_enter_execve
sys_enter_close
sys_enter_mmap
sys_enter_mmap
sys_enter_exit_group
sys_enter_mprotect
sys_enter_mmap
sys_enter_mmap
sys_enter_mprotect
sys_enter_mmap
sys_enter_mprotect
sys_enter_mmap
sys_enter_mprotect
sys_enter_mmap
sys_enter_mmap
sys_enter_close
sys_enter_munmap
sys_enter_sched_getaffinity
sys_enter_mmap
sys_enter_munmap
sys_enter_mmap
sys_enter_mmap
sys_enter_mmap
sys_enter_mmap
sys_enter_mmap
sys_enter_mmap
sys_enter_rt_sigprocmask
sys_enter_sigaltstack
sys_enter_sigaltstack
sys_enter_gettid
sys_enter_rt_sigprocmask
sys_enter_rt_sigaction
sys_enter_rt_sigaction
sys_enter_rt_sigaction
sys_enter_rt_sigaction
sys_enter_rt_sigaction
sys_enter_rt_sigaction
sys_enter_rt_sigaction
sys_enter_rt_sigaction
sys_enter_rt_sigaction
sys_enter_rt_sigaction
sys_enter_rt_sigaction
sys_enter_rt_sigaction
sys_enter_rt_sigaction
sys_enter_rt_sigaction
sys_enter_rt_sigaction
sys_enter_rt_sigaction
sys_enter_rt_sigaction
sys_enter_rt_sigaction
sys_enter_rt_sigaction
sys_enter_rt_sigaction
sys_enter_rt_sigaction
sys_enter_rt_sigaction
sys_enter_rt_sigaction
sys_enter_rt_sigaction
sys_enter_rt_sigaction
sys_enter_rt_sigaction
sys_enter_rt_sigaction
sys_enter_rt_sigaction
sys_enter_rt_sigaction
sys_enter_rt_sigaction
sys_enter_rt_sigaction
sys_enter_rt_sigaction
sys_enter_rt_sigaction
sys_enter_rt_sigaction
sys_enter_rt_sigaction
sys_enter_rt_sigaction
sys_enter_rt_sigaction
sys_enter_rt_sigaction
sys_enter_rt_sigaction
sys_enter_rt_sigaction
sys_enter_rt_sigaction
sys_enter_rt_sigaction
sys_enter_rt_sigaction
sys_enter_rt_sigaction
sys_enter_rt_sigaction
sys_enter_rt_sigaction
sys_enter_rt_sigaction
sys_enter_rt_sigaction
sys_enter_rt_sigaction
sys_enter_rt_sigaction
sys_enter_rt_sigaction
sys_enter_rt_sigaction
sys_enter_rt_sigaction
sys_enter_rt_sigaction
sys_enter_rt_sigaction
sys_enter_rt_sigaction
sys_enter_rt_sigaction
sys_enter_rt_sigaction
sys_enter_rt_sigaction
sys_enter_rt_sigaction
sys_enter_rt_sigaction
sys_enter_rt_sigaction
sys_enter_rt_sigaction
sys_enter_rt_sigaction
sys_enter_rt_sigaction
sys_enter_rt_sigaction
sys_enter_rt_sigaction
sys_enter_rt_sigaction
sys_enter_rt_sigaction
sys_enter_rt_sigaction
sys_enter_rt_sigaction
sys_enter_rt_sigaction
sys_enter_rt_sigaction
sys_enter_rt_sigaction
sys_enter_rt_sigaction
sys_enter_rt_sigaction
sys_enter_rt_sigaction
sys_enter_rt_sigaction
sys_enter_rt_sigaction
sys_enter_rt_sigaction
sys_enter_rt_sigaction
sys_enter_rt_sigaction
sys_enter_rt_sigaction
sys_enter_rt_sigaction
sys_enter_rt_sigaction
sys_enter_rt_sigaction
sys_enter_rt_sigaction
sys_enter_rt_sigaction
sys_enter_rt_sigaction
sys_enter_rt_sigaction
sys_enter_rt_sigaction
sys_enter_rt_sigaction
sys_enter_rt_sigaction
sys_enter_rt_sigaction
sys_enter_rt_sigaction
sys_enter_rt_sigaction
sys_enter_rt_sigaction
sys_enter_rt_sigaction
sys_enter_rt_sigaction
sys_enter_rt_sigaction
sys_enter_rt_sigaction
sys_enter_rt_sigaction
sys_enter_rt_sigaction
sys_enter_rt_sigaction
sys_enter_rt_sigaction
sys_enter_rt_sigaction
sys_enter_rt_sigaction
sys_enter_rt_sigaction
sys_enter_rt_sigaction
sys_enter_rt_sigaction
sys_enter_rt_sigaction
sys_enter_rt_sigaction
sys_enter_rt_sigaction
sys_enter_rt_sigaction
sys_enter_rt_sigprocmask
sys_enter_clone
sys_enter_rt_sigprocmask
sys_enter_gettid
sys_enter_sigaltstack
sys_enter_sigaltstack
sys_enter_gettid
sys_enter_rt_sigprocmask
sys_enter_rt_sigprocmask
sys_enter_clone
sys_enter_rt_sigprocmask
sys_enter_gettid
sys_enter_sigaltstack
sys_enter_sigaltstack
sys_enter_rt_sigprocmask
sys_enter_clone
sys_enter_gettid
sys_enter_rt_sigprocmask
sys_enter_rt_sigprocmask
sys_enter_futex
sys_enter_gettid
sys_enter_rt_sigprocmask
sys_enter_clone
sys_enter_sigaltstack
sys_enter_sigaltstack
sys_enter_gettid
sys_enter_rt_sigprocmask
sys_enter_futex
sys_enter_futex
sys_enter_rt_sigprocmask
sys_enter_futex
sys_enter_gettid
sys_enter_sigaltstack
sys_enter_sigaltstack
sys_enter_gettid
sys_enter_rt_sigprocmask
sys_enter_futex
sys_enter_futex
sys_enter_mmap
sys_enter_futex
sys_enter_futex
sys_enter_futex
sys_enter_openat
sys_enter_read
sys_enter_read
sys_enter_close
sys_enter_socket
sys_enter_close
sys_enter_socket
sys_enter_setsockopt
sys_enter_bind
sys_enter_socket
sys_enter_setsockopt
sys_enter_bind
sys_enter_close
sys_enter_close
sys_enter_getpid
sys_enter_getppid
sys_enter_mmap
sys_enter_mmap
sys_enter_getppid
sys_enter_openat
sys_enter_pipe2
sys_enter_getpid
sys_enter_clone
sys_enter_setsid
sys_enter_close
sys_enter_read
sys_enter_chdir
sys_enter_execve
sys_enter_close
sys_enter_exit_group
sys_enter_mmap
sys_enter_mmap
sys_enter_mprotect
sys_enter_mmap
sys_enter_mmap
sys_enter_mprotect
sys_enter_mmap
sys_enter_mprotect
sys_enter_mmap
sys_enter_mprotect
sys_enter_mmap
sys_enter_mmap
sys_enter_close
sys_enter_munmap
sys_enter_sched_getaffinity
sys_enter_mmap
sys_enter_munmap
sys_enter_mmap
sys_enter_mmap
sys_enter_mmap
sys_enter_mmap
sys_enter_mmap
sys_enter_mmap
sys_enter_rt_sigprocmask
sys_enter_sigaltstack
sys_enter_sigaltstack
sys_enter_gettid
sys_enter_rt_sigprocmask
sys_enter_rt_sigaction
sys_enter_rt_sigaction
sys_enter_rt_sigaction
sys_enter_rt_sigaction
sys_enter_rt_sigaction
sys_enter_rt_sigaction
sys_enter_rt_sigaction
sys_enter_rt_sigaction
sys_enter_rt_sigaction
sys_enter_rt_sigaction
sys_enter_rt_sigaction
sys_enter_rt_sigaction
sys_enter_rt_sigaction
sys_enter_rt_sigaction
sys_enter_rt_sigaction
sys_enter_rt_sigaction
sys_enter_rt_sigaction
sys_enter_rt_sigaction
sys_enter_rt_sigaction
sys_enter_rt_sigaction
sys_enter_rt_sigaction
sys_enter_rt_sigaction
sys_enter_rt_sigaction
sys_enter_rt_sigaction
sys_enter_rt_sigaction
sys_enter_rt_sigaction
sys_enter_rt_sigaction
sys_enter_rt_sigaction
sys_enter_rt_sigaction
sys_enter_rt_sigaction
sys_enter_rt_sigaction
sys_enter_rt_sigaction
sys_enter_rt_sigaction
sys_enter_rt_sigaction
sys_enter_rt_sigaction
sys_enter_rt_sigaction
sys_enter_rt_sigaction
sys_enter_rt_sigaction
sys_enter_rt_sigaction
sys_enter_rt_sigaction
sys_enter_rt_sigaction
sys_enter_rt_sigaction
sys_enter_rt_sigaction
sys_enter_rt_sigaction
sys_enter_rt_sigaction
sys_enter_rt_sigaction
sys_enter_rt_sigaction
sys_enter_rt_sigaction
sys_enter_rt_sigaction
sys_enter_rt_sigaction
sys_enter_rt_sigaction
sys_enter_rt_sigaction
sys_enter_rt_sigaction
sys_enter_rt_sigaction
sys_enter_rt_sigaction
sys_enter_rt_sigaction
sys_enter_rt_sigaction
sys_enter_rt_sigaction
sys_enter_rt_sigaction
sys_enter_rt_sigaction
sys_enter_rt_sigaction
sys_enter_rt_sigaction
sys_enter_rt_sigaction
sys_enter_rt_sigaction
sys_enter_rt_sigaction
sys_enter_rt_sigaction
sys_enter_rt_sigaction
sys_enter_rt_sigaction
sys_enter_rt_sigaction
sys_enter_rt_sigaction
sys_enter_rt_sigaction
sys_enter_rt_sigaction
sys_enter_rt_sigaction
sys_enter_rt_sigaction
sys_enter_rt_sigaction
sys_enter_rt_sigaction
sys_enter_rt_sigaction
sys_enter_rt_sigaction
sys_enter_rt_sigaction
sys_enter_rt_sigaction
sys_enter_rt_sigaction
sys_enter_rt_sigaction
sys_enter_rt_sigaction
sys_enter_rt_sigaction
sys_enter_rt_sigaction
sys_enter_rt_sigaction
sys_enter_rt_sigaction
sys_enter_rt_sigaction
sys_enter_rt_sigaction
sys_enter_rt_sigaction
sys_enter_rt_sigaction
sys_enter_rt_sigaction
sys_enter_rt_sigaction
sys_enter_rt_sigaction
sys_enter_rt_sigaction
sys_enter_rt_sigaction
sys_enter_rt_sigaction
sys_enter_rt_sigaction
sys_enter_rt_sigaction
sys_enter_rt_sigaction
sys_enter_rt_sigaction
sys_enter_rt_sigaction
sys_enter_rt_sigaction
sys_enter_rt_sigaction
sys_enter_rt_sigaction
sys_enter_rt_sigaction
sys_enter_rt_sigaction
sys_enter_rt_sigaction
sys_enter_rt_sigaction
sys_enter_rt_sigaction
sys_enter_rt_sigaction
sys_enter_rt_sigaction
sys_enter_rt_sigaction
sys_enter_rt_sigaction
sys_enter_rt_sigprocmask
sys_enter_clone
sys_enter_rt_sigprocmask
sys_enter_gettid
sys_enter_sigaltstack
sys_enter_sigaltstack
sys_enter_gettid
sys_enter_rt_sigprocmask
sys_enter_rt_sigprocmask
sys_enter_clone
sys_enter_rt_sigprocmask
sys_enter_gettid
sys_enter_sigaltstack
sys_enter_sigaltstack
sys_enter_gettid
sys_enter_rt_sigprocmask
sys_enter_rt_sigprocmask
sys_enter_clone
sys_enter_rt_sigprocmask
sys_enter_clone
sys_enter_rt_sigprocmask
sys_enter_futex
sys_enter_gettid
sys_enter_sigaltstack
sys_enter_sigaltstack
sys_enter_rt_sigprocmask
sys_enter_gettid
sys_enter_gettid
sys_enter_rt_sigprocmask
sys_enter_futex
sys_enter_futex
sys_enter_sigaltstack
sys_enter_sigaltstack
sys_enter_gettid
sys_enter_rt_sigprocmask
sys_enter_futex
sys_enter_futex
sys_enter_futex
sys_enter_mmap
sys_enter_futex
sys_enter_futex
sys_enter_futex
sys_enter_openat
sys_enter_read
sys_enter_read
sys_enter_close
sys_enter_socket
sys_enter_close
sys_enter_socket
sys_enter_setsockopt
sys_enter_bind
sys_enter_socket
sys_enter_setsockopt
sys_enter_bind
sys_enter_close
sys_enter_close
sys_enter_getpid
sys_enter_getppid
sys_enter_mmap
sys_enter_mmap
sys_enter_getppid
sys_enter_openat
sys_enter_pipe2
sys_enter_getpid
sys_enter_clone
sys_enter_setsid
sys_enter_close
sys_enter_read
sys_enter_chdir
sys_enter_execve
sys_enter_close
sys_enter_exit_group
sys_enter_mmap
sys_enter_mmap
sys_enter_mprotect
sys_enter_mmap
sys_enter_mmap
sys_enter_mprotect
sys_enter_mmap
sys_enter_mprotect
sys_enter_mmap
sys_enter_mprotect
sys_enter_mmap
sys_enter_mmap
sys_enter_close
sys_enter_munmap
sys_enter_sched_getaffinity
sys_enter_mmap
sys_enter_munmap
sys_enter_mmap
sys_enter_mmap
sys_enter_mmap
sys_enter_mmap
sys_enter_mmap
sys_enter_mmap
sys_enter_rt_sigprocmask
sys_enter_sigaltstack
sys_enter_sigaltstack
sys_enter_gettid
sys_enter_rt_sigprocmask
sys_enter_rt_sigaction
sys_enter_rt_sigaction
sys_enter_rt_sigaction
sys_enter_rt_sigaction
sys_enter_rt_sigaction
sys_enter_rt_sigaction
sys_enter_rt_sigaction
sys_enter_rt_sigaction
sys_enter_rt_sigaction
sys_enter_rt_sigaction
sys_enter_rt_sigaction
sys_enter_rt_sigaction
sys_enter_rt_sigaction
sys_enter_rt_sigaction
sys_enter_rt_sigaction
sys_enter_rt_sigaction
sys_enter_rt_sigaction
sys_enter_rt_sigaction
sys_enter_rt_sigaction
sys_enter_rt_sigaction
sys_enter_rt_sigaction
sys_enter_rt_sigaction
sys_enter_rt_sigaction
sys_enter_rt_sigaction
sys_enter_rt_sigaction
sys_enter_rt_sigaction
sys_enter_rt_sigaction
sys_enter_rt_sigaction
sys_enter_rt_sigaction
sys_enter_rt_sigaction
sys_enter_rt_sigaction
sys_enter_rt_sigaction
sys_enter_rt_sigaction
sys_enter_rt_sigaction
sys_enter_rt_sigaction
sys_enter_rt_sigaction
sys_enter_rt_sigaction
sys_enter_rt_sigaction
sys_enter_rt_sigaction
sys_enter_rt_sigaction
sys_enter_rt_sigaction
sys_enter_rt_sigaction
sys_enter_rt_sigaction
sys_enter_rt_sigaction
sys_enter_rt_sigaction
sys_enter_rt_sigaction
sys_enter_rt_sigaction
sys_enter_rt_sigaction
sys_enter_rt_sigaction
sys_enter_rt_sigaction
sys_enter_rt_sigaction
sys_enter_rt_sigaction
sys_enter_rt_sigaction
sys_enter_rt_sigaction
sys_enter_rt_sigaction
sys_enter_rt_sigaction
sys_enter_rt_sigaction
sys_enter_rt_sigaction
sys_enter_rt_sigaction
sys_enter_rt_sigaction
sys_enter_rt_sigaction
sys_enter_rt_sigaction
sys_enter_rt_sigaction
sys_enter_rt_sigaction
sys_enter_rt_sigaction
sys_enter_rt_sigaction
sys_enter_rt_sigaction
sys_enter_rt_sigaction
sys_enter_rt_sigaction
sys_enter_rt_sigaction
sys_enter_rt_sigaction
sys_enter_rt_sigaction
sys_enter_rt_sigaction
sys_enter_rt_sigaction
sys_enter_rt_sigaction
sys_enter_rt_sigaction
sys_enter_rt_sigaction
sys_enter_rt_sigaction
sys_enter_rt_sigaction
sys_enter_rt_sigaction
sys_enter_rt_sigaction
sys_enter_rt_sigaction
sys_enter_rt_sigaction
sys_enter_rt_sigaction
sys_enter_rt_sigaction
sys_enter_rt_sigaction
sys_enter_rt_sigaction
sys_enter_rt_sigaction
sys_enter_rt_sigaction
sys_enter_rt_sigaction
sys_enter_rt_sigaction
sys_enter_rt_sigaction
sys_enter_rt_sigaction
sys_enter_rt_sigaction
sys_enter_rt_sigaction
sys_enter_rt_sigaction
sys_enter_rt_sigaction
sys_enter_rt_sigaction
sys_enter_rt_sigaction
sys_enter_rt_sigaction
sys_enter_rt_sigaction
sys_enter_rt_sigaction
sys_enter_rt_sigaction
sys_enter_rt_sigaction
sys_enter_rt_sigaction
sys_enter_rt_sigaction
sys_enter_rt_sigaction
sys_enter_rt_sigaction
sys_enter_rt_sigaction
sys_enter_rt_sigaction
sys_enter_rt_sigaction
sys_enter_rt_sigaction
sys_enter_rt_sigaction
sys_enter_rt_sigaction
sys_enter_rt_sigprocmask
sys_enter_clone
sys_enter_rt_sigprocmask
sys_enter_gettid
sys_enter_sigaltstack
sys_enter_sigaltstack
sys_enter_gettid
sys_enter_rt_sigprocmask
sys_enter_rt_sigprocmask
sys_enter_clone
sys_enter_rt_sigprocmask
sys_enter_gettid
sys_enter_sigaltstack
sys_enter_sigaltstack
sys_enter_gettid
sys_enter_rt_sigprocmask
sys_enter_rt_sigprocmask
sys_enter_clone
sys_enter_rt_sigprocmask
sys_enter_futex
sys_enter_rt_sigprocmask
sys_enter_clone
sys_enter_gettid
sys_enter_sigaltstack
sys_enter_sigaltstack
sys_enter_gettid
sys_enter_rt_sigprocmask
sys_enter_rt_sigprocmask
sys_enter_futex
sys_enter_gettid
sys_enter_futex
sys_enter_futex
sys_enter_sigaltstack
sys_enter_sigaltstack
sys_enter_gettid
sys_enter_rt_sigprocmask
sys_enter_futex
sys_enter_futex
sys_enter_mmap
sys_enter_futex
sys_enter_futex
sys_enter_futex
sys_enter_openat
sys_enter_read
sys_enter_read
sys_enter_close
sys_enter_socket
sys_enter_close
sys_enter_socket
sys_enter_setsockopt
sys_enter_bind
sys_enter_socket
sys_enter_setsockopt
sys_enter_bind
sys_enter_close
sys_enter_close
sys_enter_getpid
sys_enter_getppid
sys_enter_mmap
sys_enter_mmap
sys_enter_getppid
sys_enter_openat
sys_enter_pipe2
sys_enter_getpid
sys_enter_clone
sys_enter_setsid
sys_enter_close
sys_enter_read
sys_enter_chdir
sys_enter_execve
sys_enter_close
sys_enter_exit_group
sys_enter_mmap
sys_enter_mmap
sys_enter_mprotect
sys_enter_mmap
sys_enter_mmap
sys_enter_mprotect
sys_enter_mmap
sys_enter_mprotect
sys_enter_mmap
sys_enter_mprotect
sys_enter_mmap
sys_enter_mmap
sys_enter_close
sys_enter_munmap
sys_enter_sched_getaffinity
sys_enter_mmap
sys_enter_munmap
sys_enter_mmap
sys_enter_mmap
sys_enter_mmap
sys_enter_mmap
sys_enter_mmap
sys_enter_mmap
sys_enter_rt_sigprocmask
sys_enter_sigaltstack
sys_enter_sigaltstack
sys_enter_gettid
sys_enter_rt_sigprocmask
sys_enter_rt_sigaction
sys_enter_rt_sigaction
sys_enter_rt_sigaction
sys_enter_rt_sigaction
sys_enter_rt_sigaction
sys_enter_rt_sigaction
sys_enter_rt_sigaction
sys_enter_rt_sigaction
sys_enter_rt_sigaction
sys_enter_rt_sigaction
sys_enter_rt_sigaction
sys_enter_rt_sigaction
sys_enter_rt_sigaction
sys_enter_rt_sigaction
sys_enter_rt_sigaction
sys_enter_rt_sigaction
sys_enter_rt_sigaction
sys_enter_rt_sigaction
sys_enter_rt_sigaction
sys_enter_rt_sigaction
sys_enter_rt_sigaction
sys_enter_rt_sigaction
sys_enter_rt_sigaction
sys_enter_rt_sigaction
sys_enter_rt_sigaction
sys_enter_rt_sigaction
sys_enter_rt_sigaction
sys_enter_rt_sigaction
sys_enter_rt_sigaction
sys_enter_rt_sigaction
sys_enter_rt_sigaction
sys_enter_rt_sigaction
sys_enter_rt_sigaction
sys_enter_rt_sigaction
sys_enter_rt_sigaction
sys_enter_rt_sigaction
sys_enter_rt_sigaction
sys_enter_rt_sigaction
sys_enter_rt_sigaction
sys_enter_rt_sigaction
sys_enter_rt_sigaction
sys_enter_rt_sigaction
sys_enter_rt_sigaction
sys_enter_rt_sigaction
sys_enter_rt_sigaction
sys_enter_rt_sigaction
sys_enter_rt_sigaction
sys_enter_rt_sigaction
sys_enter_rt_sigaction
sys_enter_rt_sigaction
sys_enter_rt_sigaction
sys_enter_rt_sigaction
sys_enter_rt_sigaction
sys_enter_rt_sigaction
sys_enter_rt_sigaction
sys_enter_rt_sigaction
sys_enter_rt_sigaction
sys_enter_rt_sigaction
sys_enter_rt_sigaction
sys_enter_rt_sigaction
sys_enter_rt_sigaction
sys_enter_rt_sigaction
sys_enter_rt_sigaction
sys_enter_rt_sigaction
sys_enter_rt_sigaction
sys_enter_rt_sigaction
sys_enter_rt_sigaction
sys_enter_rt_sigaction
sys_enter_rt_sigaction
sys_enter_rt_sigaction
sys_enter_rt_sigaction
sys_enter_rt_sigaction
sys_enter_rt_sigaction
sys_enter_rt_sigaction
sys_enter_rt_sigaction
sys_enter_rt_sigaction
sys_enter_rt_sigaction
sys_enter_rt_sigaction
sys_enter_rt_sigaction
sys_enter_rt_sigaction
sys_enter_rt_sigaction
sys_enter_rt_sigaction
sys_enter_rt_sigaction
sys_enter_rt_sigaction
sys_enter_rt_sigaction
sys_enter_rt_sigaction
sys_enter_rt_sigaction
sys_enter_rt_sigaction
sys_enter_rt_sigaction
sys_enter_rt_sigaction
sys_enter_rt_sigaction
sys_enter_rt_sigaction
sys_enter_rt_sigaction
sys_enter_rt_sigaction
sys_enter_rt_sigaction
sys_enter_rt_sigaction
sys_enter_rt_sigaction
sys_enter_rt_sigaction
sys_enter_rt_sigaction
sys_enter_rt_sigaction
sys_enter_rt_sigaction
sys_enter_rt_sigaction
sys_enter_rt_sigaction
sys_enter_rt_sigaction
sys_enter_rt_sigaction
sys_enter_rt_sigaction
sys_enter_rt_sigaction
sys_enter_rt_sigaction
sys_enter_rt_sigaction
sys_enter_rt_sigaction
sys_enter_rt_sigaction
sys_enter_rt_sigaction
sys_enter_rt_sigaction
sys_enter_rt_sigaction
sys_enter_rt_sigprocmask
sys_enter_clone
sys_enter_rt_sigprocmask
sys_enter_gettid
sys_enter_sigaltstack
sys_enter_sigaltstack
sys_enter_gettid
sys_enter_rt_sigprocmask
sys_enter_clone
sys_enter_rt_sigprocmask
sys_enter_rt_sigprocmask
sys_enter_gettid
sys_enter_sigaltstack
sys_enter_sigaltstack
sys_enter_gettid
sys_enter_rt_sigprocmask
sys_enter_rt_sigprocmask
sys_enter_clone
sys_enter_rt_sigprocmask
sys_enter_clone
sys_enter_rt_sigprocmask
sys_enter_futex
sys_enter_gettid
sys_enter_sigaltstack
sys_enter_sigaltstack
sys_enter_gettid
sys_enter_rt_sigprocmask
sys_enter_rt_sigprocmask
sys_enter_futex
sys_enter_futex
sys_enter_futex
sys_enter_gettid
sys_enter_sigaltstack
sys_enter_sigaltstack
sys_enter_gettid
sys_enter_rt_sigprocmask
sys_enter_futex
sys_enter_futex
sys_enter_mmap
sys_enter_futex
sys_enter_futex
sys_enter_futex
sys_enter_openat
sys_enter_read
sys_enter_read
sys_enter_close
sys_enter_socket
sys_enter_close
sys_enter_socket
sys_enter_setsockopt
sys_enter_bind
sys_enter_socket
sys_enter_setsockopt
sys_enter_bind
sys_enter_close
sys_enter_close
sys_enter_getpid
sys_enter_getppid
sys_enter_mmap
sys_enter_mmap
sys_enter_getppid
sys_enter_openat
sys_enter_pipe2
sys_enter_getpid
sys_enter_clone
sys_enter_setsid
sys_enter_close
sys_enter_read
sys_enter_chdir
sys_enter_execve
sys_enter_close
sys_enter_exit_group
sys_enter_mmap
sys_enter_mmap
sys_enter_mprotect
sys_enter_mmap
sys_enter_mmap
sys_enter_mprotect
sys_enter_mmap
sys_enter_mprotect
sys_enter_mmap
sys_enter_mprotect
sys_enter_mmap
sys_enter_mmap
sys_enter_close
sys_enter_munmap
sys_enter_sched_getaffinity
sys_enter_mmap
sys_enter_munmap
sys_enter_mmap
sys_enter_mmap
sys_enter_mmap
sys_enter_mmap
sys_enter_mmap
sys_enter_mmap
sys_enter_rt_sigprocmask
sys_enter_sigaltstack
sys_enter_sigaltstack
sys_enter_gettid
sys_enter_rt_sigprocmask
sys_enter_rt_sigaction
sys_enter_rt_sigaction
sys_enter_rt_sigaction
sys_enter_rt_sigaction
sys_enter_rt_sigaction
sys_enter_rt_sigaction
sys_enter_rt_sigaction
sys_enter_rt_sigaction
sys_enter_rt_sigaction
sys_enter_rt_sigaction
sys_enter_rt_sigaction
sys_enter_rt_sigaction
sys_enter_rt_sigaction
sys_enter_rt_sigaction
sys_enter_rt_sigaction
sys_enter_rt_sigaction
sys_enter_rt_sigaction
sys_enter_rt_sigaction
sys_enter_rt_sigaction
sys_enter_rt_sigaction
sys_enter_rt_sigaction
sys_enter_rt_sigaction
sys_enter_rt_sigaction
sys_enter_rt_sigaction
sys_enter_rt_sigaction
sys_enter_rt_sigaction
sys_enter_rt_sigaction
sys_enter_rt_sigaction
sys_enter_rt_sigaction
sys_enter_rt_sigaction
sys_enter_rt_sigaction
sys_enter_rt_sigaction
sys_enter_rt_sigaction
sys_enter_rt_sigaction
sys_enter_rt_sigaction
sys_enter_rt_sigaction
sys_enter_rt_sigaction
sys_enter_rt_sigaction
sys_enter_rt_sigaction
sys_enter_rt_sigaction
sys_enter_rt_sigaction
sys_enter_rt_sigaction
sys_enter_rt_sigaction
sys_enter_rt_sigaction
sys_enter_rt_sigaction
sys_enter_rt_sigaction
sys_enter_rt_sigaction
sys_enter_rt_sigaction
sys_enter_rt_sigaction
sys_enter_rt_sigaction
sys_enter_rt_sigaction
sys_enter_rt_sigaction
sys_enter_rt_sigaction
sys_enter_rt_sigaction
sys_enter_rt_sigaction
sys_enter_rt_sigaction
sys_enter_rt_sigaction
sys_enter_rt_sigaction
sys_enter_rt_sigaction
sys_enter_rt_sigaction
sys_enter_rt_sigaction
sys_enter_rt_sigaction
sys_enter_rt_sigaction
sys_enter_rt_sigaction
sys_enter_rt_sigaction
sys_enter_rt_sigaction
sys_enter_rt_sigaction
sys_enter_rt_sigaction
sys_enter_rt_sigaction
sys_enter_rt_sigaction
sys_enter_rt_sigaction
sys_enter_rt_sigaction
sys_enter_rt_sigaction
sys_enter_rt_sigaction
sys_enter_rt_sigaction
sys_enter_rt_sigaction
sys_enter_rt_sigaction
sys_enter_rt_sigaction
sys_enter_rt_sigaction
sys_enter_rt_sigaction
sys_enter_rt_sigaction
sys_enter_rt_sigaction
sys_enter_rt_sigaction
sys_enter_rt_sigaction
sys_enter_rt_sigaction
sys_enter_rt_sigaction
sys_enter_rt_sigaction
sys_enter_rt_sigaction
sys_enter_rt_sigaction
sys_enter_rt_sigaction
sys_enter_rt_sigaction
sys_enter_rt_sigaction
sys_enter_rt_sigaction
sys_enter_rt_sigaction
sys_enter_rt_sigaction
sys_enter_rt_sigaction
sys_enter_rt_sigaction
sys_enter_rt_sigaction
sys_enter_rt_sigaction
sys_enter_rt_sigaction
sys_enter_rt_sigaction
sys_enter_rt_sigaction
sys_enter_rt_sigaction
sys_enter_rt_sigaction
sys_enter_rt_sigaction
sys_enter_rt_sigaction
sys_enter_rt_sigaction
sys_enter_rt_sigaction
sys_enter_rt_sigaction
sys_enter_rt_sigaction
sys_enter_rt_sigaction
sys_enter_rt_sigaction
sys_enter_rt_sigaction
sys_enter_rt_sigaction
sys_enter_rt_sigprocmask
sys_enter_clone
sys_enter_rt_sigprocmask
sys_enter_gettid
sys_enter_sigaltstack
sys_enter_sigaltstack
sys_enter_gettid
sys_enter_rt_sigprocmask
sys_enter_rt_sigprocmask
sys_enter_clone
sys_enter_rt_sigprocmask
sys_enter_gettid
sys_enter_sigaltstack
sys_enter_sigaltstack
sys_enter_gettid
sys_enter_rt_sigprocmask
sys_enter_clone
sys_enter_rt_sigprocmask
sys_enter_rt_sigprocmask
sys_enter_futex
sys_enter_gettid
sys_enter_sigaltstack
sys_enter_sigaltstack
sys_enter_gettid
sys_enter_rt_sigprocmask
sys_enter_clone
sys_enter_rt_sigprocmask
sys_enter_futex
sys_enter_futex
sys_enter_rt_sigprocmask
sys_enter_gettid
sys_enter_futex
sys_enter_sigaltstack
sys_enter_sigaltstack
sys_enter_gettid
sys_enter_rt_sigprocmask
sys_enter_futex
sys_enter_futex
sys_enter_mmap
sys_enter_futex
sys_enter_futex
sys_enter_futex
sys_enter_openat
sys_enter_futex
sys_enter_futex
sys_enter_read
sys_enter_read
sys_enter_close
sys_enter_socket
sys_enter_close
sys_enter_socket
sys_enter_setsockopt
sys_enter_bind
sys_enter_socket
sys_enter_setsockopt
sys_enter_bind
sys_enter_close
sys_enter_close
sys_enter_getpid
sys_enter_getppid
sys_enter_mmap
sys_enter_mmap
sys_enter_getppid
sys_enter_openat
sys_enter_pipe2
sys_enter_getpid
sys_enter_clone
sys_enter_setsid
sys_enter_close
sys_enter_read
sys_enter_chdir
sys_enter_execve
sys_enter_close
sys_enter_exit_group
sys_enter_mmap
sys_enter_mmap
sys_enter_mprotect
sys_enter_mmap
sys_enter_mmap
sys_enter_mprotect
sys_enter_mmap
sys_enter_mprotect
sys_enter_mmap
sys_enter_mprotect
sys_enter_mmap
sys_enter_mmap
sys_enter_close
sys_enter_munmap
sys_enter_sched_getaffinity
sys_enter_mmap
sys_enter_munmap
sys_enter_mmap
sys_enter_mmap
sys_enter_mmap
sys_enter_mmap
sys_enter_mmap
sys_enter_mmap
sys_enter_rt_sigprocmask
sys_enter_sigaltstack
sys_enter_sigaltstack
sys_enter_gettid
sys_enter_rt_sigprocmask
sys_enter_rt_sigaction
sys_enter_rt_sigaction
sys_enter_rt_sigaction
sys_enter_rt_sigaction
sys_enter_rt_sigaction
sys_enter_rt_sigaction
sys_enter_rt_sigaction
sys_enter_rt_sigaction
sys_enter_rt_sigaction
sys_enter_rt_sigaction
sys_enter_rt_sigaction
sys_enter_rt_sigaction
sys_enter_rt_sigaction
sys_enter_rt_sigaction
sys_enter_rt_sigaction
sys_enter_rt_sigaction
sys_enter_rt_sigaction
sys_enter_rt_sigaction
sys_enter_rt_sigaction
sys_enter_rt_sigaction
sys_enter_rt_sigaction
sys_enter_rt_sigaction
sys_enter_rt_sigaction
sys_enter_rt_sigaction
sys_enter_rt_sigaction
sys_enter_rt_sigaction
sys_enter_rt_sigaction
sys_enter_rt_sigaction
sys_enter_rt_sigaction
sys_enter_rt_sigaction
sys_enter_rt_sigaction
sys_enter_rt_sigaction
sys_enter_rt_sigaction
sys_enter_rt_sigaction
sys_enter_rt_sigaction
sys_enter_rt_sigaction
sys_enter_rt_sigaction
sys_enter_rt_sigaction
sys_enter_rt_sigaction
sys_enter_rt_sigaction
sys_enter_rt_sigaction
sys_enter_rt_sigaction
sys_enter_rt_sigaction
sys_enter_rt_sigaction
sys_enter_rt_sigaction
sys_enter_rt_sigaction
sys_enter_rt_sigaction
sys_enter_rt_sigaction
sys_enter_rt_sigaction
sys_enter_rt_sigaction
sys_enter_rt_sigaction
sys_enter_rt_sigaction
sys_enter_rt_sigaction
sys_enter_rt_sigaction
sys_enter_rt_sigaction
sys_enter_rt_sigaction
sys_enter_rt_sigaction
sys_enter_rt_sigaction
sys_enter_rt_sigaction
sys_enter_rt_sigaction
sys_enter_rt_sigaction
sys_enter_rt_sigaction
sys_enter_rt_sigaction
sys_enter_rt_sigaction
sys_enter_rt_sigaction
sys_enter_rt_sigaction
sys_enter_rt_sigaction
sys_enter_rt_sigaction
sys_enter_rt_sigaction
sys_enter_rt_sigaction
sys_enter_rt_sigaction
sys_enter_rt_sigaction
sys_enter_rt_sigaction
sys_enter_rt_sigaction
sys_enter_rt_sigaction
sys_enter_rt_sigaction
sys_enter_rt_sigaction
sys_enter_rt_sigaction
sys_enter_rt_sigaction
sys_enter_rt_sigaction
sys_enter_rt_sigaction
sys_enter_rt_sigaction
sys_enter_rt_sigaction
sys_enter_rt_sigaction
sys_enter_rt_sigaction
sys_enter_rt_sigaction
sys_enter_rt_sigaction
sys_enter_rt_sigaction
sys_enter_rt_sigaction
sys_enter_rt_sigaction
sys_enter_rt_sigaction
sys_enter_rt_sigaction
sys_enter_rt_sigaction
sys_enter_rt_sigaction
sys_enter_rt_sigaction
sys_enter_rt_sigaction
sys_enter_rt_sigaction
sys_enter_rt_sigaction
sys_enter_rt_sigaction
sys_enter_rt_sigaction
sys_enter_rt_sigaction
sys_enter_rt_sigaction
sys_enter_rt_sigaction
sys_enter_rt_sigaction
sys_enter_rt_sigaction
sys_enter_rt_sigaction
sys_enter_rt_sigaction
sys_enter_rt_sigaction
sys_enter_rt_sigaction
sys_enter_rt_sigaction
sys_enter_rt_sigaction
sys_enter_rt_sigaction
sys_enter_rt_sigaction
sys_enter_rt_sigaction
sys_enter_rt_sigprocmask
sys_enter_clone
sys_enter_rt_sigprocmask
sys_enter_gettid
sys_enter_sigaltstack
sys_enter_sigaltstack
sys_enter_gettid
sys_enter_rt_sigprocmask
sys_enter_rt_sigprocmask
sys_enter_clone
sys_enter_rt_sigprocmask
sys_enter_gettid
sys_enter_sigaltstack
sys_enter_sigaltstack
sys_enter_gettid
sys_enter_rt_sigprocmask
sys_enter_rt_sigprocmask
sys_enter_clone
sys_enter_rt_sigprocmask
sys_enter_futex
sys_enter_rt_sigprocmask
sys_enter_clone
sys_enter_rt_sigprocmask
sys_enter_futex
sys_enter_gettid
sys_enter_sigaltstack
sys_enter_sigaltstack
sys_enter_gettid
sys_enter_rt_sigprocmask
sys_enter_futex
sys_enter_futex
sys_enter_gettid
sys_enter_sigaltstack
sys_enter_sigaltstack
sys_enter_gettid
sys_enter_rt_sigprocmask
sys_enter_futex
sys_enter_futex
sys_enter_mmap
sys_enter_futex
sys_enter_futex
sys_enter_futex
sys_enter_openat
sys_enter_futex
sys_enter_futex
sys_enter_read
sys_enter_read
sys_enter_close
sys_enter_socket
sys_enter_close
sys_enter_socket
sys_enter_setsockopt
sys_enter_bind
sys_enter_socket
sys_enter_setsockopt
sys_enter_bind
sys_enter_close
sys_enter_close
sys_enter_mmap
sys_enter_mmap
sys_enter_getpid
sys_enter_getppid
sys_enter_mmap
sys_enter_mmap
sys_enter_getppid
sys_enter_openat
sys_enter_pipe2
sys_enter_getpid
sys_enter_clone
sys_enter_setsid
sys_enter_close
sys_enter_read
sys_enter_chdir
sys_enter_execve
sys_enter_close
sys_enter_mmap
sys_enter_exit_group
sys_enter_mmap
sys_enter_mprotect
sys_enter_mmap
sys_enter_mmap
sys_enter_mprotect
sys_enter_mmap
sys_enter_mprotect
sys_enter_mmap
sys_enter_mprotect
sys_enter_mmap
sys_enter_mmap
sys_enter_close
sys_enter_munmap
sys_enter_sched_getaffinity
sys_enter_mmap
sys_enter_munmap
sys_enter_mmap
sys_enter_mmap
sys_enter_mmap
sys_enter_mmap
sys_enter_mmap
sys_enter_mmap
sys_enter_rt_sigprocmask
sys_enter_sigaltstack
sys_enter_sigaltstack
sys_enter_gettid
sys_enter_rt_sigprocmask
sys_enter_rt_sigaction
sys_enter_rt_sigaction
sys_enter_rt_sigaction
sys_enter_rt_sigaction
sys_enter_rt_sigaction
sys_enter_rt_sigaction
sys_enter_rt_sigaction
sys_enter_rt_sigaction
sys_enter_rt_sigaction
sys_enter_rt_sigaction
sys_enter_rt_sigaction
sys_enter_rt_sigaction
sys_enter_rt_sigaction
sys_enter_rt_sigaction
sys_enter_rt_sigaction
sys_enter_rt_sigaction
sys_enter_rt_sigaction
sys_enter_rt_sigaction
sys_enter_rt_sigaction
sys_enter_rt_sigaction
sys_enter_rt_sigaction
sys_enter_rt_sigaction
sys_enter_rt_sigaction
sys_enter_rt_sigaction
sys_enter_rt_sigaction
sys_enter_rt_sigaction
sys_enter_rt_sigaction
sys_enter_rt_sigaction
sys_enter_rt_sigaction
sys_enter_rt_sigaction
sys_enter_rt_sigaction
sys_enter_rt_sigaction
sys_enter_rt_sigaction
sys_enter_rt_sigaction
sys_enter_rt_sigaction
sys_enter_rt_sigaction
sys_enter_rt_sigaction
sys_enter_rt_sigaction
sys_enter_rt_sigaction
sys_enter_rt_sigaction
sys_enter_rt_sigaction
sys_enter_rt_sigaction
sys_enter_rt_sigaction
sys_enter_rt_sigaction
sys_enter_rt_sigaction
sys_enter_rt_sigaction
sys_enter_rt_sigaction
sys_enter_rt_sigaction
sys_enter_rt_sigaction
sys_enter_rt_sigaction
sys_enter_rt_sigaction
sys_enter_rt_sigaction
sys_enter_rt_sigaction
sys_enter_rt_sigaction
sys_enter_rt_sigaction
sys_enter_rt_sigaction
sys_enter_rt_sigaction
sys_enter_rt_sigaction
sys_enter_rt_sigaction
sys_enter_rt_sigaction
sys_enter_rt_sigaction
sys_enter_rt_sigaction
sys_enter_rt_sigaction
sys_enter_rt_sigaction
sys_enter_rt_sigaction
sys_enter_rt_sigaction
sys_enter_rt_sigaction
sys_enter_rt_sigaction
sys_enter_rt_sigaction
sys_enter_rt_sigaction
sys_enter_rt_sigaction
sys_enter_rt_sigaction
sys_enter_rt_sigaction
sys_enter_rt_sigaction
sys_enter_rt_sigaction
sys_enter_rt_sigaction
sys_enter_rt_sigaction
sys_enter_rt_sigaction
sys_enter_rt_sigaction
sys_enter_rt_sigaction
sys_enter_rt_sigaction
sys_enter_rt_sigaction
sys_enter_rt_sigaction
sys_enter_rt_sigaction
sys_enter_rt_sigaction
sys_enter_rt_sigaction
sys_enter_rt_sigaction
sys_enter_rt_sigaction
sys_enter_rt_sigaction
sys_enter_rt_sigaction
sys_enter_rt_sigaction
sys_enter_rt_sigaction
sys_enter_rt_sigaction
sys_enter_rt_sigaction
sys_enter_rt_sigaction
sys_enter_rt_sigaction
sys_enter_rt_sigaction
sys_enter_rt_sigaction
sys_enter_rt_sigaction
sys_enter_rt_sigaction
sys_enter_rt_sigaction
sys_enter_rt_sigaction
sys_enter_rt_sigaction
sys_enter_rt_sigaction
sys_enter_rt_sigaction
sys_enter_rt_sigaction
sys_enter_rt_sigaction
sys_enter_rt_sigaction
sys_enter_rt_sigaction
sys_enter_rt_sigaction
sys_enter_rt_sigaction
sys_enter_rt_sigaction
sys_enter_rt_sigaction
sys_enter_rt_sigaction
sys_enter_rt_sigprocmask
sys_enter_clone
sys_enter_rt_sigprocmask
sys_enter_rt_sigprocmask
sys_enter_clone
sys_enter_rt_sigprocmask
sys_enter_gettid
sys_enter_sigaltstack
sys_enter_sigaltstack
sys_enter_gettid
sys_enter_rt_sigprocmask
sys_enter_rt_sigprocmask
sys_enter_clone
sys_enter_gettid
sys_enter_sigaltstack
sys_enter_sigaltstack
sys_enter_rt_sigprocmask
sys_enter_clone
sys_enter_gettid
sys_enter_rt_sigprocmask
sys_enter_rt_sigprocmask
sys_enter_futex
sys_enter_gettid
sys_enter_sigaltstack
sys_enter_rt_sigprocmask
sys_enter_sigaltstack
sys_enter_gettid
sys_enter_rt_sigprocmask
sys_enter_gettid
sys_enter_futex
sys_enter_sigaltstack
sys_enter_sigaltstack
sys_enter_futex
sys_enter_gettid
sys_enter_rt_sigprocmask
sys_enter_futex
sys_enter_futex
sys_enter_futex
sys_enter_mmap
sys_enter_futex
sys_enter_futex
sys_enter_futex
sys_enter_openat
sys_enter_read
sys_enter_read
sys_enter_close
sys_enter_socket
sys_enter_close
sys_enter_socket
sys_enter_setsockopt
sys_enter_bind
sys_enter_socket
sys_enter_setsockopt
sys_enter_bind
sys_enter_close
sys_enter_close
sys_enter_getpid
sys_enter_getppid
sys_enter_mmap
sys_enter_mmap
sys_enter_getppid
sys_enter_openat
sys_enter_pipe2
sys_enter_getpid
sys_enter_clone
sys_enter_setsid
sys_enter_close
sys_enter_read
sys_enter_chdir
sys_enter_execve
sys_enter_close
sys_enter_exit_group
sys_enter_mmap
sys_enter_mmap
sys_enter_mprotect
sys_enter_mmap
sys_enter_mmap
sys_enter_mprotect
sys_enter_mmap
sys_enter_mprotect
sys_enter_mmap
sys_enter_mprotect
sys_enter_mmap
sys_enter_mmap
sys_enter_close
sys_enter_munmap
sys_enter_sched_getaffinity
sys_enter_mmap
sys_enter_munmap
sys_enter_mmap
sys_enter_mmap
sys_enter_mmap
sys_enter_mmap
sys_enter_mmap
sys_enter_mmap
sys_enter_rt_sigprocmask
sys_enter_sigaltstack
sys_enter_sigaltstack
sys_enter_gettid
sys_enter_rt_sigprocmask
sys_enter_rt_sigaction
sys_enter_rt_sigaction
sys_enter_rt_sigaction
sys_enter_rt_sigaction
sys_enter_rt_sigaction
sys_enter_rt_sigaction
sys_enter_rt_sigaction
sys_enter_rt_sigaction
sys_enter_rt_sigaction
sys_enter_rt_sigaction
sys_enter_rt_sigaction
sys_enter_rt_sigaction
sys_enter_rt_sigaction
sys_enter_rt_sigaction
sys_enter_rt_sigaction
sys_enter_rt_sigaction
sys_enter_rt_sigaction
sys_enter_rt_sigaction
sys_enter_rt_sigaction
sys_enter_rt_sigaction
sys_enter_rt_sigaction
sys_enter_rt_sigaction
sys_enter_rt_sigaction
sys_enter_rt_sigaction
sys_enter_rt_sigaction
sys_enter_rt_sigaction
sys_enter_rt_sigaction
sys_enter_rt_sigaction
sys_enter_rt_sigaction
sys_enter_rt_sigaction
sys_enter_rt_sigaction
sys_enter_rt_sigaction
sys_enter_rt_sigaction
sys_enter_rt_sigaction
sys_enter_rt_sigaction
sys_enter_rt_sigaction
sys_enter_rt_sigaction
sys_enter_rt_sigaction
sys_enter_rt_sigaction
sys_enter_rt_sigaction
sys_enter_rt_sigaction
sys_enter_rt_sigaction
sys_enter_rt_sigaction
sys_enter_rt_sigaction
sys_enter_rt_sigaction
sys_enter_rt_sigaction
sys_enter_rt_sigaction
sys_enter_rt_sigaction
sys_enter_rt_sigaction
sys_enter_rt_sigaction
sys_enter_rt_sigaction
sys_enter_rt_sigaction
sys_enter_rt_sigaction
sys_enter_rt_sigaction
sys_enter_rt_sigaction
sys_enter_rt_sigaction
sys_enter_rt_sigaction
sys_enter_rt_sigaction
sys_enter_rt_sigaction
sys_enter_rt_sigaction
sys_enter_rt_sigaction
sys_enter_rt_sigaction
sys_enter_rt_sigaction
sys_enter_rt_sigaction
sys_enter_rt_sigaction
sys_enter_rt_sigaction
sys_enter_rt_sigaction
sys_enter_rt_sigaction
sys_enter_rt_sigaction
sys_enter_rt_sigaction
sys_enter_rt_sigaction
sys_enter_rt_sigaction
sys_enter_rt_sigaction
sys_enter_rt_sigaction
sys_enter_rt_sigaction
sys_enter_rt_sigaction
sys_enter_rt_sigaction
sys_enter_rt_sigaction
sys_enter_rt_sigaction
sys_enter_rt_sigaction
sys_enter_rt_sigaction
sys_enter_rt_sigaction
sys_enter_rt_sigaction
sys_enter_rt_sigaction
sys_enter_rt_sigaction
sys_enter_rt_sigaction
sys_enter_rt_sigaction
sys_enter_rt_sigaction
sys_enter_rt_sigaction
sys_enter_rt_sigaction
sys_enter_rt_sigaction
sys_enter_rt_sigaction
sys_enter_rt_sigaction
sys_enter_rt_sigaction
sys_enter_rt_sigaction
sys_enter_rt_sigaction
sys_enter_rt_sigaction
sys_enter_rt_sigaction
sys_enter_rt_sigaction
sys_enter_rt_sigaction
sys_enter_rt_sigaction
sys_enter_rt_sigaction
sys_enter_rt_sigaction
sys_enter_rt_sigaction
sys_enter_rt_sigaction
sys_enter_rt_sigaction
sys_enter_rt_sigaction
sys_enter_rt_sigaction
sys_enter_rt_sigaction
sys_enter_rt_sigaction
sys_enter_rt_sigaction
sys_enter_rt_sigaction
sys_enter_rt_sigaction
sys_enter_rt_sigaction
sys_enter_rt_sigprocmask
sys_enter_clone
sys_enter_rt_sigprocmask
sys_enter_rt_sigprocmask
sys_enter_clone
sys_enter_gettid
sys_enter_rt_sigprocmask
sys_enter_sigaltstack
sys_enter_sigaltstack
sys_enter_gettid
sys_enter_rt_sigprocmask
sys_enter_rt_sigprocmask
sys_enter_clone
sys_enter_rt_sigprocmask
sys_enter_futex
sys_enter_gettid
sys_enter_sigaltstack
sys_enter_sigaltstack
sys_enter_gettid
sys_enter_rt_sigprocmask
sys_enter_gettid
sys_enter_sigaltstack
sys_enter_sigaltstack
sys_enter_futex
sys_enter_gettid
sys_enter_rt_sigprocmask
sys_enter_futex
sys_enter_mmap
sys_enter_rt_sigprocmask
sys_enter_clone
sys_enter_rt_sigprocmask
sys_enter_gettid
sys_enter_sigaltstack
sys_enter_sigaltstack
sys_enter_gettid
sys_enter_rt_sigprocmask
sys_enter_futex
sys_enter_futex
sys_enter_openat
sys_enter_read
sys_enter_read
sys_enter_close
sys_enter_socket
sys_enter_close
sys_enter_socket
sys_enter_setsockopt
sys_enter_bind
sys_enter_socket
sys_enter_setsockopt
sys_enter_bind
sys_enter_close
sys_enter_close
sys_enter_getpid
sys_enter_getppid
sys_enter_mmap
sys_enter_mmap
sys_enter_getppid
sys_enter_openat
sys_enter_pipe2
sys_enter_getpid
sys_enter_clone
sys_enter_setsid
sys_enter_close
sys_enter_read
sys_enter_chdir
sys_enter_execve
sys_enter_close
sys_enter_exit_group
sys_enter_mmap
sys_enter_mmap
sys_enter_mprotect
sys_enter_mmap
sys_enter_mmap
sys_enter_mprotect
sys_enter_mmap
sys_enter_mprotect
sys_enter_mmap
sys_enter_mprotect
sys_enter_mmap
sys_enter_mmap
sys_enter_close
sys_enter_munmap
sys_enter_sched_getaffinity
sys_enter_mmap
sys_enter_munmap
sys_enter_mmap
sys_enter_mmap
sys_enter_mmap
sys_enter_mmap
sys_enter_mmap
sys_enter_mmap
sys_enter_rt_sigprocmask
sys_enter_sigaltstack
sys_enter_sigaltstack
sys_enter_gettid
sys_enter_rt_sigprocmask
sys_enter_rt_sigaction
sys_enter_rt_sigaction
sys_enter_rt_sigaction
sys_enter_rt_sigaction
sys_enter_rt_sigaction
sys_enter_rt_sigaction
sys_enter_rt_sigaction
sys_enter_rt_sigaction
sys_enter_rt_sigaction
sys_enter_rt_sigaction
sys_enter_rt_sigaction
sys_enter_rt_sigaction
sys_enter_rt_sigaction
sys_enter_rt_sigaction
sys_enter_rt_sigaction
sys_enter_rt_sigaction
sys_enter_rt_sigaction
sys_enter_rt_sigaction
sys_enter_rt_sigaction
sys_enter_rt_sigaction
sys_enter_rt_sigaction
sys_enter_rt_sigaction
sys_enter_rt_sigaction
sys_enter_rt_sigaction
sys_enter_rt_sigaction
sys_enter_rt_sigaction
sys_enter_rt_sigaction
sys_enter_rt_sigaction
sys_enter_rt_sigaction
sys_enter_rt_sigaction
sys_enter_rt_sigaction
sys_enter_rt_sigaction
sys_enter_rt_sigaction
sys_enter_rt_sigaction
sys_enter_rt_sigaction
sys_enter_rt_sigaction
sys_enter_rt_sigaction
sys_enter_rt_sigaction
sys_enter_rt_sigaction
sys_enter_rt_sigaction
sys_enter_rt_sigaction
sys_enter_rt_sigaction
sys_enter_rt_sigaction
sys_enter_rt_sigaction
sys_enter_rt_sigaction
sys_enter_rt_sigaction
sys_enter_rt_sigaction
sys_enter_rt_sigaction
sys_enter_rt_sigaction
sys_enter_rt_sigaction
sys_enter_rt_sigaction
sys_enter_rt_sigaction
sys_enter_rt_sigaction
sys_enter_rt_sigaction
sys_enter_rt_sigaction
sys_enter_rt_sigaction
sys_enter_rt_sigaction
sys_enter_rt_sigaction
sys_enter_rt_sigaction
sys_enter_rt_sigaction
sys_enter_rt_sigaction
sys_enter_rt_sigaction
sys_enter_rt_sigaction
sys_enter_rt_sigaction
sys_enter_rt_sigaction
sys_enter_rt_sigaction
sys_enter_rt_sigaction
sys_enter_rt_sigaction
sys_enter_rt_sigaction
sys_enter_rt_sigaction
sys_enter_rt_sigaction
sys_enter_rt_sigaction
sys_enter_rt_sigaction
sys_enter_rt_sigaction
sys_enter_rt_sigaction
sys_enter_rt_sigaction
sys_enter_rt_sigaction
sys_enter_rt_sigaction
sys_enter_rt_sigaction
sys_enter_rt_sigaction
sys_enter_rt_sigaction
sys_enter_rt_sigaction
sys_enter_rt_sigaction
sys_enter_rt_sigaction
sys_enter_rt_sigaction
sys_enter_rt_sigaction
sys_enter_rt_sigaction
sys_enter_rt_sigaction
sys_enter_rt_sigaction
sys_enter_rt_sigaction
sys_enter_rt_sigaction
sys_enter_rt_sigaction
sys_enter_rt_sigaction
sys_enter_rt_sigaction
sys_enter_rt_sigaction
sys_enter_rt_sigaction
sys_enter_rt_sigaction
sys_enter_rt_sigaction
sys_enter_rt_sigaction
sys_enter_rt_sigaction
sys_enter_rt_sigaction
sys_enter_rt_sigaction
sys_enter_rt_sigaction
sys_enter_rt_sigaction
sys_enter_rt_sigaction
sys_enter_rt_sigaction
sys_enter_rt_sigaction
sys_enter_rt_sigaction
sys_enter_rt_sigaction
sys_enter_rt_sigaction
sys_enter_rt_sigaction
sys_enter_rt_sigaction
sys_enter_rt_sigaction
sys_enter_rt_sigaction
sys_enter_rt_sigprocmask
sys_enter_clone
sys_enter_rt_sigprocmask
sys_enter_gettid
sys_enter_sigaltstack
sys_enter_sigaltstack
sys_enter_gettid
sys_enter_rt_sigprocmask
sys_enter_rt_sigprocmask
sys_enter_clone
sys_enter_rt_sigprocmask
sys_enter_gettid
sys_enter_sigaltstack
sys_enter_sigaltstack
sys_enter_gettid
sys_enter_rt_sigprocmask
sys_enter_rt_sigprocmask
sys_enter_clone
sys_enter_rt_sigprocmask
sys_enter_futex
sys_enter_rt_sigprocmask
sys_enter_clone
sys_enter_gettid
sys_enter_sigaltstack
sys_enter_sigaltstack
sys_enter_gettid
sys_enter_rt_sigprocmask
sys_enter_rt_sigprocmask
sys_enter_gettid
sys_enter_futex
sys_enter_sigaltstack
sys_enter_sigaltstack
sys_enter_gettid
sys_enter_rt_sigprocmask
sys_enter_futex
sys_enter_futex
sys_enter_futex
sys_enter_futex
sys_enter_mmap
sys_enter_futex
sys_enter_futex
sys_enter_futex
sys_enter_openat
sys_enter_futex
sys_enter_futex
sys_enter_read
sys_enter_read
sys_enter_close
sys_enter_futex
sys_enter_futex
sys_enter_futex
sys_enter_futex
sys_enter_socket
sys_enter_close
sys_enter_socket
sys_enter_setsockopt
sys_enter_bind
sys_enter_socket
sys_enter_setsockopt
sys_enter_bind
sys_enter_close
sys_enter_close
sys_enter_mmap
sys_enter_getpid
sys_enter_getppid
sys_enter_mmap
sys_enter_mmap
sys_enter_getppid
sys_enter_openat
sys_enter_pipe2
sys_enter_getpid
sys_enter_clone
sys_enter_setsid
sys_enter_close
sys_enter_read
sys_enter_chdir
sys_enter_execve
sys_enter_close
sys_enter_exit_group
sys_enter_mmap
sys_enter_mmap
sys_enter_mprotect
sys_enter_mmap
sys_enter_mmap
sys_enter_mprotect
sys_enter_mmap
sys_enter_mprotect
sys_enter_mmap
sys_enter_mprotect
sys_enter_mmap
sys_enter_mmap
sys_enter_close
sys_enter_munmap
sys_enter_sched_getaffinity
sys_enter_mmap
sys_enter_munmap
sys_enter_mmap
sys_enter_mmap
sys_enter_mmap
sys_enter_mmap
sys_enter_mmap
sys_enter_mmap
sys_enter_rt_sigprocmask
sys_enter_sigaltstack
sys_enter_sigaltstack
sys_enter_gettid
sys_enter_rt_sigprocmask
sys_enter_rt_sigaction
sys_enter_rt_sigaction
sys_enter_rt_sigaction
sys_enter_rt_sigaction
sys_enter_rt_sigaction
sys_enter_rt_sigaction
sys_enter_rt_sigaction
sys_enter_rt_sigaction
sys_enter_rt_sigaction
sys_enter_rt_sigaction
sys_enter_rt_sigaction
sys_enter_rt_sigaction
sys_enter_rt_sigaction
sys_enter_rt_sigaction
sys_enter_rt_sigaction
sys_enter_rt_sigaction
sys_enter_rt_sigaction
sys_enter_rt_sigaction
sys_enter_rt_sigaction
sys_enter_rt_sigaction
sys_enter_rt_sigaction
sys_enter_rt_sigaction
sys_enter_rt_sigaction
sys_enter_rt_sigaction
sys_enter_rt_sigaction
sys_enter_rt_sigaction
sys_enter_rt_sigaction
sys_enter_rt_sigaction
sys_enter_rt_sigaction
sys_enter_rt_sigaction
sys_enter_rt_sigaction
sys_enter_rt_sigaction
sys_enter_rt_sigaction
sys_enter_rt_sigaction
sys_enter_rt_sigaction
sys_enter_rt_sigaction
sys_enter_rt_sigaction
sys_enter_rt_sigaction
sys_enter_rt_sigaction
sys_enter_rt_sigaction
sys_enter_rt_sigaction
sys_enter_rt_sigaction
sys_enter_rt_sigaction
sys_enter_rt_sigaction
sys_enter_rt_sigaction
sys_enter_rt_sigaction
sys_enter_rt_sigaction
sys_enter_rt_sigaction
sys_enter_rt_sigaction
sys_enter_rt_sigaction
sys_enter_rt_sigaction
sys_enter_rt_sigaction
sys_enter_rt_sigaction
sys_enter_rt_sigaction
sys_enter_rt_sigaction
sys_enter_rt_sigaction
sys_enter_rt_sigaction
sys_enter_rt_sigaction
sys_enter_rt_sigaction
sys_enter_rt_sigaction
sys_enter_rt_sigaction
sys_enter_rt_sigaction
sys_enter_rt_sigaction
sys_enter_rt_sigaction
sys_enter_rt_sigaction
sys_enter_rt_sigaction
sys_enter_rt_sigaction
sys_enter_rt_sigaction
sys_enter_rt_sigaction
sys_enter_rt_sigaction
sys_enter_rt_sigaction
sys_enter_rt_sigaction
sys_enter_rt_sigaction
sys_enter_rt_sigaction
sys_enter_rt_sigaction
sys_enter_rt_sigaction
sys_enter_rt_sigaction
sys_enter_rt_sigaction
sys_enter_rt_sigaction
sys_enter_rt_sigaction
sys_enter_rt_sigaction
sys_enter_rt_sigaction
sys_enter_rt_sigaction
sys_enter_rt_sigaction
sys_enter_rt_sigaction
sys_enter_rt_sigaction
sys_enter_rt_sigaction
sys_enter_rt_sigaction
sys_enter_rt_sigaction
sys_enter_rt_sigaction
sys_enter_rt_sigaction
sys_enter_rt_sigaction
sys_enter_rt_sigaction
sys_enter_rt_sigaction
sys_enter_rt_sigaction
sys_enter_rt_sigaction
sys_enter_rt_sigaction
sys_enter_rt_sigaction
sys_enter_rt_sigaction
sys_enter_rt_sigaction
sys_enter_rt_sigaction
sys_enter_rt_sigaction
sys_enter_rt_sigaction
sys_enter_rt_sigaction
sys_enter_rt_sigaction
sys_enter_rt_sigaction
sys_enter_rt_sigaction
sys_enter_rt_sigaction
sys_enter_rt_sigaction
sys_enter_rt_sigaction
sys_enter_rt_sigaction
sys_enter_rt_sigaction
sys_enter_rt_sigaction
sys_enter_rt_sigaction
sys_enter_rt_sigprocmask
sys_enter_clone
sys_enter_rt_sigprocmask
sys_enter_gettid
sys_enter_sigaltstack
sys_enter_sigaltstack
sys_enter_gettid
sys_enter_rt_sigprocmask
sys_enter_rt_sigprocmask
sys_enter_clone
sys_enter_rt_sigprocmask
sys_enter_gettid
sys_enter_sigaltstack
sys_enter_sigaltstack
sys_enter_gettid
sys_enter_rt_sigprocmask
sys_enter_rt_sigprocmask
sys_enter_clone
sys_enter_rt_sigprocmask
sys_enter_clone
sys_enter_rt_sigprocmask
sys_enter_rt_sigprocmask
sys_enter_futex
sys_enter_gettid
sys_enter_sigaltstack
sys_enter_sigaltstack
sys_enter_gettid
sys_enter_gettid
sys_enter_rt_sigprocmask
sys_enter_sigaltstack
sys_enter_sigaltstack
sys_enter_gettid
sys_enter_rt_sigprocmask
sys_enter_futex
sys_enter_futex
sys_enter_futex
sys_enter_futex
sys_enter_futex
sys_enter_mmap
sys_enter_futex
sys_enter_futex
sys_enter_futex
sys_enter_openat
sys_enter_read
sys_enter_read
sys_enter_close
sys_enter_socket
sys_enter_close
sys_enter_socket
sys_enter_setsockopt
sys_enter_bind
sys_enter_socket
sys_enter_setsockopt
sys_enter_bind
sys_enter_close
sys_enter_close
sys_enter_getpid
sys_enter_getppid
sys_enter_mmap
sys_enter_mmap
sys_enter_getppid
sys_enter_openat
sys_enter_pipe2
sys_enter_getpid
sys_enter_clone
sys_enter_setsid
sys_enter_chdir
sys_enter_close
sys_enter_read
sys_enter_execve
sys_enter_close
sys_enter_exit_group
sys_enter_mmap
sys_enter_mmap
sys_enter_mprotect
sys_enter_mmap
sys_enter_mmap
sys_enter_mprotect
sys_enter_mmap
sys_enter_mprotect
sys_enter_mmap
sys_enter_mprotect
sys_enter_mmap
sys_enter_mmap
sys_enter_close
sys_enter_munmap
sys_enter_sched_getaffinity
sys_enter_mmap
sys_enter_munmap
sys_enter_mmap
sys_enter_mmap
sys_enter_mmap
sys_enter_mmap
sys_enter_mmap
sys_enter_mmap
sys_enter_rt_sigprocmask
sys_enter_sigaltstack
sys_enter_sigaltstack
sys_enter_gettid
sys_enter_rt_sigprocmask
sys_enter_rt_sigaction
sys_enter_rt_sigaction
sys_enter_rt_sigaction
sys_enter_rt_sigaction
sys_enter_rt_sigaction
sys_enter_rt_sigaction
sys_enter_rt_sigaction
sys_enter_rt_sigaction
sys_enter_rt_sigaction
sys_enter_rt_sigaction
sys_enter_rt_sigaction
sys_enter_rt_sigaction
sys_enter_rt_sigaction
sys_enter_rt_sigaction
sys_enter_rt_sigaction
sys_enter_rt_sigaction
sys_enter_rt_sigaction
sys_enter_rt_sigaction
sys_enter_rt_sigaction
sys_enter_rt_sigaction
sys_enter_rt_sigaction
sys_enter_rt_sigaction
sys_enter_rt_sigaction
sys_enter_rt_sigaction
sys_enter_rt_sigaction
sys_enter_rt_sigaction
sys_enter_rt_sigaction
sys_enter_rt_sigaction
sys_enter_rt_sigaction
sys_enter_rt_sigaction
sys_enter_rt_sigaction
sys_enter_rt_sigaction
sys_enter_rt_sigaction
sys_enter_rt_sigaction
sys_enter_rt_sigaction
sys_enter_rt_sigaction
sys_enter_rt_sigaction
sys_enter_rt_sigaction
sys_enter_rt_sigaction
sys_enter_rt_sigaction
sys_enter_rt_sigaction
sys_enter_rt_sigaction
sys_enter_rt_sigaction
sys_enter_rt_sigaction
sys_enter_rt_sigaction
sys_enter_rt_sigaction
sys_enter_rt_sigaction
sys_enter_rt_sigaction
sys_enter_rt_sigaction
sys_enter_rt_sigaction
sys_enter_rt_sigaction
sys_enter_rt_sigaction
sys_enter_rt_sigaction
sys_enter_rt_sigaction
sys_enter_rt_sigaction
sys_enter_rt_sigaction
sys_enter_rt_sigaction
sys_enter_rt_sigaction
sys_enter_rt_sigaction
sys_enter_rt_sigaction
sys_enter_rt_sigaction
sys_enter_rt_sigaction
sys_enter_rt_sigaction
sys_enter_rt_sigaction
sys_enter_rt_sigaction
sys_enter_rt_sigaction
sys_enter_rt_sigaction
sys_enter_rt_sigaction
sys_enter_rt_sigaction
sys_enter_rt_sigaction
sys_enter_rt_sigaction
sys_enter_rt_sigaction
sys_enter_rt_sigaction
sys_enter_rt_sigaction
sys_enter_rt_sigaction
sys_enter_rt_sigaction
sys_enter_rt_sigaction
sys_enter_rt_sigaction
sys_enter_rt_sigaction
sys_enter_rt_sigaction
sys_enter_rt_sigaction
sys_enter_rt_sigaction
sys_enter_rt_sigaction
sys_enter_rt_sigaction
sys_enter_rt_sigaction
sys_enter_rt_sigaction
sys_enter_rt_sigaction
sys_enter_rt_sigaction
sys_enter_rt_sigaction
sys_enter_rt_sigaction
sys_enter_rt_sigaction
sys_enter_rt_sigaction
sys_enter_rt_sigaction
sys_enter_rt_sigaction
sys_enter_rt_sigaction
sys_enter_rt_sigaction
sys_enter_rt_sigaction
sys_enter_rt_sigaction
sys_enter_rt_sigaction
sys_enter_rt_sigaction
sys_enter_rt_sigaction
sys_enter_rt_sigaction
sys_enter_rt_sigaction
sys_enter_rt_sigaction
sys_enter_rt_sigaction
sys_enter_rt_sigaction
sys_enter_rt_sigaction
sys_enter_rt_sigaction
sys_enter_rt_sigaction
sys_enter_rt_sigaction
sys_enter_rt_sigaction
sys_enter_rt_sigaction
sys_enter_rt_sigaction
sys_enter_rt_sigaction
sys_enter_rt_sigprocmask
sys_enter_clone
sys_enter_rt_sigprocmask
sys_enter_gettid
sys_enter_sigaltstack
sys_enter_sigaltstack
sys_enter_gettid
sys_enter_rt_sigprocmask
sys_enter_rt_sigprocmask
sys_enter_clone
sys_enter_rt_sigprocmask
sys_enter_gettid
sys_enter_sigaltstack
sys_enter_sigaltstack
sys_enter_gettid
sys_enter_rt_sigprocmask
sys_enter_rt_sigprocmask
sys_enter_clone
sys_enter_rt_sigprocmask
sys_enter_clone
sys_enter_rt_sigprocmask
sys_enter_rt_sigprocmask
sys_enter_futex
sys_enter_gettid
sys_enter_sigaltstack
sys_enter_sigaltstack
sys_enter_gettid
sys_enter_gettid
sys_enter_sigaltstack
sys_enter_rt_sigprocmask
sys_enter_sigaltstack
sys_enter_gettid
sys_enter_rt_sigprocmask
sys_enter_futex
sys_enter_futex
sys_enter_futex
sys_enter_futex
sys_enter_futex
sys_enter_mmap
sys_enter_futex
sys_enter_futex
sys_enter_futex
sys_enter_openat
sys_enter_read
sys_enter_read
sys_enter_close
sys_enter_socket
sys_enter_close
sys_enter_socket
sys_enter_setsockopt
sys_enter_bind
sys_enter_socket
sys_enter_setsockopt
sys_enter_bind
sys_enter_close
sys_enter_close
sys_enter_getpid
sys_enter_getppid
sys_enter_mmap
sys_enter_mmap
sys_enter_getppid
sys_enter_openat
sys_enter_pipe2
sys_enter_getpid
sys_enter_clone
sys_enter_setsid
sys_enter_close
sys_enter_read
sys_enter_chdir
sys_enter_execve
sys_enter_close
sys_enter_mmap
sys_enter_exit_group
sys_enter_mmap
sys_enter_mprotect
sys_enter_mmap
sys_enter_mmap
sys_enter_mprotect
sys_enter_mmap
sys_enter_mprotect
sys_enter_mmap
sys_enter_mprotect
sys_enter_mmap
sys_enter_mmap
sys_enter_close
sys_enter_munmap
sys_enter_sched_getaffinity
sys_enter_mmap
sys_enter_munmap
sys_enter_mmap
sys_enter_mmap
sys_enter_mmap
sys_enter_mmap
sys_enter_mmap
sys_enter_mmap
sys_enter_rt_sigprocmask
sys_enter_sigaltstack
sys_enter_sigaltstack
sys_enter_gettid
sys_enter_rt_sigprocmask
sys_enter_rt_sigaction
sys_enter_rt_sigaction
sys_enter_rt_sigaction
sys_enter_rt_sigaction
sys_enter_rt_sigaction
sys_enter_rt_sigaction
sys_enter_rt_sigaction
sys_enter_rt_sigaction
sys_enter_rt_sigaction
sys_enter_rt_sigaction
sys_enter_rt_sigaction
sys_enter_rt_sigaction
sys_enter_rt_sigaction
sys_enter_rt_sigaction
sys_enter_rt_sigaction
sys_enter_rt_sigaction
sys_enter_rt_sigaction
sys_enter_rt_sigaction
sys_enter_rt_sigaction
sys_enter_rt_sigaction
sys_enter_rt_sigaction
sys_enter_rt_sigaction
sys_enter_rt_sigaction
sys_enter_rt_sigaction
sys_enter_rt_sigaction
sys_enter_rt_sigaction
sys_enter_rt_sigaction
sys_enter_rt_sigaction
sys_enter_rt_sigaction
sys_enter_rt_sigaction
sys_enter_rt_sigaction
sys_enter_rt_sigaction
sys_enter_rt_sigaction
sys_enter_rt_sigaction
sys_enter_rt_sigaction
sys_enter_rt_sigaction
sys_enter_rt_sigaction
sys_enter_rt_sigaction
sys_enter_rt_sigaction
sys_enter_rt_sigaction
sys_enter_rt_sigaction
sys_enter_rt_sigaction
sys_enter_rt_sigaction
sys_enter_rt_sigaction
sys_enter_rt_sigaction
sys_enter_rt_sigaction
sys_enter_rt_sigaction
sys_enter_rt_sigaction
sys_enter_rt_sigaction
sys_enter_rt_sigaction
sys_enter_rt_sigaction
sys_enter_rt_sigaction
sys_enter_rt_sigaction
sys_enter_rt_sigaction
sys_enter_rt_sigaction
sys_enter_rt_sigaction
sys_enter_rt_sigaction
sys_enter_rt_sigaction
sys_enter_rt_sigaction
sys_enter_rt_sigaction
sys_enter_rt_sigaction
sys_enter_rt_sigaction
sys_enter_rt_sigaction
sys_enter_rt_sigaction
sys_enter_rt_sigaction
sys_enter_rt_sigaction
sys_enter_rt_sigaction
sys_enter_rt_sigaction
sys_enter_rt_sigaction
sys_enter_rt_sigaction
sys_enter_rt_sigaction
sys_enter_rt_sigaction
sys_enter_rt_sigaction
sys_enter_rt_sigaction
sys_enter_rt_sigaction
sys_enter_rt_sigaction
sys_enter_rt_sigaction
sys_enter_rt_sigaction
sys_enter_rt_sigaction
sys_enter_rt_sigaction
sys_enter_rt_sigaction
sys_enter_rt_sigaction
sys_enter_rt_sigaction
sys_enter_rt_sigaction
sys_enter_rt_sigaction
sys_enter_rt_sigaction
sys_enter_rt_sigaction
sys_enter_rt_sigaction
sys_enter_rt_sigaction
sys_enter_rt_sigaction
sys_enter_rt_sigaction
sys_enter_rt_sigaction
sys_enter_rt_sigaction
sys_enter_rt_sigaction
sys_enter_rt_sigaction
sys_enter_rt_sigaction
sys_enter_rt_sigaction
sys_enter_rt_sigaction
sys_enter_rt_sigaction
sys_enter_rt_sigaction
sys_enter_rt_sigaction
sys_enter_rt_sigaction
sys_enter_rt_sigaction
sys_enter_rt_sigaction
sys_enter_rt_sigaction
sys_enter_rt_sigaction
sys_enter_rt_sigaction
sys_enter_rt_sigaction
sys_enter_rt_sigaction
sys_enter_rt_sigaction
sys_enter_rt_sigaction
sys_enter_rt_sigaction
sys_enter_rt_sigaction
sys_enter_rt_sigaction
sys_enter_rt_sigprocmask
sys_enter_clone
sys_enter_rt_sigprocmask
sys_enter_gettid
sys_enter_sigaltstack
sys_enter_sigaltstack
sys_enter_gettid
sys_enter_rt_sigprocmask
sys_enter_rt_sigprocmask
sys_enter_clone
sys_enter_rt_sigprocmask
sys_enter_rt_sigprocmask
sys_enter_gettid
sys_enter_sigaltstack
sys_enter_clone
sys_enter_sigaltstack
sys_enter_gettid
sys_enter_rt_sigprocmask
sys_enter_rt_sigprocmask
sys_enter_futex
sys_enter_gettid
sys_enter_sigaltstack
sys_enter_sigaltstack
sys_enter_gettid
sys_enter_rt_sigprocmask
sys_enter_rt_sigprocmask
sys_enter_clone
sys_enter_futex
sys_enter_rt_sigprocmask
sys_enter_futex
sys_enter_futex
sys_enter_gettid
sys_enter_sigaltstack
sys_enter_sigaltstack
sys_enter_gettid
sys_enter_rt_sigprocmask
sys_enter_futex
sys_enter_futex
sys_enter_futex
sys_enter_futex
sys_enter_futex
sys_enter_futex
sys_enter_futex
sys_enter_futex
sys_enter_mmap
sys_enter_futex
sys_enter_futex
sys_enter_futex
sys_enter_openat
sys_enter_read
sys_enter_read
sys_enter_close
sys_enter_socket
sys_enter_close
sys_enter_socket
sys_enter_setsockopt
sys_enter_bind
sys_enter_socket
sys_enter_setsockopt
sys_enter_bind
sys_enter_close
sys_enter_close
sys_enter_getpid
sys_enter_getppid
sys_enter_mmap
sys_enter_mmap
sys_enter_getppid
sys_enter_openat
sys_enter_pipe2
sys_enter_getpid
sys_enter_clone
sys_enter_setsid
sys_enter_close
sys_enter_read
sys_enter_chdir
sys_enter_execve
sys_enter_close
sys_enter_exit_group
sys_enter_mmap
sys_enter_mmap
sys_enter_mprotect
sys_enter_mmap
sys_enter_mmap
sys_enter_mprotect
sys_enter_mmap
sys_enter_mprotect
sys_enter_mmap
sys_enter_mprotect
sys_enter_mmap
sys_enter_mmap
sys_enter_close
sys_enter_munmap
sys_enter_sched_getaffinity
sys_enter_mmap
sys_enter_munmap
sys_enter_mmap
sys_enter_mmap
sys_enter_mmap
sys_enter_mmap
sys_enter_mmap
sys_enter_mmap
sys_enter_rt_sigprocmask
sys_enter_sigaltstack
sys_enter_sigaltstack
sys_enter_gettid
sys_enter_rt_sigprocmask
sys_enter_rt_sigaction
sys_enter_rt_sigaction
sys_enter_rt_sigaction
sys_enter_rt_sigaction
sys_enter_rt_sigaction
sys_enter_rt_sigaction
sys_enter_rt_sigaction
sys_enter_rt_sigaction
sys_enter_rt_sigaction
sys_enter_rt_sigaction
sys_enter_rt_sigaction
sys_enter_rt_sigaction
sys_enter_rt_sigaction
sys_enter_rt_sigaction
sys_enter_rt_sigaction
sys_enter_rt_sigaction
sys_enter_rt_sigaction
sys_enter_rt_sigaction
sys_enter_rt_sigaction
sys_enter_rt_sigaction
sys_enter_rt_sigaction
sys_enter_rt_sigaction
sys_enter_rt_sigaction
sys_enter_rt_sigaction
sys_enter_rt_sigaction
sys_enter_rt_sigaction
sys_enter_rt_sigaction
sys_enter_rt_sigaction
sys_enter_rt_sigaction
sys_enter_rt_sigaction
sys_enter_rt_sigaction
sys_enter_rt_sigaction
sys_enter_rt_sigaction
sys_enter_rt_sigaction
sys_enter_rt_sigaction
sys_enter_rt_sigaction
sys_enter_rt_sigaction
sys_enter_rt_sigaction
sys_enter_rt_sigaction
sys_enter_rt_sigaction
sys_enter_rt_sigaction
sys_enter_rt_sigaction
sys_enter_rt_sigaction
sys_enter_rt_sigaction
sys_enter_rt_sigaction
sys_enter_rt_sigaction
sys_enter_rt_sigaction
sys_enter_rt_sigaction
sys_enter_rt_sigaction
sys_enter_rt_sigaction
sys_enter_rt_sigaction
sys_enter_rt_sigaction
sys_enter_rt_sigaction
sys_enter_rt_sigaction
sys_enter_rt_sigaction
sys_enter_rt_sigaction
sys_enter_rt_sigaction
sys_enter_rt_sigaction
sys_enter_rt_sigaction
sys_enter_rt_sigaction
sys_enter_rt_sigaction
sys_enter_rt_sigaction
sys_enter_rt_sigaction
sys_enter_rt_sigaction
sys_enter_rt_sigaction
sys_enter_rt_sigaction
sys_enter_rt_sigaction
sys_enter_rt_sigaction
sys_enter_rt_sigaction
sys_enter_rt_sigaction
sys_enter_rt_sigaction
sys_enter_rt_sigaction
sys_enter_rt_sigaction
sys_enter_rt_sigaction
sys_enter_rt_sigaction
sys_enter_rt_sigaction
sys_enter_rt_sigaction
sys_enter_rt_sigaction
sys_enter_rt_sigaction
sys_enter_rt_sigaction
sys_enter_rt_sigaction
sys_enter_rt_sigaction
sys_enter_rt_sigaction
sys_enter_rt_sigaction
sys_enter_rt_sigaction
sys_enter_rt_sigaction
sys_enter_rt_sigaction
sys_enter_rt_sigaction
sys_enter_rt_sigaction
sys_enter_rt_sigaction
sys_enter_rt_sigaction
sys_enter_rt_sigaction
sys_enter_rt_sigaction
sys_enter_rt_sigaction
sys_enter_rt_sigaction
sys_enter_rt_sigaction
sys_enter_rt_sigaction
sys_enter_rt_sigaction
sys_enter_rt_sigaction
sys_enter_rt_sigaction
sys_enter_rt_sigaction
sys_enter_rt_sigaction
sys_enter_rt_sigaction
sys_enter_rt_sigaction
sys_enter_rt_sigaction
sys_enter_rt_sigaction
sys_enter_rt_sigaction
sys_enter_rt_sigaction
sys_enter_rt_sigaction
sys_enter_rt_sigaction
sys_enter_rt_sigaction
sys_enter_rt_sigaction
sys_enter_rt_sigaction
sys_enter_rt_sigaction
sys_enter_rt_sigprocmask
sys_enter_clone
sys_enter_rt_sigprocmask
sys_enter_gettid
sys_enter_sigaltstack
sys_enter_sigaltstack
sys_enter_gettid
sys_enter_rt_sigprocmask
sys_enter_rt_sigprocmask
sys_enter_clone
sys_enter_rt_sigprocmask
sys_enter_rt_sigprocmask
sys_enter_clone
sys_enter_rt_sigprocmask
sys_enter_futex
sys_enter_gettid
sys_enter_sigaltstack
sys_enter_sigaltstack
sys_enter_gettid
sys_enter_rt_sigprocmask
sys_enter_rt_sigprocmask
sys_enter_clone
sys_enter_rt_sigprocmask
sys_enter_gettid
sys_enter_sigaltstack
sys_enter_sigaltstack
sys_enter_gettid
sys_enter_rt_sigprocmask
sys_enter_futex
sys_enter_gettid
sys_enter_sigaltstack
sys_enter_sigaltstack
sys_enter_gettid
sys_enter_rt_sigprocmask
sys_enter_futex
sys_enter_futex
sys_enter_mmap
sys_enter_futex
sys_enter_futex
sys_enter_futex
sys_enter_openat
sys_enter_read
sys_enter_read
sys_enter_close
sys_enter_socket
sys_enter_close
sys_enter_socket
sys_enter_setsockopt
sys_enter_bind
sys_enter_socket
sys_enter_setsockopt
sys_enter_bind
sys_enter_close
sys_enter_close
sys_enter_getpid
sys_enter_getppid
sys_enter_mmap
sys_enter_mmap
sys_enter_getppid
sys_enter_openat
sys_enter_pipe2
sys_enter_getpid
sys_enter_clone
sys_enter_setsid
sys_enter_close
sys_enter_read
sys_enter_chdir
sys_enter_execve
sys_enter_close
sys_enter_exit_group
sys_enter_mmap
sys_enter_mmap
sys_enter_mprotect
sys_enter_mmap
sys_enter_mmap
sys_enter_mprotect
sys_enter_mmap
sys_enter_mprotect
sys_enter_mmap
sys_enter_mprotect
sys_enter_mmap
sys_enter_mmap
sys_enter_close
sys_enter_munmap
sys_enter_sched_getaffinity
sys_enter_mmap
sys_enter_munmap
sys_enter_mmap
sys_enter_mmap
sys_enter_mmap
sys_enter_mmap
sys_enter_mmap
sys_enter_mmap
sys_enter_rt_sigprocmask
sys_enter_sigaltstack
sys_enter_sigaltstack
sys_enter_gettid
sys_enter_rt_sigprocmask
sys_enter_rt_sigaction
sys_enter_rt_sigaction
sys_enter_rt_sigaction
sys_enter_rt_sigaction
sys_enter_rt_sigaction
sys_enter_rt_sigaction
sys_enter_rt_sigaction
sys_enter_rt_sigaction
sys_enter_rt_sigaction
sys_enter_rt_sigaction
sys_enter_rt_sigaction
sys_enter_rt_sigaction
sys_enter_rt_sigaction
sys_enter_rt_sigaction
sys_enter_rt_sigaction
sys_enter_rt_sigaction
sys_enter_rt_sigaction
sys_enter_rt_sigaction
sys_enter_rt_sigaction
sys_enter_rt_sigaction
sys_enter_rt_sigaction
sys_enter_rt_sigaction
sys_enter_rt_sigaction
sys_enter_rt_sigaction
sys_enter_rt_sigaction
sys_enter_rt_sigaction
sys_enter_rt_sigaction
sys_enter_rt_sigaction
sys_enter_rt_sigaction
sys_enter_rt_sigaction
sys_enter_rt_sigaction
sys_enter_rt_sigaction
sys_enter_rt_sigaction
sys_enter_rt_sigaction
sys_enter_rt_sigaction
sys_enter_rt_sigaction
sys_enter_rt_sigaction
sys_enter_rt_sigaction
sys_enter_rt_sigaction
sys_enter_rt_sigaction
sys_enter_rt_sigaction
sys_enter_rt_sigaction
sys_enter_rt_sigaction
sys_enter_rt_sigaction
sys_enter_rt_sigaction
sys_enter_rt_sigaction
sys_enter_rt_sigaction
sys_enter_rt_sigaction
sys_enter_rt_sigaction
sys_enter_rt_sigaction
sys_enter_rt_sigaction
sys_enter_rt_sigaction
sys_enter_rt_sigaction
sys_enter_rt_sigaction
sys_enter_rt_sigaction
sys_enter_rt_sigaction
sys_enter_rt_sigaction
sys_enter_rt_sigaction
sys_enter_rt_sigaction
sys_enter_rt_sigaction
sys_enter_rt_sigaction
sys_enter_rt_sigaction
sys_enter_rt_sigaction
sys_enter_rt_sigaction
sys_enter_rt_sigaction
sys_enter_rt_sigaction
sys_enter_rt_sigaction
sys_enter_rt_sigaction
sys_enter_rt_sigaction
sys_enter_rt_sigaction
sys_enter_rt_sigaction
sys_enter_rt_sigaction
sys_enter_rt_sigaction
sys_enter_rt_sigaction
sys_enter_rt_sigaction
sys_enter_rt_sigaction
sys_enter_rt_sigaction
sys_enter_rt_sigaction
sys_enter_rt_sigaction
sys_enter_rt_sigaction
sys_enter_rt_sigaction
sys_enter_rt_sigaction
sys_enter_rt_sigaction
sys_enter_rt_sigaction
sys_enter_rt_sigaction
sys_enter_rt_sigaction
sys_enter_rt_sigaction
sys_enter_rt_sigaction
sys_enter_rt_sigaction
sys_enter_rt_sigaction
sys_enter_rt_sigaction
sys_enter_rt_sigaction
sys_enter_rt_sigaction
sys_enter_rt_sigaction
sys_enter_rt_sigaction
sys_enter_rt_sigaction
sys_enter_rt_sigaction
sys_enter_rt_sigaction
sys_enter_rt_sigaction
sys_enter_rt_sigaction
sys_enter_rt_sigaction
sys_enter_rt_sigaction
sys_enter_rt_sigaction
sys_enter_rt_sigaction
sys_enter_rt_sigaction
sys_enter_rt_sigaction
sys_enter_rt_sigaction
sys_enter_rt_sigaction
sys_enter_rt_sigaction
sys_enter_rt_sigaction
sys_enter_rt_sigaction
sys_enter_rt_sigaction
sys_enter_rt_sigaction
sys_enter_rt_sigaction
sys_enter_rt_sigprocmask
sys_enter_clone
sys_enter_rt_sigprocmask
sys_enter_gettid
sys_enter_sigaltstack
sys_enter_sigaltstack
sys_enter_gettid
sys_enter_rt_sigprocmask
sys_enter_rt_sigprocmask
sys_enter_clone
sys_enter_rt_sigprocmask
sys_enter_gettid
sys_enter_sigaltstack
sys_enter_sigaltstack
sys_enter_gettid
sys_enter_rt_sigprocmask
sys_enter_rt_sigprocmask
sys_enter_clone
sys_enter_rt_sigprocmask
sys_enter_clone
sys_enter_rt_sigprocmask
sys_enter_futex
sys_enter_gettid
sys_enter_sigaltstack
sys_enter_sigaltstack
sys_enter_gettid
sys_enter_rt_sigprocmask
sys_enter_rt_sigprocmask
sys_enter_futex
sys_enter_gettid
sys_enter_futex
sys_enter_sigaltstack
sys_enter_futex
sys_enter_mmap
sys_enter_openat
sys_enter_read
sys_enter_read
sys_enter_close
sys_enter_socket
sys_enter_close
sys_enter_socket
sys_enter_setsockopt
sys_enter_bind
sys_enter_socket
sys_enter_setsockopt
sys_enter_bind
sys_enter_sigaltstack
sys_enter_gettid
sys_enter_rt_sigprocmask
sys_enter_close
sys_enter_close
sys_enter_futex
sys_enter_futex
sys_enter_futex
sys_enter_getpid
sys_enter_getppid
sys_enter_mmap
sys_enter_mmap
sys_enter_getppid
sys_enter_openat
sys_enter_pipe2
sys_enter_getpid
sys_enter_clone
sys_enter_setsid
sys_enter_close
sys_enter_read
sys_enter_chdir
sys_enter_execve
sys_enter_close
sys_enter_exit_group
sys_enter_mmap
sys_enter_mmap
sys_enter_mprotect
sys_enter_mmap
sys_enter_mmap
sys_enter_mprotect
sys_enter_mmap
sys_enter_mprotect
sys_enter_mmap
sys_enter_mprotect
sys_enter_mmap
sys_enter_mmap
sys_enter_close
sys_enter_munmap
sys_enter_sched_getaffinity
sys_enter_mmap
sys_enter_munmap
sys_enter_mmap
sys_enter_mmap
sys_enter_mmap
sys_enter_mmap
sys_enter_mmap
sys_enter_mmap
sys_enter_rt_sigprocmask
sys_enter_sigaltstack
sys_enter_sigaltstack
sys_enter_gettid
sys_enter_rt_sigprocmask
sys_enter_rt_sigaction
sys_enter_rt_sigaction
sys_enter_rt_sigaction
sys_enter_rt_sigaction
sys_enter_rt_sigaction
sys_enter_rt_sigaction
sys_enter_rt_sigaction
sys_enter_rt_sigaction
sys_enter_rt_sigaction
sys_enter_rt_sigaction
sys_enter_rt_sigaction
sys_enter_rt_sigaction
sys_enter_rt_sigaction
sys_enter_rt_sigaction
sys_enter_rt_sigaction
sys_enter_rt_sigaction
sys_enter_rt_sigaction
sys_enter_rt_sigaction
sys_enter_rt_sigaction
sys_enter_rt_sigaction
sys_enter_rt_sigaction
sys_enter_rt_sigaction
sys_enter_rt_sigaction
sys_enter_rt_sigaction
sys_enter_rt_sigaction
sys_enter_rt_sigaction
sys_enter_rt_sigaction
sys_enter_rt_sigaction
sys_enter_rt_sigaction
sys_enter_rt_sigaction
sys_enter_rt_sigaction
sys_enter_rt_sigaction
sys_enter_rt_sigaction
sys_enter_rt_sigaction
sys_enter_rt_sigaction
sys_enter_rt_sigaction
sys_enter_rt_sigaction
sys_enter_rt_sigaction
sys_enter_rt_sigaction
sys_enter_rt_sigaction
sys_enter_rt_sigaction
sys_enter_rt_sigaction
sys_enter_rt_sigaction
sys_enter_rt_sigaction
sys_enter_rt_sigaction
sys_enter_rt_sigaction
sys_enter_rt_sigaction
sys_enter_rt_sigaction
sys_enter_rt_sigaction
sys_enter_rt_sigaction
sys_enter_rt_sigaction
sys_enter_rt_sigaction
sys_enter_rt_sigaction
sys_enter_rt_sigaction
sys_enter_rt_sigaction
sys_enter_rt_sigaction
sys_enter_rt_sigaction
sys_enter_rt_sigaction
sys_enter_rt_sigaction
sys_enter_rt_sigaction
sys_enter_rt_sigaction
sys_enter_rt_sigaction
sys_enter_rt_sigaction
sys_enter_rt_sigaction
sys_enter_rt_sigaction
sys_enter_rt_sigaction
sys_enter_rt_sigaction
sys_enter_rt_sigaction
sys_enter_rt_sigaction
sys_enter_rt_sigaction
sys_enter_rt_sigaction
sys_enter_rt_sigaction
sys_enter_rt_sigaction
sys_enter_rt_sigaction
sys_enter_rt_sigaction
sys_enter_rt_sigaction
sys_enter_rt_sigaction
sys_enter_rt_sigaction
sys_enter_rt_sigaction
sys_enter_rt_sigaction
sys_enter_rt_sigaction
sys_enter_rt_sigaction
sys_enter_rt_sigaction
sys_enter_rt_sigaction
sys_enter_rt_sigaction
sys_enter_rt_sigaction
sys_enter_rt_sigaction
sys_enter_rt_sigaction
sys_enter_rt_sigaction
sys_enter_rt_sigaction
sys_enter_rt_sigaction
sys_enter_rt_sigaction
sys_enter_rt_sigaction
sys_enter_rt_sigaction
sys_enter_rt_sigaction
sys_enter_rt_sigaction
sys_enter_rt_sigaction
sys_enter_rt_sigaction
sys_enter_rt_sigaction
sys_enter_rt_sigaction
sys_enter_rt_sigaction
sys_enter_rt_sigaction
sys_enter_rt_sigaction
sys_enter_rt_sigaction
sys_enter_rt_sigaction
sys_enter_rt_sigaction
sys_enter_rt_sigaction
sys_enter_rt_sigaction
sys_enter_rt_sigaction
sys_enter_rt_sigaction
sys_enter_rt_sigaction
sys_enter_rt_sigaction
sys_enter_rt_sigaction
sys_enter_rt_sigaction
sys_enter_rt_sigprocmask
sys_enter_clone
sys_enter_rt_sigprocmask
sys_enter_gettid
sys_enter_sigaltstack
sys_enter_sigaltstack
sys_enter_gettid
sys_enter_rt_sigprocmask
sys_enter_rt_sigprocmask
sys_enter_clone
sys_enter_rt_sigprocmask
sys_enter_gettid
sys_enter_sigaltstack
sys_enter_sigaltstack
sys_enter_gettid
sys_enter_rt_sigprocmask
sys_enter_sched_yield
sys_enter_futex
sys_enter_sched_yield
sys_enter_rt_sigprocmask
sys_enter_clone
sys_enter_futex
sys_enter_rt_sigprocmask
sys_enter_clone
sys_enter_rt_sigprocmask
sys_enter_rt_sigprocmask
sys_enter_futex
sys_enter_gettid
sys_enter_sigaltstack
sys_enter_sigaltstack
sys_enter_gettid
sys_enter_rt_sigprocmask
sys_enter_gettid
sys_enter_futex
sys_enter_sigaltstack
sys_enter_sigaltstack
sys_enter_futex
sys_enter_gettid
sys_enter_rt_sigprocmask
sys_enter_futex
sys_enter_futex
sys_enter_futex
sys_enter_mmap
sys_enter_futex
sys_enter_futex
sys_enter_futex
sys_enter_openat
sys_enter_read
sys_enter_read
sys_enter_close
sys_enter_socket
sys_enter_close
sys_enter_socket
sys_enter_setsockopt
sys_enter_bind
sys_enter_socket
sys_enter_setsockopt
sys_enter_bind
sys_enter_close
sys_enter_close
sys_enter_getpid
sys_enter_getppid
sys_enter_mmap
sys_enter_mmap
sys_enter_getppid
sys_enter_openat
sys_enter_pipe2
sys_enter_getpid
sys_enter_clone
sys_enter_setsid
sys_enter_close
sys_enter_read
sys_enter_chdir
sys_enter_execve
sys_enter_close
sys_enter_exit_group
sys_enter_mmap
sys_enter_mmap
sys_enter_mprotect
sys_enter_mmap
sys_enter_mmap
sys_enter_mprotect
sys_enter_mmap
sys_enter_mprotect
sys_enter_mmap
sys_enter_mprotect
sys_enter_mmap
sys_enter_mmap
sys_enter_close
sys_enter_munmap
sys_enter_sched_getaffinity
sys_enter_mmap
sys_enter_munmap
sys_enter_mmap
sys_enter_mmap
sys_enter_mmap
sys_enter_mmap
sys_enter_mmap
sys_enter_mmap
sys_enter_rt_sigprocmask
sys_enter_sigaltstack
sys_enter_sigaltstack
sys_enter_gettid
sys_enter_rt_sigprocmask
sys_enter_rt_sigaction
sys_enter_rt_sigaction
sys_enter_rt_sigaction
sys_enter_rt_sigaction
sys_enter_rt_sigaction
sys_enter_rt_sigaction
sys_enter_rt_sigaction
sys_enter_rt_sigaction
sys_enter_rt_sigaction
sys_enter_rt_sigaction
sys_enter_rt_sigaction
sys_enter_rt_sigaction
sys_enter_rt_sigaction
sys_enter_rt_sigaction
sys_enter_rt_sigaction
sys_enter_rt_sigaction
sys_enter_rt_sigaction
sys_enter_rt_sigaction
sys_enter_rt_sigaction
sys_enter_rt_sigaction
sys_enter_rt_sigaction
sys_enter_rt_sigaction
sys_enter_rt_sigaction
sys_enter_rt_sigaction
sys_enter_rt_sigaction
sys_enter_rt_sigaction
sys_enter_rt_sigaction
sys_enter_rt_sigaction
sys_enter_rt_sigaction
sys_enter_rt_sigaction
sys_enter_rt_sigaction
sys_enter_rt_sigaction
sys_enter_rt_sigaction
sys_enter_rt_sigaction
sys_enter_rt_sigaction
sys_enter_rt_sigaction
sys_enter_rt_sigaction
sys_enter_rt_sigaction
sys_enter_rt_sigaction
sys_enter_rt_sigaction
sys_enter_rt_sigaction
sys_enter_rt_sigaction
sys_enter_rt_sigaction
sys_enter_rt_sigaction
sys_enter_rt_sigaction
sys_enter_rt_sigaction
sys_enter_rt_sigaction
sys_enter_rt_sigaction
sys_enter_rt_sigaction
sys_enter_rt_sigaction
sys_enter_rt_sigaction
sys_enter_rt_sigaction
sys_enter_rt_sigaction
sys_enter_rt_sigaction
sys_enter_rt_sigaction
sys_enter_rt_sigaction
sys_enter_rt_sigaction
sys_enter_rt_sigaction
sys_enter_rt_sigaction
sys_enter_rt_sigaction
sys_enter_rt_sigaction
sys_enter_rt_sigaction
sys_enter_rt_sigaction
sys_enter_rt_sigaction
sys_enter_rt_sigaction
sys_enter_rt_sigaction
sys_enter_rt_sigaction
sys_enter_rt_sigaction
sys_enter_rt_sigaction
sys_enter_rt_sigaction
sys_enter_rt_sigaction
sys_enter_rt_sigaction
sys_enter_rt_sigaction
sys_enter_rt_sigaction
sys_enter_rt_sigaction
sys_enter_rt_sigaction
sys_enter_rt_sigaction
sys_enter_rt_sigaction
sys_enter_rt_sigaction
sys_enter_rt_sigaction
sys_enter_rt_sigaction
sys_enter_rt_sigaction
sys_enter_rt_sigaction
sys_enter_rt_sigaction
sys_enter_rt_sigaction
sys_enter_rt_sigaction
sys_enter_rt_sigaction
sys_enter_rt_sigaction
sys_enter_rt_sigaction
sys_enter_rt_sigaction
sys_enter_rt_sigaction
sys_enter_rt_sigaction
sys_enter_rt_sigaction
sys_enter_rt_sigaction
sys_enter_rt_sigaction
sys_enter_rt_sigaction
sys_enter_rt_sigaction
sys_enter_rt_sigaction
sys_enter_rt_sigaction
sys_enter_rt_sigaction
sys_enter_rt_sigaction
sys_enter_rt_sigaction
sys_enter_rt_sigaction
sys_enter_rt_sigaction
sys_enter_rt_sigaction
sys_enter_rt_sigaction
sys_enter_rt_sigaction
sys_enter_rt_sigaction
sys_enter_rt_sigaction
sys_enter_rt_sigaction
sys_enter_rt_sigaction
sys_enter_rt_sigaction
sys_enter_rt_sigaction
sys_enter_rt_sigaction
sys_enter_rt_sigprocmask
sys_enter_clone
sys_enter_rt_sigprocmask
sys_enter_gettid
sys_enter_sigaltstack
sys_enter_sigaltstack
sys_enter_gettid
sys_enter_rt_sigprocmask
sys_enter_rt_sigprocmask
sys_enter_clone
sys_enter_rt_sigprocmask
sys_enter_gettid
sys_enter_sigaltstack
sys_enter_sigaltstack
sys_enter_rt_sigprocmask
sys_enter_clone
sys_enter_gettid
sys_enter_rt_sigprocmask
sys_enter_rt_sigprocmask
sys_enter_futex
sys_enter_gettid
sys_enter_sigaltstack
sys_enter_sigaltstack
sys_enter_gettid
sys_enter_rt_sigprocmask
sys_enter_rt_sigprocmask
sys_enter_clone
sys_enter_futex
sys_enter_futex
sys_enter_rt_sigprocmask
sys_enter_futex
sys_enter_gettid
sys_enter_sigaltstack
sys_enter_sigaltstack
sys_enter_gettid
sys_enter_rt_sigprocmask
sys_enter_futex
sys_enter_futex
sys_enter_mmap
sys_enter_futex
sys_enter_futex
sys_enter_futex
sys_enter_openat
sys_enter_read
sys_enter_read
sys_enter_close
sys_enter_socket
sys_enter_close
sys_enter_socket
sys_enter_setsockopt
sys_enter_bind
sys_enter_socket
sys_enter_setsockopt
sys_enter_bind
sys_enter_close
sys_enter_close
sys_enter_getpid
sys_enter_getppid
sys_enter_mmap
sys_enter_mmap
sys_enter_getppid
sys_enter_openat
sys_enter_pipe2
sys_enter_getpid
sys_enter_clone
sys_enter_setsid
sys_enter_close
sys_enter_read
sys_enter_chdir
sys_enter_execve
sys_enter_close
sys_enter_exit_group
sys_enter_mmap
sys_enter_mmap
sys_enter_mprotect
sys_enter_mmap
sys_enter_mmap
sys_enter_mprotect
sys_enter_mmap
sys_enter_mprotect
sys_enter_mmap
sys_enter_mprotect
sys_enter_mmap
sys_enter_mmap
sys_enter_close
sys_enter_munmap
sys_enter_sched_getaffinity
sys_enter_mmap
sys_enter_munmap
sys_enter_mmap
sys_enter_mmap
sys_enter_mmap
sys_enter_mmap
sys_enter_mmap
sys_enter_mmap
sys_enter_rt_sigprocmask
sys_enter_sigaltstack
sys_enter_sigaltstack
sys_enter_gettid
sys_enter_rt_sigprocmask
sys_enter_rt_sigaction
sys_enter_rt_sigaction
sys_enter_rt_sigaction
sys_enter_rt_sigaction
sys_enter_rt_sigaction
sys_enter_rt_sigaction
sys_enter_rt_sigaction
sys_enter_rt_sigaction
sys_enter_rt_sigaction
sys_enter_rt_sigaction
sys_enter_rt_sigaction
sys_enter_rt_sigaction
sys_enter_rt_sigaction
sys_enter_rt_sigaction
sys_enter_rt_sigaction
sys_enter_rt_sigaction
sys_enter_rt_sigaction
sys_enter_rt_sigaction
sys_enter_rt_sigaction
sys_enter_rt_sigaction
sys_enter_rt_sigaction
sys_enter_rt_sigaction
sys_enter_rt_sigaction
sys_enter_rt_sigaction
sys_enter_rt_sigaction
sys_enter_rt_sigaction
sys_enter_rt_sigaction
sys_enter_rt_sigaction
sys_enter_rt_sigaction
sys_enter_rt_sigaction
sys_enter_rt_sigaction
sys_enter_rt_sigaction
sys_enter_rt_sigaction
sys_enter_rt_sigaction
sys_enter_rt_sigaction
sys_enter_rt_sigaction
sys_enter_rt_sigaction
sys_enter_rt_sigaction
sys_enter_rt_sigaction
sys_enter_rt_sigaction
sys_enter_rt_sigaction
sys_enter_rt_sigaction
sys_enter_rt_sigaction
sys_enter_rt_sigaction
sys_enter_rt_sigaction
sys_enter_rt_sigaction
sys_enter_rt_sigaction
sys_enter_rt_sigaction
sys_enter_rt_sigaction
sys_enter_rt_sigaction
sys_enter_rt_sigaction
sys_enter_rt_sigaction
sys_enter_rt_sigaction
sys_enter_rt_sigaction
sys_enter_rt_sigaction
sys_enter_rt_sigaction
sys_enter_rt_sigaction
sys_enter_rt_sigaction
sys_enter_rt_sigaction
sys_enter_rt_sigaction
sys_enter_rt_sigaction
sys_enter_rt_sigaction
sys_enter_rt_sigaction
sys_enter_rt_sigaction
sys_enter_rt_sigaction
sys_enter_rt_sigaction
sys_enter_rt_sigaction
sys_enter_rt_sigaction
sys_enter_rt_sigaction
sys_enter_rt_sigaction
sys_enter_rt_sigaction
sys_enter_rt_sigaction
sys_enter_rt_sigaction
sys_enter_rt_sigaction
sys_enter_rt_sigaction
sys_enter_rt_sigaction
sys_enter_rt_sigaction
sys_enter_rt_sigaction
sys_enter_rt_sigaction
sys_enter_rt_sigaction
sys_enter_rt_sigaction
sys_enter_rt_sigaction
sys_enter_rt_sigaction
sys_enter_rt_sigaction
sys_enter_rt_sigaction
sys_enter_rt_sigaction
sys_enter_rt_sigaction
sys_enter_rt_sigaction
sys_enter_rt_sigaction
sys_enter_rt_sigaction
sys_enter_rt_sigaction
sys_enter_rt_sigaction
sys_enter_rt_sigaction
sys_enter_rt_sigaction
sys_enter_rt_sigaction
sys_enter_rt_sigaction
sys_enter_rt_sigaction
sys_enter_rt_sigaction
sys_enter_rt_sigaction
sys_enter_rt_sigaction
sys_enter_rt_sigaction
sys_enter_rt_sigaction
sys_enter_rt_sigaction
sys_enter_rt_sigaction
sys_enter_rt_sigaction
sys_enter_rt_sigaction
sys_enter_rt_sigaction
sys_enter_rt_sigaction
sys_enter_rt_sigaction
sys_enter_rt_sigaction
sys_enter_rt_sigaction
sys_enter_rt_sigaction
sys_enter_rt_sigaction
sys_enter_rt_sigaction
sys_enter_rt_sigprocmask
sys_enter_clone
sys_enter_rt_sigprocmask
sys_enter_gettid
sys_enter_sigaltstack
sys_enter_sigaltstack
sys_enter_gettid
sys_enter_rt_sigprocmask
sys_enter_rt_sigprocmask
sys_enter_clone
sys_enter_rt_sigprocmask
sys_enter_gettid
sys_enter_sigaltstack
sys_enter_sigaltstack
sys_enter_gettid
sys_enter_rt_sigprocmask
sys_enter_rt_sigprocmask
sys_enter_clone
sys_enter_rt_sigprocmask
sys_enter_futex
sys_enter_rt_sigprocmask
sys_enter_clone
sys_enter_rt_sigprocmask
sys_enter_futex
sys_enter_gettid
sys_enter_sigaltstack
sys_enter_sigaltstack
sys_enter_gettid
sys_enter_rt_sigprocmask
sys_enter_futex
sys_enter_futex
sys_enter_gettid
sys_enter_sigaltstack
sys_enter_sigaltstack
sys_enter_gettid
sys_enter_rt_sigprocmask
sys_enter_futex
sys_enter_futex
sys_enter_mmap
sys_enter_futex
sys_enter_futex
sys_enter_futex
sys_enter_openat
sys_enter_read
sys_enter_read
sys_enter_close
sys_enter_socket
sys_enter_close
sys_enter_socket
sys_enter_setsockopt
sys_enter_bind
sys_enter_socket
sys_enter_setsockopt
sys_enter_bind
sys_enter_close
sys_enter_close
sys_enter_getpid
sys_enter_getppid
sys_enter_mmap
sys_enter_mmap
sys_enter_getppid
sys_enter_openat
sys_enter_pipe2
sys_enter_getpid
sys_enter_clone
sys_enter_setsid
sys_enter_close
sys_enter_read
sys_enter_chdir
sys_enter_execve
sys_enter_close
sys_enter_exit_group
sys_enter_mmap
sys_enter_mmap
sys_enter_mprotect
sys_enter_mmap
sys_enter_mmap
sys_enter_mprotect
sys_enter_mmap
sys_enter_mprotect
sys_enter_mmap
sys_enter_mprotect
sys_enter_mmap
sys_enter_mmap
sys_enter_close
sys_enter_munmap
sys_enter_sched_getaffinity
sys_enter_mmap
sys_enter_munmap
sys_enter_mmap
sys_enter_mmap
sys_enter_mmap
sys_enter_mmap
sys_enter_mmap
sys_enter_mmap
sys_enter_rt_sigprocmask
sys_enter_sigaltstack
sys_enter_sigaltstack
sys_enter_gettid
sys_enter_rt_sigprocmask
sys_enter_rt_sigaction
sys_enter_rt_sigaction
sys_enter_rt_sigaction
sys_enter_rt_sigaction
sys_enter_rt_sigaction
sys_enter_rt_sigaction
sys_enter_rt_sigaction
sys_enter_rt_sigaction
sys_enter_rt_sigaction
sys_enter_rt_sigaction
sys_enter_rt_sigaction
sys_enter_rt_sigaction
sys_enter_rt_sigaction
sys_enter_rt_sigaction
sys_enter_rt_sigaction
sys_enter_rt_sigaction
sys_enter_rt_sigaction
sys_enter_rt_sigaction
sys_enter_rt_sigaction
sys_enter_rt_sigaction
sys_enter_rt_sigaction
sys_enter_rt_sigaction
sys_enter_rt_sigaction
sys_enter_rt_sigaction
sys_enter_rt_sigaction
sys_enter_rt_sigaction
sys_enter_rt_sigaction
sys_enter_rt_sigaction
sys_enter_rt_sigaction
sys_enter_rt_sigaction
sys_enter_rt_sigaction
sys_enter_rt_sigaction
sys_enter_rt_sigaction
sys_enter_rt_sigaction
sys_enter_rt_sigaction
sys_enter_rt_sigaction
sys_enter_rt_sigaction
sys_enter_rt_sigaction
sys_enter_rt_sigaction
sys_enter_rt_sigaction
sys_enter_rt_sigaction
sys_enter_rt_sigaction
sys_enter_rt_sigaction
sys_enter_rt_sigaction
sys_enter_rt_sigaction
sys_enter_rt_sigaction
sys_enter_rt_sigaction
sys_enter_rt_sigaction
sys_enter_rt_sigaction
sys_enter_rt_sigaction
sys_enter_rt_sigaction
sys_enter_rt_sigaction
sys_enter_rt_sigaction
sys_enter_rt_sigaction
sys_enter_rt_sigaction
sys_enter_rt_sigaction
sys_enter_rt_sigaction
sys_enter_rt_sigaction
sys_enter_rt_sigaction
sys_enter_rt_sigaction
sys_enter_rt_sigaction
sys_enter_rt_sigaction
sys_enter_rt_sigaction
sys_enter_rt_sigaction
sys_enter_rt_sigaction
sys_enter_rt_sigaction
sys_enter_rt_sigaction
sys_enter_rt_sigaction
sys_enter_rt_sigaction
sys_enter_rt_sigaction
sys_enter_rt_sigaction
sys_enter_rt_sigaction
sys_enter_rt_sigaction
sys_enter_rt_sigaction
sys_enter_rt_sigaction
sys_enter_rt_sigaction
sys_enter_rt_sigaction
sys_enter_rt_sigaction
sys_enter_rt_sigaction
sys_enter_rt_sigaction
sys_enter_rt_sigaction
sys_enter_rt_sigaction
sys_enter_rt_sigaction
sys_enter_rt_sigaction
sys_enter_rt_sigaction
sys_enter_rt_sigaction
sys_enter_rt_sigaction
sys_enter_rt_sigaction
sys_enter_rt_sigaction
sys_enter_rt_sigaction
sys_enter_rt_sigaction
sys_enter_rt_sigaction
sys_enter_rt_sigaction
sys_enter_rt_sigaction
sys_enter_rt_sigaction
sys_enter_rt_sigaction
sys_enter_rt_sigaction
sys_enter_rt_sigaction
sys_enter_rt_sigaction
sys_enter_rt_sigaction
sys_enter_rt_sigaction
sys_enter_rt_sigaction
sys_enter_rt_sigaction
sys_enter_rt_sigaction
sys_enter_rt_sigaction
sys_enter_rt_sigaction
sys_enter_rt_sigaction
sys_enter_rt_sigaction
sys_enter_rt_sigaction
sys_enter_rt_sigaction
sys_enter_rt_sigaction
sys_enter_rt_sigaction
sys_enter_rt_sigaction
sys_enter_rt_sigaction
sys_enter_rt_sigprocmask
sys_enter_clone
sys_enter_rt_sigprocmask
sys_enter_rt_sigprocmask
sys_enter_clone
sys_enter_rt_sigprocmask
sys_enter_gettid
sys_enter_sigaltstack
sys_enter_sigaltstack
sys_enter_gettid
sys_enter_rt_sigprocmask
sys_enter_gettid
sys_enter_rt_sigprocmask
sys_enter_clone
sys_enter_sigaltstack
sys_enter_sigaltstack
sys_enter_gettid
sys_enter_rt_sigprocmask
sys_enter_rt_sigprocmask
sys_enter_futex
sys_enter_gettid
sys_enter_sigaltstack
sys_enter_sigaltstack
sys_enter_rt_sigprocmask
sys_enter_clone
sys_enter_gettid
sys_enter_rt_sigprocmask
sys_enter_futex
sys_enter_rt_sigprocmask
sys_enter_futex
sys_enter_gettid
sys_enter_sigaltstack
sys_enter_sigaltstack
sys_enter_gettid
sys_enter_rt_sigprocmask
sys_enter_futex
sys_enter_futex
sys_enter_mmap
sys_enter_futex
sys_enter_futex
sys_enter_futex
sys_enter_futex
sys_enter_openat
sys_enter_read
sys_enter_read
sys_enter_close
sys_enter_socket
sys_enter_close
sys_enter_socket
sys_enter_setsockopt
sys_enter_bind
sys_enter_socket
sys_enter_setsockopt
sys_enter_bind
sys_enter_close
sys_enter_close
sys_enter_getpid
sys_enter_getppid
sys_enter_mmap
sys_enter_mmap
sys_enter_getppid
sys_enter_openat
sys_enter_pipe2
sys_enter_getpid
sys_enter_clone
sys_enter_setsid
sys_enter_close
sys_enter_read
sys_enter_chdir
sys_enter_execve
sys_enter_close
sys_enter_exit_group
sys_enter_mmap
sys_enter_mmap
sys_enter_mprotect
sys_enter_mmap
sys_enter_mmap
sys_enter_mprotect
sys_enter_mmap
sys_enter_mprotect
sys_enter_mmap
sys_enter_mprotect
sys_enter_mmap
sys_enter_mmap
sys_enter_close
sys_enter_munmap
sys_enter_sched_getaffinity
sys_enter_mmap
sys_enter_munmap
sys_enter_mmap
sys_enter_mmap
sys_enter_mmap
sys_enter_mmap
sys_enter_mmap
sys_enter_mmap
sys_enter_rt_sigprocmask
sys_enter_sigaltstack
sys_enter_sigaltstack
sys_enter_gettid
sys_enter_rt_sigprocmask
sys_enter_rt_sigaction
sys_enter_rt_sigaction
sys_enter_rt_sigaction
sys_enter_rt_sigaction
sys_enter_rt_sigaction
sys_enter_rt_sigaction
sys_enter_rt_sigaction
sys_enter_rt_sigaction
sys_enter_rt_sigaction
sys_enter_rt_sigaction
sys_enter_rt_sigaction
sys_enter_rt_sigaction
sys_enter_rt_sigaction
sys_enter_rt_sigaction
sys_enter_rt_sigaction
sys_enter_rt_sigaction
sys_enter_rt_sigaction
sys_enter_rt_sigaction
sys_enter_rt_sigaction
sys_enter_rt_sigaction
sys_enter_rt_sigaction
sys_enter_rt_sigaction
sys_enter_rt_sigaction
sys_enter_rt_sigaction
sys_enter_rt_sigaction
sys_enter_rt_sigaction
sys_enter_rt_sigaction
sys_enter_rt_sigaction
sys_enter_rt_sigaction
sys_enter_rt_sigaction
sys_enter_rt_sigaction
sys_enter_rt_sigaction
sys_enter_rt_sigaction
sys_enter_rt_sigaction
sys_enter_rt_sigaction
sys_enter_rt_sigaction
sys_enter_rt_sigaction
sys_enter_rt_sigaction
sys_enter_rt_sigaction
sys_enter_rt_sigaction
sys_enter_rt_sigaction
sys_enter_rt_sigaction
sys_enter_rt_sigaction
sys_enter_rt_sigaction
sys_enter_rt_sigaction
sys_enter_rt_sigaction
sys_enter_rt_sigaction
sys_enter_rt_sigaction
sys_enter_rt_sigaction
sys_enter_rt_sigaction
sys_enter_rt_sigaction
sys_enter_rt_sigaction
sys_enter_rt_sigaction
sys_enter_rt_sigaction
sys_enter_rt_sigaction
sys_enter_rt_sigaction
sys_enter_rt_sigaction
sys_enter_rt_sigaction
sys_enter_rt_sigaction
sys_enter_rt_sigaction
sys_enter_rt_sigaction
sys_enter_rt_sigaction
sys_enter_rt_sigaction
sys_enter_rt_sigaction
sys_enter_rt_sigaction
sys_enter_rt_sigaction
sys_enter_rt_sigaction
sys_enter_rt_sigaction
sys_enter_rt_sigaction
sys_enter_rt_sigaction
sys_enter_rt_sigaction
sys_enter_rt_sigaction
sys_enter_rt_sigaction
sys_enter_rt_sigaction
sys_enter_rt_sigaction
sys_enter_rt_sigaction
sys_enter_rt_sigaction
sys_enter_rt_sigaction
sys_enter_rt_sigaction
sys_enter_rt_sigaction
sys_enter_rt_sigaction
sys_enter_rt_sigaction
sys_enter_rt_sigaction
sys_enter_rt_sigaction
sys_enter_rt_sigaction
sys_enter_rt_sigaction
sys_enter_rt_sigaction
sys_enter_rt_sigaction
sys_enter_rt_sigaction
sys_enter_rt_sigaction
sys_enter_rt_sigaction
sys_enter_rt_sigaction
sys_enter_rt_sigaction
sys_enter_rt_sigaction
sys_enter_rt_sigaction
sys_enter_rt_sigaction
sys_enter_rt_sigaction
sys_enter_rt_sigaction
sys_enter_rt_sigaction
sys_enter_rt_sigaction
sys_enter_rt_sigaction
sys_enter_rt_sigaction
sys_enter_rt_sigaction
sys_enter_rt_sigaction
sys_enter_rt_sigaction
sys_enter_rt_sigaction
sys_enter_rt_sigaction
sys_enter_rt_sigaction
sys_enter_rt_sigaction
sys_enter_rt_sigaction
sys_enter_rt_sigaction
sys_enter_rt_sigaction
sys_enter_rt_sigaction
sys_enter_rt_sigaction
sys_enter_rt_sigprocmask
sys_enter_clone
sys_enter_rt_sigprocmask
sys_enter_gettid
sys_enter_sigaltstack
sys_enter_sigaltstack
sys_enter_gettid
sys_enter_rt_sigprocmask
sys_enter_rt_sigprocmask
sys_enter_clone
sys_enter_rt_sigprocmask
sys_enter_gettid
sys_enter_sigaltstack
sys_enter_sigaltstack
sys_enter_gettid
sys_enter_rt_sigprocmask
sys_enter_rt_sigprocmask
sys_enter_clone
sys_enter_rt_sigprocmask
sys_enter_sched_yield
sys_enter_futex
sys_enter_futex
sys_enter_futex
sys_enter_gettid
sys_enter_sigaltstack
sys_enter_sigaltstack
sys_enter_gettid
sys_enter_rt_sigprocmask
sys_enter_futex
sys_enter_futex
sys_enter_futex
sys_enter_rt_sigprocmask
sys_enter_clone
sys_enter_rt_sigprocmask
sys_enter_gettid
sys_enter_futex
sys_enter_sigaltstack
sys_enter_sigaltstack
sys_enter_gettid
sys_enter_rt_sigprocmask
sys_enter_futex
sys_enter_futex
sys_enter_mmap
sys_enter_futex
sys_enter_futex
sys_enter_futex
sys_enter_openat
sys_enter_read
sys_enter_read
sys_enter_close
sys_enter_socket
sys_enter_close
sys_enter_socket
sys_enter_setsockopt
sys_enter_bind
sys_enter_socket
sys_enter_setsockopt
sys_enter_bind
sys_enter_close
sys_enter_close
sys_enter_getpid
sys_enter_getppid
sys_enter_mmap
sys_enter_mmap
sys_enter_getppid
sys_enter_openat
sys_enter_pipe2
sys_enter_getpid
sys_enter_clone
sys_enter_setsid
sys_enter_close
sys_enter_read
sys_enter_chdir
sys_enter_execve
sys_enter_close
sys_enter_mmap
sys_enter_mmap
sys_enter_exit_group
sys_enter_mprotect
sys_enter_mmap
sys_enter_mmap
sys_enter_mprotect
sys_enter_mmap
sys_enter_mprotect
sys_enter_mmap
sys_enter_mprotect
sys_enter_mmap
sys_enter_mmap
sys_enter_close
sys_enter_munmap
sys_enter_sched_getaffinity
sys_enter_mmap
sys_enter_munmap
sys_enter_mmap
sys_enter_mmap
sys_enter_mmap
sys_enter_mmap
sys_enter_mmap
sys_enter_mmap
sys_enter_rt_sigprocmask
sys_enter_sigaltstack
sys_enter_sigaltstack
sys_enter_gettid
sys_enter_rt_sigprocmask
sys_enter_rt_sigaction
sys_enter_rt_sigaction
sys_enter_rt_sigaction
sys_enter_rt_sigaction
sys_enter_rt_sigaction
sys_enter_rt_sigaction
sys_enter_rt_sigaction
sys_enter_rt_sigaction
sys_enter_rt_sigaction
sys_enter_rt_sigaction
sys_enter_rt_sigaction
sys_enter_rt_sigaction
sys_enter_rt_sigaction
sys_enter_rt_sigaction
sys_enter_rt_sigaction
sys_enter_rt_sigaction
sys_enter_rt_sigaction
sys_enter_rt_sigaction
sys_enter_rt_sigaction
sys_enter_rt_sigaction
sys_enter_rt_sigaction
sys_enter_rt_sigaction
sys_enter_rt_sigaction
sys_enter_rt_sigaction
sys_enter_rt_sigaction
sys_enter_rt_sigaction
sys_enter_rt_sigaction
sys_enter_rt_sigaction
sys_enter_rt_sigaction
sys_enter_rt_sigaction
sys_enter_rt_sigaction
sys_enter_rt_sigaction
sys_enter_rt_sigaction
sys_enter_rt_sigaction
sys_enter_rt_sigaction
sys_enter_rt_sigaction
sys_enter_rt_sigaction
sys_enter_rt_sigaction
sys_enter_rt_sigaction
sys_enter_rt_sigaction
sys_enter_rt_sigaction
sys_enter_rt_sigaction
sys_enter_rt_sigaction
sys_enter_rt_sigaction
sys_enter_rt_sigaction
sys_enter_rt_sigaction
sys_enter_rt_sigaction
sys_enter_rt_sigaction
sys_enter_rt_sigaction
sys_enter_rt_sigaction
sys_enter_rt_sigaction
sys_enter_rt_sigaction
sys_enter_rt_sigaction
sys_enter_rt_sigaction
sys_enter_rt_sigaction
sys_enter_rt_sigaction
sys_enter_rt_sigaction
sys_enter_rt_sigaction
sys_enter_rt_sigaction
sys_enter_rt_sigaction
sys_enter_rt_sigaction
sys_enter_rt_sigaction
sys_enter_rt_sigaction
sys_enter_rt_sigaction
sys_enter_rt_sigaction
sys_enter_rt_sigaction
sys_enter_rt_sigaction
sys_enter_rt_sigaction
sys_enter_rt_sigaction
sys_enter_rt_sigaction
sys_enter_rt_sigaction
sys_enter_rt_sigaction
sys_enter_rt_sigaction
sys_enter_rt_sigaction
sys_enter_rt_sigaction
sys_enter_rt_sigaction
sys_enter_rt_sigaction
sys_enter_rt_sigaction
sys_enter_rt_sigaction
sys_enter_rt_sigaction
sys_enter_rt_sigaction
sys_enter_rt_sigaction
sys_enter_rt_sigaction
sys_enter_rt_sigaction
sys_enter_rt_sigaction
sys_enter_rt_sigaction
sys_enter_rt_sigaction
sys_enter_rt_sigaction
sys_enter_rt_sigaction
sys_enter_rt_sigaction
sys_enter_rt_sigaction
sys_enter_rt_sigaction
sys_enter_rt_sigaction
sys_enter_rt_sigaction
sys_enter_rt_sigaction
sys_enter_rt_sigaction
sys_enter_rt_sigaction
sys_enter_rt_sigaction
sys_enter_rt_sigaction
sys_enter_rt_sigaction
sys_enter_rt_sigaction
sys_enter_rt_sigaction
sys_enter_rt_sigaction
sys_enter_rt_sigaction
sys_enter_rt_sigaction
sys_enter_rt_sigaction
sys_enter_rt_sigaction
sys_enter_rt_sigaction
sys_enter_rt_sigaction
sys_enter_rt_sigaction
sys_enter_rt_sigaction
sys_enter_rt_sigaction
sys_enter_rt_sigaction
sys_enter_rt_sigaction
sys_enter_rt_sigprocmask
sys_enter_clone
sys_enter_rt_sigprocmask
sys_enter_gettid
sys_enter_sigaltstack
sys_enter_sigaltstack
sys_enter_gettid
sys_enter_rt_sigprocmask
sys_enter_rt_sigprocmask
sys_enter_clone
sys_enter_rt_sigprocmask
sys_enter_gettid
sys_enter_sigaltstack
sys_enter_sigaltstack
sys_enter_gettid
sys_enter_rt_sigprocmask
sys_enter_rt_sigprocmask
sys_enter_clone
sys_enter_rt_sigprocmask
sys_enter_sched_yield
sys_enter_futex
sys_enter_gettid
sys_enter_futex
sys_enter_sigaltstack
sys_enter_futex
sys_enter_sigaltstack
sys_enter_gettid
sys_enter_futex
sys_enter_rt_sigprocmask
sys_enter_rt_sigprocmask
sys_enter_clone
sys_enter_futex
sys_enter_futex
sys_enter_rt_sigprocmask
sys_enter_futex
sys_enter_gettid
sys_enter_sigaltstack
sys_enter_sigaltstack
sys_enter_gettid
sys_enter_rt_sigprocmask
sys_enter_futex
sys_enter_futex
sys_enter_mmap
sys_enter_futex
sys_enter_futex
sys_enter_futex
sys_enter_openat
sys_enter_read
sys_enter_read
sys_enter_close
sys_enter_socket
sys_enter_close
sys_enter_socket
sys_enter_setsockopt
sys_enter_bind
sys_enter_socket
sys_enter_setsockopt
sys_enter_bind
sys_enter_close
sys_enter_close
sys_enter_getpid
sys_enter_getppid
sys_enter_mmap
sys_enter_mmap
sys_enter_getppid
sys_enter_openat
sys_enter_pipe2
sys_enter_getpid
sys_enter_clone
sys_enter_setsid
sys_enter_close
sys_enter_read
sys_enter_chdir
sys_enter_execve
sys_enter_close
sys_enter_exit_group
sys_enter_mmap
sys_enter_mmap
sys_enter_mprotect
sys_enter_mmap
sys_enter_mmap
sys_enter_mprotect
sys_enter_mmap
sys_enter_mprotect
sys_enter_mmap
sys_enter_mprotect
sys_enter_mmap
sys_enter_mmap
sys_enter_close
sys_enter_munmap
sys_enter_sched_getaffinity
sys_enter_mmap
sys_enter_munmap
sys_enter_mmap
sys_enter_mmap
sys_enter_mmap
sys_enter_mmap
sys_enter_mmap
sys_enter_mmap
sys_enter_rt_sigprocmask
sys_enter_sigaltstack
sys_enter_sigaltstack
sys_enter_gettid
sys_enter_rt_sigprocmask
sys_enter_rt_sigaction
sys_enter_rt_sigaction
sys_enter_rt_sigaction
sys_enter_rt_sigaction
sys_enter_rt_sigaction
sys_enter_rt_sigaction
sys_enter_rt_sigaction
sys_enter_rt_sigaction
sys_enter_rt_sigaction
sys_enter_rt_sigaction
sys_enter_rt_sigaction
sys_enter_rt_sigaction
sys_enter_rt_sigaction
sys_enter_rt_sigaction
sys_enter_rt_sigaction
sys_enter_rt_sigaction
sys_enter_rt_sigaction
sys_enter_rt_sigaction
sys_enter_rt_sigaction
sys_enter_rt_sigaction
sys_enter_rt_sigaction
sys_enter_rt_sigaction
sys_enter_rt_sigaction
sys_enter_rt_sigaction
sys_enter_rt_sigaction
sys_enter_rt_sigaction
sys_enter_rt_sigaction
sys_enter_rt_sigaction
sys_enter_rt_sigaction
sys_enter_rt_sigaction
sys_enter_rt_sigaction
sys_enter_rt_sigaction
sys_enter_rt_sigaction
sys_enter_rt_sigaction
sys_enter_rt_sigaction
sys_enter_rt_sigaction
sys_enter_rt_sigaction
sys_enter_rt_sigaction
sys_enter_rt_sigaction
sys_enter_rt_sigaction
sys_enter_rt_sigaction
sys_enter_rt_sigaction
sys_enter_rt_sigaction
sys_enter_rt_sigaction
sys_enter_rt_sigaction
sys_enter_rt_sigaction
sys_enter_rt_sigaction
sys_enter_rt_sigaction
sys_enter_rt_sigaction
sys_enter_rt_sigaction
sys_enter_rt_sigaction
sys_enter_rt_sigaction
sys_enter_rt_sigaction
sys_enter_rt_sigaction
sys_enter_rt_sigaction
sys_enter_rt_sigaction
sys_enter_rt_sigaction
sys_enter_rt_sigaction
sys_enter_rt_sigaction
sys_enter_rt_sigaction
sys_enter_rt_sigaction
sys_enter_rt_sigaction
sys_enter_rt_sigaction
sys_enter_rt_sigaction
sys_enter_rt_sigaction
sys_enter_rt_sigaction
sys_enter_rt_sigaction
sys_enter_rt_sigaction
sys_enter_rt_sigaction
sys_enter_rt_sigaction
sys_enter_rt_sigaction
sys_enter_rt_sigaction
sys_enter_rt_sigaction
sys_enter_rt_sigaction
sys_enter_rt_sigaction
sys_enter_rt_sigaction
sys_enter_rt_sigaction
sys_enter_rt_sigaction
sys_enter_rt_sigaction
sys_enter_rt_sigaction
sys_enter_rt_sigaction
sys_enter_rt_sigaction
sys_enter_rt_sigaction
sys_enter_rt_sigaction
sys_enter_rt_sigaction
sys_enter_rt_sigaction
sys_enter_rt_sigaction
sys_enter_rt_sigaction
sys_enter_rt_sigaction
sys_enter_rt_sigaction
sys_enter_rt_sigaction
sys_enter_rt_sigaction
sys_enter_rt_sigaction
sys_enter_rt_sigaction
sys_enter_rt_sigaction
sys_enter_rt_sigaction
sys_enter_rt_sigaction
sys_enter_rt_sigaction
sys_enter_rt_sigaction
sys_enter_rt_sigaction
sys_enter_rt_sigaction
sys_enter_rt_sigaction
sys_enter_rt_sigaction
sys_enter_rt_sigaction
sys_enter_rt_sigaction
sys_enter_rt_sigaction
sys_enter_rt_sigaction
sys_enter_rt_sigaction
sys_enter_rt_sigaction
sys_enter_rt_sigaction
sys_enter_rt_sigaction
sys_enter_rt_sigaction
sys_enter_rt_sigaction
sys_enter_rt_sigaction
sys_enter_rt_sigprocmask
sys_enter_clone
sys_enter_rt_sigprocmask
sys_enter_gettid
sys_enter_sigaltstack
sys_enter_sigaltstack
sys_enter_gettid
sys_enter_rt_sigprocmask
sys_enter_rt_sigprocmask
sys_enter_clone
sys_enter_rt_sigprocmask
sys_enter_gettid
sys_enter_sigaltstack
sys_enter_sigaltstack
sys_enter_gettid
sys_enter_rt_sigprocmask
sys_enter_rt_sigprocmask
sys_enter_clone
sys_enter_rt_sigprocmask
sys_enter_futex
sys_enter_gettid
sys_enter_sigaltstack
sys_enter_sigaltstack
sys_enter_gettid
sys_enter_rt_sigprocmask
sys_enter_futex
sys_enter_rt_sigprocmask
sys_enter_clone
sys_enter_rt_sigprocmask
sys_enter_futex
sys_enter_futex
sys_enter_gettid
sys_enter_sigaltstack
sys_enter_sigaltstack
sys_enter_gettid
sys_enter_rt_sigprocmask
sys_enter_futex
sys_enter_futex
sys_enter_mmap
sys_enter_futex
sys_enter_futex
sys_enter_futex
sys_enter_openat
sys_enter_read
sys_enter_read
sys_enter_close
sys_enter_socket
sys_enter_close
sys_enter_socket
sys_enter_setsockopt
sys_enter_bind
sys_enter_socket
sys_enter_setsockopt
sys_enter_bind
sys_enter_close
sys_enter_close
sys_enter_getpid
sys_enter_getppid
sys_enter_mmap
sys_enter_mmap
sys_enter_getppid
sys_enter_openat
sys_enter_pipe2
sys_enter_getpid
sys_enter_clone
sys_enter_close
sys_enter_read
sys_enter_setsid
sys_enter_chdir
sys_enter_execve
sys_enter_close
sys_enter_exit_group
sys_enter_mmap
sys_enter_mmap
sys_enter_mprotect
sys_enter_mmap
sys_enter_mmap
sys_enter_mprotect
sys_enter_mmap
sys_enter_mprotect
sys_enter_mmap
sys_enter_mprotect
sys_enter_mmap
sys_enter_mmap
sys_enter_close
sys_enter_munmap
sys_enter_sched_getaffinity
sys_enter_mmap
sys_enter_munmap
sys_enter_mmap
sys_enter_mmap
sys_enter_mmap
sys_enter_mmap
sys_enter_mmap
sys_enter_mmap
sys_enter_rt_sigprocmask
sys_enter_sigaltstack
sys_enter_sigaltstack
sys_enter_gettid
sys_enter_rt_sigprocmask
sys_enter_rt_sigaction
sys_enter_rt_sigaction
sys_enter_rt_sigaction
sys_enter_rt_sigaction
sys_enter_rt_sigaction
sys_enter_rt_sigaction
sys_enter_rt_sigaction
sys_enter_rt_sigaction
sys_enter_rt_sigaction
sys_enter_rt_sigaction
sys_enter_rt_sigaction
sys_enter_rt_sigaction
sys_enter_rt_sigaction
sys_enter_rt_sigaction
sys_enter_rt_sigaction
sys_enter_rt_sigaction
sys_enter_rt_sigaction
sys_enter_rt_sigaction
sys_enter_rt_sigaction
sys_enter_rt_sigaction
sys_enter_rt_sigaction
sys_enter_rt_sigaction
sys_enter_rt_sigaction
sys_enter_rt_sigaction
sys_enter_rt_sigaction
sys_enter_rt_sigaction
sys_enter_rt_sigaction
sys_enter_rt_sigaction
sys_enter_rt_sigaction
sys_enter_rt_sigaction
sys_enter_rt_sigaction
sys_enter_rt_sigaction
sys_enter_rt_sigaction
sys_enter_rt_sigaction
sys_enter_rt_sigaction
sys_enter_rt_sigaction
sys_enter_rt_sigaction
sys_enter_rt_sigaction
sys_enter_rt_sigaction
sys_enter_rt_sigaction
sys_enter_rt_sigaction
sys_enter_rt_sigaction
sys_enter_rt_sigaction
sys_enter_rt_sigaction
sys_enter_rt_sigaction
sys_enter_rt_sigaction
sys_enter_rt_sigaction
sys_enter_rt_sigaction
sys_enter_rt_sigaction
sys_enter_rt_sigaction
sys_enter_rt_sigaction
sys_enter_rt_sigaction
sys_enter_rt_sigaction
sys_enter_rt_sigaction
sys_enter_rt_sigaction
sys_enter_rt_sigaction
sys_enter_rt_sigaction
sys_enter_rt_sigaction
sys_enter_rt_sigaction
sys_enter_rt_sigaction
sys_enter_rt_sigaction
sys_enter_rt_sigaction
sys_enter_rt_sigaction
sys_enter_rt_sigaction
sys_enter_rt_sigaction
sys_enter_rt_sigaction
sys_enter_rt_sigaction
sys_enter_rt_sigaction
sys_enter_rt_sigaction
sys_enter_rt_sigaction
sys_enter_rt_sigaction
sys_enter_rt_sigaction
sys_enter_rt_sigaction
sys_enter_rt_sigaction
sys_enter_rt_sigaction
sys_enter_rt_sigaction
sys_enter_rt_sigaction
sys_enter_rt_sigaction
sys_enter_rt_sigaction
sys_enter_rt_sigaction
sys_enter_rt_sigaction
sys_enter_rt_sigaction
sys_enter_rt_sigaction
sys_enter_rt_sigaction
sys_enter_rt_sigaction
sys_enter_rt_sigaction
sys_enter_rt_sigaction
sys_enter_rt_sigaction
sys_enter_rt_sigaction
sys_enter_rt_sigaction
sys_enter_rt_sigaction
sys_enter_rt_sigaction
sys_enter_rt_sigaction
sys_enter_rt_sigaction
sys_enter_rt_sigaction
sys_enter_rt_sigaction
sys_enter_rt_sigaction
sys_enter_rt_sigaction
sys_enter_rt_sigaction
sys_enter_rt_sigaction
sys_enter_rt_sigaction
sys_enter_rt_sigaction
sys_enter_rt_sigaction
sys_enter_rt_sigaction
sys_enter_rt_sigaction
sys_enter_rt_sigaction
sys_enter_rt_sigaction
sys_enter_rt_sigaction
sys_enter_rt_sigaction
sys_enter_rt_sigaction
sys_enter_rt_sigaction
sys_enter_rt_sigaction
sys_enter_rt_sigaction
sys_enter_rt_sigaction
sys_enter_rt_sigprocmask
sys_enter_clone
sys_enter_rt_sigprocmask
sys_enter_gettid
sys_enter_sigaltstack
sys_enter_sigaltstack
sys_enter_gettid
sys_enter_rt_sigprocmask
sys_enter_rt_sigprocmask
sys_enter_clone
sys_enter_rt_sigprocmask
sys_enter_gettid
sys_enter_sigaltstack
sys_enter_sigaltstack
sys_enter_gettid
sys_enter_rt_sigprocmask
sys_enter_rt_sigprocmask
sys_enter_clone
sys_enter_rt_sigprocmask
sys_enter_clone
sys_enter_rt_sigprocmask
sys_enter_futex
sys_enter_rt_sigprocmask
sys_enter_gettid
sys_enter_sigaltstack
sys_enter_sigaltstack
sys_enter_gettid
sys_enter_rt_sigprocmask
sys_enter_futex
sys_enter_gettid
sys_enter_sigaltstack
sys_enter_sigaltstack
sys_enter_gettid
sys_enter_rt_sigprocmask
sys_enter_futex
sys_enter_futex
sys_enter_futex
sys_enter_futex
sys_enter_mmap
sys_enter_futex
sys_enter_futex
sys_enter_futex
sys_enter_openat
sys_enter_read
sys_enter_read
sys_enter_close
sys_enter_socket
sys_enter_close
sys_enter_socket
sys_enter_setsockopt
sys_enter_bind
sys_enter_socket
sys_enter_setsockopt
sys_enter_bind
sys_enter_close
sys_enter_close
sys_enter_getpid
sys_enter_getppid
sys_enter_mmap
sys_enter_mmap
sys_enter_getppid
sys_enter_openat
sys_enter_pipe2
sys_enter_getpid
sys_enter_clone
sys_enter_setsid
sys_enter_chdir
sys_enter_close
sys_enter_read
sys_enter_execve
sys_enter_close
sys_enter_exit_group
sys_enter_mmap
sys_enter_mmap
sys_enter_mprotect
sys_enter_mmap
sys_enter_mmap
sys_enter_mprotect
sys_enter_mmap
sys_enter_mprotect
sys_enter_mmap
sys_enter_mprotect
sys_enter_mmap
sys_enter_mmap
sys_enter_close
sys_enter_munmap
sys_enter_sched_getaffinity
sys_enter_mmap
sys_enter_munmap
sys_enter_mmap
sys_enter_mmap
sys_enter_mmap
sys_enter_mmap
sys_enter_mmap
sys_enter_mmap
sys_enter_rt_sigprocmask
sys_enter_sigaltstack
sys_enter_sigaltstack
sys_enter_gettid
sys_enter_rt_sigprocmask
sys_enter_rt_sigaction
sys_enter_rt_sigaction
sys_enter_rt_sigaction
sys_enter_rt_sigaction
sys_enter_rt_sigaction
sys_enter_rt_sigaction
sys_enter_rt_sigaction
sys_enter_rt_sigaction
sys_enter_rt_sigaction
sys_enter_rt_sigaction
sys_enter_rt_sigaction
sys_enter_rt_sigaction
sys_enter_rt_sigaction
sys_enter_rt_sigaction
sys_enter_rt_sigaction
sys_enter_rt_sigaction
sys_enter_rt_sigaction
sys_enter_rt_sigaction
sys_enter_rt_sigaction
sys_enter_rt_sigaction
sys_enter_rt_sigaction
sys_enter_rt_sigaction
sys_enter_rt_sigaction
sys_enter_rt_sigaction
sys_enter_rt_sigaction
sys_enter_rt_sigaction
sys_enter_rt_sigaction
sys_enter_rt_sigaction
sys_enter_rt_sigaction
sys_enter_rt_sigaction
sys_enter_rt_sigaction
sys_enter_rt_sigaction
sys_enter_rt_sigaction
sys_enter_rt_sigaction
sys_enter_rt_sigaction
sys_enter_rt_sigaction
sys_enter_rt_sigaction
sys_enter_rt_sigaction
sys_enter_rt_sigaction
sys_enter_rt_sigaction
sys_enter_rt_sigaction
sys_enter_rt_sigaction
sys_enter_rt_sigaction
sys_enter_rt_sigaction
sys_enter_rt_sigaction
sys_enter_rt_sigaction
sys_enter_rt_sigaction
sys_enter_rt_sigaction
sys_enter_rt_sigaction
sys_enter_rt_sigaction
sys_enter_rt_sigaction
sys_enter_rt_sigaction
sys_enter_rt_sigaction
sys_enter_rt_sigaction
sys_enter_rt_sigaction
sys_enter_rt_sigaction
sys_enter_rt_sigaction
sys_enter_rt_sigaction
sys_enter_rt_sigaction
sys_enter_rt_sigaction
sys_enter_rt_sigaction
sys_enter_rt_sigaction
sys_enter_rt_sigaction
sys_enter_rt_sigaction
sys_enter_rt_sigaction
sys_enter_rt_sigaction
sys_enter_rt_sigaction
sys_enter_rt_sigaction
sys_enter_rt_sigaction
sys_enter_rt_sigaction
sys_enter_rt_sigaction
sys_enter_rt_sigaction
sys_enter_rt_sigaction
sys_enter_rt_sigaction
sys_enter_rt_sigaction
sys_enter_rt_sigaction
sys_enter_rt_sigaction
sys_enter_rt_sigaction
sys_enter_rt_sigaction
sys_enter_rt_sigaction
sys_enter_rt_sigaction
sys_enter_rt_sigaction
sys_enter_rt_sigaction
sys_enter_rt_sigaction
sys_enter_rt_sigaction
sys_enter_rt_sigaction
sys_enter_rt_sigaction
sys_enter_rt_sigaction
sys_enter_rt_sigaction
sys_enter_rt_sigaction
sys_enter_rt_sigaction
sys_enter_rt_sigaction
sys_enter_rt_sigaction
sys_enter_rt_sigaction
sys_enter_rt_sigaction
sys_enter_rt_sigaction
sys_enter_rt_sigaction
sys_enter_rt_sigaction
sys_enter_rt_sigaction
sys_enter_rt_sigaction
sys_enter_rt_sigaction
sys_enter_rt_sigaction
sys_enter_rt_sigaction
sys_enter_rt_sigaction
sys_enter_rt_sigaction
sys_enter_rt_sigaction
sys_enter_rt_sigaction
sys_enter_rt_sigaction
sys_enter_rt_sigaction
sys_enter_rt_sigaction
sys_enter_rt_sigaction
sys_enter_rt_sigaction
sys_enter_rt_sigaction
sys_enter_rt_sigaction
sys_enter_rt_sigprocmask
sys_enter_clone
sys_enter_rt_sigprocmask
sys_enter_gettid
sys_enter_sigaltstack
sys_enter_sigaltstack
sys_enter_gettid
sys_enter_rt_sigprocmask
sys_enter_rt_sigprocmask
sys_enter_clone
sys_enter_rt_sigprocmask
sys_enter_gettid
sys_enter_sigaltstack
sys_enter_sigaltstack
sys_enter_rt_sigprocmask
sys_enter_clone
sys_enter_gettid
sys_enter_rt_sigprocmask
sys_enter_rt_sigprocmask
sys_enter_futex
sys_enter_gettid
sys_enter_rt_sigprocmask
sys_enter_clone
sys_enter_sigaltstack
sys_enter_sigaltstack
sys_enter_gettid
sys_enter_rt_sigprocmask
sys_enter_futex
sys_enter_futex
sys_enter_rt_sigprocmask
sys_enter_futex
sys_enter_gettid
sys_enter_sigaltstack
sys_enter_sigaltstack
sys_enter_gettid
sys_enter_rt_sigprocmask
sys_enter_futex
sys_enter_futex
sys_enter_mmap
sys_enter_futex
sys_enter_futex
sys_enter_futex
sys_enter_openat
sys_enter_read
sys_enter_read
sys_enter_close
sys_enter_socket
sys_enter_close
sys_enter_socket
sys_enter_setsockopt
sys_enter_bind
sys_enter_socket
sys_enter_setsockopt
sys_enter_bind
sys_enter_close
sys_enter_close
sys_enter_getpid
sys_enter_getppid
sys_enter_mmap
sys_enter_mmap
sys_enter_getppid
sys_enter_openat
sys_enter_pipe2
sys_enter_getpid
sys_enter_clone
sys_enter_close
sys_enter_read
sys_enter_setsid
sys_enter_chdir
sys_enter_execve
sys_enter_close
sys_enter_exit_group
sys_enter_mmap
sys_enter_mmap
sys_enter_mprotect
sys_enter_mmap
sys_enter_mmap
sys_enter_mprotect
sys_enter_mmap
sys_enter_mprotect
sys_enter_mmap
sys_enter_mprotect
sys_enter_mmap
sys_enter_mmap
sys_enter_close
sys_enter_munmap
sys_enter_sched_getaffinity
sys_enter_mmap
sys_enter_munmap
sys_enter_mmap
sys_enter_mmap
sys_enter_mmap
sys_enter_mmap
sys_enter_mmap
sys_enter_mmap
sys_enter_rt_sigprocmask
sys_enter_sigaltstack
sys_enter_sigaltstack
sys_enter_gettid
sys_enter_rt_sigprocmask
sys_enter_rt_sigaction
sys_enter_rt_sigaction
sys_enter_rt_sigaction
sys_enter_rt_sigaction
sys_enter_rt_sigaction
sys_enter_rt_sigaction
sys_enter_rt_sigaction
sys_enter_rt_sigaction
sys_enter_rt_sigaction
sys_enter_rt_sigaction
sys_enter_rt_sigaction
sys_enter_rt_sigaction
sys_enter_rt_sigaction
sys_enter_rt_sigaction
sys_enter_rt_sigaction
sys_enter_rt_sigaction
sys_enter_rt_sigaction
sys_enter_rt_sigaction
sys_enter_rt_sigaction
sys_enter_rt_sigaction
sys_enter_rt_sigaction
sys_enter_rt_sigaction
sys_enter_rt_sigaction
sys_enter_rt_sigaction
sys_enter_rt_sigaction
sys_enter_rt_sigaction
sys_enter_rt_sigaction
sys_enter_rt_sigaction
sys_enter_rt_sigaction
sys_enter_rt_sigaction
sys_enter_rt_sigaction
sys_enter_rt_sigaction
sys_enter_rt_sigaction
sys_enter_rt_sigaction
sys_enter_rt_sigaction
sys_enter_rt_sigaction
sys_enter_rt_sigaction
sys_enter_rt_sigaction
sys_enter_rt_sigaction
sys_enter_rt_sigaction
sys_enter_rt_sigaction
sys_enter_rt_sigaction
sys_enter_rt_sigaction
sys_enter_rt_sigaction
sys_enter_rt_sigaction
sys_enter_rt_sigaction
sys_enter_rt_sigaction
sys_enter_rt_sigaction
sys_enter_rt_sigaction
sys_enter_rt_sigaction
sys_enter_rt_sigaction
sys_enter_rt_sigaction
sys_enter_rt_sigaction
sys_enter_rt_sigaction
sys_enter_rt_sigaction
sys_enter_rt_sigaction
sys_enter_rt_sigaction
sys_enter_rt_sigaction
sys_enter_rt_sigaction
sys_enter_rt_sigaction
sys_enter_rt_sigaction
sys_enter_rt_sigaction
sys_enter_rt_sigaction
sys_enter_rt_sigaction
sys_enter_rt_sigaction
sys_enter_rt_sigaction
sys_enter_rt_sigaction
sys_enter_rt_sigaction
sys_enter_rt_sigaction
sys_enter_rt_sigaction
sys_enter_rt_sigaction
sys_enter_rt_sigaction
sys_enter_rt_sigaction
sys_enter_rt_sigaction
sys_enter_rt_sigaction
sys_enter_rt_sigaction
sys_enter_rt_sigaction
sys_enter_rt_sigaction
sys_enter_rt_sigaction
sys_enter_rt_sigaction
sys_enter_rt_sigaction
sys_enter_rt_sigaction
sys_enter_rt_sigaction
sys_enter_rt_sigaction
sys_enter_rt_sigaction
sys_enter_rt_sigaction
sys_enter_rt_sigaction
sys_enter_rt_sigaction
sys_enter_rt_sigaction
sys_enter_rt_sigaction
sys_enter_rt_sigaction
sys_enter_rt_sigaction
sys_enter_rt_sigaction
sys_enter_rt_sigaction
sys_enter_rt_sigaction
sys_enter_rt_sigaction
sys_enter_rt_sigaction
sys_enter_rt_sigaction
sys_enter_rt_sigaction
sys_enter_rt_sigaction
sys_enter_rt_sigaction
sys_enter_rt_sigaction
sys_enter_rt_sigaction
sys_enter_rt_sigaction
sys_enter_rt_sigaction
sys_enter_rt_sigaction
sys_enter_rt_sigaction
sys_enter_rt_sigaction
sys_enter_rt_sigaction
sys_enter_rt_sigaction
sys_enter_rt_sigaction
sys_enter_rt_sigaction
sys_enter_rt_sigaction
sys_enter_rt_sigaction
sys_enter_rt_sigprocmask
sys_enter_clone
sys_enter_rt_sigprocmask
sys_enter_gettid
sys_enter_sigaltstack
sys_enter_sigaltstack
sys_enter_gettid
sys_enter_rt_sigprocmask
sys_enter_rt_sigprocmask
sys_enter_clone
sys_enter_rt_sigprocmask
sys_enter_gettid
sys_enter_sigaltstack
sys_enter_sigaltstack
sys_enter_gettid
sys_enter_rt_sigprocmask
sys_enter_rt_sigprocmask
sys_enter_clone
sys_enter_rt_sigprocmask
sys_enter_clone
sys_enter_rt_sigprocmask
sys_enter_futex
sys_enter_gettid
sys_enter_sigaltstack
sys_enter_sigaltstack
sys_enter_gettid
sys_enter_rt_sigprocmask
sys_enter_rt_sigprocmask
sys_enter_gettid
sys_enter_futex
sys_enter_sigaltstack
sys_enter_sigaltstack
sys_enter_futex
sys_enter_gettid
sys_enter_rt_sigprocmask
sys_enter_futex
sys_enter_futex
sys_enter_futex
sys_enter_mmap
sys_enter_futex
sys_enter_futex
sys_enter_futex
sys_enter_openat
sys_enter_read
sys_enter_read
sys_enter_close
sys_enter_socket
sys_enter_close
sys_enter_socket
sys_enter_setsockopt
sys_enter_bind
sys_enter_socket
sys_enter_setsockopt
sys_enter_bind
sys_enter_close
sys_enter_close
sys_enter_getpid
sys_enter_getppid
sys_enter_mmap
sys_enter_mmap
sys_enter_getppid
sys_enter_openat
sys_enter_pipe2
sys_enter_getpid
sys_enter_clone
sys_enter_setsid
sys_enter_close
sys_enter_chdir
sys_enter_read
sys_enter_execve
sys_enter_close
sys_enter_exit_group
sys_enter_mmap
sys_enter_mmap
sys_enter_mprotect
sys_enter_mmap
sys_enter_mmap
sys_enter_mprotect
sys_enter_mmap
sys_enter_mprotect
sys_enter_mmap
sys_enter_mprotect
sys_enter_mmap
sys_enter_mmap
sys_enter_close
sys_enter_munmap
sys_enter_sched_getaffinity
sys_enter_mmap
sys_enter_munmap
sys_enter_mmap
sys_enter_mmap
sys_enter_mmap
sys_enter_mmap
sys_enter_mmap
sys_enter_mmap
sys_enter_rt_sigprocmask
sys_enter_sigaltstack
sys_enter_sigaltstack
sys_enter_gettid
sys_enter_rt_sigprocmask
sys_enter_rt_sigaction
sys_enter_rt_sigaction
sys_enter_rt_sigaction
sys_enter_rt_sigaction
sys_enter_rt_sigaction
sys_enter_rt_sigaction
sys_enter_rt_sigaction
sys_enter_rt_sigaction
sys_enter_rt_sigaction
sys_enter_rt_sigaction
sys_enter_rt_sigaction
sys_enter_rt_sigaction
sys_enter_rt_sigaction
sys_enter_rt_sigaction
sys_enter_rt_sigaction
sys_enter_rt_sigaction
sys_enter_rt_sigaction
sys_enter_rt_sigaction
sys_enter_rt_sigaction
sys_enter_rt_sigaction
sys_enter_rt_sigaction
sys_enter_rt_sigaction
sys_enter_rt_sigaction
sys_enter_rt_sigaction
sys_enter_rt_sigaction
sys_enter_rt_sigaction
sys_enter_rt_sigaction
sys_enter_rt_sigaction
sys_enter_rt_sigaction
sys_enter_rt_sigaction
sys_enter_rt_sigaction
sys_enter_rt_sigaction
sys_enter_rt_sigaction
sys_enter_rt_sigaction
sys_enter_rt_sigaction
sys_enter_rt_sigaction
sys_enter_rt_sigaction
sys_enter_rt_sigaction
sys_enter_rt_sigaction
sys_enter_rt_sigaction
sys_enter_rt_sigaction
sys_enter_rt_sigaction
sys_enter_rt_sigaction
sys_enter_rt_sigaction
sys_enter_rt_sigaction
sys_enter_rt_sigaction
sys_enter_rt_sigaction
sys_enter_rt_sigaction
sys_enter_rt_sigaction
sys_enter_rt_sigaction
sys_enter_rt_sigaction
sys_enter_rt_sigaction
sys_enter_rt_sigaction
sys_enter_rt_sigaction
sys_enter_rt_sigaction
sys_enter_rt_sigaction
sys_enter_rt_sigaction
sys_enter_rt_sigaction
sys_enter_rt_sigaction
sys_enter_rt_sigaction
sys_enter_rt_sigaction
sys_enter_rt_sigaction
sys_enter_rt_sigaction
sys_enter_rt_sigaction
sys_enter_rt_sigaction
sys_enter_rt_sigaction
sys_enter_rt_sigaction
sys_enter_rt_sigaction
sys_enter_rt_sigaction
sys_enter_rt_sigaction
sys_enter_rt_sigaction
sys_enter_rt_sigaction
sys_enter_rt_sigaction
sys_enter_rt_sigaction
sys_enter_rt_sigaction
sys_enter_rt_sigaction
sys_enter_rt_sigaction
sys_enter_rt_sigaction
sys_enter_rt_sigaction
sys_enter_rt_sigaction
sys_enter_rt_sigaction
sys_enter_rt_sigaction
sys_enter_rt_sigaction
sys_enter_rt_sigaction
sys_enter_rt_sigaction
sys_enter_rt_sigaction
sys_enter_rt_sigaction
sys_enter_rt_sigaction
sys_enter_rt_sigaction
sys_enter_rt_sigaction
sys_enter_rt_sigaction
sys_enter_rt_sigaction
sys_enter_rt_sigaction
sys_enter_rt_sigaction
sys_enter_rt_sigaction
sys_enter_rt_sigaction
sys_enter_rt_sigaction
sys_enter_rt_sigaction
sys_enter_rt_sigaction
sys_enter_rt_sigaction
sys_enter_rt_sigaction
sys_enter_rt_sigaction
sys_enter_rt_sigaction
sys_enter_rt_sigaction
sys_enter_rt_sigaction
sys_enter_rt_sigaction
sys_enter_rt_sigaction
sys_enter_rt_sigaction
sys_enter_rt_sigaction
sys_enter_rt_sigaction
sys_enter_rt_sigaction
sys_enter_rt_sigaction
sys_enter_rt_sigaction
sys_enter_rt_sigaction
sys_enter_rt_sigprocmask
sys_enter_clone
sys_enter_rt_sigprocmask
sys_enter_gettid
sys_enter_sigaltstack
sys_enter_sigaltstack
sys_enter_gettid
sys_enter_rt_sigprocmask
sys_enter_rt_sigprocmask
sys_enter_clone
sys_enter_rt_sigprocmask
sys_enter_gettid
sys_enter_sigaltstack
sys_enter_sigaltstack
sys_enter_gettid
sys_enter_rt_sigprocmask
sys_enter_clone
sys_enter_rt_sigprocmask
sys_enter_rt_sigprocmask
sys_enter_rt_sigprocmask
sys_enter_futex
sys_enter_clone
sys_enter_gettid
sys_enter_sigaltstack
sys_enter_sigaltstack
sys_enter_rt_sigprocmask
sys_enter_gettid
sys_enter_rt_sigprocmask
sys_enter_gettid
sys_enter_futex
sys_enter_sigaltstack
sys_enter_sigaltstack
sys_enter_gettid
sys_enter_rt_sigprocmask
sys_enter_futex
sys_enter_futex
sys_enter_futex
sys_enter_futex
sys_enter_mmap
sys_enter_futex
sys_enter_futex
sys_enter_futex
sys_enter_openat
sys_enter_futex
sys_enter_futex
sys_enter_futex
sys_enter_futex
sys_enter_futex
sys_enter_read
sys_enter_read
sys_enter_close
sys_enter_socket
sys_enter_close
sys_enter_socket
sys_enter_setsockopt
sys_enter_bind
sys_enter_socket
sys_enter_setsockopt
sys_enter_bind
sys_enter_close
sys_enter_close
sys_enter_mmap
sys_enter_getpid
sys_enter_getppid
sys_enter_mmap
sys_enter_mmap
sys_enter_getppid
sys_enter_openat
sys_enter_pipe2
sys_enter_getpid
sys_enter_clone
sys_enter_setsid
sys_enter_close
sys_enter_read
sys_enter_chdir
sys_enter_execve
sys_enter_close
sys_enter_exit_group
sys_enter_mmap
sys_enter_mmap
sys_enter_mprotect
sys_enter_mmap
sys_enter_mmap
sys_enter_mprotect
sys_enter_mmap
sys_enter_mprotect
sys_enter_mmap
sys_enter_mprotect
sys_enter_mmap
sys_enter_mmap
sys_enter_close
sys_enter_munmap
sys_enter_sched_getaffinity
sys_enter_mmap
sys_enter_munmap
sys_enter_mmap
sys_enter_mmap
sys_enter_mmap
sys_enter_mmap
sys_enter_mmap
sys_enter_mmap
sys_enter_rt_sigprocmask
sys_enter_sigaltstack
sys_enter_sigaltstack
sys_enter_gettid
sys_enter_rt_sigprocmask
sys_enter_rt_sigaction
sys_enter_rt_sigaction
sys_enter_rt_sigaction
sys_enter_rt_sigaction
sys_enter_rt_sigaction
sys_enter_rt_sigaction
sys_enter_rt_sigaction
sys_enter_rt_sigaction
sys_enter_rt_sigaction
sys_enter_rt_sigaction
sys_enter_rt_sigaction
sys_enter_rt_sigaction
sys_enter_rt_sigaction
sys_enter_rt_sigaction
sys_enter_rt_sigaction
sys_enter_rt_sigaction
sys_enter_rt_sigaction
sys_enter_rt_sigaction
sys_enter_rt_sigaction
sys_enter_rt_sigaction
sys_enter_rt_sigaction
sys_enter_rt_sigaction
sys_enter_rt_sigaction
sys_enter_rt_sigaction
sys_enter_rt_sigaction
sys_enter_rt_sigaction
sys_enter_rt_sigaction
sys_enter_rt_sigaction
sys_enter_rt_sigaction
sys_enter_rt_sigaction
sys_enter_rt_sigaction
sys_enter_rt_sigaction
sys_enter_rt_sigaction
sys_enter_rt_sigaction
sys_enter_rt_sigaction
sys_enter_rt_sigaction
sys_enter_rt_sigaction
sys_enter_rt_sigaction
sys_enter_rt_sigaction
sys_enter_rt_sigaction
sys_enter_rt_sigaction
sys_enter_rt_sigaction
sys_enter_rt_sigaction
sys_enter_rt_sigaction
sys_enter_rt_sigaction
sys_enter_rt_sigaction
sys_enter_rt_sigaction
sys_enter_rt_sigaction
sys_enter_rt_sigaction
sys_enter_rt_sigaction
sys_enter_rt_sigaction
sys_enter_rt_sigaction
sys_enter_rt_sigaction
sys_enter_rt_sigaction
sys_enter_rt_sigaction
sys_enter_rt_sigaction
sys_enter_rt_sigaction
sys_enter_rt_sigaction
sys_enter_rt_sigaction
sys_enter_rt_sigaction
sys_enter_rt_sigaction
sys_enter_rt_sigaction
sys_enter_rt_sigaction
sys_enter_rt_sigaction
sys_enter_rt_sigaction
sys_enter_rt_sigaction
sys_enter_rt_sigaction
sys_enter_rt_sigaction
sys_enter_rt_sigaction
sys_enter_rt_sigaction
sys_enter_rt_sigaction
sys_enter_rt_sigaction
sys_enter_rt_sigaction
sys_enter_rt_sigaction
sys_enter_rt_sigaction
sys_enter_rt_sigaction
sys_enter_rt_sigaction
sys_enter_rt_sigaction
sys_enter_rt_sigaction
sys_enter_rt_sigaction
sys_enter_rt_sigaction
sys_enter_rt_sigaction
sys_enter_rt_sigaction
sys_enter_rt_sigaction
sys_enter_rt_sigaction
sys_enter_rt_sigaction
sys_enter_rt_sigaction
sys_enter_rt_sigaction
sys_enter_rt_sigaction
sys_enter_rt_sigaction
sys_enter_rt_sigaction
sys_enter_rt_sigaction
sys_enter_rt_sigaction
sys_enter_rt_sigaction
sys_enter_rt_sigaction
sys_enter_rt_sigaction
sys_enter_rt_sigaction
sys_enter_rt_sigaction
sys_enter_rt_sigaction
sys_enter_rt_sigaction
sys_enter_rt_sigaction
sys_enter_rt_sigaction
sys_enter_rt_sigaction
sys_enter_rt_sigaction
sys_enter_rt_sigaction
sys_enter_rt_sigaction
sys_enter_rt_sigaction
sys_enter_rt_sigaction
sys_enter_rt_sigaction
sys_enter_rt_sigaction
sys_enter_rt_sigaction
sys_enter_rt_sigaction
sys_enter_rt_sigaction
sys_enter_rt_sigaction
sys_enter_rt_sigprocmask
sys_enter_clone
sys_enter_rt_sigprocmask
sys_enter_gettid
sys_enter_sigaltstack
sys_enter_sigaltstack
sys_enter_gettid
sys_enter_rt_sigprocmask
sys_enter_rt_sigprocmask
sys_enter_clone
sys_enter_rt_sigprocmask
sys_enter_gettid
sys_enter_sigaltstack
sys_enter_sigaltstack
sys_enter_gettid
sys_enter_rt_sigprocmask
sys_enter_rt_sigprocmask
sys_enter_clone
sys_enter_rt_sigprocmask
sys_enter_futex
sys_enter_rt_sigprocmask
sys_enter_clone
sys_enter_gettid
sys_enter_sigaltstack
sys_enter_sigaltstack
sys_enter_gettid
sys_enter_rt_sigprocmask
sys_enter_rt_sigprocmask
sys_enter_gettid
sys_enter_futex
sys_enter_futex
sys_enter_sigaltstack
sys_enter_sigaltstack
sys_enter_futex
sys_enter_gettid
sys_enter_rt_sigprocmask
sys_enter_futex
sys_enter_futex
sys_enter_mmap
sys_enter_futex
sys_enter_futex
sys_enter_futex
sys_enter_openat
sys_enter_read
sys_enter_read
sys_enter_close
sys_enter_socket
sys_enter_close
sys_enter_socket
sys_enter_setsockopt
sys_enter_bind
sys_enter_socket
sys_enter_setsockopt
sys_enter_bind
sys_enter_close
sys_enter_close
sys_enter_getpid
sys_enter_getppid
sys_enter_mmap
sys_enter_mmap
sys_enter_getppid
sys_enter_openat
sys_enter_pipe2
sys_enter_getpid
sys_enter_clone
sys_enter_setsid
sys_enter_close
sys_enter_read
sys_enter_chdir
sys_enter_execve
sys_enter_close
sys_enter_mmap
sys_enter_exit_group
sys_enter_mmap
sys_enter_mprotect
sys_enter_mmap
sys_enter_mmap
sys_enter_mprotect
sys_enter_mmap
sys_enter_mprotect
sys_enter_mmap
sys_enter_mprotect
sys_enter_mmap
sys_enter_mmap
sys_enter_close
sys_enter_munmap
sys_enter_sched_getaffinity
sys_enter_mmap
sys_enter_munmap
sys_enter_mmap
sys_enter_mmap
sys_enter_mmap
sys_enter_mmap
sys_enter_mmap
sys_enter_mmap
sys_enter_rt_sigprocmask
sys_enter_sigaltstack
sys_enter_sigaltstack
sys_enter_gettid
sys_enter_rt_sigprocmask
sys_enter_rt_sigaction
sys_enter_rt_sigaction
sys_enter_rt_sigaction
sys_enter_rt_sigaction
sys_enter_rt_sigaction
sys_enter_rt_sigaction
sys_enter_rt_sigaction
sys_enter_rt_sigaction
sys_enter_rt_sigaction
sys_enter_rt_sigaction
sys_enter_rt_sigaction
sys_enter_rt_sigaction
sys_enter_rt_sigaction
sys_enter_rt_sigaction
sys_enter_rt_sigaction
sys_enter_rt_sigaction
sys_enter_rt_sigaction
sys_enter_rt_sigaction
sys_enter_rt_sigaction
sys_enter_rt_sigaction
sys_enter_rt_sigaction
sys_enter_rt_sigaction
sys_enter_rt_sigaction
sys_enter_rt_sigaction
sys_enter_rt_sigaction
sys_enter_rt_sigaction
sys_enter_rt_sigaction
sys_enter_rt_sigaction
sys_enter_rt_sigaction
sys_enter_rt_sigaction
sys_enter_rt_sigaction
sys_enter_rt_sigaction
sys_enter_rt_sigaction
sys_enter_rt_sigaction
sys_enter_rt_sigaction
sys_enter_rt_sigaction
sys_enter_rt_sigaction
sys_enter_rt_sigaction
sys_enter_rt_sigaction
sys_enter_rt_sigaction
sys_enter_rt_sigaction
sys_enter_rt_sigaction
sys_enter_rt_sigaction
sys_enter_rt_sigaction
sys_enter_rt_sigaction
sys_enter_rt_sigaction
sys_enter_rt_sigaction
sys_enter_rt_sigaction
sys_enter_rt_sigaction
sys_enter_rt_sigaction
sys_enter_rt_sigaction
sys_enter_rt_sigaction
sys_enter_rt_sigaction
sys_enter_rt_sigaction
sys_enter_rt_sigaction
sys_enter_rt_sigaction
sys_enter_rt_sigaction
sys_enter_rt_sigaction
sys_enter_rt_sigaction
sys_enter_rt_sigaction
sys_enter_rt_sigaction
sys_enter_rt_sigaction
sys_enter_rt_sigaction
sys_enter_rt_sigaction
sys_enter_rt_sigaction
sys_enter_rt_sigaction
sys_enter_rt_sigaction
sys_enter_rt_sigaction
sys_enter_rt_sigaction
sys_enter_rt_sigaction
sys_enter_rt_sigaction
sys_enter_rt_sigaction
sys_enter_rt_sigaction
sys_enter_rt_sigaction
sys_enter_rt_sigaction
sys_enter_rt_sigaction
sys_enter_rt_sigaction
sys_enter_rt_sigaction
sys_enter_rt_sigaction
sys_enter_rt_sigaction
sys_enter_rt_sigaction
sys_enter_rt_sigaction
sys_enter_rt_sigaction
sys_enter_rt_sigaction
sys_enter_rt_sigaction
sys_enter_rt_sigaction
sys_enter_rt_sigaction
sys_enter_rt_sigaction
sys_enter_rt_sigaction
sys_enter_rt_sigaction
sys_enter_rt_sigaction
sys_enter_rt_sigaction
sys_enter_rt_sigaction
sys_enter_rt_sigaction
sys_enter_rt_sigaction
sys_enter_rt_sigaction
sys_enter_rt_sigaction
sys_enter_rt_sigaction
sys_enter_rt_sigaction
sys_enter_rt_sigaction
sys_enter_rt_sigaction
sys_enter_rt_sigaction
sys_enter_rt_sigaction
sys_enter_rt_sigaction
sys_enter_rt_sigaction
sys_enter_rt_sigaction
sys_enter_rt_sigaction
sys_enter_rt_sigaction
sys_enter_rt_sigaction
sys_enter_rt_sigaction
sys_enter_rt_sigaction
sys_enter_rt_sigaction
sys_enter_rt_sigaction
sys_enter_rt_sigaction
sys_enter_rt_sigprocmask
sys_enter_clone
sys_enter_rt_sigprocmask
sys_enter_gettid
sys_enter_sigaltstack
sys_enter_sigaltstack
sys_enter_gettid
sys_enter_rt_sigprocmask
sys_enter_rt_sigprocmask
sys_enter_clone
sys_enter_rt_sigprocmask
sys_enter_gettid
sys_enter_sigaltstack
sys_enter_sigaltstack
sys_enter_rt_sigprocmask
sys_enter_clone
sys_enter_gettid
sys_enter_rt_sigprocmask
sys_enter_rt_sigprocmask
sys_enter_futex
sys_enter_gettid
sys_enter_rt_sigprocmask
sys_enter_clone
sys_enter_sigaltstack
sys_enter_sigaltstack
sys_enter_gettid
sys_enter_rt_sigprocmask
sys_enter_futex
sys_enter_rt_sigprocmask
sys_enter_futex
sys_enter_futex
sys_enter_futex
sys_enter_futex
sys_enter_gettid
sys_enter_sigaltstack
sys_enter_sigaltstack
sys_enter_gettid
sys_enter_rt_sigprocmask
sys_enter_futex
sys_enter_futex
sys_enter_futex
sys_enter_mmap
sys_enter_openat
sys_enter_read
sys_enter_read
sys_enter_close
sys_enter_socket
sys_enter_close
sys_enter_socket
sys_enter_setsockopt
sys_enter_bind
sys_enter_socket
sys_enter_setsockopt
sys_enter_bind
sys_enter_close
sys_enter_close
sys_enter_getpid
sys_enter_getppid
sys_enter_mmap
sys_enter_mmap
sys_enter_getppid
sys_enter_openat
sys_enter_pipe2
sys_enter_getpid
sys_enter_clone
sys_enter_setsid
sys_enter_close
sys_enter_read
sys_enter_chdir
sys_enter_execve
sys_enter_close
sys_enter_mmap
sys_enter_exit_group
sys_enter_mmap
sys_enter_mprotect
sys_enter_mmap
sys_enter_mmap
sys_enter_mprotect
sys_enter_mmap
sys_enter_mprotect
sys_enter_mmap
sys_enter_mprotect
sys_enter_mmap
sys_enter_mmap
sys_enter_close
sys_enter_munmap
sys_enter_sched_getaffinity
sys_enter_mmap
sys_enter_munmap
sys_enter_mmap
sys_enter_mmap
sys_enter_mmap
sys_enter_mmap
sys_enter_mmap
sys_enter_mmap
sys_enter_rt_sigprocmask
sys_enter_sigaltstack
sys_enter_sigaltstack
sys_enter_gettid
sys_enter_rt_sigprocmask
sys_enter_rt_sigaction
sys_enter_rt_sigaction
sys_enter_rt_sigaction
sys_enter_rt_sigaction
sys_enter_rt_sigaction
sys_enter_rt_sigaction
sys_enter_rt_sigaction
sys_enter_rt_sigaction
sys_enter_rt_sigaction
sys_enter_rt_sigaction
sys_enter_rt_sigaction
sys_enter_rt_sigaction
sys_enter_rt_sigaction
sys_enter_rt_sigaction
sys_enter_rt_sigaction
sys_enter_rt_sigaction
sys_enter_rt_sigaction
sys_enter_rt_sigaction
sys_enter_rt_sigaction
sys_enter_rt_sigaction
sys_enter_rt_sigaction
sys_enter_rt_sigaction
sys_enter_rt_sigaction
sys_enter_rt_sigaction
sys_enter_rt_sigaction
sys_enter_rt_sigaction
sys_enter_rt_sigaction
sys_enter_rt_sigaction
sys_enter_rt_sigaction
sys_enter_rt_sigaction
sys_enter_rt_sigaction
sys_enter_rt_sigaction
sys_enter_rt_sigaction
sys_enter_rt_sigaction
sys_enter_rt_sigaction
sys_enter_rt_sigaction
sys_enter_rt_sigaction
sys_enter_rt_sigaction
sys_enter_rt_sigaction
sys_enter_rt_sigaction
sys_enter_rt_sigaction
sys_enter_rt_sigaction
sys_enter_rt_sigaction
sys_enter_rt_sigaction
sys_enter_rt_sigaction
sys_enter_rt_sigaction
sys_enter_rt_sigaction
sys_enter_rt_sigaction
sys_enter_rt_sigaction
sys_enter_rt_sigaction
sys_enter_rt_sigaction
sys_enter_rt_sigaction
sys_enter_rt_sigaction
sys_enter_rt_sigaction
sys_enter_rt_sigaction
sys_enter_rt_sigaction
sys_enter_rt_sigaction
sys_enter_rt_sigaction
sys_enter_rt_sigaction
sys_enter_rt_sigaction
sys_enter_rt_sigaction
sys_enter_rt_sigaction
sys_enter_rt_sigaction
sys_enter_rt_sigaction
sys_enter_rt_sigaction
sys_enter_rt_sigaction
sys_enter_rt_sigaction
sys_enter_rt_sigaction
sys_enter_rt_sigaction
sys_enter_rt_sigaction
sys_enter_rt_sigaction
sys_enter_rt_sigaction
sys_enter_rt_sigaction
sys_enter_rt_sigaction
sys_enter_rt_sigaction
sys_enter_rt_sigaction
sys_enter_rt_sigaction
sys_enter_rt_sigaction
sys_enter_rt_sigaction
sys_enter_rt_sigaction
sys_enter_rt_sigaction
sys_enter_rt_sigaction
sys_enter_rt_sigaction
sys_enter_rt_sigaction
sys_enter_rt_sigaction
sys_enter_rt_sigaction
sys_enter_rt_sigaction
sys_enter_rt_sigaction
sys_enter_rt_sigaction
sys_enter_rt_sigaction
sys_enter_rt_sigaction
sys_enter_rt_sigaction
sys_enter_rt_sigaction
sys_enter_rt_sigaction
sys_enter_rt_sigaction
sys_enter_rt_sigaction
sys_enter_rt_sigaction
sys_enter_rt_sigaction
sys_enter_rt_sigaction
sys_enter_rt_sigaction
sys_enter_rt_sigaction
sys_enter_rt_sigaction
sys_enter_rt_sigaction
sys_enter_rt_sigaction
sys_enter_rt_sigaction
sys_enter_rt_sigaction
sys_enter_rt_sigaction
sys_enter_rt_sigaction
sys_enter_rt_sigaction
sys_enter_rt_sigaction
sys_enter_rt_sigaction
sys_enter_rt_sigaction
sys_enter_rt_sigaction
sys_enter_rt_sigaction
sys_enter_rt_sigprocmask
sys_enter_clone
sys_enter_rt_sigprocmask
sys_enter_gettid
sys_enter_sigaltstack
sys_enter_sigaltstack
sys_enter_gettid
sys_enter_rt_sigprocmask
sys_enter_rt_sigprocmask
sys_enter_clone
sys_enter_rt_sigprocmask
sys_enter_gettid
sys_enter_sigaltstack
sys_enter_sigaltstack
sys_enter_gettid
sys_enter_rt_sigprocmask
sys_enter_rt_sigprocmask
sys_enter_clone
sys_enter_rt_sigprocmask
sys_enter_futex
sys_enter_rt_sigprocmask
sys_enter_clone
sys_enter_rt_sigprocmask
sys_enter_futex
sys_enter_gettid
sys_enter_sigaltstack
sys_enter_sigaltstack
sys_enter_gettid
sys_enter_rt_sigprocmask
sys_enter_futex
sys_enter_futex
sys_enter_sigaltstack
sys_enter_sigaltstack
sys_enter_gettid
sys_enter_gettid
sys_enter_rt_sigprocmask
sys_enter_futex
sys_enter_futex
sys_enter_mmap
sys_enter_futex
sys_enter_futex
sys_enter_futex
sys_enter_openat
sys_enter_futex
sys_enter_futex
sys_enter_read
sys_enter_read
sys_enter_close
sys_enter_socket
sys_enter_close
sys_enter_socket
sys_enter_setsockopt
sys_enter_bind
sys_enter_socket
sys_enter_setsockopt
sys_enter_bind
sys_enter_close
sys_enter_close
sys_enter_mmap
sys_enter_mmap
sys_enter_getpid
sys_enter_getppid
sys_enter_mmap
sys_enter_mmap
sys_enter_getppid
sys_enter_openat
sys_enter_pipe2
sys_enter_getpid
sys_enter_clone
sys_enter_setsid
sys_enter_close
sys_enter_read
sys_enter_chdir
sys_enter_execve
sys_enter_close
sys_enter_exit_group
sys_enter_mmap
sys_enter_mmap
sys_enter_mprotect
sys_enter_mmap
sys_enter_mmap
sys_enter_mprotect
sys_enter_mmap
sys_enter_mprotect
sys_enter_mmap
sys_enter_mprotect
sys_enter_mmap
sys_enter_mmap
sys_enter_close
sys_enter_munmap
sys_enter_sched_getaffinity
sys_enter_mmap
sys_enter_munmap
sys_enter_mmap
sys_enter_mmap
sys_enter_mmap
sys_enter_mmap
sys_enter_mmap
sys_enter_mmap
sys_enter_rt_sigprocmask
sys_enter_sigaltstack
sys_enter_sigaltstack
sys_enter_gettid
sys_enter_rt_sigprocmask
sys_enter_rt_sigaction
sys_enter_rt_sigaction
sys_enter_rt_sigaction
sys_enter_rt_sigaction
sys_enter_rt_sigaction
sys_enter_rt_sigaction
sys_enter_rt_sigaction
sys_enter_rt_sigaction
sys_enter_rt_sigaction
sys_enter_rt_sigaction
sys_enter_rt_sigaction
sys_enter_rt_sigaction
sys_enter_rt_sigaction
sys_enter_rt_sigaction
sys_enter_rt_sigaction
sys_enter_rt_sigaction
sys_enter_rt_sigaction
sys_enter_rt_sigaction
sys_enter_rt_sigaction
sys_enter_rt_sigaction
sys_enter_rt_sigaction
sys_enter_rt_sigaction
sys_enter_rt_sigaction
sys_enter_rt_sigaction
sys_enter_rt_sigaction
sys_enter_rt_sigaction
sys_enter_rt_sigaction
sys_enter_rt_sigaction
sys_enter_rt_sigaction
sys_enter_rt_sigaction
sys_enter_rt_sigaction
sys_enter_rt_sigaction
sys_enter_rt_sigaction
sys_enter_rt_sigaction
sys_enter_rt_sigaction
sys_enter_rt_sigaction
sys_enter_rt_sigaction
sys_enter_rt_sigaction
sys_enter_rt_sigaction
sys_enter_rt_sigaction
sys_enter_rt_sigaction
sys_enter_rt_sigaction
sys_enter_rt_sigaction
sys_enter_rt_sigaction
sys_enter_rt_sigaction
sys_enter_rt_sigaction
sys_enter_rt_sigaction
sys_enter_rt_sigaction
sys_enter_rt_sigaction
sys_enter_rt_sigaction
sys_enter_rt_sigaction
sys_enter_rt_sigaction
sys_enter_rt_sigaction
sys_enter_rt_sigaction
sys_enter_rt_sigaction
sys_enter_rt_sigaction
sys_enter_rt_sigaction
sys_enter_rt_sigaction
sys_enter_rt_sigaction
sys_enter_rt_sigaction
sys_enter_rt_sigaction
sys_enter_rt_sigaction
sys_enter_rt_sigaction
sys_enter_rt_sigaction
sys_enter_rt_sigaction
sys_enter_rt_sigaction
sys_enter_rt_sigaction
sys_enter_rt_sigaction
sys_enter_rt_sigaction
sys_enter_rt_sigaction
sys_enter_rt_sigaction
sys_enter_rt_sigaction
sys_enter_rt_sigaction
sys_enter_rt_sigaction
sys_enter_rt_sigaction
sys_enter_rt_sigaction
sys_enter_rt_sigaction
sys_enter_rt_sigaction
sys_enter_rt_sigaction
sys_enter_rt_sigaction
sys_enter_rt_sigaction
sys_enter_rt_sigaction
sys_enter_rt_sigaction
sys_enter_rt_sigaction
sys_enter_rt_sigaction
sys_enter_rt_sigaction
sys_enter_rt_sigaction
sys_enter_rt_sigaction
sys_enter_rt_sigaction
sys_enter_rt_sigaction
sys_enter_rt_sigaction
sys_enter_rt_sigaction
sys_enter_rt_sigaction
sys_enter_rt_sigaction
sys_enter_rt_sigaction
sys_enter_rt_sigaction
sys_enter_rt_sigaction
sys_enter_rt_sigaction
sys_enter_rt_sigaction
sys_enter_rt_sigaction
sys_enter_rt_sigaction
sys_enter_rt_sigaction
sys_enter_rt_sigaction
sys_enter_rt_sigaction
sys_enter_rt_sigaction
sys_enter_rt_sigaction
sys_enter_rt_sigaction
sys_enter_rt_sigaction
sys_enter_rt_sigaction
sys_enter_rt_sigaction
sys_enter_rt_sigaction
sys_enter_rt_sigaction
sys_enter_rt_sigaction
sys_enter_rt_sigaction
sys_enter_rt_sigprocmask
sys_enter_clone
sys_enter_rt_sigprocmask
sys_enter_gettid
sys_enter_sigaltstack
sys_enter_sigaltstack
sys_enter_gettid
sys_enter_rt_sigprocmask
sys_enter_rt_sigprocmask
sys_enter_clone
sys_enter_rt_sigprocmask
sys_enter_gettid
sys_enter_sigaltstack
sys_enter_sigaltstack
sys_enter_gettid
sys_enter_rt_sigprocmask
sys_enter_rt_sigprocmask
sys_enter_clone
sys_enter_rt_sigprocmask
sys_enter_clone
sys_enter_rt_sigprocmask
sys_enter_rt_sigprocmask
sys_enter_futex
sys_enter_gettid
sys_enter_sigaltstack
sys_enter_sigaltstack
sys_enter_gettid
sys_enter_rt_sigprocmask
sys_enter_futex
sys_enter_gettid
sys_enter_sigaltstack
sys_enter_sigaltstack
sys_enter_gettid
sys_enter_rt_sigprocmask
sys_enter_futex
sys_enter_futex
sys_enter_futex
sys_enter_futex
sys_enter_mmap
sys_enter_futex
sys_enter_futex
sys_enter_futex
sys_enter_openat
sys_enter_read
sys_enter_read
sys_enter_close
sys_enter_socket
sys_enter_close
sys_enter_socket
sys_enter_setsockopt
sys_enter_bind
sys_enter_socket
sys_enter_setsockopt
sys_enter_bind
sys_enter_close
sys_enter_close
sys_enter_getpid
sys_enter_getppid
sys_enter_mmap
sys_enter_mmap
sys_enter_getppid
sys_enter_openat
sys_enter_pipe2
sys_enter_getpid
sys_enter_clone
sys_enter_setsid
sys_enter_close
sys_enter_read
sys_enter_chdir
sys_enter_execve
sys_enter_close
sys_enter_exit_group
sys_enter_mmap
sys_enter_mmap
sys_enter_mprotect
sys_enter_mmap
sys_enter_mmap
sys_enter_mprotect
sys_enter_mmap
sys_enter_mprotect
sys_enter_mmap
sys_enter_mprotect
sys_enter_mmap
sys_enter_mmap
sys_enter_close
sys_enter_munmap
sys_enter_sched_getaffinity
sys_enter_mmap
sys_enter_munmap
sys_enter_mmap
sys_enter_mmap
sys_enter_mmap
sys_enter_mmap
sys_enter_mmap
sys_enter_mmap
sys_enter_rt_sigprocmask
sys_enter_sigaltstack
sys_enter_sigaltstack
sys_enter_gettid
sys_enter_rt_sigprocmask
sys_enter_rt_sigaction
sys_enter_rt_sigaction
sys_enter_rt_sigaction
sys_enter_rt_sigaction
sys_enter_rt_sigaction
sys_enter_rt_sigaction
sys_enter_rt_sigaction
sys_enter_rt_sigaction
sys_enter_rt_sigaction
sys_enter_rt_sigaction
sys_enter_rt_sigaction
sys_enter_rt_sigaction
sys_enter_rt_sigaction
sys_enter_rt_sigaction
sys_enter_rt_sigaction
sys_enter_rt_sigaction
sys_enter_rt_sigaction
sys_enter_rt_sigaction
sys_enter_rt_sigaction
sys_enter_rt_sigaction
sys_enter_rt_sigaction
sys_enter_rt_sigaction
sys_enter_rt_sigaction
sys_enter_rt_sigaction
sys_enter_rt_sigaction
sys_enter_rt_sigaction
sys_enter_rt_sigaction
sys_enter_rt_sigaction
sys_enter_rt_sigaction
sys_enter_rt_sigaction
sys_enter_rt_sigaction
sys_enter_rt_sigaction
sys_enter_rt_sigaction
sys_enter_rt_sigaction
sys_enter_rt_sigaction
sys_enter_rt_sigaction
sys_enter_rt_sigaction
sys_enter_rt_sigaction
sys_enter_rt_sigaction
sys_enter_rt_sigaction
sys_enter_rt_sigaction
sys_enter_rt_sigaction
sys_enter_rt_sigaction
sys_enter_rt_sigaction
sys_enter_rt_sigaction
sys_enter_rt_sigaction
sys_enter_rt_sigaction
sys_enter_rt_sigaction
sys_enter_rt_sigaction
sys_enter_rt_sigaction
sys_enter_rt_sigaction
sys_enter_rt_sigaction
sys_enter_rt_sigaction
sys_enter_rt_sigaction
sys_enter_rt_sigaction
sys_enter_rt_sigaction
sys_enter_rt_sigaction
sys_enter_rt_sigaction
sys_enter_rt_sigaction
sys_enter_rt_sigaction
sys_enter_rt_sigaction
sys_enter_rt_sigaction
sys_enter_rt_sigaction
sys_enter_rt_sigaction
sys_enter_rt_sigaction
sys_enter_rt_sigaction
sys_enter_rt_sigaction
sys_enter_rt_sigaction
sys_enter_rt_sigaction
sys_enter_rt_sigaction
sys_enter_rt_sigaction
sys_enter_rt_sigaction
sys_enter_rt_sigaction
sys_enter_rt_sigaction
sys_enter_rt_sigaction
sys_enter_rt_sigaction
sys_enter_rt_sigaction
sys_enter_rt_sigaction
sys_enter_rt_sigaction
sys_enter_rt_sigaction
sys_enter_rt_sigaction
sys_enter_rt_sigaction
sys_enter_rt_sigaction
sys_enter_rt_sigaction
sys_enter_rt_sigaction
sys_enter_rt_sigaction
sys_enter_rt_sigaction
sys_enter_rt_sigaction
sys_enter_rt_sigaction
sys_enter_rt_sigaction
sys_enter_rt_sigaction
sys_enter_rt_sigaction
sys_enter_rt_sigaction
sys_enter_rt_sigaction
sys_enter_rt_sigaction
sys_enter_rt_sigaction
sys_enter_rt_sigaction
sys_enter_rt_sigaction
sys_enter_rt_sigaction
sys_enter_rt_sigaction
sys_enter_rt_sigaction
sys_enter_rt_sigaction
sys_enter_rt_sigaction
sys_enter_rt_sigaction
sys_enter_rt_sigaction
sys_enter_rt_sigaction
sys_enter_rt_sigaction
sys_enter_rt_sigaction
sys_enter_rt_sigaction
sys_enter_rt_sigaction
sys_enter_rt_sigaction
sys_enter_rt_sigaction
sys_enter_rt_sigaction
sys_enter_rt_sigaction
sys_enter_rt_sigprocmask
sys_enter_clone
sys_enter_rt_sigprocmask
sys_enter_rt_sigprocmask
sys_enter_clone
sys_enter_rt_sigprocmask
sys_enter_rt_sigprocmask
sys_enter_clone
sys_enter_rt_sigprocmask
sys_enter_futex
sys_enter_gettid
sys_enter_sigaltstack
sys_enter_sigaltstack
sys_enter_gettid
sys_enter_rt_sigprocmask
sys_enter_futex
sys_enter_futex
sys_enter_mmap
sys_enter_gettid
sys_enter_sigaltstack
sys_enter_sigaltstack
sys_enter_gettid
sys_enter_rt_sigprocmask
sys_enter_gettid
sys_enter_sigaltstack
sys_enter_sigaltstack
sys_enter_gettid
sys_enter_rt_sigprocmask
sys_enter_rt_sigprocmask
sys_enter_clone
sys_enter_rt_sigprocmask
sys_enter_futex
sys_enter_gettid
sys_enter_sigaltstack
sys_enter_sigaltstack
sys_enter_gettid
sys_enter_rt_sigprocmask
sys_enter_futex
sys_enter_futex
sys_enter_futex
sys_enter_futex
sys_enter_futex
sys_enter_openat
sys_enter_futex
sys_enter_futex
sys_enter_read
sys_enter_read
sys_enter_close
sys_enter_socket
sys_enter_close
sys_enter_socket
sys_enter_setsockopt
sys_enter_bind
sys_enter_socket
sys_enter_setsockopt
sys_enter_bind
sys_enter_close
sys_enter_close
sys_enter_getpid
sys_enter_getppid
sys_enter_mmap
sys_enter_mmap
sys_enter_getppid
sys_enter_openat
sys_enter_pipe2
sys_enter_getpid
sys_enter_clone
sys_enter_setsid
sys_enter_close
sys_enter_read
sys_enter_chdir
sys_enter_execve
sys_enter_close
sys_enter_exit_group
sys_enter_mmap
sys_enter_mmap
sys_enter_mprotect
sys_enter_mmap
sys_enter_mmap
sys_enter_mprotect
sys_enter_mmap
sys_enter_mprotect
sys_enter_mmap
sys_enter_mprotect
sys_enter_mmap
sys_enter_mmap
sys_enter_close
sys_enter_munmap
sys_enter_sched_getaffinity
sys_enter_mmap
sys_enter_munmap
sys_enter_mmap
sys_enter_mmap
sys_enter_mmap
sys_enter_mmap
sys_enter_mmap
sys_enter_mmap
sys_enter_rt_sigprocmask
sys_enter_sigaltstack
sys_enter_sigaltstack
sys_enter_gettid
sys_enter_rt_sigprocmask
sys_enter_rt_sigaction
sys_enter_rt_sigaction
sys_enter_rt_sigaction
sys_enter_rt_sigaction
sys_enter_rt_sigaction
sys_enter_rt_sigaction
sys_enter_rt_sigaction
sys_enter_rt_sigaction
sys_enter_rt_sigaction
sys_enter_rt_sigaction
sys_enter_rt_sigaction
sys_enter_rt_sigaction
sys_enter_rt_sigaction
sys_enter_rt_sigaction
sys_enter_rt_sigaction
sys_enter_rt_sigaction
sys_enter_rt_sigaction
sys_enter_rt_sigaction
sys_enter_rt_sigaction
sys_enter_rt_sigaction
sys_enter_rt_sigaction
sys_enter_rt_sigaction
sys_enter_rt_sigaction
sys_enter_rt_sigaction
sys_enter_rt_sigaction
sys_enter_rt_sigaction
sys_enter_rt_sigaction
sys_enter_rt_sigaction
sys_enter_rt_sigaction
sys_enter_rt_sigaction
sys_enter_rt_sigaction
sys_enter_rt_sigaction
sys_enter_rt_sigaction
sys_enter_rt_sigaction
sys_enter_rt_sigaction
sys_enter_rt_sigaction
sys_enter_rt_sigaction
sys_enter_rt_sigaction
sys_enter_rt_sigaction
sys_enter_rt_sigaction
sys_enter_rt_sigaction
sys_enter_rt_sigaction
sys_enter_rt_sigaction
sys_enter_rt_sigaction
sys_enter_rt_sigaction
sys_enter_rt_sigaction
sys_enter_rt_sigaction
sys_enter_rt_sigaction
sys_enter_rt_sigaction
sys_enter_rt_sigaction
sys_enter_rt_sigaction
sys_enter_rt_sigaction
sys_enter_rt_sigaction
sys_enter_rt_sigaction
sys_enter_rt_sigaction
sys_enter_rt_sigaction
sys_enter_rt_sigaction
sys_enter_rt_sigaction
sys_enter_rt_sigaction
sys_enter_rt_sigaction
sys_enter_rt_sigaction
sys_enter_rt_sigaction
sys_enter_rt_sigaction
sys_enter_rt_sigaction
sys_enter_rt_sigaction
sys_enter_rt_sigaction
sys_enter_rt_sigaction
sys_enter_rt_sigaction
sys_enter_rt_sigaction
sys_enter_rt_sigaction
sys_enter_rt_sigaction
sys_enter_rt_sigaction
sys_enter_rt_sigaction
sys_enter_rt_sigaction
sys_enter_rt_sigaction
sys_enter_rt_sigaction
sys_enter_rt_sigaction
sys_enter_rt_sigaction
sys_enter_rt_sigaction
sys_enter_rt_sigaction
sys_enter_rt_sigaction
sys_enter_rt_sigaction
sys_enter_rt_sigaction
sys_enter_rt_sigaction
sys_enter_rt_sigaction
sys_enter_rt_sigaction
sys_enter_rt_sigaction
sys_enter_rt_sigaction
sys_enter_rt_sigaction
sys_enter_rt_sigaction
sys_enter_rt_sigaction
sys_enter_rt_sigaction
sys_enter_rt_sigaction
sys_enter_rt_sigaction
sys_enter_rt_sigaction
sys_enter_rt_sigaction
sys_enter_rt_sigaction
sys_enter_rt_sigaction
sys_enter_rt_sigaction
sys_enter_rt_sigaction
sys_enter_rt_sigaction
sys_enter_rt_sigaction
sys_enter_rt_sigaction
sys_enter_rt_sigaction
sys_enter_rt_sigaction
sys_enter_rt_sigaction
sys_enter_rt_sigaction
sys_enter_rt_sigaction
sys_enter_rt_sigaction
sys_enter_rt_sigaction
sys_enter_rt_sigaction
sys_enter_rt_sigaction
sys_enter_rt_sigaction
sys_enter_rt_sigaction
sys_enter_rt_sigprocmask
sys_enter_clone
sys_enter_rt_sigprocmask
sys_enter_gettid
sys_enter_sigaltstack
sys_enter_sigaltstack
sys_enter_gettid
sys_enter_rt_sigprocmask
sys_enter_rt_sigprocmask
sys_enter_clone
sys_enter_rt_sigprocmask
sys_enter_gettid
sys_enter_sigaltstack
sys_enter_sigaltstack
sys_enter_gettid
sys_enter_rt_sigprocmask
sys_enter_rt_sigprocmask
sys_enter_clone
sys_enter_rt_sigprocmask
sys_enter_sched_yield
sys_enter_futex
sys_enter_futex
sys_enter_gettid
sys_enter_sigaltstack
sys_enter_sigaltstack
sys_enter_gettid
sys_enter_rt_sigprocmask
sys_enter_futex
sys_enter_rt_sigprocmask
sys_enter_clone
sys_enter_futex
sys_enter_rt_sigprocmask
sys_enter_futex
sys_enter_gettid
sys_enter_sigaltstack
sys_enter_sigaltstack
sys_enter_gettid
sys_enter_rt_sigprocmask
sys_enter_futex
sys_enter_futex
sys_enter_mmap
sys_enter_futex
sys_enter_futex
sys_enter_futex
sys_enter_openat
sys_enter_read
sys_enter_read
sys_enter_close
sys_enter_socket
sys_enter_close
sys_enter_socket
sys_enter_setsockopt
sys_enter_bind
sys_enter_socket
sys_enter_setsockopt
sys_enter_bind
sys_enter_close
sys_enter_close
sys_enter_getpid
sys_enter_getppid
sys_enter_mmap
sys_enter_mmap
sys_enter_getppid
sys_enter_openat
sys_enter_pipe2
sys_enter_getpid
sys_enter_clone
sys_enter_setsid
sys_enter_close
sys_enter_read
sys_enter_chdir
sys_enter_execve
sys_enter_close
sys_enter_exit_group
sys_enter_mmap
sys_enter_mmap
sys_enter_mprotect
sys_enter_mmap
sys_enter_mmap
sys_enter_mprotect
sys_enter_mmap
sys_enter_mprotect
sys_enter_mmap
sys_enter_mprotect
sys_enter_mmap
sys_enter_mmap
sys_enter_close
sys_enter_munmap
sys_enter_sched_getaffinity
sys_enter_mmap
sys_enter_munmap
sys_enter_mmap
sys_enter_mmap
sys_enter_mmap
sys_enter_mmap
sys_enter_mmap
sys_enter_mmap
sys_enter_rt_sigprocmask
sys_enter_sigaltstack
sys_enter_sigaltstack
sys_enter_gettid
sys_enter_rt_sigprocmask
sys_enter_rt_sigaction
sys_enter_rt_sigaction
sys_enter_rt_sigaction
sys_enter_rt_sigaction
sys_enter_rt_sigaction
sys_enter_rt_sigaction
sys_enter_rt_sigaction
sys_enter_rt_sigaction
sys_enter_rt_sigaction
sys_enter_rt_sigaction
sys_enter_rt_sigaction
sys_enter_rt_sigaction
sys_enter_rt_sigaction
sys_enter_rt_sigaction
sys_enter_rt_sigaction
sys_enter_rt_sigaction
sys_enter_rt_sigaction
sys_enter_rt_sigaction
sys_enter_rt_sigaction
sys_enter_rt_sigaction
sys_enter_rt_sigaction
sys_enter_rt_sigaction
sys_enter_rt_sigaction
sys_enter_rt_sigaction
sys_enter_rt_sigaction
sys_enter_rt_sigaction
sys_enter_rt_sigaction
sys_enter_rt_sigaction
sys_enter_rt_sigaction
sys_enter_rt_sigaction
sys_enter_rt_sigaction
sys_enter_rt_sigaction
sys_enter_rt_sigaction
sys_enter_rt_sigaction
sys_enter_rt_sigaction
sys_enter_rt_sigaction
sys_enter_rt_sigaction
sys_enter_rt_sigaction
sys_enter_rt_sigaction
sys_enter_rt_sigaction
sys_enter_rt_sigaction
sys_enter_rt_sigaction
sys_enter_rt_sigaction
sys_enter_rt_sigaction
sys_enter_rt_sigaction
sys_enter_rt_sigaction
sys_enter_rt_sigaction
sys_enter_rt_sigaction
sys_enter_rt_sigaction
sys_enter_rt_sigaction
sys_enter_rt_sigaction
sys_enter_rt_sigaction
sys_enter_rt_sigaction
sys_enter_rt_sigaction
sys_enter_rt_sigaction
sys_enter_rt_sigaction
sys_enter_rt_sigaction
sys_enter_rt_sigaction
sys_enter_rt_sigaction
sys_enter_rt_sigaction
sys_enter_rt_sigaction
sys_enter_rt_sigaction
sys_enter_rt_sigaction
sys_enter_rt_sigaction
sys_enter_rt_sigaction
sys_enter_rt_sigaction
sys_enter_rt_sigaction
sys_enter_rt_sigaction
sys_enter_rt_sigaction
sys_enter_rt_sigaction
sys_enter_rt_sigaction
sys_enter_rt_sigaction
sys_enter_rt_sigaction
sys_enter_rt_sigaction
sys_enter_rt_sigaction
sys_enter_rt_sigaction
sys_enter_rt_sigaction
sys_enter_rt_sigaction
sys_enter_rt_sigaction
sys_enter_rt_sigaction
sys_enter_rt_sigaction
sys_enter_rt_sigaction
sys_enter_rt_sigaction
sys_enter_rt_sigaction
sys_enter_rt_sigaction
sys_enter_rt_sigaction
sys_enter_rt_sigaction
sys_enter_rt_sigaction
sys_enter_rt_sigaction
sys_enter_rt_sigaction
sys_enter_rt_sigaction
sys_enter_rt_sigaction
sys_enter_rt_sigaction
sys_enter_rt_sigaction
sys_enter_rt_sigaction
sys_enter_rt_sigaction
sys_enter_rt_sigaction
sys_enter_rt_sigaction
sys_enter_rt_sigaction
sys_enter_rt_sigaction
sys_enter_rt_sigaction
sys_enter_rt_sigaction
sys_enter_rt_sigaction
sys_enter_rt_sigaction
sys_enter_rt_sigaction
sys_enter_rt_sigaction
sys_enter_rt_sigaction
sys_enter_rt_sigaction
sys_enter_rt_sigaction
sys_enter_rt_sigaction
sys_enter_rt_sigaction
sys_enter_rt_sigaction
sys_enter_rt_sigaction
sys_enter_rt_sigaction
sys_enter_rt_sigprocmask
sys_enter_clone
sys_enter_rt_sigprocmask
sys_enter_gettid
sys_enter_sigaltstack
sys_enter_sigaltstack
sys_enter_gettid
sys_enter_rt_sigprocmask
sys_enter_rt_sigprocmask
sys_enter_clone
sys_enter_rt_sigprocmask
sys_enter_gettid
sys_enter_sigaltstack
sys_enter_sigaltstack
sys_enter_gettid
sys_enter_rt_sigprocmask
sys_enter_rt_sigprocmask
sys_enter_clone
sys_enter_rt_sigprocmask
sys_enter_futex
sys_enter_rt_sigprocmask
sys_enter_clone
sys_enter_gettid
sys_enter_sigaltstack
sys_enter_sigaltstack
sys_enter_gettid
sys_enter_rt_sigprocmask
sys_enter_rt_sigprocmask
sys_enter_futex
sys_enter_gettid
sys_enter_futex
sys_enter_futex
sys_enter_sigaltstack
sys_enter_sigaltstack
sys_enter_gettid
sys_enter_rt_sigprocmask
sys_enter_futex
sys_enter_futex
sys_enter_mmap
sys_enter_futex
sys_enter_futex
sys_enter_futex
sys_enter_openat
sys_enter_read
sys_enter_read
sys_enter_close
sys_enter_socket
sys_enter_close
sys_enter_socket
sys_enter_setsockopt
sys_enter_bind
sys_enter_socket
sys_enter_setsockopt
sys_enter_bind
sys_enter_close
sys_enter_close
sys_enter_getpid
sys_enter_getppid
sys_enter_mmap
sys_enter_mmap
sys_enter_getppid
sys_enter_openat
sys_enter_pipe2
sys_enter_getpid
sys_enter_clone
sys_enter_setsid
sys_enter_close
sys_enter_read
sys_enter_chdir
sys_enter_execve
sys_enter_close
sys_enter_exit_group
sys_enter_mmap
sys_enter_mmap
sys_enter_mprotect
sys_enter_mmap
sys_enter_mmap
sys_enter_mprotect
sys_enter_mmap
sys_enter_mprotect
sys_enter_mmap
sys_enter_mprotect
sys_enter_mmap
sys_enter_mmap
sys_enter_close
sys_enter_munmap
sys_enter_sched_getaffinity
sys_enter_mmap
sys_enter_munmap
sys_enter_mmap
sys_enter_mmap
sys_enter_mmap
sys_enter_mmap
sys_enter_mmap
sys_enter_mmap
sys_enter_rt_sigprocmask
sys_enter_sigaltstack
sys_enter_sigaltstack
sys_enter_gettid
sys_enter_rt_sigprocmask
sys_enter_rt_sigaction
sys_enter_rt_sigaction
sys_enter_rt_sigaction
sys_enter_rt_sigaction
sys_enter_rt_sigaction
sys_enter_rt_sigaction
sys_enter_rt_sigaction
sys_enter_rt_sigaction
sys_enter_rt_sigaction
sys_enter_rt_sigaction
sys_enter_rt_sigaction
sys_enter_rt_sigaction
sys_enter_rt_sigaction
sys_enter_rt_sigaction
sys_enter_rt_sigaction
sys_enter_rt_sigaction
sys_enter_rt_sigaction
sys_enter_rt_sigaction
sys_enter_rt_sigaction
sys_enter_rt_sigaction
sys_enter_rt_sigaction
sys_enter_rt_sigaction
sys_enter_rt_sigaction
sys_enter_rt_sigaction
sys_enter_rt_sigaction
sys_enter_rt_sigaction
sys_enter_rt_sigaction
sys_enter_rt_sigaction
sys_enter_rt_sigaction
sys_enter_rt_sigaction
sys_enter_rt_sigaction
sys_enter_rt_sigaction
sys_enter_rt_sigaction
sys_enter_rt_sigaction
sys_enter_rt_sigaction
sys_enter_rt_sigaction
sys_enter_rt_sigaction
sys_enter_rt_sigaction
sys_enter_rt_sigaction
sys_enter_rt_sigaction
sys_enter_rt_sigaction
sys_enter_rt_sigaction
sys_enter_rt_sigaction
sys_enter_rt_sigaction
sys_enter_rt_sigaction
sys_enter_rt_sigaction
sys_enter_rt_sigaction
sys_enter_rt_sigaction
sys_enter_rt_sigaction
sys_enter_rt_sigaction
sys_enter_rt_sigaction
sys_enter_rt_sigaction
sys_enter_rt_sigaction
sys_enter_rt_sigaction
sys_enter_rt_sigaction
sys_enter_rt_sigaction
sys_enter_rt_sigaction
sys_enter_rt_sigaction
sys_enter_rt_sigaction
sys_enter_rt_sigaction
sys_enter_rt_sigaction
sys_enter_rt_sigaction
sys_enter_rt_sigaction
sys_enter_rt_sigaction
sys_enter_rt_sigaction
sys_enter_rt_sigaction
sys_enter_rt_sigaction
sys_enter_rt_sigaction
sys_enter_rt_sigaction
sys_enter_rt_sigaction
sys_enter_rt_sigaction
sys_enter_rt_sigaction
sys_enter_rt_sigaction
sys_enter_rt_sigaction
sys_enter_rt_sigaction
sys_enter_rt_sigaction
sys_enter_rt_sigaction
sys_enter_rt_sigaction
sys_enter_rt_sigaction
sys_enter_rt_sigaction
sys_enter_rt_sigaction
sys_enter_rt_sigaction
sys_enter_rt_sigaction
sys_enter_rt_sigaction
sys_enter_rt_sigaction
sys_enter_rt_sigaction
sys_enter_rt_sigaction
sys_enter_rt_sigaction
sys_enter_rt_sigaction
sys_enter_rt_sigaction
sys_enter_rt_sigaction
sys_enter_rt_sigaction
sys_enter_rt_sigaction
sys_enter_rt_sigaction
sys_enter_rt_sigaction
sys_enter_rt_sigaction
sys_enter_rt_sigaction
sys_enter_rt_sigaction
sys_enter_rt_sigaction
sys_enter_rt_sigaction
sys_enter_rt_sigaction
sys_enter_rt_sigaction
sys_enter_rt_sigaction
sys_enter_rt_sigaction
sys_enter_rt_sigaction
sys_enter_rt_sigaction
sys_enter_rt_sigaction
sys_enter_rt_sigaction
sys_enter_rt_sigaction
sys_enter_rt_sigaction
sys_enter_rt_sigaction
sys_enter_rt_sigaction
sys_enter_rt_sigaction
sys_enter_rt_sigaction
sys_enter_rt_sigprocmask
sys_enter_clone
sys_enter_rt_sigprocmask
sys_enter_gettid
sys_enter_sigaltstack
sys_enter_sigaltstack
sys_enter_gettid
sys_enter_rt_sigprocmask
sys_enter_rt_sigprocmask
sys_enter_clone
sys_enter_rt_sigprocmask
sys_enter_gettid
sys_enter_sigaltstack
sys_enter_sigaltstack
sys_enter_gettid
sys_enter_rt_sigprocmask
sys_enter_rt_sigprocmask
sys_enter_clone
sys_enter_rt_sigprocmask
sys_enter_futex
sys_enter_rt_sigprocmask
sys_enter_clone
sys_enter_gettid
sys_enter_sigaltstack
sys_enter_sigaltstack
sys_enter_gettid
sys_enter_rt_sigprocmask
sys_enter_rt_sigprocmask
sys_enter_futex
sys_enter_gettid
sys_enter_futex
sys_enter_sigaltstack
sys_enter_futex
sys_enter_mmap
sys_enter_sigaltstack
sys_enter_gettid
sys_enter_rt_sigprocmask
sys_enter_futex
sys_enter_futex
sys_enter_futex
sys_enter_openat
sys_enter_read
sys_enter_read
sys_enter_close
sys_enter_socket
sys_enter_close
sys_enter_socket
sys_enter_setsockopt
sys_enter_bind
sys_enter_socket
sys_enter_setsockopt
sys_enter_bind
sys_enter_close
sys_enter_close
sys_enter_getpid
sys_enter_getppid
sys_enter_mmap
sys_enter_mmap
sys_enter_getppid
sys_enter_openat
sys_enter_pipe2
sys_enter_getpid
sys_enter_clone
sys_enter_setsid
sys_enter_close
sys_enter_read
sys_enter_chdir
sys_enter_execve
sys_enter_close
sys_enter_mmap
sys_enter_exit_group
sys_enter_mmap
sys_enter_mprotect
sys_enter_mmap
sys_enter_mmap
sys_enter_mprotect
sys_enter_mmap
sys_enter_mprotect
sys_enter_mmap
sys_enter_mprotect
sys_enter_mmap
sys_enter_mmap
sys_enter_close
sys_enter_munmap
sys_enter_sched_getaffinity
sys_enter_mmap
sys_enter_munmap
sys_enter_mmap
sys_enter_mmap
sys_enter_mmap
sys_enter_mmap
sys_enter_mmap
sys_enter_mmap
sys_enter_rt_sigprocmask
sys_enter_sigaltstack
sys_enter_sigaltstack
sys_enter_gettid
sys_enter_rt_sigprocmask
sys_enter_rt_sigaction
sys_enter_rt_sigaction
sys_enter_rt_sigaction
sys_enter_rt_sigaction
sys_enter_rt_sigaction
sys_enter_rt_sigaction
sys_enter_rt_sigaction
sys_enter_rt_sigaction
sys_enter_rt_sigaction
sys_enter_rt_sigaction
sys_enter_rt_sigaction
sys_enter_rt_sigaction
sys_enter_rt_sigaction
sys_enter_rt_sigaction
sys_enter_rt_sigaction
sys_enter_rt_sigaction
sys_enter_rt_sigaction
sys_enter_rt_sigaction
sys_enter_rt_sigaction
sys_enter_rt_sigaction
sys_enter_rt_sigaction
sys_enter_rt_sigaction
sys_enter_rt_sigaction
sys_enter_rt_sigaction
sys_enter_rt_sigaction
sys_enter_rt_sigaction
sys_enter_rt_sigaction
sys_enter_rt_sigaction
sys_enter_rt_sigaction
sys_enter_rt_sigaction
sys_enter_rt_sigaction
sys_enter_rt_sigaction
sys_enter_rt_sigaction
sys_enter_rt_sigaction
sys_enter_rt_sigaction
sys_enter_rt_sigaction
sys_enter_rt_sigaction
sys_enter_rt_sigaction
sys_enter_rt_sigaction
sys_enter_rt_sigaction
sys_enter_rt_sigaction
sys_enter_rt_sigaction
sys_enter_rt_sigaction
sys_enter_rt_sigaction
sys_enter_rt_sigaction
sys_enter_rt_sigaction
sys_enter_rt_sigaction
sys_enter_rt_sigaction
sys_enter_rt_sigaction
sys_enter_rt_sigaction
sys_enter_rt_sigaction
sys_enter_rt_sigaction
sys_enter_rt_sigaction
sys_enter_rt_sigaction
sys_enter_rt_sigaction
sys_enter_rt_sigaction
sys_enter_rt_sigaction
sys_enter_rt_sigaction
sys_enter_rt_sigaction
sys_enter_rt_sigaction
sys_enter_rt_sigaction
sys_enter_rt_sigaction
sys_enter_rt_sigaction
sys_enter_rt_sigaction
sys_enter_rt_sigaction
sys_enter_rt_sigaction
sys_enter_rt_sigaction
sys_enter_rt_sigaction
sys_enter_rt_sigaction
sys_enter_rt_sigaction
sys_enter_rt_sigaction
sys_enter_rt_sigaction
sys_enter_rt_sigaction
sys_enter_rt_sigaction
sys_enter_rt_sigaction
sys_enter_rt_sigaction
sys_enter_rt_sigaction
sys_enter_rt_sigaction
sys_enter_rt_sigaction
sys_enter_rt_sigaction
sys_enter_rt_sigaction
sys_enter_rt_sigaction
sys_enter_rt_sigaction
sys_enter_rt_sigaction
sys_enter_rt_sigaction
sys_enter_rt_sigaction
sys_enter_rt_sigaction
sys_enter_rt_sigaction
sys_enter_rt_sigaction
sys_enter_rt_sigaction
sys_enter_rt_sigaction
sys_enter_rt_sigaction
sys_enter_rt_sigaction
sys_enter_rt_sigaction
sys_enter_rt_sigaction
sys_enter_rt_sigaction
sys_enter_rt_sigaction
sys_enter_rt_sigaction
sys_enter_rt_sigaction
sys_enter_rt_sigaction
sys_enter_rt_sigaction
sys_enter_rt_sigaction
sys_enter_rt_sigaction
sys_enter_rt_sigaction
sys_enter_rt_sigaction
sys_enter_rt_sigaction
sys_enter_rt_sigaction
sys_enter_rt_sigaction
sys_enter_rt_sigaction
sys_enter_rt_sigaction
sys_enter_rt_sigaction
sys_enter_rt_sigaction
sys_enter_rt_sigaction
sys_enter_rt_sigaction
sys_enter_rt_sigprocmask
sys_enter_clone
sys_enter_rt_sigprocmask
sys_enter_gettid
sys_enter_sigaltstack
sys_enter_sigaltstack
sys_enter_gettid
sys_enter_rt_sigprocmask
sys_enter_rt_sigprocmask
sys_enter_clone
sys_enter_rt_sigprocmask
sys_enter_gettid
sys_enter_sigaltstack
sys_enter_sigaltstack
sys_enter_gettid
sys_enter_rt_sigprocmask
sys_enter_clone
sys_enter_rt_sigprocmask
sys_enter_rt_sigprocmask
sys_enter_sched_yield
sys_enter_gettid
sys_enter_futex
sys_enter_futex
sys_enter_rt_sigprocmask
sys_enter_clone
sys_enter_sigaltstack
sys_enter_sigaltstack
sys_enter_gettid
sys_enter_rt_sigprocmask
sys_enter_rt_sigprocmask
sys_enter_futex
sys_enter_gettid
sys_enter_futex
sys_enter_futex
sys_enter_sigaltstack
sys_enter_sigaltstack
sys_enter_gettid
sys_enter_rt_sigprocmask
sys_enter_futex
sys_enter_futex
sys_enter_mmap
sys_enter_futex
sys_enter_futex
sys_enter_futex
sys_enter_openat
sys_enter_read
sys_enter_read
sys_enter_close
sys_enter_socket
sys_enter_close
sys_enter_socket
sys_enter_setsockopt
sys_enter_bind
sys_enter_socket
sys_enter_setsockopt
sys_enter_bind
sys_enter_close
sys_enter_close
sys_enter_getpid
sys_enter_getppid
sys_enter_mmap
sys_enter_mmap
sys_enter_getppid
sys_enter_openat
sys_enter_pipe2
sys_enter_getpid
sys_enter_clone
sys_enter_setsid
sys_enter_close
sys_enter_read
sys_enter_chdir
sys_enter_execve
sys_enter_close
sys_enter_exit_group
sys_enter_mmap
sys_enter_mmap
sys_enter_mprotect
sys_enter_mmap
sys_enter_mmap
sys_enter_mprotect
sys_enter_mmap
sys_enter_mprotect
sys_enter_mmap
sys_enter_mprotect
sys_enter_mmap
sys_enter_mmap
sys_enter_close
sys_enter_munmap
sys_enter_sched_getaffinity
sys_enter_mmap
sys_enter_munmap
sys_enter_mmap
sys_enter_mmap
sys_enter_mmap
sys_enter_mmap
sys_enter_mmap
sys_enter_mmap
sys_enter_rt_sigprocmask
sys_enter_sigaltstack
sys_enter_sigaltstack
sys_enter_gettid
sys_enter_rt_sigprocmask
sys_enter_rt_sigaction
sys_enter_rt_sigaction
sys_enter_rt_sigaction
sys_enter_rt_sigaction
sys_enter_rt_sigaction
sys_enter_rt_sigaction
sys_enter_rt_sigaction
sys_enter_rt_sigaction
sys_enter_rt_sigaction
sys_enter_rt_sigaction
sys_enter_rt_sigaction
sys_enter_rt_sigaction
sys_enter_rt_sigaction
sys_enter_rt_sigaction
sys_enter_rt_sigaction
sys_enter_rt_sigaction
sys_enter_rt_sigaction
sys_enter_rt_sigaction
sys_enter_rt_sigaction
sys_enter_rt_sigaction
sys_enter_rt_sigaction
sys_enter_rt_sigaction
sys_enter_rt_sigaction
sys_enter_rt_sigaction
sys_enter_rt_sigaction
sys_enter_rt_sigaction
sys_enter_rt_sigaction
sys_enter_rt_sigaction
sys_enter_rt_sigaction
sys_enter_rt_sigaction
sys_enter_rt_sigaction
sys_enter_rt_sigaction
sys_enter_rt_sigaction
sys_enter_rt_sigaction
sys_enter_rt_sigaction
sys_enter_rt_sigaction
sys_enter_rt_sigaction
sys_enter_rt_sigaction
sys_enter_rt_sigaction
sys_enter_rt_sigaction
sys_enter_rt_sigaction
sys_enter_rt_sigaction
sys_enter_rt_sigaction
sys_enter_rt_sigaction
sys_enter_rt_sigaction
sys_enter_rt_sigaction
sys_enter_rt_sigaction
sys_enter_rt_sigaction
sys_enter_rt_sigaction
sys_enter_rt_sigaction
sys_enter_rt_sigaction
sys_enter_rt_sigaction
sys_enter_rt_sigaction
sys_enter_rt_sigaction
sys_enter_rt_sigaction
sys_enter_rt_sigaction
sys_enter_rt_sigaction
sys_enter_rt_sigaction
sys_enter_rt_sigaction
sys_enter_rt_sigaction
sys_enter_rt_sigaction
sys_enter_rt_sigaction
sys_enter_rt_sigaction
sys_enter_rt_sigaction
sys_enter_rt_sigaction
sys_enter_rt_sigaction
sys_enter_rt_sigaction
sys_enter_rt_sigaction
sys_enter_rt_sigaction
sys_enter_rt_sigaction
sys_enter_rt_sigaction
sys_enter_rt_sigaction
sys_enter_rt_sigaction
sys_enter_rt_sigaction
sys_enter_rt_sigaction
sys_enter_rt_sigaction
sys_enter_rt_sigaction
sys_enter_rt_sigaction
sys_enter_rt_sigaction
sys_enter_rt_sigaction
sys_enter_rt_sigaction
sys_enter_rt_sigaction
sys_enter_rt_sigaction
sys_enter_rt_sigaction
sys_enter_rt_sigaction
sys_enter_rt_sigaction
sys_enter_rt_sigaction
sys_enter_rt_sigaction
sys_enter_rt_sigaction
sys_enter_rt_sigaction
sys_enter_rt_sigaction
sys_enter_rt_sigaction
sys_enter_rt_sigaction
sys_enter_rt_sigaction
sys_enter_rt_sigaction
sys_enter_rt_sigaction
sys_enter_rt_sigaction
sys_enter_rt_sigaction
sys_enter_rt_sigaction
sys_enter_rt_sigaction
sys_enter_rt_sigaction
sys_enter_rt_sigaction
sys_enter_rt_sigaction
sys_enter_rt_sigaction
sys_enter_rt_sigaction
sys_enter_rt_sigaction
sys_enter_rt_sigaction
sys_enter_rt_sigaction
sys_enter_rt_sigaction
sys_enter_rt_sigaction
sys_enter_rt_sigaction
sys_enter_rt_sigaction
sys_enter_rt_sigaction
sys_enter_rt_sigaction
sys_enter_rt_sigprocmask
sys_enter_clone
sys_enter_rt_sigprocmask
sys_enter_gettid
sys_enter_sigaltstack
sys_enter_sigaltstack
sys_enter_gettid
sys_enter_rt_sigprocmask
sys_enter_rt_sigprocmask
sys_enter_clone
sys_enter_rt_sigprocmask
sys_enter_gettid
sys_enter_sigaltstack
sys_enter_sigaltstack
sys_enter_gettid
sys_enter_rt_sigprocmask
sys_enter_rt_sigprocmask
sys_enter_clone
sys_enter_rt_sigprocmask
sys_enter_futex
sys_enter_rt_sigprocmask
sys_enter_clone
sys_enter_gettid
sys_enter_sigaltstack
sys_enter_sigaltstack
sys_enter_gettid
sys_enter_rt_sigprocmask
sys_enter_rt_sigprocmask
sys_enter_futex
sys_enter_gettid
sys_enter_futex
sys_enter_futex
sys_enter_sigaltstack
sys_enter_sigaltstack
sys_enter_gettid
sys_enter_rt_sigprocmask
sys_enter_futex
sys_enter_futex
sys_enter_mmap
sys_enter_futex
sys_enter_futex
sys_enter_futex
sys_enter_openat
sys_enter_read
sys_enter_read
sys_enter_close
sys_enter_socket
sys_enter_close
sys_enter_socket
sys_enter_setsockopt
sys_enter_bind
sys_enter_socket
sys_enter_setsockopt
sys_enter_bind
sys_enter_close
sys_enter_close
sys_enter_getpid
sys_enter_getppid
sys_enter_mmap
sys_enter_mmap
sys_enter_getppid
sys_enter_openat
sys_enter_pipe2
sys_enter_getpid
sys_enter_clone
sys_enter_setsid
sys_enter_close
sys_enter_read
sys_enter_chdir
sys_enter_execve
sys_enter_close
sys_enter_exit_group
sys_enter_mmap
sys_enter_mmap
sys_enter_mprotect
sys_enter_mmap
sys_enter_mmap
sys_enter_mprotect
sys_enter_mmap
sys_enter_mprotect
sys_enter_mmap
sys_enter_mprotect
sys_enter_mmap
sys_enter_mmap
sys_enter_close
sys_enter_munmap
sys_enter_sched_getaffinity
sys_enter_mmap
sys_enter_munmap
sys_enter_mmap
sys_enter_mmap
sys_enter_mmap
sys_enter_mmap
sys_enter_mmap
sys_enter_mmap
sys_enter_rt_sigprocmask
sys_enter_sigaltstack
sys_enter_sigaltstack
sys_enter_gettid
sys_enter_rt_sigprocmask
sys_enter_rt_sigaction
sys_enter_rt_sigaction
sys_enter_rt_sigaction
sys_enter_rt_sigaction
sys_enter_rt_sigaction
sys_enter_rt_sigaction
sys_enter_rt_sigaction
sys_enter_rt_sigaction
sys_enter_rt_sigaction
sys_enter_rt_sigaction
sys_enter_rt_sigaction
sys_enter_rt_sigaction
sys_enter_rt_sigaction
sys_enter_rt_sigaction
sys_enter_rt_sigaction
sys_enter_rt_sigaction
sys_enter_rt_sigaction
sys_enter_rt_sigaction
sys_enter_rt_sigaction
sys_enter_rt_sigaction
sys_enter_rt_sigaction
sys_enter_rt_sigaction
sys_enter_rt_sigaction
sys_enter_rt_sigaction
sys_enter_rt_sigaction
sys_enter_rt_sigaction
sys_enter_rt_sigaction
sys_enter_rt_sigaction
sys_enter_rt_sigaction
sys_enter_rt_sigaction
sys_enter_rt_sigaction
sys_enter_rt_sigaction
sys_enter_rt_sigaction
sys_enter_rt_sigaction
sys_enter_rt_sigaction
sys_enter_rt_sigaction
sys_enter_rt_sigaction
sys_enter_rt_sigaction
sys_enter_rt_sigaction
sys_enter_rt_sigaction
sys_enter_rt_sigaction
sys_enter_rt_sigaction
sys_enter_rt_sigaction
sys_enter_rt_sigaction
sys_enter_rt_sigaction
sys_enter_rt_sigaction
sys_enter_rt_sigaction
sys_enter_rt_sigaction
sys_enter_rt_sigaction
sys_enter_rt_sigaction
sys_enter_rt_sigaction
sys_enter_rt_sigaction
sys_enter_rt_sigaction
sys_enter_rt_sigaction
sys_enter_rt_sigaction
sys_enter_rt_sigaction
sys_enter_rt_sigaction
sys_enter_rt_sigaction
sys_enter_rt_sigaction
sys_enter_rt_sigaction
sys_enter_rt_sigaction
sys_enter_rt_sigaction
sys_enter_rt_sigaction
sys_enter_rt_sigaction
sys_enter_rt_sigaction
sys_enter_rt_sigaction
sys_enter_rt_sigaction
sys_enter_rt_sigaction
sys_enter_rt_sigaction
sys_enter_rt_sigaction
sys_enter_rt_sigaction
sys_enter_rt_sigaction
sys_enter_rt_sigaction
sys_enter_rt_sigaction
sys_enter_rt_sigaction
sys_enter_rt_sigaction
sys_enter_rt_sigaction
sys_enter_rt_sigaction
sys_enter_rt_sigaction
sys_enter_rt_sigaction
sys_enter_rt_sigaction
sys_enter_rt_sigaction
sys_enter_rt_sigaction
sys_enter_rt_sigaction
sys_enter_rt_sigaction
sys_enter_rt_sigaction
sys_enter_rt_sigaction
sys_enter_rt_sigaction
sys_enter_rt_sigaction
sys_enter_rt_sigaction
sys_enter_rt_sigaction
sys_enter_rt_sigaction
sys_enter_rt_sigaction
sys_enter_rt_sigaction
sys_enter_rt_sigaction
sys_enter_rt_sigaction
sys_enter_rt_sigaction
sys_enter_rt_sigaction
sys_enter_rt_sigaction
sys_enter_rt_sigaction
sys_enter_rt_sigaction
sys_enter_rt_sigaction
sys_enter_rt_sigaction
sys_enter_rt_sigaction
sys_enter_rt_sigaction
sys_enter_rt_sigaction
sys_enter_rt_sigaction
sys_enter_rt_sigaction
sys_enter_rt_sigaction
sys_enter_rt_sigaction
sys_enter_rt_sigaction
sys_enter_rt_sigaction
sys_enter_rt_sigaction
sys_enter_rt_sigaction
sys_enter_rt_sigprocmask
sys_enter_clone
sys_enter_rt_sigprocmask
sys_enter_gettid
sys_enter_sigaltstack
sys_enter_sigaltstack
sys_enter_gettid
sys_enter_rt_sigprocmask
sys_enter_rt_sigprocmask
sys_enter_clone
sys_enter_rt_sigprocmask
sys_enter_gettid
sys_enter_sigaltstack
sys_enter_sigaltstack
sys_enter_gettid
sys_enter_rt_sigprocmask
sys_enter_rt_sigprocmask
sys_enter_clone
sys_enter_rt_sigprocmask
sys_enter_clone
sys_enter_rt_sigprocmask
sys_enter_futex
sys_enter_gettid
sys_enter_sigaltstack
sys_enter_sigaltstack
sys_enter_gettid
sys_enter_rt_sigprocmask
sys_enter_rt_sigprocmask
sys_enter_gettid
sys_enter_futex
sys_enter_futex
sys_enter_sigaltstack
sys_enter_futex
sys_enter_mmap
sys_enter_openat
sys_enter_futex
sys_enter_futex
sys_enter_read
sys_enter_sigaltstack
sys_enter_gettid
sys_enter_read
sys_enter_rt_sigprocmask
sys_enter_futex
sys_enter_close
sys_enter_socket
sys_enter_close
sys_enter_socket
sys_enter_setsockopt
sys_enter_bind
sys_enter_socket
sys_enter_setsockopt
sys_enter_bind
sys_enter_close
sys_enter_close
sys_enter_mmap
sys_enter_getpid
sys_enter_getppid
sys_enter_mmap
sys_enter_mmap
sys_enter_getppid
sys_enter_openat
sys_enter_pipe2
sys_enter_getpid
sys_enter_clone
sys_enter_setsid
sys_enter_close
sys_enter_read
sys_enter_chdir
sys_enter_execve
sys_enter_close
sys_enter_exit_group
sys_enter_mmap
sys_enter_mmap
sys_enter_mprotect
sys_enter_mmap
sys_enter_mmap
sys_enter_mprotect
sys_enter_mmap
sys_enter_mprotect
sys_enter_mmap
sys_enter_mprotect
sys_enter_mmap
sys_enter_mmap
sys_enter_close
sys_enter_munmap
sys_enter_sched_getaffinity
sys_enter_mmap
sys_enter_munmap
sys_enter_mmap
sys_enter_mmap
sys_enter_mmap
sys_enter_mmap
sys_enter_mmap
sys_enter_mmap
sys_enter_rt_sigprocmask
sys_enter_sigaltstack
sys_enter_sigaltstack
sys_enter_gettid
sys_enter_rt_sigprocmask
sys_enter_rt_sigaction
sys_enter_rt_sigaction
sys_enter_rt_sigaction
sys_enter_rt_sigaction
sys_enter_rt_sigaction
sys_enter_rt_sigaction
sys_enter_rt_sigaction
sys_enter_rt_sigaction
sys_enter_rt_sigaction
sys_enter_rt_sigaction
sys_enter_rt_sigaction
sys_enter_rt_sigaction
sys_enter_rt_sigaction
sys_enter_rt_sigaction
sys_enter_rt_sigaction
sys_enter_rt_sigaction
sys_enter_rt_sigaction
sys_enter_rt_sigaction
sys_enter_rt_sigaction
sys_enter_rt_sigaction
sys_enter_rt_sigaction
sys_enter_rt_sigaction
sys_enter_rt_sigaction
sys_enter_rt_sigaction
sys_enter_rt_sigaction
sys_enter_rt_sigaction
sys_enter_rt_sigaction
sys_enter_rt_sigaction
sys_enter_rt_sigaction
sys_enter_rt_sigaction
sys_enter_rt_sigaction
sys_enter_rt_sigaction
sys_enter_rt_sigaction
sys_enter_rt_sigaction
sys_enter_rt_sigaction
sys_enter_rt_sigaction
sys_enter_rt_sigaction
sys_enter_rt_sigaction
sys_enter_rt_sigaction
sys_enter_rt_sigaction
sys_enter_rt_sigaction
sys_enter_rt_sigaction
sys_enter_rt_sigaction
sys_enter_rt_sigaction
sys_enter_rt_sigaction
sys_enter_rt_sigaction
sys_enter_rt_sigaction
sys_enter_rt_sigaction
sys_enter_rt_sigaction
sys_enter_rt_sigaction
sys_enter_rt_sigaction
sys_enter_rt_sigaction
sys_enter_rt_sigaction
sys_enter_rt_sigaction
sys_enter_rt_sigaction
sys_enter_rt_sigaction
sys_enter_rt_sigaction
sys_enter_rt_sigaction
sys_enter_rt_sigaction
sys_enter_rt_sigaction
sys_enter_rt_sigaction
sys_enter_rt_sigaction
sys_enter_rt_sigaction
sys_enter_rt_sigaction
sys_enter_rt_sigaction
sys_enter_rt_sigaction
sys_enter_rt_sigaction
sys_enter_rt_sigaction
sys_enter_rt_sigaction
sys_enter_rt_sigaction
sys_enter_rt_sigaction
sys_enter_rt_sigaction
sys_enter_rt_sigaction
sys_enter_rt_sigaction
sys_enter_rt_sigaction
sys_enter_rt_sigaction
sys_enter_rt_sigaction
sys_enter_rt_sigaction
sys_enter_rt_sigaction
sys_enter_rt_sigaction
sys_enter_rt_sigaction
sys_enter_rt_sigaction
sys_enter_rt_sigaction
sys_enter_rt_sigaction
sys_enter_rt_sigaction
sys_enter_rt_sigaction
sys_enter_rt_sigaction
sys_enter_rt_sigaction
sys_enter_rt_sigaction
sys_enter_rt_sigaction
sys_enter_rt_sigaction
sys_enter_rt_sigaction
sys_enter_rt_sigaction
sys_enter_rt_sigaction
sys_enter_rt_sigaction
sys_enter_rt_sigaction
sys_enter_rt_sigaction
sys_enter_rt_sigaction
sys_enter_rt_sigaction
sys_enter_rt_sigaction
sys_enter_rt_sigaction
sys_enter_rt_sigaction
sys_enter_rt_sigaction
sys_enter_rt_sigaction
sys_enter_rt_sigaction
sys_enter_rt_sigaction
sys_enter_rt_sigaction
sys_enter_rt_sigaction
sys_enter_rt_sigaction
sys_enter_rt_sigaction
sys_enter_rt_sigaction
sys_enter_rt_sigaction
sys_enter_rt_sigaction
sys_enter_rt_sigaction
sys_enter_rt_sigprocmask
sys_enter_clone
sys_enter_rt_sigprocmask
sys_enter_gettid
sys_enter_sigaltstack
sys_enter_sigaltstack
sys_enter_gettid
sys_enter_rt_sigprocmask
sys_enter_rt_sigprocmask
sys_enter_clone
sys_enter_rt_sigprocmask
sys_enter_gettid
sys_enter_sigaltstack
sys_enter_sigaltstack
sys_enter_gettid
sys_enter_rt_sigprocmask
sys_enter_rt_sigprocmask
sys_enter_clone
sys_enter_rt_sigprocmask
sys_enter_futex
sys_enter_gettid
sys_enter_rt_sigprocmask
sys_enter_clone
sys_enter_sigaltstack
sys_enter_sigaltstack
sys_enter_gettid
sys_enter_rt_sigprocmask
sys_enter_futex
sys_enter_rt_sigprocmask
sys_enter_gettid
sys_enter_futex
sys_enter_futex
sys_enter_sigaltstack
sys_enter_sigaltstack
sys_enter_gettid
sys_enter_rt_sigprocmask
sys_enter_futex
sys_enter_futex
sys_enter_mmap
sys_enter_futex
sys_enter_futex
sys_enter_futex
sys_enter_openat
sys_enter_read
sys_enter_read
sys_enter_close
sys_enter_socket
sys_enter_close
sys_enter_socket
sys_enter_setsockopt
sys_enter_bind
sys_enter_socket
sys_enter_setsockopt
sys_enter_bind
sys_enter_close
sys_enter_close
sys_enter_getpid
sys_enter_getppid
sys_enter_mmap
sys_enter_mmap
sys_enter_getppid
sys_enter_openat
sys_enter_pipe2
sys_enter_getpid
sys_enter_clone
sys_enter_setsid
sys_enter_close
sys_enter_read
sys_enter_chdir
sys_enter_execve
sys_enter_close
sys_enter_mmap
sys_enter_exit_group
sys_enter_mmap
sys_enter_mprotect
sys_enter_mmap
sys_enter_mmap
sys_enter_mprotect
sys_enter_mmap
sys_enter_mprotect
sys_enter_mmap
sys_enter_mprotect
sys_enter_mmap
sys_enter_mmap
sys_enter_close
sys_enter_munmap
sys_enter_sched_getaffinity
sys_enter_mmap
sys_enter_munmap
sys_enter_mmap
sys_enter_mmap
sys_enter_mmap
sys_enter_mmap
sys_enter_mmap
sys_enter_mmap
sys_enter_rt_sigprocmask
sys_enter_sigaltstack
sys_enter_sigaltstack
sys_enter_gettid
sys_enter_rt_sigprocmask
sys_enter_rt_sigaction
sys_enter_rt_sigaction
sys_enter_rt_sigaction
sys_enter_rt_sigaction
sys_enter_rt_sigaction
sys_enter_rt_sigaction
sys_enter_rt_sigaction
sys_enter_rt_sigaction
sys_enter_rt_sigaction
sys_enter_rt_sigaction
sys_enter_rt_sigaction
sys_enter_rt_sigaction
sys_enter_rt_sigaction
sys_enter_rt_sigaction
sys_enter_rt_sigaction
sys_enter_rt_sigaction
sys_enter_rt_sigaction
sys_enter_rt_sigaction
sys_enter_rt_sigaction
sys_enter_rt_sigaction
sys_enter_rt_sigaction
sys_enter_rt_sigaction
sys_enter_rt_sigaction
sys_enter_rt_sigaction
sys_enter_rt_sigaction
sys_enter_rt_sigaction
sys_enter_rt_sigaction
sys_enter_rt_sigaction
sys_enter_rt_sigaction
sys_enter_rt_sigaction
sys_enter_rt_sigaction
sys_enter_rt_sigaction
sys_enter_rt_sigaction
sys_enter_rt_sigaction
sys_enter_rt_sigaction
sys_enter_rt_sigaction
sys_enter_rt_sigaction
sys_enter_rt_sigaction
sys_enter_rt_sigaction
sys_enter_rt_sigaction
sys_enter_rt_sigaction
sys_enter_rt_sigaction
sys_enter_rt_sigaction
sys_enter_rt_sigaction
sys_enter_rt_sigaction
sys_enter_rt_sigaction
sys_enter_rt_sigaction
sys_enter_rt_sigaction
sys_enter_rt_sigaction
sys_enter_rt_sigaction
sys_enter_rt_sigaction
sys_enter_rt_sigaction
sys_enter_rt_sigaction
sys_enter_rt_sigaction
sys_enter_rt_sigaction
sys_enter_rt_sigaction
sys_enter_rt_sigaction
sys_enter_rt_sigaction
sys_enter_rt_sigaction
sys_enter_rt_sigaction
sys_enter_rt_sigaction
sys_enter_rt_sigaction
sys_enter_rt_sigaction
sys_enter_rt_sigaction
sys_enter_rt_sigaction
sys_enter_rt_sigaction
sys_enter_rt_sigaction
sys_enter_rt_sigaction
sys_enter_rt_sigaction
sys_enter_rt_sigaction
sys_enter_rt_sigaction
sys_enter_rt_sigaction
sys_enter_rt_sigaction
sys_enter_rt_sigaction
sys_enter_rt_sigaction
sys_enter_rt_sigaction
sys_enter_rt_sigaction
sys_enter_rt_sigaction
sys_enter_rt_sigaction
sys_enter_rt_sigaction
sys_enter_rt_sigaction
sys_enter_rt_sigaction
sys_enter_rt_sigaction
sys_enter_rt_sigaction
sys_enter_rt_sigaction
sys_enter_rt_sigaction
sys_enter_rt_sigaction
sys_enter_rt_sigaction
sys_enter_rt_sigaction
sys_enter_rt_sigaction
sys_enter_rt_sigaction
sys_enter_rt_sigaction
sys_enter_rt_sigaction
sys_enter_rt_sigaction
sys_enter_rt_sigaction
sys_enter_rt_sigaction
sys_enter_rt_sigaction
sys_enter_rt_sigaction
sys_enter_rt_sigaction
sys_enter_rt_sigaction
sys_enter_rt_sigaction
sys_enter_rt_sigaction
sys_enter_rt_sigaction
sys_enter_rt_sigaction
sys_enter_rt_sigaction
sys_enter_rt_sigaction
sys_enter_rt_sigaction
sys_enter_rt_sigaction
sys_enter_rt_sigaction
sys_enter_rt_sigaction
sys_enter_rt_sigaction
sys_enter_rt_sigaction
sys_enter_rt_sigaction
sys_enter_rt_sigaction
sys_enter_rt_sigprocmask
sys_enter_clone
sys_enter_rt_sigprocmask
sys_enter_gettid
sys_enter_sigaltstack
sys_enter_sigaltstack
sys_enter_gettid
sys_enter_rt_sigprocmask
sys_enter_rt_sigprocmask
sys_enter_clone
sys_enter_rt_sigprocmask
sys_enter_gettid
sys_enter_sigaltstack
sys_enter_sigaltstack
sys_enter_gettid
sys_enter_rt_sigprocmask
sys_enter_rt_sigprocmask
sys_enter_clone
sys_enter_rt_sigprocmask
sys_enter_clone
sys_enter_rt_sigprocmask
sys_enter_futex
sys_enter_gettid
sys_enter_sigaltstack
sys_enter_rt_sigprocmask
sys_enter_gettid
sys_enter_sigaltstack
sys_enter_sigaltstack
sys_enter_gettid
sys_enter_sigaltstack
sys_enter_gettid
sys_enter_rt_sigprocmask
sys_enter_rt_sigprocmask
sys_enter_futex
sys_enter_futex
sys_enter_futex
sys_enter_futex
sys_enter_futex
sys_enter_mmap
sys_enter_futex
sys_enter_futex
sys_enter_futex
sys_enter_openat
sys_enter_read
sys_enter_read
sys_enter_close
sys_enter_socket
sys_enter_close
sys_enter_socket
sys_enter_setsockopt
sys_enter_bind
sys_enter_socket
sys_enter_setsockopt
sys_enter_bind
sys_enter_close
sys_enter_close
sys_enter_getpid
sys_enter_getppid
sys_enter_mmap
sys_enter_mmap
sys_enter_getppid
sys_enter_openat
sys_enter_pipe2
sys_enter_getpid
sys_enter_clone
sys_enter_setsid
sys_enter_close
sys_enter_read
sys_enter_chdir
sys_enter_execve
sys_enter_close
sys_enter_mmap
sys_enter_mmap
sys_enter_exit_group
sys_enter_mprotect
sys_enter_mmap
sys_enter_mmap
sys_enter_mprotect
sys_enter_mmap
sys_enter_mprotect
sys_enter_mmap
sys_enter_mprotect
sys_enter_mmap
sys_enter_mmap
sys_enter_close
sys_enter_munmap
sys_enter_sched_getaffinity
sys_enter_mmap
sys_enter_munmap
sys_enter_mmap
sys_enter_mmap
sys_enter_mmap
sys_enter_mmap
sys_enter_mmap
sys_enter_mmap
sys_enter_rt_sigprocmask
sys_enter_sigaltstack
sys_enter_sigaltstack
sys_enter_gettid
sys_enter_rt_sigprocmask
sys_enter_rt_sigaction
sys_enter_rt_sigaction
sys_enter_rt_sigaction
sys_enter_rt_sigaction
sys_enter_rt_sigaction
sys_enter_rt_sigaction
sys_enter_rt_sigaction
sys_enter_rt_sigaction
sys_enter_rt_sigaction
sys_enter_rt_sigaction
sys_enter_rt_sigaction
sys_enter_rt_sigaction
sys_enter_rt_sigaction
sys_enter_rt_sigaction
sys_enter_rt_sigaction
sys_enter_rt_sigaction
sys_enter_rt_sigaction
sys_enter_rt_sigaction
sys_enter_rt_sigaction
sys_enter_rt_sigaction
sys_enter_rt_sigaction
sys_enter_rt_sigaction
sys_enter_rt_sigaction
sys_enter_rt_sigaction
sys_enter_rt_sigaction
sys_enter_rt_sigaction
sys_enter_rt_sigaction
sys_enter_rt_sigaction
sys_enter_rt_sigaction
sys_enter_rt_sigaction
sys_enter_rt_sigaction
sys_enter_rt_sigaction
sys_enter_rt_sigaction
sys_enter_rt_sigaction
sys_enter_rt_sigaction
sys_enter_rt_sigaction
sys_enter_rt_sigaction
sys_enter_rt_sigaction
sys_enter_rt_sigaction
sys_enter_rt_sigaction
sys_enter_rt_sigaction
sys_enter_rt_sigaction
sys_enter_rt_sigaction
sys_enter_rt_sigaction
sys_enter_rt_sigaction
sys_enter_rt_sigaction
sys_enter_rt_sigaction
sys_enter_rt_sigaction
sys_enter_rt_sigaction
sys_enter_rt_sigaction
sys_enter_rt_sigaction
sys_enter_rt_sigaction
sys_enter_rt_sigaction
sys_enter_rt_sigaction
sys_enter_rt_sigaction
sys_enter_rt_sigaction
sys_enter_rt_sigaction
sys_enter_rt_sigaction
sys_enter_rt_sigaction
sys_enter_rt_sigaction
sys_enter_rt_sigaction
sys_enter_rt_sigaction
sys_enter_rt_sigaction
sys_enter_rt_sigaction
sys_enter_rt_sigaction
sys_enter_rt_sigaction
sys_enter_rt_sigaction
sys_enter_rt_sigaction
sys_enter_rt_sigaction
sys_enter_rt_sigaction
sys_enter_rt_sigaction
sys_enter_rt_sigaction
sys_enter_rt_sigaction
sys_enter_rt_sigaction
sys_enter_rt_sigaction
sys_enter_rt_sigaction
sys_enter_rt_sigaction
sys_enter_rt_sigaction
sys_enter_rt_sigaction
sys_enter_rt_sigaction
sys_enter_rt_sigaction
sys_enter_rt_sigaction
sys_enter_rt_sigaction
sys_enter_rt_sigaction
sys_enter_rt_sigaction
sys_enter_rt_sigaction
sys_enter_rt_sigaction
sys_enter_rt_sigaction
sys_enter_rt_sigaction
sys_enter_rt_sigaction
sys_enter_rt_sigaction
sys_enter_rt_sigaction
sys_enter_rt_sigaction
sys_enter_rt_sigaction
sys_enter_rt_sigaction
sys_enter_rt_sigaction
sys_enter_rt_sigaction
sys_enter_rt_sigaction
sys_enter_rt_sigaction
sys_enter_rt_sigaction
sys_enter_rt_sigaction
sys_enter_rt_sigaction
sys_enter_rt_sigaction
sys_enter_rt_sigaction
sys_enter_rt_sigaction
sys_enter_rt_sigaction
sys_enter_rt_sigaction
sys_enter_rt_sigaction
sys_enter_rt_sigaction
sys_enter_rt_sigaction
sys_enter_rt_sigaction
sys_enter_rt_sigaction
sys_enter_rt_sigaction
sys_enter_rt_sigaction
sys_enter_rt_sigprocmask
sys_enter_clone
sys_enter_rt_sigprocmask
sys_enter_gettid
sys_enter_sigaltstack
sys_enter_sigaltstack
sys_enter_gettid
sys_enter_rt_sigprocmask
sys_enter_rt_sigprocmask
sys_enter_clone
sys_enter_rt_sigprocmask
sys_enter_gettid
sys_enter_sigaltstack
sys_enter_sigaltstack
sys_enter_rt_sigprocmask
sys_enter_clone
sys_enter_gettid
sys_enter_rt_sigprocmask
sys_enter_rt_sigprocmask
sys_enter_futex
sys_enter_gettid
sys_enter_sigaltstack
sys_enter_sigaltstack
sys_enter_gettid
sys_enter_rt_sigprocmask
sys_enter_rt_sigprocmask
sys_enter_clone
sys_enter_rt_sigprocmask
sys_enter_futex
sys_enter_futex
sys_enter_futex
sys_enter_gettid
sys_enter_sigaltstack
sys_enter_sigaltstack
sys_enter_gettid
sys_enter_rt_sigprocmask
sys_enter_futex
sys_enter_futex
sys_enter_mmap
sys_enter_futex
sys_enter_futex
sys_enter_futex
sys_enter_openat
sys_enter_futex
sys_enter_futex
sys_enter_read
sys_enter_read
sys_enter_close
sys_enter_socket
sys_enter_close
sys_enter_socket
sys_enter_setsockopt
sys_enter_bind
sys_enter_socket
sys_enter_setsockopt
sys_enter_bind
sys_enter_close
sys_enter_close
sys_enter_mmap
sys_enter_mmap
sys_enter_getpid
sys_enter_getppid
sys_enter_mmap
sys_enter_mmap
sys_enter_getppid
sys_enter_openat
sys_enter_pipe2
sys_enter_getpid
sys_enter_clone
sys_enter_setsid
sys_enter_close
sys_enter_read
sys_enter_chdir
sys_enter_execve
sys_enter_close
sys_enter_mmap
sys_enter_exit_group
sys_enter_mmap
sys_enter_mprotect
sys_enter_mmap
sys_enter_mmap
sys_enter_mprotect
sys_enter_mmap
sys_enter_mprotect
sys_enter_mmap
sys_enter_mprotect
sys_enter_mmap
sys_enter_mmap
sys_enter_close
sys_enter_munmap
sys_enter_sched_getaffinity
sys_enter_mmap
sys_enter_munmap
sys_enter_mmap
sys_enter_mmap
sys_enter_mmap
sys_enter_mmap
sys_enter_mmap
sys_enter_mmap
sys_enter_rt_sigprocmask
sys_enter_sigaltstack
sys_enter_sigaltstack
sys_enter_gettid
sys_enter_rt_sigprocmask
sys_enter_rt_sigaction
sys_enter_rt_sigaction
sys_enter_rt_sigaction
sys_enter_rt_sigaction
sys_enter_rt_sigaction
sys_enter_rt_sigaction
sys_enter_rt_sigaction
sys_enter_rt_sigaction
sys_enter_rt_sigaction
sys_enter_rt_sigaction
sys_enter_rt_sigaction
sys_enter_rt_sigaction
sys_enter_rt_sigaction
sys_enter_rt_sigaction
sys_enter_rt_sigaction
sys_enter_rt_sigaction
sys_enter_rt_sigaction
sys_enter_rt_sigaction
sys_enter_rt_sigaction
sys_enter_rt_sigaction
sys_enter_rt_sigaction
sys_enter_rt_sigaction
sys_enter_rt_sigaction
sys_enter_rt_sigaction
sys_enter_rt_sigaction
sys_enter_rt_sigaction
sys_enter_rt_sigaction
sys_enter_rt_sigaction
sys_enter_rt_sigaction
sys_enter_rt_sigaction
sys_enter_rt_sigaction
sys_enter_rt_sigaction
sys_enter_rt_sigaction
sys_enter_rt_sigaction
sys_enter_rt_sigaction
sys_enter_rt_sigaction
sys_enter_rt_sigaction
sys_enter_rt_sigaction
sys_enter_rt_sigaction
sys_enter_rt_sigaction
sys_enter_rt_sigaction
sys_enter_rt_sigaction
sys_enter_rt_sigaction
sys_enter_rt_sigaction
sys_enter_rt_sigaction
sys_enter_rt_sigaction
sys_enter_rt_sigaction
sys_enter_rt_sigaction
sys_enter_rt_sigaction
sys_enter_rt_sigaction
sys_enter_rt_sigaction
sys_enter_rt_sigaction
sys_enter_rt_sigaction
sys_enter_rt_sigaction
sys_enter_rt_sigaction
sys_enter_rt_sigaction
sys_enter_rt_sigaction
sys_enter_rt_sigaction
sys_enter_rt_sigaction
sys_enter_rt_sigaction
sys_enter_rt_sigaction
sys_enter_rt_sigaction
sys_enter_rt_sigaction
sys_enter_rt_sigaction
sys_enter_rt_sigaction
sys_enter_rt_sigaction
sys_enter_rt_sigaction
sys_enter_rt_sigaction
sys_enter_rt_sigaction
sys_enter_rt_sigaction
sys_enter_rt_sigaction
sys_enter_rt_sigaction
sys_enter_rt_sigaction
sys_enter_rt_sigaction
sys_enter_rt_sigaction
sys_enter_rt_sigaction
sys_enter_rt_sigaction
sys_enter_rt_sigaction
sys_enter_rt_sigaction
sys_enter_rt_sigaction
sys_enter_rt_sigaction
sys_enter_rt_sigaction
sys_enter_rt_sigaction
sys_enter_rt_sigaction
sys_enter_rt_sigaction
sys_enter_rt_sigaction
sys_enter_rt_sigaction
sys_enter_rt_sigaction
sys_enter_rt_sigaction
sys_enter_rt_sigaction
sys_enter_rt_sigaction
sys_enter_rt_sigaction
sys_enter_rt_sigaction
sys_enter_rt_sigaction
sys_enter_rt_sigaction
sys_enter_rt_sigaction
sys_enter_rt_sigaction
sys_enter_rt_sigaction
sys_enter_rt_sigaction
sys_enter_rt_sigaction
sys_enter_rt_sigaction
sys_enter_rt_sigaction
sys_enter_rt_sigaction
sys_enter_rt_sigaction
sys_enter_rt_sigaction
sys_enter_rt_sigaction
sys_enter_rt_sigaction
sys_enter_rt_sigaction
sys_enter_rt_sigaction
sys_enter_rt_sigaction
sys_enter_rt_sigaction
sys_enter_rt_sigaction
sys_enter_rt_sigaction
sys_enter_rt_sigaction
sys_enter_rt_sigprocmask
sys_enter_clone
sys_enter_rt_sigprocmask
sys_enter_gettid
sys_enter_rt_sigprocmask
sys_enter_clone
sys_enter_rt_sigprocmask
sys_enter_sigaltstack
sys_enter_sigaltstack
sys_enter_gettid
sys_enter_rt_sigprocmask
sys_enter_gettid
sys_enter_sigaltstack
sys_enter_sigaltstack
sys_enter_gettid
sys_enter_rt_sigprocmask
sys_enter_rt_sigprocmask
sys_enter_clone
sys_enter_rt_sigprocmask
sys_enter_clone
sys_enter_rt_sigprocmask
sys_enter_futex
sys_enter_gettid
sys_enter_sigaltstack
sys_enter_sigaltstack
sys_enter_gettid
sys_enter_rt_sigprocmask
sys_enter_futex
sys_enter_futex
sys_enter_rt_sigprocmask
sys_enter_gettid
sys_enter_sigaltstack
sys_enter_sigaltstack
sys_enter_gettid
sys_enter_rt_sigprocmask
sys_enter_futex
sys_enter_futex
sys_enter_futex
sys_enter_mmap
sys_enter_futex
sys_enter_futex
sys_enter_futex
sys_enter_openat
sys_enter_read
sys_enter_read
sys_enter_close
sys_enter_socket
sys_enter_close
sys_enter_socket
sys_enter_setsockopt
sys_enter_bind
sys_enter_socket
sys_enter_setsockopt
sys_enter_bind
sys_enter_close
sys_enter_close
sys_enter_getpid
sys_enter_getppid
sys_enter_mmap
sys_enter_mmap
sys_enter_getppid
sys_enter_openat
sys_enter_pipe2
sys_enter_getpid
sys_enter_clone
sys_enter_setsid
sys_enter_close
sys_enter_read
sys_enter_chdir
sys_enter_execve
sys_enter_close
sys_enter_exit_group
sys_enter_mmap
sys_enter_mmap
sys_enter_mprotect
sys_enter_mmap
sys_enter_mmap
sys_enter_mprotect
sys_enter_mmap
sys_enter_mprotect
sys_enter_mmap
sys_enter_mprotect
sys_enter_mmap
sys_enter_mmap
sys_enter_close
sys_enter_munmap
sys_enter_sched_getaffinity
sys_enter_mmap
sys_enter_munmap
sys_enter_mmap
sys_enter_mmap
sys_enter_mmap
sys_enter_mmap
sys_enter_mmap
sys_enter_mmap
sys_enter_rt_sigprocmask
sys_enter_sigaltstack
sys_enter_sigaltstack
sys_enter_gettid
sys_enter_rt_sigprocmask
sys_enter_rt_sigaction
sys_enter_rt_sigaction
sys_enter_rt_sigaction
sys_enter_rt_sigaction
sys_enter_rt_sigaction
sys_enter_rt_sigaction
sys_enter_rt_sigaction
sys_enter_rt_sigaction
sys_enter_rt_sigaction
sys_enter_rt_sigaction
sys_enter_rt_sigaction
sys_enter_rt_sigaction
sys_enter_rt_sigaction
sys_enter_rt_sigaction
sys_enter_rt_sigaction
sys_enter_rt_sigaction
sys_enter_rt_sigaction
sys_enter_rt_sigaction
sys_enter_rt_sigaction
sys_enter_rt_sigaction
sys_enter_rt_sigaction
sys_enter_rt_sigaction
sys_enter_rt_sigaction
sys_enter_rt_sigaction
sys_enter_rt_sigaction
sys_enter_rt_sigaction
sys_enter_rt_sigaction
sys_enter_rt_sigaction
sys_enter_rt_sigaction
sys_enter_rt_sigaction
sys_enter_rt_sigaction
sys_enter_rt_sigaction
sys_enter_rt_sigaction
sys_enter_rt_sigaction
sys_enter_rt_sigaction
sys_enter_rt_sigaction
sys_enter_rt_sigaction
sys_enter_rt_sigaction
sys_enter_rt_sigaction
sys_enter_rt_sigaction
sys_enter_rt_sigaction
sys_enter_rt_sigaction
sys_enter_rt_sigaction
sys_enter_rt_sigaction
sys_enter_rt_sigaction
sys_enter_rt_sigaction
sys_enter_rt_sigaction
sys_enter_rt_sigaction
sys_enter_rt_sigaction
sys_enter_rt_sigaction
sys_enter_rt_sigaction
sys_enter_rt_sigaction
sys_enter_rt_sigaction
sys_enter_rt_sigaction
sys_enter_rt_sigaction
sys_enter_rt_sigaction
sys_enter_rt_sigaction
sys_enter_rt_sigaction
sys_enter_rt_sigaction
sys_enter_rt_sigaction
sys_enter_rt_sigaction
sys_enter_rt_sigaction
sys_enter_rt_sigaction
sys_enter_rt_sigaction
sys_enter_rt_sigaction
sys_enter_rt_sigaction
sys_enter_rt_sigaction
sys_enter_rt_sigaction
sys_enter_rt_sigaction
sys_enter_rt_sigaction
sys_enter_rt_sigaction
sys_enter_rt_sigaction
sys_enter_rt_sigaction
sys_enter_rt_sigaction
sys_enter_rt_sigaction
sys_enter_rt_sigaction
sys_enter_rt_sigaction
sys_enter_rt_sigaction
sys_enter_rt_sigaction
sys_enter_rt_sigaction
sys_enter_rt_sigaction
sys_enter_rt_sigaction
sys_enter_rt_sigaction
sys_enter_rt_sigaction
sys_enter_rt_sigaction
sys_enter_rt_sigaction
sys_enter_rt_sigaction
sys_enter_rt_sigaction
sys_enter_rt_sigaction
sys_enter_rt_sigaction
sys_enter_rt_sigaction
sys_enter_rt_sigaction
sys_enter_rt_sigaction
sys_enter_rt_sigaction
sys_enter_rt_sigaction
sys_enter_rt_sigaction
sys_enter_rt_sigaction
sys_enter_rt_sigaction
sys_enter_rt_sigaction
sys_enter_rt_sigaction
sys_enter_rt_sigaction
sys_enter_rt_sigaction
sys_enter_rt_sigaction
sys_enter_rt_sigaction
sys_enter_rt_sigaction
sys_enter_rt_sigaction
sys_enter_rt_sigaction
sys_enter_rt_sigaction
sys_enter_rt_sigaction
sys_enter_rt_sigaction
sys_enter_rt_sigaction
sys_enter_rt_sigaction
sys_enter_rt_sigaction
sys_enter_rt_sigaction
sys_enter_rt_sigprocmask
sys_enter_clone
sys_enter_rt_sigprocmask
sys_enter_gettid
sys_enter_sigaltstack
sys_enter_sigaltstack
sys_enter_gettid
sys_enter_rt_sigprocmask
sys_enter_rt_sigprocmask
sys_enter_clone
sys_enter_rt_sigprocmask
sys_enter_gettid
sys_enter_sigaltstack
sys_enter_sigaltstack
sys_enter_gettid
sys_enter_rt_sigprocmask
sys_enter_rt_sigprocmask
sys_enter_clone
sys_enter_rt_sigprocmask
sys_enter_futex
sys_enter_gettid
sys_enter_rt_sigprocmask
sys_enter_clone
sys_enter_rt_sigprocmask
sys_enter_futex
sys_enter_gettid
sys_enter_sigaltstack
sys_enter_sigaltstack
sys_enter_gettid
sys_enter_rt_sigprocmask
sys_enter_futex
sys_enter_futex
sys_enter_sigaltstack
sys_enter_sigaltstack
sys_enter_gettid
sys_enter_rt_sigprocmask
sys_enter_futex
sys_enter_futex
sys_enter_mmap
sys_enter_futex
sys_enter_futex
sys_enter_futex
sys_enter_openat
sys_enter_read
sys_enter_read
sys_enter_close
sys_enter_socket
sys_enter_close
sys_enter_socket
sys_enter_setsockopt
sys_enter_bind
sys_enter_socket
sys_enter_setsockopt
sys_enter_bind
sys_enter_close
sys_enter_close
sys_enter_getpid
sys_enter_getppid
sys_enter_mmap
sys_enter_mmap
sys_enter_getppid
sys_enter_openat
sys_enter_pipe2
sys_enter_getpid
sys_enter_clone
sys_enter_setsid
sys_enter_close
sys_enter_read
sys_enter_chdir
sys_enter_execve
sys_enter_close
sys_enter_exit_group
sys_enter_mmap
sys_enter_mmap
sys_enter_mprotect
sys_enter_mmap
sys_enter_mmap
sys_enter_mprotect
sys_enter_mmap
sys_enter_mprotect
sys_enter_mmap
sys_enter_mprotect
sys_enter_mmap
sys_enter_mmap
sys_enter_close
sys_enter_munmap
sys_enter_sched_getaffinity
sys_enter_mmap
sys_enter_munmap
sys_enter_mmap
sys_enter_mmap
sys_enter_mmap
sys_enter_mmap
sys_enter_mmap
sys_enter_mmap
sys_enter_rt_sigprocmask
sys_enter_sigaltstack
sys_enter_sigaltstack
sys_enter_gettid
sys_enter_rt_sigprocmask
sys_enter_rt_sigaction
sys_enter_rt_sigaction
sys_enter_rt_sigaction
sys_enter_rt_sigaction
sys_enter_rt_sigaction
sys_enter_rt_sigaction
sys_enter_rt_sigaction
sys_enter_rt_sigaction
sys_enter_rt_sigaction
sys_enter_rt_sigaction
sys_enter_rt_sigaction
sys_enter_rt_sigaction
sys_enter_rt_sigaction
sys_enter_rt_sigaction
sys_enter_rt_sigaction
sys_enter_rt_sigaction
sys_enter_rt_sigaction
sys_enter_rt_sigaction
sys_enter_rt_sigaction
sys_enter_rt_sigaction
sys_enter_rt_sigaction
sys_enter_rt_sigaction
sys_enter_rt_sigaction
sys_enter_rt_sigaction
sys_enter_rt_sigaction
sys_enter_rt_sigaction
sys_enter_rt_sigaction
sys_enter_rt_sigaction
sys_enter_rt_sigaction
sys_enter_rt_sigaction
sys_enter_rt_sigaction
sys_enter_rt_sigaction
sys_enter_rt_sigaction
sys_enter_rt_sigaction
sys_enter_rt_sigaction
sys_enter_rt_sigaction
sys_enter_rt_sigaction
sys_enter_rt_sigaction
sys_enter_rt_sigaction
sys_enter_rt_sigaction
sys_enter_rt_sigaction
sys_enter_rt_sigaction
sys_enter_rt_sigaction
sys_enter_rt_sigaction
sys_enter_rt_sigaction
sys_enter_rt_sigaction
sys_enter_rt_sigaction
sys_enter_rt_sigaction
sys_enter_rt_sigaction
sys_enter_rt_sigaction
sys_enter_rt_sigaction
sys_enter_rt_sigaction
sys_enter_rt_sigaction
sys_enter_rt_sigaction
sys_enter_rt_sigaction
sys_enter_rt_sigaction
sys_enter_rt_sigaction
sys_enter_rt_sigaction
sys_enter_rt_sigaction
sys_enter_rt_sigaction
sys_enter_rt_sigaction
sys_enter_rt_sigaction
sys_enter_rt_sigaction
sys_enter_rt_sigaction
sys_enter_rt_sigaction
sys_enter_rt_sigaction
sys_enter_rt_sigaction
sys_enter_rt_sigaction
sys_enter_rt_sigaction
sys_enter_rt_sigaction
sys_enter_rt_sigaction
sys_enter_rt_sigaction
sys_enter_rt_sigaction
sys_enter_rt_sigaction
sys_enter_rt_sigaction
sys_enter_rt_sigaction
sys_enter_rt_sigaction
sys_enter_rt_sigaction
sys_enter_rt_sigaction
sys_enter_rt_sigaction
sys_enter_rt_sigaction
sys_enter_rt_sigaction
sys_enter_rt_sigaction
sys_enter_rt_sigaction
sys_enter_rt_sigaction
sys_enter_rt_sigaction
sys_enter_rt_sigaction
sys_enter_rt_sigaction
sys_enter_rt_sigaction
sys_enter_rt_sigaction
sys_enter_rt_sigaction
sys_enter_rt_sigaction
sys_enter_rt_sigaction
sys_enter_rt_sigaction
sys_enter_rt_sigaction
sys_enter_rt_sigaction
sys_enter_rt_sigaction
sys_enter_rt_sigaction
sys_enter_rt_sigaction
sys_enter_rt_sigaction
sys_enter_rt_sigaction
sys_enter_rt_sigaction
sys_enter_rt_sigaction
sys_enter_rt_sigaction
sys_enter_rt_sigaction
sys_enter_rt_sigaction
sys_enter_rt_sigaction
sys_enter_rt_sigaction
sys_enter_rt_sigaction
sys_enter_rt_sigaction
sys_enter_rt_sigaction
sys_enter_rt_sigaction
sys_enter_rt_sigaction
sys_enter_rt_sigaction
sys_enter_rt_sigprocmask
sys_enter_clone
sys_enter_rt_sigprocmask
sys_enter_gettid
sys_enter_sigaltstack
sys_enter_sigaltstack
sys_enter_gettid
sys_enter_rt_sigprocmask
sys_enter_rt_sigprocmask
sys_enter_clone
sys_enter_rt_sigprocmask
sys_enter_gettid
sys_enter_sigaltstack
sys_enter_sigaltstack
sys_enter_gettid
sys_enter_rt_sigprocmask
sys_enter_rt_sigprocmask
sys_enter_clone
sys_enter_rt_sigprocmask
sys_enter_sched_yield
sys_enter_futex
sys_enter_futex
sys_enter_futex
sys_enter_futex
sys_enter_rt_sigprocmask
sys_enter_clone
sys_enter_gettid
sys_enter_sigaltstack
sys_enter_sigaltstack
sys_enter_gettid
sys_enter_rt_sigprocmask
sys_enter_futex
sys_enter_rt_sigprocmask
sys_enter_gettid
sys_enter_futex
sys_enter_futex
sys_enter_mmap
sys_enter_sigaltstack
sys_enter_sigaltstack
sys_enter_gettid
sys_enter_rt_sigprocmask
sys_enter_futex
sys_enter_futex
sys_enter_futex
sys_enter_openat
sys_enter_read
sys_enter_read
sys_enter_close
sys_enter_socket
sys_enter_close
sys_enter_socket
sys_enter_setsockopt
sys_enter_bind
sys_enter_socket
sys_enter_setsockopt
sys_enter_bind
sys_enter_close
sys_enter_close
sys_enter_getpid
sys_enter_getppid
sys_enter_mmap
sys_enter_mmap
sys_enter_getppid
sys_enter_openat
sys_enter_pipe2
sys_enter_getpid
sys_enter_clone
sys_enter_setsid
sys_enter_close
sys_enter_read
sys_enter_chdir
sys_enter_execve
sys_enter_close
sys_enter_exit_group
sys_enter_mmap
sys_enter_mmap
sys_enter_mprotect
sys_enter_mmap
sys_enter_mmap
sys_enter_mprotect
sys_enter_mmap
sys_enter_mprotect
sys_enter_mmap
sys_enter_mprotect
sys_enter_mmap
sys_enter_mmap
sys_enter_close
sys_enter_munmap
sys_enter_sched_getaffinity
sys_enter_mmap
sys_enter_munmap
sys_enter_mmap
sys_enter_mmap
sys_enter_mmap
sys_enter_mmap
sys_enter_mmap
sys_enter_mmap
sys_enter_rt_sigprocmask
sys_enter_sigaltstack
sys_enter_sigaltstack
sys_enter_gettid
sys_enter_rt_sigprocmask
sys_enter_rt_sigaction
sys_enter_rt_sigaction
sys_enter_rt_sigaction
sys_enter_rt_sigaction
sys_enter_rt_sigaction
sys_enter_rt_sigaction
sys_enter_rt_sigaction
sys_enter_rt_sigaction
sys_enter_rt_sigaction
sys_enter_rt_sigaction
sys_enter_rt_sigaction
sys_enter_rt_sigaction
sys_enter_rt_sigaction
sys_enter_rt_sigaction
sys_enter_rt_sigaction
sys_enter_rt_sigaction
sys_enter_rt_sigaction
sys_enter_rt_sigaction
sys_enter_rt_sigaction
sys_enter_rt_sigaction
sys_enter_rt_sigaction
sys_enter_rt_sigaction
sys_enter_rt_sigaction
sys_enter_rt_sigaction
sys_enter_rt_sigaction
sys_enter_rt_sigaction
sys_enter_rt_sigaction
sys_enter_rt_sigaction
sys_enter_rt_sigaction
sys_enter_rt_sigaction
sys_enter_rt_sigaction
sys_enter_rt_sigaction
sys_enter_rt_sigaction
sys_enter_rt_sigaction
sys_enter_rt_sigaction
sys_enter_rt_sigaction
sys_enter_rt_sigaction
sys_enter_rt_sigaction
sys_enter_rt_sigaction
sys_enter_rt_sigaction
sys_enter_rt_sigaction
sys_enter_rt_sigaction
sys_enter_rt_sigaction
sys_enter_rt_sigaction
sys_enter_rt_sigaction
sys_enter_rt_sigaction
sys_enter_rt_sigaction
sys_enter_rt_sigaction
sys_enter_rt_sigaction
sys_enter_rt_sigaction
sys_enter_rt_sigaction
sys_enter_rt_sigaction
sys_enter_rt_sigaction
sys_enter_rt_sigaction
sys_enter_rt_sigaction
sys_enter_rt_sigaction
sys_enter_rt_sigaction
sys_enter_rt_sigaction
sys_enter_rt_sigaction
sys_enter_rt_sigaction
sys_enter_rt_sigaction
sys_enter_rt_sigaction
sys_enter_rt_sigaction
sys_enter_rt_sigaction
sys_enter_rt_sigaction
sys_enter_rt_sigaction
sys_enter_rt_sigaction
sys_enter_rt_sigaction
sys_enter_rt_sigaction
sys_enter_rt_sigaction
sys_enter_rt_sigaction
sys_enter_rt_sigaction
sys_enter_rt_sigaction
sys_enter_rt_sigaction
sys_enter_rt_sigaction
sys_enter_rt_sigaction
sys_enter_rt_sigaction
sys_enter_rt_sigaction
sys_enter_rt_sigaction
sys_enter_rt_sigaction
sys_enter_rt_sigaction
sys_enter_rt_sigaction
sys_enter_rt_sigaction
sys_enter_rt_sigaction
sys_enter_rt_sigaction
sys_enter_rt_sigaction
sys_enter_rt_sigaction
sys_enter_rt_sigaction
sys_enter_rt_sigaction
sys_enter_rt_sigaction
sys_enter_rt_sigaction
sys_enter_rt_sigaction
sys_enter_rt_sigaction
sys_enter_rt_sigaction
sys_enter_rt_sigaction
sys_enter_rt_sigaction
sys_enter_rt_sigaction
sys_enter_rt_sigaction
sys_enter_rt_sigaction
sys_enter_rt_sigaction
sys_enter_rt_sigaction
sys_enter_rt_sigaction
sys_enter_rt_sigaction
sys_enter_rt_sigaction
sys_enter_rt_sigaction
sys_enter_rt_sigaction
sys_enter_rt_sigaction
sys_enter_rt_sigaction
sys_enter_rt_sigaction
sys_enter_rt_sigaction
sys_enter_rt_sigaction
sys_enter_rt_sigaction
sys_enter_rt_sigaction
sys_enter_rt_sigaction
sys_enter_rt_sigprocmask
sys_enter_clone
sys_enter_rt_sigprocmask
sys_enter_gettid
sys_enter_sigaltstack
sys_enter_sigaltstack
sys_enter_gettid
sys_enter_rt_sigprocmask
sys_enter_rt_sigprocmask
sys_enter_clone
sys_enter_rt_sigprocmask
sys_enter_gettid
sys_enter_rt_sigprocmask
sys_enter_clone
sys_enter_sigaltstack
sys_enter_sigaltstack
sys_enter_gettid
sys_enter_rt_sigprocmask
sys_enter_rt_sigprocmask
sys_enter_sched_yield
sys_enter_gettid
sys_enter_futex
sys_enter_sigaltstack
sys_enter_sigaltstack
sys_enter_futex
sys_enter_futex
sys_enter_gettid
sys_enter_futex
sys_enter_rt_sigprocmask
sys_enter_rt_sigprocmask
sys_enter_futex
sys_enter_clone
sys_enter_futex
sys_enter_rt_sigprocmask
sys_enter_gettid
sys_enter_futex
sys_enter_sigaltstack
sys_enter_sigaltstack
sys_enter_gettid
sys_enter_rt_sigprocmask
sys_enter_futex
sys_enter_futex
sys_enter_mmap
sys_enter_futex
sys_enter_futex
sys_enter_futex
sys_enter_openat
sys_enter_read
sys_enter_read
sys_enter_close
sys_enter_socket
sys_enter_close
sys_enter_socket
sys_enter_setsockopt
sys_enter_bind
sys_enter_socket
sys_enter_setsockopt
sys_enter_bind
sys_enter_close
sys_enter_close
sys_enter_getpid
sys_enter_getppid
sys_enter_mmap
sys_enter_mmap
sys_enter_getppid
sys_enter_openat
sys_enter_pipe2
sys_enter_getpid
sys_enter_clone
sys_enter_setsid
sys_enter_close
sys_enter_read
sys_enter_chdir
sys_enter_execve
sys_enter_close
sys_enter_exit_group
sys_enter_mmap
sys_enter_mmap
sys_enter_mprotect
sys_enter_mmap
sys_enter_mmap
sys_enter_mprotect
sys_enter_mmap
sys_enter_mprotect
sys_enter_mmap
sys_enter_mprotect
sys_enter_mmap
sys_enter_mmap
sys_enter_close
sys_enter_munmap
sys_enter_sched_getaffinity
sys_enter_mmap
sys_enter_munmap
sys_enter_mmap
sys_enter_mmap
sys_enter_mmap
sys_enter_mmap
sys_enter_mmap
sys_enter_mmap
sys_enter_rt_sigprocmask
sys_enter_sigaltstack
sys_enter_sigaltstack
sys_enter_gettid
sys_enter_rt_sigprocmask
sys_enter_rt_sigaction
sys_enter_rt_sigaction
sys_enter_rt_sigaction
sys_enter_rt_sigaction
sys_enter_rt_sigaction
sys_enter_rt_sigaction
sys_enter_rt_sigaction
sys_enter_rt_sigaction
sys_enter_rt_sigaction
sys_enter_rt_sigaction
sys_enter_rt_sigaction
sys_enter_rt_sigaction
sys_enter_rt_sigaction
sys_enter_rt_sigaction
sys_enter_rt_sigaction
sys_enter_rt_sigaction
sys_enter_rt_sigaction
sys_enter_rt_sigaction
sys_enter_rt_sigaction
sys_enter_rt_sigaction
sys_enter_rt_sigaction
sys_enter_rt_sigaction
sys_enter_rt_sigaction
sys_enter_rt_sigaction
sys_enter_rt_sigaction
sys_enter_rt_sigaction
sys_enter_rt_sigaction
sys_enter_rt_sigaction
sys_enter_rt_sigaction
sys_enter_rt_sigaction
sys_enter_rt_sigaction
sys_enter_rt_sigaction
sys_enter_rt_sigaction
sys_enter_rt_sigaction
sys_enter_rt_sigaction
sys_enter_rt_sigaction
sys_enter_rt_sigaction
sys_enter_rt_sigaction
sys_enter_rt_sigaction
sys_enter_rt_sigaction
sys_enter_rt_sigaction
sys_enter_rt_sigaction
sys_enter_rt_sigaction
sys_enter_rt_sigaction
sys_enter_rt_sigaction
sys_enter_rt_sigaction
sys_enter_rt_sigaction
sys_enter_rt_sigaction
sys_enter_rt_sigaction
sys_enter_rt_sigaction
sys_enter_rt_sigaction
sys_enter_rt_sigaction
sys_enter_rt_sigaction
sys_enter_rt_sigaction
sys_enter_rt_sigaction
sys_enter_rt_sigaction
sys_enter_rt_sigaction
sys_enter_rt_sigaction
sys_enter_rt_sigaction
sys_enter_rt_sigaction
sys_enter_rt_sigaction
sys_enter_rt_sigaction
sys_enter_rt_sigaction
sys_enter_rt_sigaction
sys_enter_rt_sigaction
sys_enter_rt_sigaction
sys_enter_rt_sigaction
sys_enter_rt_sigaction
sys_enter_rt_sigaction
sys_enter_rt_sigaction
sys_enter_rt_sigaction
sys_enter_rt_sigaction
sys_enter_rt_sigaction
sys_enter_rt_sigaction
sys_enter_rt_sigaction
sys_enter_rt_sigaction
sys_enter_rt_sigaction
sys_enter_rt_sigaction
sys_enter_rt_sigaction
sys_enter_rt_sigaction
sys_enter_rt_sigaction
sys_enter_rt_sigaction
sys_enter_rt_sigaction
sys_enter_rt_sigaction
sys_enter_rt_sigaction
sys_enter_rt_sigaction
sys_enter_rt_sigaction
sys_enter_rt_sigaction
sys_enter_rt_sigaction
sys_enter_rt_sigaction
sys_enter_rt_sigaction
sys_enter_rt_sigaction
sys_enter_rt_sigaction
sys_enter_rt_sigaction
sys_enter_rt_sigaction
sys_enter_rt_sigaction
sys_enter_rt_sigaction
sys_enter_rt_sigaction
sys_enter_rt_sigaction
sys_enter_rt_sigaction
sys_enter_rt_sigaction
sys_enter_rt_sigaction
sys_enter_rt_sigaction
sys_enter_rt_sigaction
sys_enter_rt_sigaction
sys_enter_rt_sigaction
sys_enter_rt_sigaction
sys_enter_rt_sigaction
sys_enter_rt_sigaction
sys_enter_rt_sigaction
sys_enter_rt_sigaction
sys_enter_rt_sigaction
sys_enter_rt_sigaction
sys_enter_rt_sigaction
sys_enter_rt_sigprocmask
sys_enter_clone
sys_enter_rt_sigprocmask
sys_enter_gettid
sys_enter_sigaltstack
sys_enter_sigaltstack
sys_enter_gettid
sys_enter_rt_sigprocmask
sys_enter_clone
sys_enter_rt_sigprocmask
sys_enter_rt_sigprocmask
sys_enter_gettid
sys_enter_sigaltstack
sys_enter_sigaltstack
sys_enter_gettid
sys_enter_rt_sigprocmask
sys_enter_sched_yield
sys_enter_futex
sys_enter_mmap
sys_enter_rt_sigprocmask
sys_enter_clone
sys_enter_mmap
sys_enter_rt_sigprocmask
sys_enter_futex
sys_enter_gettid
sys_enter_rt_sigprocmask
sys_enter_clone
sys_enter_sigaltstack
sys_enter_sigaltstack
sys_enter_gettid
sys_enter_rt_sigprocmask
sys_enter_futex
sys_enter_rt_sigprocmask
sys_enter_gettid
sys_enter_futex
sys_enter_futex
sys_enter_mmap
sys_enter_sigaltstack
sys_enter_sigaltstack
sys_enter_gettid
sys_enter_rt_sigprocmask
sys_enter_futex
sys_enter_futex
sys_enter_futex
sys_enter_openat
sys_enter_futex
sys_enter_futex
sys_enter_read
sys_enter_read
sys_enter_close
sys_enter_socket
sys_enter_close
sys_enter_socket
sys_enter_setsockopt
sys_enter_bind
sys_enter_socket
sys_enter_setsockopt
sys_enter_bind
sys_enter_close
sys_enter_close
sys_enter_getpid
sys_enter_getppid
sys_enter_mmap
sys_enter_mmap
sys_enter_getppid
sys_enter_openat
sys_enter_pipe2
sys_enter_getpid
sys_enter_clone
sys_enter_close
sys_enter_read
sys_enter_setsid
sys_enter_chdir
sys_enter_execve
sys_enter_close
sys_enter_exit_group
sys_enter_mmap
sys_enter_mmap
sys_enter_mprotect
sys_enter_mmap
sys_enter_mmap
sys_enter_mprotect
sys_enter_mmap
sys_enter_mprotect
sys_enter_mmap
sys_enter_mprotect
sys_enter_mmap
sys_enter_mmap
sys_enter_close
sys_enter_munmap
sys_enter_sched_getaffinity
sys_enter_mmap
sys_enter_munmap
sys_enter_mmap
sys_enter_mmap
sys_enter_mmap
sys_enter_mmap
sys_enter_mmap
sys_enter_mmap
sys_enter_rt_sigprocmask
sys_enter_sigaltstack
sys_enter_sigaltstack
sys_enter_gettid
sys_enter_rt_sigprocmask
sys_enter_rt_sigaction
sys_enter_rt_sigaction
sys_enter_rt_sigaction
sys_enter_rt_sigaction
sys_enter_rt_sigaction
sys_enter_rt_sigaction
sys_enter_rt_sigaction
sys_enter_rt_sigaction
sys_enter_rt_sigaction
sys_enter_rt_sigaction
sys_enter_rt_sigaction
sys_enter_rt_sigaction
sys_enter_rt_sigaction
sys_enter_rt_sigaction
sys_enter_rt_sigaction
sys_enter_rt_sigaction
sys_enter_rt_sigaction
sys_enter_rt_sigaction
sys_enter_rt_sigaction
sys_enter_rt_sigaction
sys_enter_rt_sigaction
sys_enter_rt_sigaction
sys_enter_rt_sigaction
sys_enter_rt_sigaction
sys_enter_rt_sigaction
sys_enter_rt_sigaction
sys_enter_rt_sigaction
sys_enter_rt_sigaction
sys_enter_rt_sigaction
sys_enter_rt_sigaction
sys_enter_rt_sigaction
sys_enter_rt_sigaction
sys_enter_rt_sigaction
sys_enter_rt_sigaction
sys_enter_rt_sigaction
sys_enter_rt_sigaction
sys_enter_rt_sigaction
sys_enter_rt_sigaction
sys_enter_rt_sigaction
sys_enter_rt_sigaction
sys_enter_rt_sigaction
sys_enter_rt_sigaction
sys_enter_rt_sigaction
sys_enter_rt_sigaction
sys_enter_rt_sigaction
sys_enter_rt_sigaction
sys_enter_rt_sigaction
sys_enter_rt_sigaction
sys_enter_rt_sigaction
sys_enter_rt_sigaction
sys_enter_rt_sigaction
sys_enter_rt_sigaction
sys_enter_rt_sigaction
sys_enter_rt_sigaction
sys_enter_rt_sigaction
sys_enter_rt_sigaction
sys_enter_rt_sigaction
sys_enter_rt_sigaction
sys_enter_rt_sigaction
sys_enter_rt_sigaction
sys_enter_rt_sigaction
sys_enter_rt_sigaction
sys_enter_rt_sigaction
sys_enter_rt_sigaction
sys_enter_rt_sigaction
sys_enter_rt_sigaction
sys_enter_rt_sigaction
sys_enter_rt_sigaction
sys_enter_rt_sigaction
sys_enter_rt_sigaction
sys_enter_rt_sigaction
sys_enter_rt_sigaction
sys_enter_rt_sigaction
sys_enter_rt_sigaction
sys_enter_rt_sigaction
sys_enter_rt_sigaction
sys_enter_rt_sigaction
sys_enter_rt_sigaction
sys_enter_rt_sigaction
sys_enter_rt_sigaction
sys_enter_rt_sigaction
sys_enter_rt_sigaction
sys_enter_rt_sigaction
sys_enter_rt_sigaction
sys_enter_rt_sigaction
sys_enter_rt_sigaction
sys_enter_rt_sigaction
sys_enter_rt_sigaction
sys_enter_rt_sigaction
sys_enter_rt_sigaction
sys_enter_rt_sigaction
sys_enter_rt_sigaction
sys_enter_rt_sigaction
sys_enter_rt_sigaction
sys_enter_rt_sigaction
sys_enter_rt_sigaction
sys_enter_rt_sigaction
sys_enter_rt_sigaction
sys_enter_rt_sigaction
sys_enter_rt_sigaction
sys_enter_rt_sigaction
sys_enter_rt_sigaction
sys_enter_rt_sigaction
sys_enter_rt_sigaction
sys_enter_rt_sigaction
sys_enter_rt_sigaction
sys_enter_rt_sigaction
sys_enter_rt_sigaction
sys_enter_rt_sigaction
sys_enter_rt_sigaction
sys_enter_rt_sigaction
sys_enter_rt_sigaction
sys_enter_rt_sigaction
sys_enter_rt_sigaction
sys_enter_rt_sigprocmask
sys_enter_clone
sys_enter_rt_sigprocmask
sys_enter_gettid
sys_enter_sigaltstack
sys_enter_sigaltstack
sys_enter_gettid
sys_enter_rt_sigprocmask
sys_enter_rt_sigprocmask
sys_enter_clone
sys_enter_rt_sigprocmask
sys_enter_rt_sigprocmask
sys_enter_clone
sys_enter_gettid
sys_enter_rt_sigprocmask
sys_enter_futex
sys_enter_sigaltstack
sys_enter_sigaltstack
sys_enter_gettid
sys_enter_rt_sigprocmask
sys_enter_gettid
sys_enter_sigaltstack
sys_enter_sigaltstack
sys_enter_gettid
sys_enter_rt_sigprocmask
sys_enter_rt_sigprocmask
sys_enter_clone
sys_enter_futex
sys_enter_rt_sigprocmask
sys_enter_futex
sys_enter_gettid
sys_enter_sigaltstack
sys_enter_futex
sys_enter_sigaltstack
sys_enter_gettid
sys_enter_rt_sigprocmask
sys_enter_futex
sys_enter_futex
sys_enter_mmap
sys_enter_futex
sys_enter_futex
sys_enter_futex
sys_enter_openat
sys_enter_read
sys_enter_read
sys_enter_close
sys_enter_socket
sys_enter_close
sys_enter_socket
sys_enter_setsockopt
sys_enter_bind
sys_enter_socket
sys_enter_setsockopt
sys_enter_bind
sys_enter_close
sys_enter_close
sys_enter_mmap
sys_enter_getpid
sys_enter_getppid
sys_enter_mmap
sys_enter_mmap
sys_enter_getppid
sys_enter_openat
sys_enter_pipe2
sys_enter_getpid
sys_enter_clone
sys_enter_setsid
sys_enter_close
sys_enter_read
sys_enter_chdir
sys_enter_execve
sys_enter_close
sys_enter_mmap
sys_enter_exit_group
sys_enter_mmap
sys_enter_mprotect
sys_enter_mmap
sys_enter_mmap
sys_enter_mprotect
sys_enter_mmap
sys_enter_mprotect
sys_enter_mmap
sys_enter_mprotect
sys_enter_mmap
sys_enter_mmap
sys_enter_close
sys_enter_munmap
sys_enter_sched_getaffinity
sys_enter_mmap
sys_enter_munmap
sys_enter_mmap
sys_enter_mmap
sys_enter_mmap
sys_enter_mmap
sys_enter_mmap
sys_enter_mmap
sys_enter_rt_sigprocmask
sys_enter_sigaltstack
sys_enter_sigaltstack
sys_enter_gettid
sys_enter_rt_sigprocmask
sys_enter_rt_sigaction
sys_enter_rt_sigaction
sys_enter_rt_sigaction
sys_enter_rt_sigaction
sys_enter_rt_sigaction
sys_enter_rt_sigaction
sys_enter_rt_sigaction
sys_enter_rt_sigaction
sys_enter_rt_sigaction
sys_enter_rt_sigaction
sys_enter_rt_sigaction
sys_enter_rt_sigaction
sys_enter_rt_sigaction
sys_enter_rt_sigaction
sys_enter_rt_sigaction
sys_enter_rt_sigaction
sys_enter_rt_sigaction
sys_enter_rt_sigaction
sys_enter_rt_sigaction
sys_enter_rt_sigaction
sys_enter_rt_sigaction
sys_enter_rt_sigaction
sys_enter_rt_sigaction
sys_enter_rt_sigaction
sys_enter_rt_sigaction
sys_enter_rt_sigaction
sys_enter_rt_sigaction
sys_enter_rt_sigaction
sys_enter_rt_sigaction
sys_enter_rt_sigaction
sys_enter_rt_sigaction
sys_enter_rt_sigaction
sys_enter_rt_sigaction
sys_enter_rt_sigaction
sys_enter_rt_sigaction
sys_enter_rt_sigaction
sys_enter_rt_sigaction
sys_enter_rt_sigaction
sys_enter_rt_sigaction
sys_enter_rt_sigaction
sys_enter_rt_sigaction
sys_enter_rt_sigaction
sys_enter_rt_sigaction
sys_enter_rt_sigaction
sys_enter_rt_sigaction
sys_enter_rt_sigaction
sys_enter_rt_sigaction
sys_enter_rt_sigaction
sys_enter_rt_sigaction
sys_enter_rt_sigaction
sys_enter_rt_sigaction
sys_enter_rt_sigaction
sys_enter_rt_sigaction
sys_enter_rt_sigaction
sys_enter_rt_sigaction
sys_enter_rt_sigaction
sys_enter_rt_sigaction
sys_enter_rt_sigaction
sys_enter_rt_sigaction
sys_enter_rt_sigaction
sys_enter_rt_sigaction
sys_enter_rt_sigaction
sys_enter_rt_sigaction
sys_enter_rt_sigaction
sys_enter_rt_sigaction
sys_enter_rt_sigaction
sys_enter_rt_sigaction
sys_enter_rt_sigaction
sys_enter_rt_sigaction
sys_enter_rt_sigaction
sys_enter_rt_sigaction
sys_enter_rt_sigaction
sys_enter_rt_sigaction
sys_enter_rt_sigaction
sys_enter_rt_sigaction
sys_enter_rt_sigaction
sys_enter_rt_sigaction
sys_enter_rt_sigaction
sys_enter_rt_sigaction
sys_enter_rt_sigaction
sys_enter_rt_sigaction
sys_enter_rt_sigaction
sys_enter_rt_sigaction
sys_enter_rt_sigaction
sys_enter_rt_sigaction
sys_enter_rt_sigaction
sys_enter_rt_sigaction
sys_enter_rt_sigaction
sys_enter_rt_sigaction
sys_enter_rt_sigaction
sys_enter_rt_sigaction
sys_enter_rt_sigaction
sys_enter_rt_sigaction
sys_enter_rt_sigaction
sys_enter_rt_sigaction
sys_enter_rt_sigaction
sys_enter_rt_sigaction
sys_enter_rt_sigaction
sys_enter_rt_sigaction
sys_enter_rt_sigaction
sys_enter_rt_sigaction
sys_enter_rt_sigaction
sys_enter_rt_sigaction
sys_enter_rt_sigaction
sys_enter_rt_sigaction
sys_enter_rt_sigaction
sys_enter_rt_sigaction
sys_enter_rt_sigaction
sys_enter_rt_sigaction
sys_enter_rt_sigaction
sys_enter_rt_sigaction
sys_enter_rt_sigaction
sys_enter_rt_sigaction
sys_enter_rt_sigaction
sys_enter_rt_sigprocmask
sys_enter_clone
sys_enter_rt_sigprocmask
sys_enter_gettid
sys_enter_sigaltstack
sys_enter_sigaltstack
sys_enter_gettid
sys_enter_rt_sigprocmask
sys_enter_rt_sigprocmask
sys_enter_clone
sys_enter_rt_sigprocmask
sys_enter_gettid
sys_enter_sigaltstack
sys_enter_sigaltstack
sys_enter_gettid
sys_enter_rt_sigprocmask
sys_enter_rt_sigprocmask
sys_enter_clone
sys_enter_rt_sigprocmask
sys_enter_clone
sys_enter_rt_sigprocmask
sys_enter_rt_sigprocmask
sys_enter_futex
sys_enter_gettid
sys_enter_sigaltstack
sys_enter_sigaltstack
sys_enter_gettid
sys_enter_rt_sigprocmask
sys_enter_futex
sys_enter_gettid
sys_enter_sigaltstack
sys_enter_futex
sys_enter_sigaltstack
sys_enter_gettid
sys_enter_rt_sigprocmask
sys_enter_futex
sys_enter_futex
sys_enter_futex
sys_enter_mmap
sys_enter_futex
sys_enter_futex
sys_enter_futex
sys_enter_openat
sys_enter_futex
sys_enter_futex
sys_enter_read
sys_enter_read
sys_enter_close
sys_enter_socket
sys_enter_close
sys_enter_socket
sys_enter_setsockopt
sys_enter_bind
sys_enter_socket
sys_enter_setsockopt
sys_enter_bind
sys_enter_close
sys_enter_close
sys_enter_getpid
sys_enter_getppid
sys_enter_mmap
sys_enter_mmap
sys_enter_getppid
sys_enter_openat
sys_enter_pipe2
sys_enter_getpid
sys_enter_clone
sys_enter_setsid
sys_enter_close
sys_enter_read
sys_enter_chdir
sys_enter_execve
sys_enter_close
sys_enter_mmap
sys_enter_exit_group
sys_enter_mmap
sys_enter_mprotect
sys_enter_mmap
sys_enter_mmap
sys_enter_mprotect
sys_enter_mmap
sys_enter_mprotect
sys_enter_mmap
sys_enter_mprotect
sys_enter_mmap
sys_enter_mmap
sys_enter_close
sys_enter_munmap
sys_enter_sched_getaffinity
sys_enter_mmap
sys_enter_munmap
sys_enter_mmap
sys_enter_mmap
sys_enter_mmap
sys_enter_mmap
sys_enter_mmap
sys_enter_mmap
sys_enter_rt_sigprocmask
sys_enter_sigaltstack
sys_enter_sigaltstack
sys_enter_gettid
sys_enter_rt_sigprocmask
sys_enter_rt_sigaction
sys_enter_rt_sigaction
sys_enter_rt_sigaction
sys_enter_rt_sigaction
sys_enter_rt_sigaction
sys_enter_rt_sigaction
sys_enter_rt_sigaction
sys_enter_rt_sigaction
sys_enter_rt_sigaction
sys_enter_rt_sigaction
sys_enter_rt_sigaction
sys_enter_rt_sigaction
sys_enter_rt_sigaction
sys_enter_rt_sigaction
sys_enter_rt_sigaction
sys_enter_rt_sigaction
sys_enter_rt_sigaction
sys_enter_rt_sigaction
sys_enter_rt_sigaction
sys_enter_rt_sigaction
sys_enter_rt_sigaction
sys_enter_rt_sigaction
sys_enter_rt_sigaction
sys_enter_rt_sigaction
sys_enter_rt_sigaction
sys_enter_rt_sigaction
sys_enter_rt_sigaction
sys_enter_rt_sigaction
sys_enter_rt_sigaction
sys_enter_rt_sigaction
sys_enter_rt_sigaction
sys_enter_rt_sigaction
sys_enter_rt_sigaction
sys_enter_rt_sigaction
sys_enter_rt_sigaction
sys_enter_rt_sigaction
sys_enter_rt_sigaction
sys_enter_rt_sigaction
sys_enter_rt_sigaction
sys_enter_rt_sigaction
sys_enter_rt_sigaction
sys_enter_rt_sigaction
sys_enter_rt_sigaction
sys_enter_rt_sigaction
sys_enter_rt_sigaction
sys_enter_rt_sigaction
sys_enter_rt_sigaction
sys_enter_rt_sigaction
sys_enter_rt_sigaction
sys_enter_rt_sigaction
sys_enter_rt_sigaction
sys_enter_rt_sigaction
sys_enter_rt_sigaction
sys_enter_rt_sigaction
sys_enter_rt_sigaction
sys_enter_rt_sigaction
sys_enter_rt_sigaction
sys_enter_rt_sigaction
sys_enter_rt_sigaction
sys_enter_rt_sigaction
sys_enter_rt_sigaction
sys_enter_rt_sigaction
sys_enter_rt_sigaction
sys_enter_rt_sigaction
sys_enter_rt_sigaction
sys_enter_rt_sigaction
sys_enter_rt_sigaction
sys_enter_rt_sigaction
sys_enter_rt_sigaction
sys_enter_rt_sigaction
sys_enter_rt_sigaction
sys_enter_rt_sigaction
sys_enter_rt_sigaction
sys_enter_rt_sigaction
sys_enter_rt_sigaction
sys_enter_rt_sigaction
sys_enter_rt_sigaction
sys_enter_rt_sigaction
sys_enter_rt_sigaction
sys_enter_rt_sigaction
sys_enter_rt_sigaction
sys_enter_rt_sigaction
sys_enter_rt_sigaction
sys_enter_rt_sigaction
sys_enter_rt_sigaction
sys_enter_rt_sigaction
sys_enter_rt_sigaction
sys_enter_rt_sigaction
sys_enter_rt_sigaction
sys_enter_rt_sigaction
sys_enter_rt_sigaction
sys_enter_rt_sigaction
sys_enter_rt_sigaction
sys_enter_rt_sigaction
sys_enter_rt_sigaction
sys_enter_rt_sigaction
sys_enter_rt_sigaction
sys_enter_rt_sigaction
sys_enter_rt_sigaction
sys_enter_rt_sigaction
sys_enter_rt_sigaction
sys_enter_rt_sigaction
sys_enter_rt_sigaction
sys_enter_rt_sigaction
sys_enter_rt_sigaction
sys_enter_rt_sigaction
sys_enter_rt_sigaction
sys_enter_rt_sigaction
sys_enter_rt_sigaction
sys_enter_rt_sigaction
sys_enter_rt_sigaction
sys_enter_rt_sigaction
sys_enter_rt_sigaction
sys_enter_rt_sigaction
sys_enter_rt_sigprocmask
sys_enter_clone
sys_enter_rt_sigprocmask
sys_enter_gettid
sys_enter_sigaltstack
sys_enter_sigaltstack
sys_enter_gettid
sys_enter_rt_sigprocmask
sys_enter_rt_sigprocmask
sys_enter_clone
sys_enter_rt_sigprocmask
sys_enter_gettid
sys_enter_sigaltstack
sys_enter_sigaltstack
sys_enter_gettid
sys_enter_rt_sigprocmask
sys_enter_rt_sigprocmask
sys_enter_clone
sys_enter_rt_sigprocmask
sys_enter_futex
sys_enter_rt_sigprocmask
sys_enter_clone
sys_enter_gettid
sys_enter_sigaltstack
sys_enter_sigaltstack
sys_enter_gettid
sys_enter_rt_sigprocmask
sys_enter_rt_sigprocmask
sys_enter_futex
sys_enter_gettid
sys_enter_futex
sys_enter_futex
sys_enter_sigaltstack
sys_enter_sigaltstack
sys_enter_gettid
sys_enter_rt_sigprocmask
sys_enter_futex
sys_enter_futex
sys_enter_mmap
sys_enter_futex
sys_enter_futex
sys_enter_futex
sys_enter_openat
sys_enter_read
sys_enter_read
sys_enter_close
sys_enter_socket
sys_enter_close
sys_enter_socket
sys_enter_setsockopt
sys_enter_bind
sys_enter_socket
sys_enter_setsockopt
sys_enter_bind
sys_enter_close
sys_enter_close
sys_enter_getpid
sys_enter_getppid
sys_enter_mmap
sys_enter_mmap
sys_enter_getppid
sys_enter_openat
sys_enter_pipe2
sys_enter_getpid
sys_enter_clone
sys_enter_setsid
sys_enter_close
sys_enter_read
sys_enter_chdir
sys_enter_execve
sys_enter_close
sys_enter_mmap
sys_enter_exit_group
sys_enter_mmap
sys_enter_mprotect
sys_enter_mmap
sys_enter_mmap
sys_enter_mprotect
sys_enter_mmap
sys_enter_mprotect
sys_enter_mmap
sys_enter_mprotect
sys_enter_mmap
sys_enter_mmap
sys_enter_close
sys_enter_munmap
sys_enter_sched_getaffinity
sys_enter_mmap
sys_enter_munmap
sys_enter_mmap
sys_enter_mmap
sys_enter_mmap
sys_enter_mmap
sys_enter_mmap
sys_enter_mmap
sys_enter_rt_sigprocmask
sys_enter_sigaltstack
sys_enter_sigaltstack
sys_enter_gettid
sys_enter_rt_sigprocmask
sys_enter_rt_sigaction
sys_enter_rt_sigaction
sys_enter_rt_sigaction
sys_enter_rt_sigaction
sys_enter_rt_sigaction
sys_enter_rt_sigaction
sys_enter_rt_sigaction
sys_enter_rt_sigaction
sys_enter_rt_sigaction
sys_enter_rt_sigaction
sys_enter_rt_sigaction
sys_enter_rt_sigaction
sys_enter_rt_sigaction
sys_enter_rt_sigaction
sys_enter_rt_sigaction
sys_enter_rt_sigaction
sys_enter_rt_sigaction
sys_enter_rt_sigaction
sys_enter_rt_sigaction
sys_enter_rt_sigaction
sys_enter_rt_sigaction
sys_enter_rt_sigaction
sys_enter_rt_sigaction
sys_enter_rt_sigaction
sys_enter_rt_sigaction
sys_enter_rt_sigaction
sys_enter_rt_sigaction
sys_enter_rt_sigaction
sys_enter_rt_sigaction
sys_enter_rt_sigaction
sys_enter_rt_sigaction
sys_enter_rt_sigaction
sys_enter_rt_sigaction
sys_enter_rt_sigaction
sys_enter_rt_sigaction
sys_enter_rt_sigaction
sys_enter_rt_sigaction
sys_enter_rt_sigaction
sys_enter_rt_sigaction
sys_enter_rt_sigaction
sys_enter_rt_sigaction
sys_enter_rt_sigaction
sys_enter_rt_sigaction
sys_enter_rt_sigaction
sys_enter_rt_sigaction
sys_enter_rt_sigaction
sys_enter_rt_sigaction
sys_enter_rt_sigaction
sys_enter_rt_sigaction
sys_enter_rt_sigaction
sys_enter_rt_sigaction
sys_enter_rt_sigaction
sys_enter_rt_sigaction
sys_enter_rt_sigaction
sys_enter_rt_sigaction
sys_enter_rt_sigaction
sys_enter_rt_sigaction
sys_enter_rt_sigaction
sys_enter_rt_sigaction
sys_enter_rt_sigaction
sys_enter_rt_sigaction
sys_enter_rt_sigaction
sys_enter_rt_sigaction
sys_enter_rt_sigaction
sys_enter_rt_sigaction
sys_enter_rt_sigaction
sys_enter_rt_sigaction
sys_enter_rt_sigaction
sys_enter_rt_sigaction
sys_enter_rt_sigaction
sys_enter_rt_sigaction
sys_enter_rt_sigaction
sys_enter_rt_sigaction
sys_enter_rt_sigaction
sys_enter_rt_sigaction
sys_enter_rt_sigaction
sys_enter_rt_sigaction
sys_enter_rt_sigaction
sys_enter_rt_sigaction
sys_enter_rt_sigaction
sys_enter_rt_sigaction
sys_enter_rt_sigaction
sys_enter_rt_sigaction
sys_enter_rt_sigaction
sys_enter_rt_sigaction
sys_enter_rt_sigaction
sys_enter_rt_sigaction
sys_enter_rt_sigaction
sys_enter_rt_sigaction
sys_enter_rt_sigaction
sys_enter_rt_sigaction
sys_enter_rt_sigaction
sys_enter_rt_sigaction
sys_enter_rt_sigaction
sys_enter_rt_sigaction
sys_enter_rt_sigaction
sys_enter_rt_sigaction
sys_enter_rt_sigaction
sys_enter_rt_sigaction
sys_enter_rt_sigaction
sys_enter_rt_sigaction
sys_enter_rt_sigaction
sys_enter_rt_sigaction
sys_enter_rt_sigaction
sys_enter_rt_sigaction
sys_enter_rt_sigaction
sys_enter_rt_sigaction
sys_enter_rt_sigaction
sys_enter_rt_sigaction
sys_enter_rt_sigaction
sys_enter_rt_sigaction
sys_enter_rt_sigaction
sys_enter_rt_sigaction
sys_enter_rt_sigaction
sys_enter_rt_sigprocmask
sys_enter_clone
sys_enter_rt_sigprocmask
sys_enter_gettid
sys_enter_sigaltstack
sys_enter_sigaltstack
sys_enter_gettid
sys_enter_rt_sigprocmask
sys_enter_rt_sigprocmask
sys_enter_clone
sys_enter_rt_sigprocmask
sys_enter_gettid
sys_enter_sigaltstack
sys_enter_sigaltstack
sys_enter_rt_sigprocmask
sys_enter_clone
sys_enter_gettid
sys_enter_rt_sigprocmask
sys_enter_rt_sigprocmask
sys_enter_sched_yield
sys_enter_gettid
sys_enter_futex
sys_enter_sigaltstack
sys_enter_futex
sys_enter_sigaltstack
sys_enter_gettid
sys_enter_rt_sigprocmask
sys_enter_rt_sigprocmask
sys_enter_clone
sys_enter_futex
sys_enter_futex
sys_enter_rt_sigprocmask
sys_enter_futex
sys_enter_gettid
sys_enter_sigaltstack
sys_enter_sigaltstack
sys_enter_gettid
sys_enter_rt_sigprocmask
sys_enter_futex
sys_enter_futex
sys_enter_mmap
sys_enter_futex
sys_enter_futex
sys_enter_futex
sys_enter_openat
sys_enter_read
sys_enter_read
sys_enter_close
sys_enter_socket
sys_enter_close
sys_enter_socket
sys_enter_setsockopt
sys_enter_bind
sys_enter_socket
sys_enter_setsockopt
sys_enter_bind
sys_enter_close
sys_enter_close
sys_enter_getpid
sys_enter_getppid
sys_enter_mmap
sys_enter_mmap
sys_enter_getppid
sys_enter_openat
sys_enter_pipe2
sys_enter_getpid
sys_enter_clone
sys_enter_setsid
sys_enter_close
sys_enter_read
sys_enter_chdir
sys_enter_execve
sys_enter_close
sys_enter_exit_group
sys_enter_mmap
sys_enter_mmap
sys_enter_mprotect
sys_enter_mmap
sys_enter_mmap
sys_enter_mprotect
sys_enter_mmap
sys_enter_mprotect
sys_enter_mmap
sys_enter_mprotect
sys_enter_mmap
sys_enter_mmap
sys_enter_close
sys_enter_munmap
sys_enter_sched_getaffinity
sys_enter_mmap
sys_enter_munmap
sys_enter_mmap
sys_enter_mmap
sys_enter_mmap
sys_enter_mmap
sys_enter_mmap
sys_enter_mmap
sys_enter_rt_sigprocmask
sys_enter_sigaltstack
sys_enter_sigaltstack
sys_enter_gettid
sys_enter_rt_sigprocmask
sys_enter_rt_sigaction
sys_enter_rt_sigaction
sys_enter_rt_sigaction
sys_enter_rt_sigaction
sys_enter_rt_sigaction
sys_enter_rt_sigaction
sys_enter_rt_sigaction
sys_enter_rt_sigaction
sys_enter_rt_sigaction
sys_enter_rt_sigaction
sys_enter_rt_sigaction
sys_enter_rt_sigaction
sys_enter_rt_sigaction
sys_enter_rt_sigaction
sys_enter_rt_sigaction
sys_enter_rt_sigaction
sys_enter_rt_sigaction
sys_enter_rt_sigaction
sys_enter_rt_sigaction
sys_enter_rt_sigaction
sys_enter_rt_sigaction
sys_enter_rt_sigaction
sys_enter_rt_sigaction
sys_enter_rt_sigaction
sys_enter_rt_sigaction
sys_enter_rt_sigaction
sys_enter_rt_sigaction
sys_enter_rt_sigaction
sys_enter_rt_sigaction
sys_enter_rt_sigaction
sys_enter_rt_sigaction
sys_enter_rt_sigaction
sys_enter_rt_sigaction
sys_enter_rt_sigaction
sys_enter_rt_sigaction
sys_enter_rt_sigaction
sys_enter_rt_sigaction
sys_enter_rt_sigaction
sys_enter_rt_sigaction
sys_enter_rt_sigaction
sys_enter_rt_sigaction
sys_enter_rt_sigaction
sys_enter_rt_sigaction
sys_enter_rt_sigaction
sys_enter_rt_sigaction
sys_enter_rt_sigaction
sys_enter_rt_sigaction
sys_enter_rt_sigaction
sys_enter_rt_sigaction
sys_enter_rt_sigaction
sys_enter_rt_sigaction
sys_enter_rt_sigaction
sys_enter_rt_sigaction
sys_enter_rt_sigaction
sys_enter_rt_sigaction
sys_enter_rt_sigaction
sys_enter_rt_sigaction
sys_enter_rt_sigaction
sys_enter_rt_sigaction
sys_enter_rt_sigaction
sys_enter_rt_sigaction
sys_enter_rt_sigaction
sys_enter_rt_sigaction
sys_enter_rt_sigaction
sys_enter_rt_sigaction
sys_enter_rt_sigaction
sys_enter_rt_sigaction
sys_enter_rt_sigaction
sys_enter_rt_sigaction
sys_enter_rt_sigaction
sys_enter_rt_sigaction
sys_enter_rt_sigaction
sys_enter_rt_sigaction
sys_enter_rt_sigaction
sys_enter_rt_sigaction
sys_enter_rt_sigaction
sys_enter_rt_sigaction
sys_enter_rt_sigaction
sys_enter_rt_sigaction
sys_enter_rt_sigaction
sys_enter_rt_sigaction
sys_enter_rt_sigaction
sys_enter_rt_sigaction
sys_enter_rt_sigaction
sys_enter_rt_sigaction
sys_enter_rt_sigaction
sys_enter_rt_sigaction
sys_enter_rt_sigaction
sys_enter_rt_sigaction
sys_enter_rt_sigaction
sys_enter_rt_sigaction
sys_enter_rt_sigaction
sys_enter_rt_sigaction
sys_enter_rt_sigaction
sys_enter_rt_sigaction
sys_enter_rt_sigaction
sys_enter_rt_sigaction
sys_enter_rt_sigaction
sys_enter_rt_sigaction
sys_enter_rt_sigaction
sys_enter_rt_sigaction
sys_enter_rt_sigaction
sys_enter_rt_sigaction
sys_enter_rt_sigaction
sys_enter_rt_sigaction
sys_enter_rt_sigaction
sys_enter_rt_sigaction
sys_enter_rt_sigaction
sys_enter_rt_sigaction
sys_enter_rt_sigaction
sys_enter_rt_sigaction
sys_enter_rt_sigaction
sys_enter_rt_sigaction
sys_enter_rt_sigaction
sys_enter_rt_sigprocmask
sys_enter_clone
sys_enter_rt_sigprocmask
sys_enter_gettid
sys_enter_sigaltstack
sys_enter_sigaltstack
sys_enter_gettid
sys_enter_rt_sigprocmask
sys_enter_rt_sigprocmask
sys_enter_clone
sys_enter_rt_sigprocmask
sys_enter_gettid
sys_enter_sigaltstack
sys_enter_sigaltstack
sys_enter_gettid
sys_enter_rt_sigprocmask
sys_enter_rt_sigprocmask
sys_enter_clone
sys_enter_rt_sigprocmask
sys_enter_futex
sys_enter_rt_sigprocmask
sys_enter_clone
sys_enter_rt_sigprocmask
sys_enter_gettid
sys_enter_sigaltstack
sys_enter_sigaltstack
sys_enter_gettid
sys_enter_rt_sigprocmask
sys_enter_futex
sys_enter_futex
sys_enter_futex
sys_enter_gettid
sys_enter_sigaltstack
sys_enter_sigaltstack
sys_enter_gettid
sys_enter_rt_sigprocmask
sys_enter_futex
sys_enter_futex
sys_enter_mmap
sys_enter_futex
sys_enter_futex
sys_enter_futex
sys_enter_openat
sys_enter_read
sys_enter_read
sys_enter_close
sys_enter_socket
sys_enter_close
sys_enter_socket
sys_enter_setsockopt
sys_enter_bind
sys_enter_socket
sys_enter_setsockopt
sys_enter_bind
sys_enter_close
sys_enter_close
sys_enter_getpid
sys_enter_getppid
sys_enter_mmap
sys_enter_mmap
sys_enter_getppid
sys_enter_openat
sys_enter_pipe2
sys_enter_getpid
sys_enter_clone
sys_enter_setsid
sys_enter_close
sys_enter_read
sys_enter_chdir
sys_enter_execve
sys_enter_close
sys_enter_mmap
sys_enter_exit_group
sys_enter_mmap
sys_enter_mprotect
sys_enter_mmap
sys_enter_mmap
sys_enter_mprotect
sys_enter_mmap
sys_enter_mprotect
sys_enter_mmap
sys_enter_mprotect
sys_enter_mmap
sys_enter_mmap
sys_enter_close
sys_enter_munmap
sys_enter_sched_getaffinity
sys_enter_mmap
sys_enter_munmap
sys_enter_mmap
sys_enter_mmap
sys_enter_mmap
sys_enter_mmap
sys_enter_mmap
sys_enter_mmap
sys_enter_rt_sigprocmask
sys_enter_sigaltstack
sys_enter_sigaltstack
sys_enter_gettid
sys_enter_rt_sigprocmask
sys_enter_rt_sigaction
sys_enter_rt_sigaction
sys_enter_rt_sigaction
sys_enter_rt_sigaction
sys_enter_rt_sigaction
sys_enter_rt_sigaction
sys_enter_rt_sigaction
sys_enter_rt_sigaction
sys_enter_rt_sigaction
sys_enter_rt_sigaction
sys_enter_rt_sigaction
sys_enter_rt_sigaction
sys_enter_rt_sigaction
sys_enter_rt_sigaction
sys_enter_rt_sigaction
sys_enter_rt_sigaction
sys_enter_rt_sigaction
sys_enter_rt_sigaction
sys_enter_rt_sigaction
sys_enter_rt_sigaction
sys_enter_rt_sigaction
sys_enter_rt_sigaction
sys_enter_rt_sigaction
sys_enter_rt_sigaction
sys_enter_rt_sigaction
sys_enter_rt_sigaction
sys_enter_rt_sigaction
sys_enter_rt_sigaction
sys_enter_rt_sigaction
sys_enter_rt_sigaction
sys_enter_rt_sigaction
sys_enter_rt_sigaction
sys_enter_rt_sigaction
sys_enter_rt_sigaction
sys_enter_rt_sigaction
sys_enter_rt_sigaction
sys_enter_rt_sigaction
sys_enter_rt_sigaction
sys_enter_rt_sigaction
sys_enter_rt_sigaction
sys_enter_rt_sigaction
sys_enter_rt_sigaction
sys_enter_rt_sigaction
sys_enter_rt_sigaction
sys_enter_rt_sigaction
sys_enter_rt_sigaction
sys_enter_rt_sigaction
sys_enter_rt_sigaction
sys_enter_rt_sigaction
sys_enter_rt_sigaction
sys_enter_rt_sigaction
sys_enter_rt_sigaction
sys_enter_rt_sigaction
sys_enter_rt_sigaction
sys_enter_rt_sigaction
sys_enter_rt_sigaction
sys_enter_rt_sigaction
sys_enter_rt_sigaction
sys_enter_rt_sigaction
sys_enter_rt_sigaction
sys_enter_rt_sigaction
sys_enter_rt_sigaction
sys_enter_rt_sigaction
sys_enter_rt_sigaction
sys_enter_rt_sigaction
sys_enter_rt_sigaction
sys_enter_rt_sigaction
sys_enter_rt_sigaction
sys_enter_rt_sigaction
sys_enter_rt_sigaction
sys_enter_rt_sigaction
sys_enter_rt_sigaction
sys_enter_rt_sigaction
sys_enter_rt_sigaction
sys_enter_rt_sigaction
sys_enter_rt_sigaction
sys_enter_rt_sigaction
sys_enter_rt_sigaction
sys_enter_rt_sigaction
sys_enter_rt_sigaction
sys_enter_rt_sigaction
sys_enter_rt_sigaction
sys_enter_rt_sigaction
sys_enter_rt_sigaction
sys_enter_rt_sigaction
sys_enter_rt_sigaction
sys_enter_rt_sigaction
sys_enter_rt_sigaction
sys_enter_rt_sigaction
sys_enter_rt_sigaction
sys_enter_rt_sigaction
sys_enter_rt_sigaction
sys_enter_rt_sigaction
sys_enter_rt_sigaction
sys_enter_rt_sigaction
sys_enter_rt_sigaction
sys_enter_rt_sigaction
sys_enter_rt_sigaction
sys_enter_rt_sigaction
sys_enter_rt_sigaction
sys_enter_rt_sigaction
sys_enter_rt_sigaction
sys_enter_rt_sigaction
sys_enter_rt_sigaction
sys_enter_rt_sigaction
sys_enter_rt_sigaction
sys_enter_rt_sigaction
sys_enter_rt_sigaction
sys_enter_rt_sigaction
sys_enter_rt_sigaction
sys_enter_rt_sigaction
sys_enter_rt_sigaction
sys_enter_rt_sigaction
sys_enter_rt_sigaction
sys_enter_rt_sigprocmask
sys_enter_clone
sys_enter_rt_sigprocmask
sys_enter_gettid
sys_enter_sigaltstack
sys_enter_sigaltstack
sys_enter_gettid
sys_enter_rt_sigprocmask
sys_enter_rt_sigprocmask
sys_enter_clone
sys_enter_rt_sigprocmask
sys_enter_gettid
sys_enter_sigaltstack
sys_enter_sigaltstack
sys_enter_rt_sigprocmask
sys_enter_gettid
sys_enter_clone
sys_enter_rt_sigprocmask
sys_enter_rt_sigprocmask
sys_enter_sched_yield
sys_enter_futex
sys_enter_futex
sys_enter_gettid
sys_enter_sigaltstack
sys_enter_sigaltstack
sys_enter_gettid
sys_enter_rt_sigprocmask
sys_enter_futex
sys_enter_futex
sys_enter_gettid
sys_enter_sigaltstack
sys_enter_rt_sigprocmask
sys_enter_clone
sys_enter_rt_sigprocmask
sys_enter_futex
sys_enter_sigaltstack
sys_enter_gettid
sys_enter_rt_sigprocmask
sys_enter_futex
sys_enter_futex
sys_enter_mmap
sys_enter_futex
sys_enter_futex
sys_enter_futex
sys_enter_openat
sys_enter_read
sys_enter_read
sys_enter_close
sys_enter_socket
sys_enter_close
sys_enter_socket
sys_enter_setsockopt
sys_enter_bind
sys_enter_socket
sys_enter_setsockopt
sys_enter_bind
sys_enter_close
sys_enter_close
sys_enter_getpid
sys_enter_getppid
sys_enter_mmap
sys_enter_mmap
sys_enter_getppid
sys_enter_openat
sys_enter_pipe2
sys_enter_getpid
sys_enter_clone
sys_enter_setsid
sys_enter_close
sys_enter_read
sys_enter_chdir
sys_enter_execve
sys_enter_close
sys_enter_mmap
sys_enter_exit_group
sys_enter_mmap
sys_enter_mprotect
sys_enter_mmap
sys_enter_mmap
sys_enter_mprotect
sys_enter_mmap
sys_enter_mprotect
sys_enter_mmap
sys_enter_mprotect
sys_enter_mmap
sys_enter_mmap
sys_enter_close
sys_enter_munmap
sys_enter_sched_getaffinity
sys_enter_mmap
sys_enter_munmap
sys_enter_mmap
sys_enter_mmap
sys_enter_mmap
sys_enter_mmap
sys_enter_mmap
sys_enter_mmap
sys_enter_rt_sigprocmask
sys_enter_sigaltstack
sys_enter_sigaltstack
sys_enter_gettid
sys_enter_rt_sigprocmask
sys_enter_rt_sigaction
sys_enter_rt_sigaction
sys_enter_rt_sigaction
sys_enter_rt_sigaction
sys_enter_rt_sigaction
sys_enter_rt_sigaction
sys_enter_rt_sigaction
sys_enter_rt_sigaction
sys_enter_rt_sigaction
sys_enter_rt_sigaction
sys_enter_rt_sigaction
sys_enter_rt_sigaction
sys_enter_rt_sigaction
sys_enter_rt_sigaction
sys_enter_rt_sigaction
sys_enter_rt_sigaction
sys_enter_rt_sigaction
sys_enter_rt_sigaction
sys_enter_rt_sigaction
sys_enter_rt_sigaction
sys_enter_rt_sigaction
sys_enter_rt_sigaction
sys_enter_rt_sigaction
sys_enter_rt_sigaction
sys_enter_rt_sigaction
sys_enter_rt_sigaction
sys_enter_rt_sigaction
sys_enter_rt_sigaction
sys_enter_rt_sigaction
sys_enter_rt_sigaction
sys_enter_rt_sigaction
sys_enter_rt_sigaction
sys_enter_rt_sigaction
sys_enter_rt_sigaction
sys_enter_rt_sigaction
sys_enter_rt_sigaction
sys_enter_rt_sigaction
sys_enter_rt_sigaction
sys_enter_rt_sigaction
sys_enter_rt_sigaction
sys_enter_rt_sigaction
sys_enter_rt_sigaction
sys_enter_rt_sigaction
sys_enter_rt_sigaction
sys_enter_rt_sigaction
sys_enter_rt_sigaction
sys_enter_rt_sigaction
sys_enter_rt_sigaction
sys_enter_rt_sigaction
sys_enter_rt_sigaction
sys_enter_rt_sigaction
sys_enter_rt_sigaction
sys_enter_rt_sigaction
sys_enter_rt_sigaction
sys_enter_rt_sigaction
sys_enter_rt_sigaction
sys_enter_rt_sigaction
sys_enter_rt_sigaction
sys_enter_rt_sigaction
sys_enter_rt_sigaction
sys_enter_rt_sigaction
sys_enter_rt_sigaction
sys_enter_rt_sigaction
sys_enter_rt_sigaction
sys_enter_rt_sigaction
sys_enter_rt_sigaction
sys_enter_rt_sigaction
sys_enter_rt_sigaction
sys_enter_rt_sigaction
sys_enter_rt_sigaction
sys_enter_rt_sigaction
sys_enter_rt_sigaction
sys_enter_rt_sigaction
sys_enter_rt_sigaction
sys_enter_rt_sigaction
sys_enter_rt_sigaction
sys_enter_rt_sigaction
sys_enter_rt_sigaction
sys_enter_rt_sigaction
sys_enter_rt_sigaction
sys_enter_rt_sigaction
sys_enter_rt_sigaction
sys_enter_rt_sigaction
sys_enter_rt_sigaction
sys_enter_rt_sigaction
sys_enter_rt_sigaction
sys_enter_rt_sigaction
sys_enter_rt_sigaction
sys_enter_rt_sigaction
sys_enter_rt_sigaction
sys_enter_rt_sigaction
sys_enter_rt_sigaction
sys_enter_rt_sigaction
sys_enter_rt_sigaction
sys_enter_rt_sigaction
sys_enter_rt_sigaction
sys_enter_rt_sigaction
sys_enter_rt_sigaction
sys_enter_rt_sigaction
sys_enter_rt_sigaction
sys_enter_rt_sigaction
sys_enter_rt_sigaction
sys_enter_rt_sigaction
sys_enter_rt_sigaction
sys_enter_rt_sigaction
sys_enter_rt_sigaction
sys_enter_rt_sigaction
sys_enter_rt_sigaction
sys_enter_rt_sigaction
sys_enter_rt_sigaction
sys_enter_rt_sigaction
sys_enter_rt_sigaction
sys_enter_rt_sigaction
sys_enter_rt_sigaction
sys_enter_rt_sigprocmask
sys_enter_clone
sys_enter_rt_sigprocmask
sys_enter_gettid
sys_enter_sigaltstack
sys_enter_sigaltstack
sys_enter_gettid
sys_enter_rt_sigprocmask
sys_enter_rt_sigprocmask
sys_enter_clone
sys_enter_rt_sigprocmask
sys_enter_gettid
sys_enter_sigaltstack
sys_enter_sigaltstack
sys_enter_gettid
sys_enter_rt_sigprocmask
sys_enter_rt_sigprocmask
sys_enter_clone
sys_enter_rt_sigprocmask
sys_enter_futex
sys_enter_rt_sigprocmask
sys_enter_clone
sys_enter_gettid
sys_enter_sigaltstack
sys_enter_sigaltstack
sys_enter_rt_sigprocmask
sys_enter_gettid
sys_enter_rt_sigprocmask
sys_enter_futex
sys_enter_gettid
sys_enter_sigaltstack
sys_enter_sigaltstack
sys_enter_gettid
sys_enter_rt_sigprocmask
sys_enter_futex
sys_enter_futex
sys_enter_futex
sys_enter_futex
sys_enter_mmap
sys_enter_futex
sys_enter_futex
sys_enter_futex
sys_enter_openat
sys_enter_futex
sys_enter_futex
sys_enter_read
sys_enter_read
sys_enter_close
sys_enter_socket
sys_enter_close
sys_enter_socket
sys_enter_setsockopt
sys_enter_bind
sys_enter_socket
sys_enter_setsockopt
sys_enter_bind
sys_enter_close
sys_enter_close
sys_enter_getpid
sys_enter_getppid
sys_enter_mmap
sys_enter_mmap
sys_enter_getppid
sys_enter_openat
sys_enter_pipe2
sys_enter_getpid
sys_enter_clone
sys_enter_setsid
sys_enter_close
sys_enter_read
sys_enter_chdir
sys_enter_execve
sys_enter_close
sys_enter_exit_group
sys_enter_mmap
sys_enter_mmap
sys_enter_mprotect
sys_enter_mmap
sys_enter_mmap
sys_enter_mprotect
sys_enter_mmap
sys_enter_mprotect
sys_enter_mmap
sys_enter_mprotect
sys_enter_mmap
sys_enter_mmap
sys_enter_close
sys_enter_munmap
sys_enter_sched_getaffinity
sys_enter_mmap
sys_enter_munmap
sys_enter_mmap
sys_enter_mmap
sys_enter_mmap
sys_enter_mmap
sys_enter_mmap
sys_enter_mmap
sys_enter_rt_sigprocmask
sys_enter_sigaltstack
sys_enter_sigaltstack
sys_enter_gettid
sys_enter_rt_sigprocmask
sys_enter_rt_sigaction
sys_enter_rt_sigaction
sys_enter_rt_sigaction
sys_enter_rt_sigaction
sys_enter_rt_sigaction
sys_enter_rt_sigaction
sys_enter_rt_sigaction
sys_enter_rt_sigaction
sys_enter_rt_sigaction
sys_enter_rt_sigaction
sys_enter_rt_sigaction
sys_enter_rt_sigaction
sys_enter_rt_sigaction
sys_enter_rt_sigaction
sys_enter_rt_sigaction
sys_enter_rt_sigaction
sys_enter_rt_sigaction
sys_enter_rt_sigaction
sys_enter_rt_sigaction
sys_enter_rt_sigaction
sys_enter_rt_sigaction
sys_enter_rt_sigaction
sys_enter_rt_sigaction
sys_enter_rt_sigaction
sys_enter_rt_sigaction
sys_enter_rt_sigaction
sys_enter_rt_sigaction
sys_enter_rt_sigaction
sys_enter_rt_sigaction
sys_enter_rt_sigaction
sys_enter_rt_sigaction
sys_enter_rt_sigaction
sys_enter_rt_sigaction
sys_enter_rt_sigaction
sys_enter_rt_sigaction
sys_enter_rt_sigaction
sys_enter_rt_sigaction
sys_enter_rt_sigaction
sys_enter_rt_sigaction
sys_enter_rt_sigaction
sys_enter_rt_sigaction
sys_enter_rt_sigaction
sys_enter_rt_sigaction
sys_enter_rt_sigaction
sys_enter_rt_sigaction
sys_enter_rt_sigaction
sys_enter_rt_sigaction
sys_enter_rt_sigaction
sys_enter_rt_sigaction
sys_enter_rt_sigaction
sys_enter_rt_sigaction
sys_enter_rt_sigaction
sys_enter_rt_sigaction
sys_enter_rt_sigaction
sys_enter_rt_sigaction
sys_enter_rt_sigaction
sys_enter_rt_sigaction
sys_enter_rt_sigaction
sys_enter_rt_sigaction
sys_enter_rt_sigaction
sys_enter_rt_sigaction
sys_enter_rt_sigaction
sys_enter_rt_sigaction
sys_enter_rt_sigaction
sys_enter_rt_sigaction
sys_enter_rt_sigaction
sys_enter_rt_sigaction
sys_enter_rt_sigaction
sys_enter_rt_sigaction
sys_enter_rt_sigaction
sys_enter_rt_sigaction
sys_enter_rt_sigaction
sys_enter_rt_sigaction
sys_enter_rt_sigaction
sys_enter_rt_sigaction
sys_enter_rt_sigaction
sys_enter_rt_sigaction
sys_enter_rt_sigaction
sys_enter_rt_sigaction
sys_enter_rt_sigaction
sys_enter_rt_sigaction
sys_enter_rt_sigaction
sys_enter_rt_sigaction
sys_enter_rt_sigaction
sys_enter_rt_sigaction
sys_enter_rt_sigaction
sys_enter_rt_sigaction
sys_enter_rt_sigaction
sys_enter_rt_sigaction
sys_enter_rt_sigaction
sys_enter_rt_sigaction
sys_enter_rt_sigaction
sys_enter_rt_sigaction
sys_enter_rt_sigaction
sys_enter_rt_sigaction
sys_enter_rt_sigaction
sys_enter_rt_sigaction
sys_enter_rt_sigaction
sys_enter_rt_sigaction
sys_enter_rt_sigaction
sys_enter_rt_sigaction
sys_enter_rt_sigaction
sys_enter_rt_sigaction
sys_enter_rt_sigaction
sys_enter_rt_sigaction
sys_enter_rt_sigaction
sys_enter_rt_sigaction
sys_enter_rt_sigaction
sys_enter_rt_sigaction
sys_enter_rt_sigaction
sys_enter_rt_sigaction
sys_enter_rt_sigaction
sys_enter_rt_sigaction
sys_enter_rt_sigaction
sys_enter_rt_sigprocmask
sys_enter_clone
sys_enter_rt_sigprocmask
sys_enter_gettid
sys_enter_sigaltstack
sys_enter_sigaltstack
sys_enter_gettid
sys_enter_rt_sigprocmask
sys_enter_rt_sigprocmask
sys_enter_clone
sys_enter_rt_sigprocmask
sys_enter_gettid
sys_enter_sigaltstack
sys_enter_sigaltstack
sys_enter_gettid
sys_enter_rt_sigprocmask
sys_enter_rt_sigprocmask
sys_enter_clone
sys_enter_rt_sigprocmask
sys_enter_futex
sys_enter_gettid
sys_enter_sigaltstack
sys_enter_sigaltstack
sys_enter_gettid
sys_enter_rt_sigprocmask
sys_enter_futex
sys_enter_futex
sys_enter_rt_sigprocmask
sys_enter_clone
sys_enter_rt_sigprocmask
sys_enter_futex
sys_enter_gettid
sys_enter_sigaltstack
sys_enter_sigaltstack
sys_enter_gettid
sys_enter_rt_sigprocmask
sys_enter_futex
sys_enter_futex
sys_enter_mmap
sys_enter_futex
sys_enter_futex
sys_enter_futex
sys_enter_openat
sys_enter_read
sys_enter_read
sys_enter_close
sys_enter_socket
sys_enter_close
sys_enter_socket
sys_enter_setsockopt
sys_enter_bind
sys_enter_socket
sys_enter_setsockopt
sys_enter_bind
sys_enter_close
sys_enter_close
sys_enter_getpid
sys_enter_getppid
sys_enter_mmap
sys_enter_mmap
sys_enter_getppid
sys_enter_openat
sys_enter_pipe2
sys_enter_getpid
sys_enter_clone
sys_enter_setsid
sys_enter_close
sys_enter_read
sys_enter_chdir
sys_enter_execve
sys_enter_close
sys_enter_exit_group
sys_enter_mmap
sys_enter_mmap
sys_enter_mprotect
sys_enter_mmap
sys_enter_mmap
sys_enter_mprotect
sys_enter_mmap
sys_enter_mprotect
sys_enter_mmap
sys_enter_mprotect
sys_enter_mmap
sys_enter_mmap
sys_enter_close
sys_enter_munmap
sys_enter_sched_getaffinity
sys_enter_mmap
sys_enter_munmap
sys_enter_mmap
sys_enter_mmap
sys_enter_mmap
sys_enter_mmap
sys_enter_mmap
sys_enter_mmap
sys_enter_rt_sigprocmask
sys_enter_sigaltstack
sys_enter_sigaltstack
sys_enter_gettid
sys_enter_rt_sigprocmask
sys_enter_rt_sigaction
sys_enter_rt_sigaction
sys_enter_rt_sigaction
sys_enter_rt_sigaction
sys_enter_rt_sigaction
sys_enter_rt_sigaction
sys_enter_rt_sigaction
sys_enter_rt_sigaction
sys_enter_rt_sigaction
sys_enter_rt_sigaction
sys_enter_rt_sigaction
sys_enter_rt_sigaction
sys_enter_rt_sigaction
sys_enter_rt_sigaction
sys_enter_rt_sigaction
sys_enter_rt_sigaction
sys_enter_rt_sigaction
sys_enter_rt_sigaction
sys_enter_rt_sigaction
sys_enter_rt_sigaction
sys_enter_rt_sigaction
sys_enter_rt_sigaction
sys_enter_rt_sigaction
sys_enter_rt_sigaction
sys_enter_rt_sigaction
sys_enter_rt_sigaction
sys_enter_rt_sigaction
sys_enter_rt_sigaction
sys_enter_rt_sigaction
sys_enter_rt_sigaction
sys_enter_rt_sigaction
sys_enter_rt_sigaction
sys_enter_rt_sigaction
sys_enter_rt_sigaction
sys_enter_rt_sigaction
sys_enter_rt_sigaction
sys_enter_rt_sigaction
sys_enter_rt_sigaction
sys_enter_rt_sigaction
sys_enter_rt_sigaction
sys_enter_rt_sigaction
sys_enter_rt_sigaction
sys_enter_rt_sigaction
sys_enter_rt_sigaction
sys_enter_rt_sigaction
sys_enter_rt_sigaction
sys_enter_rt_sigaction
sys_enter_rt_sigaction
sys_enter_rt_sigaction
sys_enter_rt_sigaction
sys_enter_rt_sigaction
sys_enter_rt_sigaction
sys_enter_rt_sigaction
sys_enter_rt_sigaction
sys_enter_rt_sigaction
sys_enter_rt_sigaction
sys_enter_rt_sigaction
sys_enter_rt_sigaction
sys_enter_rt_sigaction
sys_enter_rt_sigaction
sys_enter_rt_sigaction
sys_enter_rt_sigaction
sys_enter_rt_sigaction
sys_enter_rt_sigaction
sys_enter_rt_sigaction
sys_enter_rt_sigaction
sys_enter_rt_sigaction
sys_enter_rt_sigaction
sys_enter_rt_sigaction
sys_enter_rt_sigaction
sys_enter_rt_sigaction
sys_enter_rt_sigaction
sys_enter_rt_sigaction
sys_enter_rt_sigaction
sys_enter_rt_sigaction
sys_enter_rt_sigaction
sys_enter_rt_sigaction
sys_enter_rt_sigaction
sys_enter_rt_sigaction
sys_enter_rt_sigaction
sys_enter_rt_sigaction
sys_enter_rt_sigaction
sys_enter_rt_sigaction
sys_enter_rt_sigaction
sys_enter_rt_sigaction
sys_enter_rt_sigaction
sys_enter_rt_sigaction
sys_enter_rt_sigaction
sys_enter_rt_sigaction
sys_enter_rt_sigaction
sys_enter_rt_sigaction
sys_enter_rt_sigaction
sys_enter_rt_sigaction
sys_enter_rt_sigaction
sys_enter_rt_sigaction
sys_enter_rt_sigaction
sys_enter_rt_sigaction
sys_enter_rt_sigaction
sys_enter_rt_sigaction
sys_enter_rt_sigaction
sys_enter_rt_sigaction
sys_enter_rt_sigaction
sys_enter_rt_sigaction
sys_enter_rt_sigaction
sys_enter_rt_sigaction
sys_enter_rt_sigaction
sys_enter_rt_sigaction
sys_enter_rt_sigaction
sys_enter_rt_sigaction
sys_enter_rt_sigaction
sys_enter_rt_sigaction
sys_enter_rt_sigaction
sys_enter_rt_sigaction
sys_enter_rt_sigaction
sys_enter_rt_sigprocmask
sys_enter_clone
sys_enter_rt_sigprocmask
sys_enter_gettid
sys_enter_sigaltstack
sys_enter_sigaltstack
sys_enter_gettid
sys_enter_rt_sigprocmask
sys_enter_rt_sigprocmask
sys_enter_clone
sys_enter_rt_sigprocmask
sys_enter_gettid
sys_enter_sigaltstack
sys_enter_sigaltstack
sys_enter_gettid
sys_enter_rt_sigprocmask
sys_enter_clone
sys_enter_rt_sigprocmask
sys_enter_rt_sigprocmask
sys_enter_sched_yield
sys_enter_futex
sys_enter_futex
sys_enter_rt_sigprocmask
sys_enter_clone
sys_enter_gettid
sys_enter_sigaltstack
sys_enter_sigaltstack
sys_enter_gettid
sys_enter_rt_sigprocmask
sys_enter_rt_sigprocmask
sys_enter_futex
sys_enter_gettid
sys_enter_futex
sys_enter_sigaltstack
sys_enter_sigaltstack
sys_enter_gettid
sys_enter_rt_sigprocmask
sys_enter_futex
sys_enter_futex
sys_enter_futex
sys_enter_mmap
sys_enter_futex
sys_enter_futex
sys_enter_futex
sys_enter_openat
sys_enter_read
sys_enter_read
sys_enter_close
sys_enter_socket
sys_enter_close
sys_enter_socket
sys_enter_setsockopt
sys_enter_bind
sys_enter_socket
sys_enter_setsockopt
sys_enter_bind
sys_enter_close
sys_enter_close
sys_enter_getpid
sys_enter_getppid
sys_enter_mmap
sys_enter_mmap
sys_enter_getppid
sys_enter_openat
sys_enter_pipe2
sys_enter_getpid
sys_enter_clone
sys_enter_setsid
sys_enter_chdir
sys_enter_close
sys_enter_read
sys_enter_execve
sys_enter_close
sys_enter_exit_group
sys_enter_mmap
sys_enter_mmap
sys_enter_mprotect
sys_enter_mmap
sys_enter_mmap
sys_enter_mprotect
sys_enter_mmap
sys_enter_mprotect
sys_enter_mmap
sys_enter_mprotect
sys_enter_mmap
sys_enter_mmap
sys_enter_close
sys_enter_munmap
sys_enter_sched_getaffinity
sys_enter_mmap
sys_enter_munmap
sys_enter_mmap
sys_enter_mmap
sys_enter_mmap
sys_enter_mmap
sys_enter_mmap
sys_enter_mmap
sys_enter_rt_sigprocmask
sys_enter_sigaltstack
sys_enter_sigaltstack
sys_enter_gettid
sys_enter_rt_sigprocmask
sys_enter_rt_sigaction
sys_enter_rt_sigaction
sys_enter_rt_sigaction
sys_enter_rt_sigaction
sys_enter_rt_sigaction
sys_enter_rt_sigaction
sys_enter_rt_sigaction
sys_enter_rt_sigaction
sys_enter_rt_sigaction
sys_enter_rt_sigaction
sys_enter_rt_sigaction
sys_enter_rt_sigaction
sys_enter_rt_sigaction
sys_enter_rt_sigaction
sys_enter_rt_sigaction
sys_enter_rt_sigaction
sys_enter_rt_sigaction
sys_enter_rt_sigaction
sys_enter_rt_sigaction
sys_enter_rt_sigaction
sys_enter_rt_sigaction
sys_enter_rt_sigaction
sys_enter_rt_sigaction
sys_enter_rt_sigaction
sys_enter_rt_sigaction
sys_enter_rt_sigaction
sys_enter_rt_sigaction
sys_enter_rt_sigaction
sys_enter_rt_sigaction
sys_enter_rt_sigaction
sys_enter_rt_sigaction
sys_enter_rt_sigaction
sys_enter_rt_sigaction
sys_enter_rt_sigaction
sys_enter_rt_sigaction
sys_enter_rt_sigaction
sys_enter_rt_sigaction
sys_enter_rt_sigaction
sys_enter_rt_sigaction
sys_enter_rt_sigaction
sys_enter_rt_sigaction
sys_enter_rt_sigaction
sys_enter_rt_sigaction
sys_enter_rt_sigaction
sys_enter_rt_sigaction
sys_enter_rt_sigaction
sys_enter_rt_sigaction
sys_enter_rt_sigaction
sys_enter_rt_sigaction
sys_enter_rt_sigaction
sys_enter_rt_sigaction
sys_enter_rt_sigaction
sys_enter_rt_sigaction
sys_enter_rt_sigaction
sys_enter_rt_sigaction
sys_enter_rt_sigaction
sys_enter_rt_sigaction
sys_enter_rt_sigaction
sys_enter_rt_sigaction
sys_enter_rt_sigaction
sys_enter_rt_sigaction
sys_enter_rt_sigaction
sys_enter_rt_sigaction
sys_enter_rt_sigaction
sys_enter_rt_sigaction
sys_enter_rt_sigaction
sys_enter_rt_sigaction
sys_enter_rt_sigaction
sys_enter_rt_sigaction
sys_enter_rt_sigaction
sys_enter_rt_sigaction
sys_enter_rt_sigaction
sys_enter_rt_sigaction
sys_enter_rt_sigaction
sys_enter_rt_sigaction
sys_enter_rt_sigaction
sys_enter_rt_sigaction
sys_enter_rt_sigaction
sys_enter_rt_sigaction
sys_enter_rt_sigaction
sys_enter_rt_sigaction
sys_enter_rt_sigaction
sys_enter_rt_sigaction
sys_enter_rt_sigaction
sys_enter_rt_sigaction
sys_enter_rt_sigaction
sys_enter_rt_sigaction
sys_enter_rt_sigaction
sys_enter_rt_sigaction
sys_enter_rt_sigaction
sys_enter_rt_sigaction
sys_enter_rt_sigaction
sys_enter_rt_sigaction
sys_enter_rt_sigaction
sys_enter_rt_sigaction
sys_enter_rt_sigaction
sys_enter_rt_sigaction
sys_enter_rt_sigaction
sys_enter_rt_sigaction
sys_enter_rt_sigaction
sys_enter_rt_sigaction
sys_enter_rt_sigaction
sys_enter_rt_sigaction
sys_enter_rt_sigaction
sys_enter_rt_sigaction
sys_enter_rt_sigaction
sys_enter_rt_sigaction
sys_enter_rt_sigaction
sys_enter_rt_sigaction
sys_enter_rt_sigaction
sys_enter_rt_sigaction
sys_enter_rt_sigaction
sys_enter_rt_sigaction
sys_enter_rt_sigaction
sys_enter_rt_sigprocmask
sys_enter_clone
sys_enter_rt_sigprocmask
sys_enter_gettid
sys_enter_sigaltstack
sys_enter_sigaltstack
sys_enter_gettid
sys_enter_rt_sigprocmask
sys_enter_rt_sigprocmask
sys_enter_clone
sys_enter_rt_sigprocmask
sys_enter_gettid
sys_enter_sigaltstack
sys_enter_sigaltstack
sys_enter_gettid
sys_enter_rt_sigprocmask
sys_enter_rt_sigprocmask
sys_enter_clone
sys_enter_rt_sigprocmask
sys_enter_futex
sys_enter_rt_sigprocmask
sys_enter_clone
sys_enter_gettid
sys_enter_rt_sigprocmask
sys_enter_sigaltstack
sys_enter_sigaltstack
sys_enter_gettid
sys_enter_gettid
sys_enter_rt_sigprocmask
sys_enter_futex
sys_enter_sigaltstack
sys_enter_sigaltstack
sys_enter_gettid
sys_enter_futex
sys_enter_rt_sigprocmask
sys_enter_futex
sys_enter_futex
sys_enter_futex
sys_enter_mmap
sys_enter_futex
sys_enter_futex
sys_enter_futex
sys_enter_openat
sys_enter_read
sys_enter_read
sys_enter_close
sys_enter_socket
sys_enter_close
sys_enter_socket
sys_enter_setsockopt
sys_enter_bind
sys_enter_socket
sys_enter_setsockopt
sys_enter_bind
sys_enter_close
sys_enter_close
sys_enter_getpid
sys_enter_getppid
sys_enter_mmap
sys_enter_mmap
sys_enter_getppid
sys_enter_openat
sys_enter_pipe2
sys_enter_getpid
sys_enter_clone
sys_enter_setsid
sys_enter_close
sys_enter_read
sys_enter_chdir
sys_enter_execve
sys_enter_close
sys_enter_exit_group
sys_enter_mmap
sys_enter_mmap
sys_enter_mprotect
sys_enter_mmap
sys_enter_mmap
sys_enter_mprotect
sys_enter_mmap
sys_enter_mprotect
sys_enter_mmap
sys_enter_mprotect
sys_enter_mmap
sys_enter_mmap
sys_enter_close
sys_enter_munmap
sys_enter_sched_getaffinity
sys_enter_mmap
sys_enter_munmap
sys_enter_mmap
sys_enter_mmap
sys_enter_mmap
sys_enter_mmap
sys_enter_mmap
sys_enter_mmap
sys_enter_rt_sigprocmask
sys_enter_sigaltstack
sys_enter_sigaltstack
sys_enter_gettid
sys_enter_rt_sigprocmask
sys_enter_rt_sigaction
sys_enter_rt_sigaction
sys_enter_rt_sigaction
sys_enter_rt_sigaction
sys_enter_rt_sigaction
sys_enter_rt_sigaction
sys_enter_rt_sigaction
sys_enter_rt_sigaction
sys_enter_rt_sigaction
sys_enter_rt_sigaction
sys_enter_rt_sigaction
sys_enter_rt_sigaction
sys_enter_rt_sigaction
sys_enter_rt_sigaction
sys_enter_rt_sigaction
sys_enter_rt_sigaction
sys_enter_rt_sigaction
sys_enter_rt_sigaction
sys_enter_rt_sigaction
sys_enter_rt_sigaction
sys_enter_rt_sigaction
sys_enter_rt_sigaction
sys_enter_rt_sigaction
sys_enter_rt_sigaction
sys_enter_rt_sigaction
sys_enter_rt_sigaction
sys_enter_rt_sigaction
sys_enter_rt_sigaction
sys_enter_rt_sigaction
sys_enter_rt_sigaction
sys_enter_rt_sigaction
sys_enter_rt_sigaction
sys_enter_rt_sigaction
sys_enter_rt_sigaction
sys_enter_rt_sigaction
sys_enter_rt_sigaction
sys_enter_rt_sigaction
sys_enter_rt_sigaction
sys_enter_rt_sigaction
sys_enter_rt_sigaction
sys_enter_rt_sigaction
sys_enter_rt_sigaction
sys_enter_rt_sigaction
sys_enter_rt_sigaction
sys_enter_rt_sigaction
sys_enter_rt_sigaction
sys_enter_rt_sigaction
sys_enter_rt_sigaction
sys_enter_rt_sigaction
sys_enter_rt_sigaction
sys_enter_rt_sigaction
sys_enter_rt_sigaction
sys_enter_rt_sigaction
sys_enter_rt_sigaction
sys_enter_rt_sigaction
sys_enter_rt_sigaction
sys_enter_rt_sigaction
sys_enter_rt_sigaction
sys_enter_rt_sigaction
sys_enter_rt_sigaction
sys_enter_rt_sigaction
sys_enter_rt_sigaction
sys_enter_rt_sigaction
sys_enter_rt_sigaction
sys_enter_rt_sigaction
sys_enter_rt_sigaction
sys_enter_rt_sigaction
sys_enter_rt_sigaction
sys_enter_rt_sigaction
sys_enter_rt_sigaction
sys_enter_rt_sigaction
sys_enter_rt_sigaction
sys_enter_rt_sigaction
sys_enter_rt_sigaction
sys_enter_rt_sigaction
sys_enter_rt_sigaction
sys_enter_rt_sigaction
sys_enter_rt_sigaction
sys_enter_rt_sigaction
sys_enter_rt_sigaction
sys_enter_rt_sigaction
sys_enter_rt_sigaction
sys_enter_rt_sigaction
sys_enter_rt_sigaction
sys_enter_rt_sigaction
sys_enter_rt_sigaction
sys_enter_rt_sigaction
sys_enter_rt_sigaction
sys_enter_rt_sigaction
sys_enter_rt_sigaction
sys_enter_rt_sigaction
sys_enter_rt_sigaction
sys_enter_rt_sigaction
sys_enter_rt_sigaction
sys_enter_rt_sigaction
sys_enter_rt_sigaction
sys_enter_rt_sigaction
sys_enter_rt_sigaction
sys_enter_rt_sigaction
sys_enter_rt_sigaction
sys_enter_rt_sigaction
sys_enter_rt_sigaction
sys_enter_rt_sigaction
sys_enter_rt_sigaction
sys_enter_rt_sigaction
sys_enter_rt_sigaction
sys_enter_rt_sigaction
sys_enter_rt_sigaction
sys_enter_rt_sigaction
sys_enter_rt_sigaction
sys_enter_rt_sigaction
sys_enter_rt_sigaction
sys_enter_rt_sigaction
sys_enter_rt_sigaction
sys_enter_rt_sigprocmask
sys_enter_clone
sys_enter_rt_sigprocmask
sys_enter_gettid
sys_enter_sigaltstack
sys_enter_sigaltstack
sys_enter_gettid
sys_enter_rt_sigprocmask
sys_enter_rt_sigprocmask
sys_enter_clone
sys_enter_rt_sigprocmask
sys_enter_gettid
sys_enter_sigaltstack
sys_enter_sigaltstack
sys_enter_rt_sigprocmask
sys_enter_clone
sys_enter_gettid
sys_enter_rt_sigprocmask
sys_enter_rt_sigprocmask
sys_enter_sched_yield
sys_enter_gettid
sys_enter_sigaltstack
sys_enter_sigaltstack
sys_enter_futex
sys_enter_gettid
sys_enter_futex
sys_enter_rt_sigprocmask
sys_enter_clone
sys_enter_rt_sigprocmask
sys_enter_futex
sys_enter_futex
sys_enter_rt_sigprocmask
sys_enter_gettid
sys_enter_futex
sys_enter_sigaltstack
sys_enter_sigaltstack
sys_enter_gettid
sys_enter_rt_sigprocmask
sys_enter_futex
sys_enter_futex
sys_enter_mmap
sys_enter_futex
sys_enter_futex
sys_enter_futex
sys_enter_openat
sys_enter_read
sys_enter_read
sys_enter_close
sys_enter_socket
sys_enter_close
sys_enter_socket
sys_enter_setsockopt
sys_enter_bind
sys_enter_socket
sys_enter_setsockopt
sys_enter_bind
sys_enter_close
sys_enter_close
sys_enter_getpid
sys_enter_getppid
sys_enter_mmap
sys_enter_mmap
sys_enter_getppid
sys_enter_openat
sys_enter_pipe2
sys_enter_getpid
sys_enter_clone
sys_enter_setsid
sys_enter_close
sys_enter_read
sys_enter_chdir
sys_enter_execve
sys_enter_close
sys_enter_exit_group
sys_enter_mmap
sys_enter_mmap
sys_enter_mprotect
sys_enter_mmap
sys_enter_mmap
sys_enter_mprotect
sys_enter_mmap
sys_enter_mprotect
sys_enter_mmap
sys_enter_mprotect
sys_enter_mmap
sys_enter_mmap
sys_enter_close
sys_enter_munmap
sys_enter_sched_getaffinity
sys_enter_mmap
sys_enter_munmap
sys_enter_mmap
sys_enter_mmap
sys_enter_mmap
sys_enter_mmap
sys_enter_mmap
sys_enter_mmap
sys_enter_rt_sigprocmask
sys_enter_sigaltstack
sys_enter_sigaltstack
sys_enter_gettid
sys_enter_rt_sigprocmask
sys_enter_rt_sigaction
sys_enter_rt_sigaction
sys_enter_rt_sigaction
sys_enter_rt_sigaction
sys_enter_rt_sigaction
sys_enter_rt_sigaction
sys_enter_rt_sigaction
sys_enter_rt_sigaction
sys_enter_rt_sigaction
sys_enter_rt_sigaction
sys_enter_rt_sigaction
sys_enter_rt_sigaction
sys_enter_rt_sigaction
sys_enter_rt_sigaction
sys_enter_rt_sigaction
sys_enter_rt_sigaction
sys_enter_rt_sigaction
sys_enter_rt_sigaction
sys_enter_rt_sigaction
sys_enter_rt_sigaction
sys_enter_rt_sigaction
sys_enter_rt_sigaction
sys_enter_rt_sigaction
sys_enter_rt_sigaction
sys_enter_rt_sigaction
sys_enter_rt_sigaction
sys_enter_rt_sigaction
sys_enter_rt_sigaction
sys_enter_rt_sigaction
sys_enter_rt_sigaction
sys_enter_rt_sigaction
sys_enter_rt_sigaction
sys_enter_rt_sigaction
sys_enter_rt_sigaction
sys_enter_rt_sigaction
sys_enter_rt_sigaction
sys_enter_rt_sigaction
sys_enter_rt_sigaction
sys_enter_rt_sigaction
sys_enter_rt_sigaction
sys_enter_rt_sigaction
sys_enter_rt_sigaction
sys_enter_rt_sigaction
sys_enter_rt_sigaction
sys_enter_rt_sigaction
sys_enter_rt_sigaction
sys_enter_rt_sigaction
sys_enter_rt_sigaction
sys_enter_rt_sigaction
sys_enter_rt_sigaction
sys_enter_rt_sigaction
sys_enter_rt_sigaction
sys_enter_rt_sigaction
sys_enter_rt_sigaction
sys_enter_rt_sigaction
sys_enter_rt_sigaction
sys_enter_rt_sigaction
sys_enter_rt_sigaction
sys_enter_rt_sigaction
sys_enter_rt_sigaction
sys_enter_rt_sigaction
sys_enter_rt_sigaction
sys_enter_rt_sigaction
sys_enter_rt_sigaction
sys_enter_rt_sigaction
sys_enter_rt_sigaction
sys_enter_rt_sigaction
sys_enter_rt_sigaction
sys_enter_rt_sigaction
sys_enter_rt_sigaction
sys_enter_rt_sigaction
sys_enter_rt_sigaction
sys_enter_rt_sigaction
sys_enter_rt_sigaction
sys_enter_rt_sigaction
sys_enter_rt_sigaction
sys_enter_rt_sigaction
sys_enter_rt_sigaction
sys_enter_rt_sigaction
sys_enter_rt_sigaction
sys_enter_rt_sigaction
sys_enter_rt_sigaction
sys_enter_rt_sigaction
sys_enter_rt_sigaction
sys_enter_rt_sigaction
sys_enter_rt_sigaction
sys_enter_rt_sigaction
sys_enter_rt_sigaction
sys_enter_rt_sigaction
sys_enter_rt_sigaction
sys_enter_rt_sigaction
sys_enter_rt_sigaction
sys_enter_rt_sigaction
sys_enter_rt_sigaction
sys_enter_rt_sigaction
sys_enter_rt_sigaction
sys_enter_rt_sigaction
sys_enter_rt_sigaction
sys_enter_rt_sigaction
sys_enter_rt_sigaction
sys_enter_rt_sigaction
sys_enter_rt_sigaction
sys_enter_rt_sigaction
sys_enter_rt_sigaction
sys_enter_rt_sigaction
sys_enter_rt_sigaction
sys_enter_rt_sigaction
sys_enter_rt_sigaction
sys_enter_rt_sigaction
sys_enter_rt_sigaction
sys_enter_rt_sigaction
sys_enter_rt_sigaction
sys_enter_rt_sigaction
sys_enter_rt_sigaction
sys_enter_rt_sigprocmask
sys_enter_clone
sys_enter_rt_sigprocmask
sys_enter_gettid
sys_enter_sigaltstack
sys_enter_sigaltstack
sys_enter_gettid
sys_enter_rt_sigprocmask
sys_enter_rt_sigprocmask
sys_enter_clone
sys_enter_rt_sigprocmask
sys_enter_gettid
sys_enter_sigaltstack
sys_enter_sigaltstack
sys_enter_gettid
sys_enter_rt_sigprocmask
sys_enter_rt_sigprocmask
sys_enter_clone
sys_enter_rt_sigprocmask
sys_enter_clone
sys_enter_rt_sigprocmask
sys_enter_futex
sys_enter_gettid
sys_enter_sigaltstack
sys_enter_rt_sigprocmask
sys_enter_gettid
sys_enter_sigaltstack
sys_enter_gettid
sys_enter_sigaltstack
sys_enter_rt_sigprocmask
sys_enter_sigaltstack
sys_enter_gettid
sys_enter_futex
sys_enter_rt_sigprocmask
sys_enter_futex
sys_enter_futex
sys_enter_futex
sys_enter_futex
sys_enter_mmap
sys_enter_futex
sys_enter_futex
sys_enter_futex
sys_enter_openat
sys_enter_read
sys_enter_read
sys_enter_close
sys_enter_socket
sys_enter_close
sys_enter_socket
sys_enter_setsockopt
sys_enter_bind
sys_enter_socket
sys_enter_setsockopt
sys_enter_bind
sys_enter_close
sys_enter_close
sys_enter_getpid
sys_enter_getppid
sys_enter_mmap
sys_enter_mmap
sys_enter_getppid
sys_enter_openat
sys_enter_pipe2
sys_enter_getpid
sys_enter_clone
sys_enter_setsid
sys_enter_chdir
sys_enter_close
sys_enter_read
sys_enter_execve
sys_enter_close
sys_enter_exit_group
sys_enter_mmap
sys_enter_mmap
sys_enter_mprotect
sys_enter_mmap
sys_enter_mmap
sys_enter_mprotect
sys_enter_mmap
sys_enter_mprotect
sys_enter_mmap
sys_enter_mprotect
sys_enter_mmap
sys_enter_mmap
sys_enter_close
sys_enter_munmap
sys_enter_sched_getaffinity
sys_enter_mmap
sys_enter_munmap
sys_enter_mmap
sys_enter_mmap
sys_enter_mmap
sys_enter_mmap
sys_enter_mmap
sys_enter_mmap
sys_enter_rt_sigprocmask
sys_enter_sigaltstack
sys_enter_sigaltstack
sys_enter_gettid
sys_enter_rt_sigprocmask
sys_enter_rt_sigaction
sys_enter_rt_sigaction
sys_enter_rt_sigaction
sys_enter_rt_sigaction
sys_enter_rt_sigaction
sys_enter_rt_sigaction
sys_enter_rt_sigaction
sys_enter_rt_sigaction
sys_enter_rt_sigaction
sys_enter_rt_sigaction
sys_enter_rt_sigaction
sys_enter_rt_sigaction
sys_enter_rt_sigaction
sys_enter_rt_sigaction
sys_enter_rt_sigaction
sys_enter_rt_sigaction
sys_enter_rt_sigaction
sys_enter_rt_sigaction
sys_enter_rt_sigaction
sys_enter_rt_sigaction
sys_enter_rt_sigaction
sys_enter_rt_sigaction
sys_enter_rt_sigaction
sys_enter_rt_sigaction
sys_enter_rt_sigaction
sys_enter_rt_sigaction
sys_enter_rt_sigaction
sys_enter_rt_sigaction
sys_enter_rt_sigaction
sys_enter_rt_sigaction
sys_enter_rt_sigaction
sys_enter_rt_sigaction
sys_enter_rt_sigaction
sys_enter_rt_sigaction
sys_enter_rt_sigaction
sys_enter_rt_sigaction
sys_enter_rt_sigaction
sys_enter_rt_sigaction
sys_enter_rt_sigaction
sys_enter_rt_sigaction
sys_enter_rt_sigaction
sys_enter_rt_sigaction
sys_enter_rt_sigaction
sys_enter_rt_sigaction
sys_enter_rt_sigaction
sys_enter_rt_sigaction
sys_enter_rt_sigaction
sys_enter_rt_sigaction
sys_enter_rt_sigaction
sys_enter_rt_sigaction
sys_enter_rt_sigaction
sys_enter_rt_sigaction
sys_enter_rt_sigaction
sys_enter_rt_sigaction
sys_enter_rt_sigaction
sys_enter_rt_sigaction
sys_enter_rt_sigaction
sys_enter_rt_sigaction
sys_enter_rt_sigaction
sys_enter_rt_sigaction
sys_enter_rt_sigaction
sys_enter_rt_sigaction
sys_enter_rt_sigaction
sys_enter_rt_sigaction
sys_enter_rt_sigaction
sys_enter_rt_sigaction
sys_enter_rt_sigaction
sys_enter_rt_sigaction
sys_enter_rt_sigaction
sys_enter_rt_sigaction
sys_enter_rt_sigaction
sys_enter_rt_sigaction
sys_enter_rt_sigaction
sys_enter_rt_sigaction
sys_enter_rt_sigaction
sys_enter_rt_sigaction
sys_enter_rt_sigaction
sys_enter_rt_sigaction
sys_enter_rt_sigaction
sys_enter_rt_sigaction
sys_enter_rt_sigaction
sys_enter_rt_sigaction
sys_enter_rt_sigaction
sys_enter_rt_sigaction
sys_enter_rt_sigaction
sys_enter_rt_sigaction
sys_enter_rt_sigaction
sys_enter_rt_sigaction
sys_enter_rt_sigaction
sys_enter_rt_sigaction
sys_enter_rt_sigaction
sys_enter_rt_sigaction
sys_enter_rt_sigaction
sys_enter_rt_sigaction
sys_enter_rt_sigaction
sys_enter_rt_sigaction
sys_enter_rt_sigaction
sys_enter_rt_sigaction
sys_enter_rt_sigaction
sys_enter_rt_sigaction
sys_enter_rt_sigaction
sys_enter_rt_sigaction
sys_enter_rt_sigaction
sys_enter_rt_sigaction
sys_enter_rt_sigaction
sys_enter_rt_sigaction
sys_enter_rt_sigaction
sys_enter_rt_sigaction
sys_enter_rt_sigaction
sys_enter_rt_sigaction
sys_enter_rt_sigaction
sys_enter_rt_sigaction
sys_enter_rt_sigaction
sys_enter_rt_sigaction
sys_enter_rt_sigprocmask
sys_enter_clone
sys_enter_rt_sigprocmask
sys_enter_gettid
sys_enter_sigaltstack
sys_enter_sigaltstack
sys_enter_gettid
sys_enter_rt_sigprocmask
sys_enter_rt_sigprocmask
sys_enter_clone
sys_enter_rt_sigprocmask
sys_enter_gettid
sys_enter_sigaltstack
sys_enter_sigaltstack
sys_enter_gettid
sys_enter_rt_sigprocmask
sys_enter_rt_sigprocmask
sys_enter_clone
sys_enter_rt_sigprocmask
sys_enter_clone
sys_enter_rt_sigprocmask
sys_enter_futex
sys_enter_gettid
sys_enter_sigaltstack
sys_enter_sigaltstack
sys_enter_gettid
sys_enter_rt_sigprocmask
sys_enter_gettid
sys_enter_rt_sigprocmask
sys_enter_sigaltstack
sys_enter_sigaltstack
sys_enter_futex
sys_enter_gettid
sys_enter_futex
sys_enter_rt_sigprocmask
sys_enter_futex
sys_enter_futex
sys_enter_futex
sys_enter_mmap
sys_enter_futex
sys_enter_futex
sys_enter_futex
sys_enter_openat
sys_enter_read
sys_enter_read
sys_enter_close
sys_enter_socket
sys_enter_close
sys_enter_socket
sys_enter_setsockopt
sys_enter_bind
sys_enter_socket
sys_enter_setsockopt
sys_enter_bind
sys_enter_close
sys_enter_close
sys_enter_getpid
sys_enter_getppid
sys_enter_mmap
sys_enter_mmap
sys_enter_getppid
sys_enter_openat
sys_enter_pipe2
sys_enter_getpid
sys_enter_clone
sys_enter_setsid
sys_enter_close
sys_enter_read
sys_enter_chdir
sys_enter_execve
sys_enter_close
sys_enter_exit_group
sys_enter_mmap
sys_enter_mmap
sys_enter_mprotect
sys_enter_mmap
sys_enter_mmap
sys_enter_mprotect
sys_enter_mmap
sys_enter_mprotect
sys_enter_mmap
sys_enter_mprotect
sys_enter_mmap
sys_enter_mmap
sys_enter_close
sys_enter_munmap
sys_enter_sched_getaffinity
sys_enter_mmap
sys_enter_munmap
sys_enter_mmap
sys_enter_mmap
sys_enter_mmap
sys_enter_mmap
sys_enter_mmap
sys_enter_mmap
sys_enter_rt_sigprocmask
sys_enter_sigaltstack
sys_enter_sigaltstack
sys_enter_gettid
sys_enter_rt_sigprocmask
sys_enter_rt_sigaction
sys_enter_rt_sigaction
sys_enter_rt_sigaction
sys_enter_rt_sigaction
sys_enter_rt_sigaction
sys_enter_rt_sigaction
sys_enter_rt_sigaction
sys_enter_rt_sigaction
sys_enter_rt_sigaction
sys_enter_rt_sigaction
sys_enter_rt_sigaction
sys_enter_rt_sigaction
sys_enter_rt_sigaction
sys_enter_rt_sigaction
sys_enter_rt_sigaction
sys_enter_rt_sigaction
sys_enter_rt_sigaction
sys_enter_rt_sigaction
sys_enter_rt_sigaction
sys_enter_rt_sigaction
sys_enter_rt_sigaction
sys_enter_rt_sigaction
sys_enter_rt_sigaction
sys_enter_rt_sigaction
sys_enter_rt_sigaction
sys_enter_rt_sigaction
sys_enter_rt_sigaction
sys_enter_rt_sigaction
sys_enter_rt_sigaction
sys_enter_rt_sigaction
sys_enter_rt_sigaction
sys_enter_rt_sigaction
sys_enter_rt_sigaction
sys_enter_rt_sigaction
sys_enter_rt_sigaction
sys_enter_rt_sigaction
sys_enter_rt_sigaction
sys_enter_rt_sigaction
sys_enter_rt_sigaction
sys_enter_rt_sigaction
sys_enter_rt_sigaction
sys_enter_rt_sigaction
sys_enter_rt_sigaction
sys_enter_rt_sigaction
sys_enter_rt_sigaction
sys_enter_rt_sigaction
sys_enter_rt_sigaction
sys_enter_rt_sigaction
sys_enter_rt_sigaction
sys_enter_rt_sigaction
sys_enter_rt_sigaction
sys_enter_rt_sigaction
sys_enter_rt_sigaction
sys_enter_rt_sigaction
sys_enter_rt_sigaction
sys_enter_rt_sigaction
sys_enter_rt_sigaction
sys_enter_rt_sigaction
sys_enter_rt_sigaction
sys_enter_rt_sigaction
sys_enter_rt_sigaction
sys_enter_rt_sigaction
sys_enter_rt_sigaction
sys_enter_rt_sigaction
sys_enter_rt_sigaction
sys_enter_rt_sigaction
sys_enter_rt_sigaction
sys_enter_rt_sigaction
sys_enter_rt_sigaction
sys_enter_rt_sigaction
sys_enter_rt_sigaction
sys_enter_rt_sigaction
sys_enter_rt_sigaction
sys_enter_rt_sigaction
sys_enter_rt_sigaction
sys_enter_rt_sigaction
sys_enter_rt_sigaction
sys_enter_rt_sigaction
sys_enter_rt_sigaction
sys_enter_rt_sigaction
sys_enter_rt_sigaction
sys_enter_rt_sigaction
sys_enter_rt_sigaction
sys_enter_rt_sigaction
sys_enter_rt_sigaction
sys_enter_rt_sigaction
sys_enter_rt_sigaction
sys_enter_rt_sigaction
sys_enter_rt_sigaction
sys_enter_rt_sigaction
sys_enter_rt_sigaction
sys_enter_rt_sigaction
sys_enter_rt_sigaction
sys_enter_rt_sigaction
sys_enter_rt_sigaction
sys_enter_rt_sigaction
sys_enter_rt_sigaction
sys_enter_rt_sigaction
sys_enter_rt_sigaction
sys_enter_rt_sigaction
sys_enter_rt_sigaction
sys_enter_rt_sigaction
sys_enter_rt_sigaction
sys_enter_rt_sigaction
sys_enter_rt_sigaction
sys_enter_rt_sigaction
sys_enter_rt_sigaction
sys_enter_rt_sigaction
sys_enter_rt_sigaction
sys_enter_rt_sigaction
sys_enter_rt_sigaction
sys_enter_rt_sigaction
sys_enter_rt_sigaction
sys_enter_rt_sigaction
sys_enter_rt_sigprocmask
sys_enter_clone
sys_enter_rt_sigprocmask
sys_enter_gettid
sys_enter_sigaltstack
sys_enter_sigaltstack
sys_enter_gettid
sys_enter_rt_sigprocmask
sys_enter_rt_sigprocmask
sys_enter_clone
sys_enter_rt_sigprocmask
sys_enter_gettid
sys_enter_sigaltstack
sys_enter_sigaltstack
sys_enter_rt_sigprocmask
sys_enter_gettid
sys_enter_clone
sys_enter_rt_sigprocmask
sys_enter_rt_sigprocmask
sys_enter_sched_yield
sys_enter_gettid
sys_enter_futex
sys_enter_sigaltstack
sys_enter_sigaltstack
sys_enter_futex
sys_enter_gettid
sys_enter_rt_sigprocmask
sys_enter_futex
sys_enter_rt_sigprocmask
sys_enter_futex
sys_enter_clone
sys_enter_rt_sigprocmask
sys_enter_futex
sys_enter_gettid
sys_enter_sigaltstack
sys_enter_sigaltstack
sys_enter_gettid
sys_enter_rt_sigprocmask
sys_enter_futex
sys_enter_futex
sys_enter_mmap
sys_enter_futex
sys_enter_futex
sys_enter_futex
sys_enter_openat
sys_enter_futex
sys_enter_futex
sys_enter_read
sys_enter_read
sys_enter_close
sys_enter_socket
sys_enter_close
sys_enter_socket
sys_enter_setsockopt
sys_enter_bind
sys_enter_socket
sys_enter_setsockopt
sys_enter_bind
sys_enter_close
sys_enter_close
sys_enter_getpid
sys_enter_getppid
sys_enter_mmap
sys_enter_mmap
sys_enter_getppid
sys_enter_openat
sys_enter_pipe2
sys_enter_getpid
sys_enter_clone
sys_enter_setsid
sys_enter_close
sys_enter_chdir
sys_enter_read
sys_enter_execve
sys_enter_close
sys_enter_exit_group
sys_enter_mmap
sys_enter_mmap
sys_enter_mprotect
sys_enter_mmap
sys_enter_mmap
sys_enter_mprotect
sys_enter_mmap
sys_enter_mprotect
sys_enter_mmap
sys_enter_mprotect
sys_enter_mmap
sys_enter_mmap
sys_enter_close
sys_enter_munmap
sys_enter_sched_getaffinity
sys_enter_mmap
sys_enter_munmap
sys_enter_mmap
sys_enter_mmap
sys_enter_mmap
sys_enter_mmap
sys_enter_mmap
sys_enter_mmap
sys_enter_rt_sigprocmask
sys_enter_sigaltstack
sys_enter_sigaltstack
sys_enter_gettid
sys_enter_rt_sigprocmask
sys_enter_rt_sigaction
sys_enter_rt_sigaction
sys_enter_rt_sigaction
sys_enter_rt_sigaction
sys_enter_rt_sigaction
sys_enter_rt_sigaction
sys_enter_rt_sigaction
sys_enter_rt_sigaction
sys_enter_rt_sigaction
sys_enter_rt_sigaction
sys_enter_rt_sigaction
sys_enter_rt_sigaction
sys_enter_rt_sigaction
sys_enter_rt_sigaction
sys_enter_rt_sigaction
sys_enter_rt_sigaction
sys_enter_rt_sigaction
sys_enter_rt_sigaction
sys_enter_rt_sigaction
sys_enter_rt_sigaction
sys_enter_rt_sigaction
sys_enter_rt_sigaction
sys_enter_rt_sigaction
sys_enter_rt_sigaction
sys_enter_rt_sigaction
sys_enter_rt_sigaction
sys_enter_rt_sigaction
sys_enter_rt_sigaction
sys_enter_rt_sigaction
sys_enter_rt_sigaction
sys_enter_rt_sigaction
sys_enter_rt_sigaction
sys_enter_rt_sigaction
sys_enter_rt_sigaction
sys_enter_rt_sigaction
sys_enter_rt_sigaction
sys_enter_rt_sigaction
sys_enter_rt_sigaction
sys_enter_rt_sigaction
sys_enter_rt_sigaction
sys_enter_rt_sigaction
sys_enter_rt_sigaction
sys_enter_rt_sigaction
sys_enter_rt_sigaction
sys_enter_rt_sigaction
sys_enter_rt_sigaction
sys_enter_rt_sigaction
sys_enter_rt_sigaction
sys_enter_rt_sigaction
sys_enter_rt_sigaction
sys_enter_rt_sigaction
sys_enter_rt_sigaction
sys_enter_rt_sigaction
sys_enter_rt_sigaction
sys_enter_rt_sigaction
sys_enter_rt_sigaction
sys_enter_rt_sigaction
sys_enter_rt_sigaction
sys_enter_rt_sigaction
sys_enter_rt_sigaction
sys_enter_rt_sigaction
sys_enter_rt_sigaction
sys_enter_rt_sigaction
sys_enter_rt_sigaction
sys_enter_rt_sigaction
sys_enter_rt_sigaction
sys_enter_rt_sigaction
sys_enter_rt_sigaction
sys_enter_rt_sigaction
sys_enter_rt_sigaction
sys_enter_rt_sigaction
sys_enter_rt_sigaction
sys_enter_rt_sigaction
sys_enter_rt_sigaction
sys_enter_rt_sigaction
sys_enter_rt_sigaction
sys_enter_rt_sigaction
sys_enter_rt_sigaction
sys_enter_rt_sigaction
sys_enter_rt_sigaction
sys_enter_rt_sigaction
sys_enter_rt_sigaction
sys_enter_rt_sigaction
sys_enter_rt_sigaction
sys_enter_rt_sigaction
sys_enter_rt_sigaction
sys_enter_rt_sigaction
sys_enter_rt_sigaction
sys_enter_rt_sigaction
sys_enter_rt_sigaction
sys_enter_rt_sigaction
sys_enter_rt_sigaction
sys_enter_rt_sigaction
sys_enter_rt_sigaction
sys_enter_rt_sigaction
sys_enter_rt_sigaction
sys_enter_rt_sigaction
sys_enter_rt_sigaction
sys_enter_rt_sigaction
sys_enter_rt_sigaction
sys_enter_rt_sigaction
sys_enter_rt_sigaction
sys_enter_rt_sigaction
sys_enter_rt_sigaction
sys_enter_rt_sigaction
sys_enter_rt_sigaction
sys_enter_rt_sigaction
sys_enter_rt_sigaction
sys_enter_rt_sigaction
sys_enter_rt_sigaction
sys_enter_rt_sigaction
sys_enter_rt_sigaction
sys_enter_rt_sigaction
sys_enter_rt_sigaction
sys_enter_rt_sigprocmask
sys_enter_clone
sys_enter_rt_sigprocmask
sys_enter_gettid
sys_enter_sigaltstack
sys_enter_sigaltstack
sys_enter_gettid
sys_enter_rt_sigprocmask
sys_enter_rt_sigprocmask
sys_enter_clone
sys_enter_rt_sigprocmask
sys_enter_gettid
sys_enter_sigaltstack
sys_enter_sigaltstack
sys_enter_gettid
sys_enter_rt_sigprocmask
sys_enter_clone
sys_enter_rt_sigprocmask
sys_enter_rt_sigprocmask
sys_enter_gettid
sys_enter_sigaltstack
sys_enter_sigaltstack
sys_enter_gettid
sys_enter_rt_sigprocmask
sys_enter_rt_sigprocmask
sys_enter_clone
sys_enter_futex
sys_enter_futex
sys_enter_futex
sys_enter_rt_sigprocmask
sys_enter_futex
sys_enter_gettid
sys_enter_sigaltstack
sys_enter_sigaltstack
sys_enter_gettid
sys_enter_rt_sigprocmask
sys_enter_futex
sys_enter_futex
sys_enter_mmap
sys_enter_futex
sys_enter_futex
sys_enter_futex
sys_enter_openat
sys_enter_read
sys_enter_read
sys_enter_close
sys_enter_socket
sys_enter_close
sys_enter_socket
sys_enter_setsockopt
sys_enter_bind
sys_enter_socket
sys_enter_setsockopt
sys_enter_bind
sys_enter_close
sys_enter_close
sys_enter_getpid
sys_enter_getppid
sys_enter_mmap
sys_enter_mmap
sys_enter_getppid
sys_enter_openat
sys_enter_pipe2
sys_enter_getpid
sys_enter_clone
sys_enter_setsid
sys_enter_close
sys_enter_chdir
sys_enter_read
sys_enter_execve
sys_enter_close
sys_enter_exit_group
sys_enter_mmap
sys_enter_mmap
sys_enter_mprotect
sys_enter_mmap
sys_enter_mmap
sys_enter_mprotect
sys_enter_mmap
sys_enter_mprotect
sys_enter_mmap
sys_enter_mprotect
sys_enter_mmap
sys_enter_mmap
sys_enter_close
sys_enter_munmap
sys_enter_sched_getaffinity
sys_enter_mmap
sys_enter_munmap
sys_enter_mmap
sys_enter_mmap
sys_enter_mmap
sys_enter_mmap
sys_enter_mmap
sys_enter_mmap
sys_enter_rt_sigprocmask
sys_enter_sigaltstack
sys_enter_sigaltstack
sys_enter_gettid
sys_enter_rt_sigprocmask
sys_enter_rt_sigaction
sys_enter_rt_sigaction
sys_enter_rt_sigaction
sys_enter_rt_sigaction
sys_enter_rt_sigaction
sys_enter_rt_sigaction
sys_enter_rt_sigaction
sys_enter_rt_sigaction
sys_enter_rt_sigaction
sys_enter_rt_sigaction
sys_enter_rt_sigaction
sys_enter_rt_sigaction
sys_enter_rt_sigaction
sys_enter_rt_sigaction
sys_enter_rt_sigaction
sys_enter_rt_sigaction
sys_enter_rt_sigaction
sys_enter_rt_sigaction
sys_enter_rt_sigaction
sys_enter_rt_sigaction
sys_enter_rt_sigaction
sys_enter_rt_sigaction
sys_enter_rt_sigaction
sys_enter_rt_sigaction
sys_enter_rt_sigaction
sys_enter_rt_sigaction
sys_enter_rt_sigaction
sys_enter_rt_sigaction
sys_enter_rt_sigaction
sys_enter_rt_sigaction
sys_enter_rt_sigaction
sys_enter_rt_sigaction
sys_enter_rt_sigaction
sys_enter_rt_sigaction
sys_enter_rt_sigaction
sys_enter_rt_sigaction
sys_enter_rt_sigaction
sys_enter_rt_sigaction
sys_enter_rt_sigaction
sys_enter_rt_sigaction
sys_enter_rt_sigaction
sys_enter_rt_sigaction
sys_enter_rt_sigaction
sys_enter_rt_sigaction
sys_enter_rt_sigaction
sys_enter_rt_sigaction
sys_enter_rt_sigaction
sys_enter_rt_sigaction
sys_enter_rt_sigaction
sys_enter_rt_sigaction
sys_enter_rt_sigaction
sys_enter_rt_sigaction
sys_enter_rt_sigaction
sys_enter_rt_sigaction
sys_enter_rt_sigaction
sys_enter_rt_sigaction
sys_enter_rt_sigaction
sys_enter_rt_sigaction
sys_enter_rt_sigaction
sys_enter_rt_sigaction
sys_enter_rt_sigaction
sys_enter_rt_sigaction
sys_enter_rt_sigaction
sys_enter_rt_sigaction
sys_enter_rt_sigaction
sys_enter_rt_sigaction
sys_enter_rt_sigaction
sys_enter_rt_sigaction
sys_enter_rt_sigaction
sys_enter_rt_sigaction
sys_enter_rt_sigaction
sys_enter_rt_sigaction
sys_enter_rt_sigaction
sys_enter_rt_sigaction
sys_enter_rt_sigaction
sys_enter_rt_sigaction
sys_enter_rt_sigaction
sys_enter_rt_sigaction
sys_enter_rt_sigaction
sys_enter_rt_sigaction
sys_enter_rt_sigaction
sys_enter_rt_sigaction
sys_enter_rt_sigaction
sys_enter_rt_sigaction
sys_enter_rt_sigaction
sys_enter_rt_sigaction
sys_enter_rt_sigaction
sys_enter_rt_sigaction
sys_enter_rt_sigaction
sys_enter_rt_sigaction
sys_enter_rt_sigaction
sys_enter_rt_sigaction
sys_enter_rt_sigaction
sys_enter_rt_sigaction
sys_enter_rt_sigaction
sys_enter_rt_sigaction
sys_enter_rt_sigaction
sys_enter_rt_sigaction
sys_enter_rt_sigaction
sys_enter_rt_sigaction
sys_enter_rt_sigaction
sys_enter_rt_sigaction
sys_enter_rt_sigaction
sys_enter_rt_sigaction
sys_enter_rt_sigaction
sys_enter_rt_sigaction
sys_enter_rt_sigaction
sys_enter_rt_sigaction
sys_enter_rt_sigaction
sys_enter_rt_sigaction
sys_enter_rt_sigaction
sys_enter_rt_sigaction
sys_enter_rt_sigaction
sys_enter_rt_sigaction
sys_enter_rt_sigprocmask
sys_enter_clone
sys_enter_rt_sigprocmask
sys_enter_gettid
sys_enter_sigaltstack
sys_enter_sigaltstack
sys_enter_gettid
sys_enter_rt_sigprocmask
sys_enter_rt_sigprocmask
sys_enter_clone
sys_enter_rt_sigprocmask
sys_enter_gettid
sys_enter_sigaltstack
sys_enter_sigaltstack
sys_enter_gettid
sys_enter_rt_sigprocmask
sys_enter_rt_sigprocmask
sys_enter_clone
sys_enter_rt_sigprocmask
sys_enter_futex
sys_enter_gettid
sys_enter_rt_sigprocmask
sys_enter_clone
sys_enter_rt_sigprocmask
sys_enter_futex
sys_enter_gettid
sys_enter_sigaltstack
sys_enter_sigaltstack
sys_enter_gettid
sys_enter_rt_sigprocmask
sys_enter_futex
sys_enter_futex
sys_enter_sigaltstack
sys_enter_sigaltstack
sys_enter_gettid
sys_enter_rt_sigprocmask
sys_enter_futex
sys_enter_futex
sys_enter_mmap
sys_enter_futex
sys_enter_futex
sys_enter_futex
sys_enter_openat
sys_enter_read
sys_enter_read
sys_enter_close
sys_enter_socket
sys_enter_close
sys_enter_socket
sys_enter_setsockopt
sys_enter_bind
sys_enter_socket
sys_enter_setsockopt
sys_enter_bind
sys_enter_close
sys_enter_close
sys_enter_getpid
sys_enter_getppid
sys_enter_mmap
sys_enter_mmap
sys_enter_getppid
sys_enter_openat
sys_enter_pipe2
sys_enter_getpid
sys_enter_clone
sys_enter_setsid
sys_enter_close
sys_enter_read
sys_enter_chdir
sys_enter_execve
sys_enter_close
sys_enter_mmap
sys_enter_mmap
sys_enter_exit_group
sys_enter_mprotect
sys_enter_mmap
sys_enter_mmap
sys_enter_mprotect
sys_enter_mmap
sys_enter_mprotect
sys_enter_mmap
sys_enter_mprotect
sys_enter_mmap
sys_enter_mmap
sys_enter_close
sys_enter_munmap
sys_enter_sched_getaffinity
sys_enter_mmap
sys_enter_munmap
sys_enter_mmap
sys_enter_mmap
sys_enter_mmap
sys_enter_mmap
sys_enter_mmap
sys_enter_mmap
sys_enter_rt_sigprocmask
sys_enter_sigaltstack
sys_enter_sigaltstack
sys_enter_gettid
sys_enter_rt_sigprocmask
sys_enter_rt_sigaction
sys_enter_rt_sigaction
sys_enter_rt_sigaction
sys_enter_rt_sigaction
sys_enter_rt_sigaction
sys_enter_rt_sigaction
sys_enter_rt_sigaction
sys_enter_rt_sigaction
sys_enter_rt_sigaction
sys_enter_rt_sigaction
sys_enter_rt_sigaction
sys_enter_rt_sigaction
sys_enter_rt_sigaction
sys_enter_rt_sigaction
sys_enter_rt_sigaction
sys_enter_rt_sigaction
sys_enter_rt_sigaction
sys_enter_rt_sigaction
sys_enter_rt_sigaction
sys_enter_rt_sigaction
sys_enter_rt_sigaction
sys_enter_rt_sigaction
sys_enter_rt_sigaction
sys_enter_rt_sigaction
sys_enter_rt_sigaction
sys_enter_rt_sigaction
sys_enter_rt_sigaction
sys_enter_rt_sigaction
sys_enter_rt_sigaction
sys_enter_rt_sigaction
sys_enter_rt_sigaction
sys_enter_rt_sigaction
sys_enter_rt_sigaction
sys_enter_rt_sigaction
sys_enter_rt_sigaction
sys_enter_rt_sigaction
sys_enter_rt_sigaction
sys_enter_rt_sigaction
sys_enter_rt_sigaction
sys_enter_rt_sigaction
sys_enter_rt_sigaction
sys_enter_rt_sigaction
sys_enter_rt_sigaction
sys_enter_rt_sigaction
sys_enter_rt_sigaction
sys_enter_rt_sigaction
sys_enter_rt_sigaction
sys_enter_rt_sigaction
sys_enter_rt_sigaction
sys_enter_rt_sigaction
sys_enter_rt_sigaction
sys_enter_rt_sigaction
sys_enter_rt_sigaction
sys_enter_rt_sigaction
sys_enter_rt_sigaction
sys_enter_rt_sigaction
sys_enter_rt_sigaction
sys_enter_rt_sigaction
sys_enter_rt_sigaction
sys_enter_rt_sigaction
sys_enter_rt_sigaction
sys_enter_rt_sigaction
sys_enter_rt_sigaction
sys_enter_rt_sigaction
sys_enter_rt_sigaction
sys_enter_rt_sigaction
sys_enter_rt_sigaction
sys_enter_rt_sigaction
sys_enter_rt_sigaction
sys_enter_rt_sigaction
sys_enter_rt_sigaction
sys_enter_rt_sigaction
sys_enter_rt_sigaction
sys_enter_rt_sigaction
sys_enter_rt_sigaction
sys_enter_rt_sigaction
sys_enter_rt_sigaction
sys_enter_rt_sigaction
sys_enter_rt_sigaction
sys_enter_rt_sigaction
sys_enter_rt_sigaction
sys_enter_rt_sigaction
sys_enter_rt_sigaction
sys_enter_rt_sigaction
sys_enter_rt_sigaction
sys_enter_rt_sigaction
sys_enter_rt_sigaction
sys_enter_rt_sigaction
sys_enter_rt_sigaction
sys_enter_rt_sigaction
sys_enter_rt_sigaction
sys_enter_rt_sigaction
sys_enter_rt_sigaction
sys_enter_rt_sigaction
sys_enter_rt_sigaction
sys_enter_rt_sigaction
sys_enter_rt_sigaction
sys_enter_rt_sigaction
sys_enter_rt_sigaction
sys_enter_rt_sigaction
sys_enter_rt_sigaction
sys_enter_rt_sigaction
sys_enter_rt_sigaction
sys_enter_rt_sigaction
sys_enter_rt_sigaction
sys_enter_rt_sigaction
sys_enter_rt_sigaction
sys_enter_rt_sigaction
sys_enter_rt_sigaction
sys_enter_rt_sigaction
sys_enter_rt_sigaction
sys_enter_rt_sigaction
sys_enter_rt_sigaction
sys_enter_rt_sigaction
sys_enter_rt_sigprocmask
sys_enter_clone
sys_enter_rt_sigprocmask
sys_enter_gettid
sys_enter_sigaltstack
sys_enter_sigaltstack
sys_enter_gettid
sys_enter_rt_sigprocmask
sys_enter_gettid
sys_enter_sigaltstack
sys_enter_sigaltstack
sys_enter_gettid
sys_enter_rt_sigprocmask
sys_enter_rt_sigprocmask
sys_enter_clone
sys_enter_rt_sigprocmask
sys_enter_rt_sigprocmask
sys_enter_clone
sys_enter_rt_sigprocmask
sys_enter_rt_sigprocmask
sys_enter_clone
sys_enter_rt_sigprocmask
sys_enter_futex
sys_enter_gettid
sys_enter_sigaltstack
sys_enter_sigaltstack
sys_enter_gettid
sys_enter_rt_sigprocmask
sys_enter_futex
sys_enter_futex
sys_enter_gettid
sys_enter_sigaltstack
sys_enter_sigaltstack
sys_enter_gettid
sys_enter_rt_sigprocmask
sys_enter_futex
sys_enter_futex
sys_enter_futex
sys_enter_mmap
sys_enter_openat
sys_enter_futex
sys_enter_futex
sys_enter_read
sys_enter_futex
sys_enter_read
sys_enter_close
sys_enter_socket
sys_enter_close
sys_enter_socket
sys_enter_setsockopt
sys_enter_bind
sys_enter_socket
sys_enter_setsockopt
sys_enter_bind
sys_enter_close
sys_enter_close
sys_enter_getpid
sys_enter_getppid
sys_enter_mmap
sys_enter_mmap
sys_enter_getppid
sys_enter_openat
sys_enter_pipe2
sys_enter_getpid
sys_enter_clone
sys_enter_setsid
sys_enter_close
sys_enter_read
sys_enter_chdir
sys_enter_execve
sys_enter_close
sys_enter_exit_group
sys_enter_mmap
sys_enter_mmap
sys_enter_mprotect
sys_enter_mmap
sys_enter_mmap
sys_enter_mprotect
sys_enter_mmap
sys_enter_mprotect
sys_enter_mmap
sys_enter_mprotect
sys_enter_mmap
sys_enter_mmap
sys_enter_close
sys_enter_munmap
sys_enter_sched_getaffinity
sys_enter_mmap
sys_enter_munmap
sys_enter_mmap
sys_enter_mmap
sys_enter_mmap
sys_enter_mmap
sys_enter_mmap
sys_enter_mmap
sys_enter_rt_sigprocmask
sys_enter_sigaltstack
sys_enter_sigaltstack
sys_enter_gettid
sys_enter_rt_sigprocmask
sys_enter_rt_sigaction
sys_enter_rt_sigaction
sys_enter_rt_sigaction
sys_enter_rt_sigaction
sys_enter_rt_sigaction
sys_enter_rt_sigaction
sys_enter_rt_sigaction
sys_enter_rt_sigaction
sys_enter_rt_sigaction
sys_enter_rt_sigaction
sys_enter_rt_sigaction
sys_enter_rt_sigaction
sys_enter_rt_sigaction
sys_enter_rt_sigaction
sys_enter_rt_sigaction
sys_enter_rt_sigaction
sys_enter_rt_sigaction
sys_enter_rt_sigaction
sys_enter_rt_sigaction
sys_enter_rt_sigaction
sys_enter_rt_sigaction
sys_enter_rt_sigaction
sys_enter_rt_sigaction
sys_enter_rt_sigaction
sys_enter_rt_sigaction
sys_enter_rt_sigaction
sys_enter_rt_sigaction
sys_enter_rt_sigaction
sys_enter_rt_sigaction
sys_enter_rt_sigaction
sys_enter_rt_sigaction
sys_enter_rt_sigaction
sys_enter_rt_sigaction
sys_enter_rt_sigaction
sys_enter_rt_sigaction
sys_enter_rt_sigaction
sys_enter_rt_sigaction
sys_enter_rt_sigaction
sys_enter_rt_sigaction
sys_enter_rt_sigaction
sys_enter_rt_sigaction
sys_enter_rt_sigaction
sys_enter_rt_sigaction
sys_enter_rt_sigaction
sys_enter_rt_sigaction
sys_enter_rt_sigaction
sys_enter_rt_sigaction
sys_enter_rt_sigaction
sys_enter_rt_sigaction
sys_enter_rt_sigaction
sys_enter_rt_sigaction
sys_enter_rt_sigaction
sys_enter_rt_sigaction
sys_enter_rt_sigaction
sys_enter_rt_sigaction
sys_enter_rt_sigaction
sys_enter_rt_sigaction
sys_enter_rt_sigaction
sys_enter_rt_sigaction
sys_enter_rt_sigaction
sys_enter_rt_sigaction
sys_enter_rt_sigaction
sys_enter_rt_sigaction
sys_enter_rt_sigaction
sys_enter_rt_sigaction
sys_enter_rt_sigaction
sys_enter_rt_sigaction
sys_enter_rt_sigaction
sys_enter_rt_sigaction
sys_enter_rt_sigaction
sys_enter_rt_sigaction
sys_enter_rt_sigaction
sys_enter_rt_sigaction
sys_enter_rt_sigaction
sys_enter_rt_sigaction
sys_enter_rt_sigaction
sys_enter_rt_sigaction
sys_enter_rt_sigaction
sys_enter_rt_sigaction
sys_enter_rt_sigaction
sys_enter_rt_sigaction
sys_enter_rt_sigaction
sys_enter_rt_sigaction
sys_enter_rt_sigaction
sys_enter_rt_sigaction
sys_enter_rt_sigaction
sys_enter_rt_sigaction
sys_enter_rt_sigaction
sys_enter_rt_sigaction
sys_enter_rt_sigaction
sys_enter_rt_sigaction
sys_enter_rt_sigaction
sys_enter_rt_sigaction
sys_enter_rt_sigaction
sys_enter_rt_sigaction
sys_enter_rt_sigaction
sys_enter_rt_sigaction
sys_enter_rt_sigaction
sys_enter_rt_sigaction
sys_enter_rt_sigaction
sys_enter_rt_sigaction
sys_enter_rt_sigaction
sys_enter_rt_sigaction
sys_enter_rt_sigaction
sys_enter_rt_sigaction
sys_enter_rt_sigaction
sys_enter_rt_sigaction
sys_enter_rt_sigaction
sys_enter_rt_sigaction
sys_enter_rt_sigaction
sys_enter_rt_sigaction
sys_enter_rt_sigaction
sys_enter_rt_sigaction
sys_enter_rt_sigaction
sys_enter_rt_sigprocmask
sys_enter_clone
sys_enter_rt_sigprocmask
sys_enter_rt_sigprocmask
sys_enter_clone
sys_enter_gettid
sys_enter_sigaltstack
sys_enter_sigaltstack
sys_enter_gettid
sys_enter_rt_sigprocmask
sys_enter_rt_sigprocmask
sys_enter_gettid
sys_enter_sigaltstack
sys_enter_sigaltstack
sys_enter_rt_sigprocmask
sys_enter_clone
sys_enter_gettid
sys_enter_rt_sigprocmask
sys_enter_rt_sigprocmask
sys_enter_sched_yield
sys_enter_futex
sys_enter_futex
sys_enter_gettid
sys_enter_sigaltstack
sys_enter_sigaltstack
sys_enter_gettid
sys_enter_rt_sigprocmask
sys_enter_futex
sys_enter_futex
sys_enter_rt_sigprocmask
sys_enter_clone
sys_enter_rt_sigprocmask
sys_enter_futex
sys_enter_gettid
sys_enter_sigaltstack
sys_enter_sigaltstack
sys_enter_gettid
sys_enter_rt_sigprocmask
sys_enter_futex
sys_enter_futex
sys_enter_mmap
sys_enter_futex
sys_enter_futex
sys_enter_futex
sys_enter_openat
sys_enter_read
sys_enter_read
sys_enter_close
sys_enter_socket
sys_enter_close
sys_enter_socket
sys_enter_setsockopt
sys_enter_bind
sys_enter_socket
sys_enter_setsockopt
sys_enter_bind
sys_enter_close
sys_enter_close
sys_enter_getpid
sys_enter_getppid
sys_enter_mmap
sys_enter_mmap
sys_enter_getppid
sys_enter_openat
sys_enter_pipe2
sys_enter_getpid
sys_enter_clone
sys_enter_setsid
sys_enter_close
sys_enter_read
sys_enter_chdir
sys_enter_execve
sys_enter_close
sys_enter_mmap
sys_enter_mmap
sys_enter_exit_group
sys_enter_mprotect
sys_enter_mmap
sys_enter_mmap
sys_enter_mprotect
sys_enter_mmap
sys_enter_mprotect
sys_enter_mmap
sys_enter_mprotect
sys_enter_mmap
sys_enter_mmap
sys_enter_close
sys_enter_munmap
sys_enter_sched_getaffinity
sys_enter_mmap
sys_enter_munmap
sys_enter_mmap
sys_enter_mmap
sys_enter_mmap
sys_enter_mmap
sys_enter_mmap
sys_enter_mmap
sys_enter_rt_sigprocmask
sys_enter_sigaltstack
sys_enter_sigaltstack
sys_enter_gettid
sys_enter_rt_sigprocmask
sys_enter_rt_sigaction
sys_enter_rt_sigaction
sys_enter_rt_sigaction
sys_enter_rt_sigaction
sys_enter_rt_sigaction
sys_enter_rt_sigaction
sys_enter_rt_sigaction
sys_enter_rt_sigaction
sys_enter_rt_sigaction
sys_enter_rt_sigaction
sys_enter_rt_sigaction
sys_enter_rt_sigaction
sys_enter_rt_sigaction
sys_enter_rt_sigaction
sys_enter_rt_sigaction
sys_enter_rt_sigaction
sys_enter_rt_sigaction
sys_enter_rt_sigaction
sys_enter_rt_sigaction
sys_enter_rt_sigaction
sys_enter_rt_sigaction
sys_enter_rt_sigaction
sys_enter_rt_sigaction
sys_enter_rt_sigaction
sys_enter_rt_sigaction
sys_enter_rt_sigaction
sys_enter_rt_sigaction
sys_enter_rt_sigaction
sys_enter_rt_sigaction
sys_enter_rt_sigaction
sys_enter_rt_sigaction
sys_enter_rt_sigaction
sys_enter_rt_sigaction
sys_enter_rt_sigaction
sys_enter_rt_sigaction
sys_enter_rt_sigaction
sys_enter_rt_sigaction
sys_enter_rt_sigaction
sys_enter_rt_sigaction
sys_enter_rt_sigaction
sys_enter_rt_sigaction
sys_enter_rt_sigaction
sys_enter_rt_sigaction
sys_enter_rt_sigaction
sys_enter_rt_sigaction
sys_enter_rt_sigaction
sys_enter_rt_sigaction
sys_enter_rt_sigaction
sys_enter_rt_sigaction
sys_enter_rt_sigaction
sys_enter_rt_sigaction
sys_enter_rt_sigaction
sys_enter_rt_sigaction
sys_enter_rt_sigaction
sys_enter_rt_sigaction
sys_enter_rt_sigaction
sys_enter_rt_sigaction
sys_enter_rt_sigaction
sys_enter_rt_sigaction
sys_enter_rt_sigaction
sys_enter_rt_sigaction
sys_enter_rt_sigaction
sys_enter_rt_sigaction
sys_enter_rt_sigaction
sys_enter_rt_sigaction
sys_enter_rt_sigaction
sys_enter_rt_sigaction
sys_enter_rt_sigaction
sys_enter_rt_sigaction
sys_enter_rt_sigaction
sys_enter_rt_sigaction
sys_enter_rt_sigaction
sys_enter_rt_sigaction
sys_enter_rt_sigaction
sys_enter_rt_sigaction
sys_enter_rt_sigaction
sys_enter_rt_sigaction
sys_enter_rt_sigaction
sys_enter_rt_sigaction
sys_enter_rt_sigaction
sys_enter_rt_sigaction
sys_enter_rt_sigaction
sys_enter_rt_sigaction
sys_enter_rt_sigaction
sys_enter_rt_sigaction
sys_enter_rt_sigaction
sys_enter_rt_sigaction
sys_enter_rt_sigaction
sys_enter_rt_sigaction
sys_enter_rt_sigaction
sys_enter_rt_sigaction
sys_enter_rt_sigaction
sys_enter_rt_sigaction
sys_enter_rt_sigaction
sys_enter_rt_sigaction
sys_enter_rt_sigaction
sys_enter_rt_sigaction
sys_enter_rt_sigaction
sys_enter_rt_sigaction
sys_enter_rt_sigaction
sys_enter_rt_sigaction
sys_enter_rt_sigaction
sys_enter_rt_sigaction
sys_enter_rt_sigaction
sys_enter_rt_sigaction
sys_enter_rt_sigaction
sys_enter_rt_sigaction
sys_enter_rt_sigaction
sys_enter_rt_sigaction
sys_enter_rt_sigaction
sys_enter_rt_sigaction
sys_enter_rt_sigaction
sys_enter_rt_sigaction
sys_enter_rt_sigaction
sys_enter_rt_sigprocmask
sys_enter_clone
sys_enter_rt_sigprocmask
sys_enter_gettid
sys_enter_sigaltstack
sys_enter_sigaltstack
sys_enter_gettid
sys_enter_rt_sigprocmask
sys_enter_rt_sigprocmask
sys_enter_clone
sys_enter_rt_sigprocmask
sys_enter_gettid
sys_enter_sigaltstack
sys_enter_sigaltstack
sys_enter_gettid
sys_enter_rt_sigprocmask
sys_enter_clone
sys_enter_rt_sigprocmask
sys_enter_rt_sigprocmask
sys_enter_futex
sys_enter_gettid
sys_enter_sigaltstack
sys_enter_sigaltstack
sys_enter_gettid
sys_enter_rt_sigprocmask
sys_enter_clone
sys_enter_rt_sigprocmask
sys_enter_futex
sys_enter_rt_sigprocmask
sys_enter_futex
sys_enter_gettid
sys_enter_futex
sys_enter_sigaltstack
sys_enter_sigaltstack
sys_enter_gettid
sys_enter_rt_sigprocmask
sys_enter_futex
sys_enter_futex
sys_enter_mmap
sys_enter_futex
sys_enter_futex
sys_enter_futex
sys_enter_openat
sys_enter_read
sys_enter_read
sys_enter_close
sys_enter_socket
sys_enter_close
sys_enter_socket
sys_enter_setsockopt
sys_enter_bind
sys_enter_socket
sys_enter_setsockopt
sys_enter_bind
sys_enter_close
sys_enter_close
sys_enter_getpid
sys_enter_getppid
sys_enter_mmap
sys_enter_mmap
sys_enter_getppid
sys_enter_openat
sys_enter_pipe2
sys_enter_getpid
sys_enter_clone
sys_enter_setsid
sys_enter_close
sys_enter_read
sys_enter_chdir
sys_enter_execve
sys_enter_close
sys_enter_exit_group
sys_enter_mmap
sys_enter_mmap
sys_enter_mprotect
sys_enter_mmap
sys_enter_mmap
sys_enter_mprotect
sys_enter_mmap
sys_enter_mprotect
sys_enter_mmap
sys_enter_mprotect
sys_enter_mmap
sys_enter_mmap
sys_enter_close
sys_enter_munmap
sys_enter_sched_getaffinity
sys_enter_mmap
sys_enter_munmap
sys_enter_mmap
sys_enter_mmap
sys_enter_mmap
sys_enter_mmap
sys_enter_mmap
sys_enter_mmap
sys_enter_rt_sigprocmask
sys_enter_sigaltstack
sys_enter_sigaltstack
sys_enter_gettid
sys_enter_rt_sigprocmask
sys_enter_rt_sigaction
sys_enter_rt_sigaction
sys_enter_rt_sigaction
sys_enter_rt_sigaction
sys_enter_rt_sigaction
sys_enter_rt_sigaction
sys_enter_rt_sigaction
sys_enter_rt_sigaction
sys_enter_rt_sigaction
sys_enter_rt_sigaction
sys_enter_rt_sigaction
sys_enter_rt_sigaction
sys_enter_rt_sigaction
sys_enter_rt_sigaction
sys_enter_rt_sigaction
sys_enter_rt_sigaction
sys_enter_rt_sigaction
sys_enter_rt_sigaction
sys_enter_rt_sigaction
sys_enter_rt_sigaction
sys_enter_rt_sigaction
sys_enter_rt_sigaction
sys_enter_rt_sigaction
sys_enter_rt_sigaction
sys_enter_rt_sigaction
sys_enter_rt_sigaction
sys_enter_rt_sigaction
sys_enter_rt_sigaction
sys_enter_rt_sigaction
sys_enter_rt_sigaction
sys_enter_rt_sigaction
sys_enter_rt_sigaction
sys_enter_rt_sigaction
sys_enter_rt_sigaction
sys_enter_rt_sigaction
sys_enter_rt_sigaction
sys_enter_rt_sigaction
sys_enter_rt_sigaction
sys_enter_rt_sigaction
sys_enter_rt_sigaction
sys_enter_rt_sigaction
sys_enter_rt_sigaction
sys_enter_rt_sigaction
sys_enter_rt_sigaction
sys_enter_rt_sigaction
sys_enter_rt_sigaction
sys_enter_rt_sigaction
sys_enter_rt_sigaction
sys_enter_rt_sigaction
sys_enter_rt_sigaction
sys_enter_rt_sigaction
sys_enter_rt_sigaction
sys_enter_rt_sigaction
sys_enter_rt_sigaction
sys_enter_rt_sigaction
sys_enter_rt_sigaction
sys_enter_rt_sigaction
sys_enter_rt_sigaction
sys_enter_rt_sigaction
sys_enter_rt_sigaction
sys_enter_rt_sigaction
sys_enter_rt_sigaction
sys_enter_rt_sigaction
sys_enter_rt_sigaction
sys_enter_rt_sigaction
sys_enter_rt_sigaction
sys_enter_rt_sigaction
sys_enter_rt_sigaction
sys_enter_rt_sigaction
sys_enter_rt_sigaction
sys_enter_rt_sigaction
sys_enter_rt_sigaction
sys_enter_rt_sigaction
sys_enter_rt_sigaction
sys_enter_rt_sigaction
sys_enter_rt_sigaction
sys_enter_rt_sigaction
sys_enter_rt_sigaction
sys_enter_rt_sigaction
sys_enter_rt_sigaction
sys_enter_rt_sigaction
sys_enter_rt_sigaction
sys_enter_rt_sigaction
sys_enter_rt_sigaction
sys_enter_rt_sigaction
sys_enter_rt_sigaction
sys_enter_rt_sigaction
sys_enter_rt_sigaction
sys_enter_rt_sigaction
sys_enter_rt_sigaction
sys_enter_rt_sigaction
sys_enter_rt_sigaction
sys_enter_rt_sigaction
sys_enter_rt_sigaction
sys_enter_rt_sigaction
sys_enter_rt_sigaction
sys_enter_rt_sigaction
sys_enter_rt_sigaction
sys_enter_rt_sigaction
sys_enter_rt_sigaction
sys_enter_rt_sigaction
sys_enter_rt_sigaction
sys_enter_rt_sigaction
sys_enter_rt_sigaction
sys_enter_rt_sigaction
sys_enter_rt_sigaction
sys_enter_rt_sigaction
sys_enter_rt_sigaction
sys_enter_rt_sigaction
sys_enter_rt_sigaction
sys_enter_rt_sigaction
sys_enter_rt_sigaction
sys_enter_rt_sigaction
sys_enter_rt_sigaction
sys_enter_rt_sigprocmask
sys_enter_clone
sys_enter_rt_sigprocmask
sys_enter_gettid
sys_enter_sigaltstack
sys_enter_sigaltstack
sys_enter_gettid
sys_enter_rt_sigprocmask
sys_enter_rt_sigprocmask
sys_enter_clone
sys_enter_rt_sigprocmask
sys_enter_gettid
sys_enter_sigaltstack
sys_enter_sigaltstack
sys_enter_gettid
sys_enter_rt_sigprocmask
sys_enter_rt_sigprocmask
sys_enter_clone
sys_enter_rt_sigprocmask
sys_enter_sched_yield
sys_enter_gettid
sys_enter_futex
sys_enter_futex
sys_enter_futex
sys_enter_futex
sys_enter_sigaltstack
sys_enter_sigaltstack
sys_enter_rt_sigprocmask
sys_enter_clone
sys_enter_gettid
sys_enter_rt_sigprocmask
sys_enter_futex
sys_enter_futex
sys_enter_rt_sigprocmask
sys_enter_futex
sys_enter_gettid
sys_enter_sigaltstack
sys_enter_sigaltstack
sys_enter_gettid
sys_enter_rt_sigprocmask
sys_enter_futex
sys_enter_futex
sys_enter_mmap
sys_enter_futex
sys_enter_futex
sys_enter_futex
sys_enter_openat
sys_enter_read
sys_enter_read
sys_enter_close
sys_enter_socket
sys_enter_close
sys_enter_socket
sys_enter_setsockopt
sys_enter_bind
sys_enter_socket
sys_enter_setsockopt
sys_enter_bind
sys_enter_close
sys_enter_close
sys_enter_getpid
sys_enter_getppid
sys_enter_mmap
sys_enter_mmap
sys_enter_getppid
sys_enter_openat
sys_enter_pipe2
sys_enter_getpid
sys_enter_clone
sys_enter_setsid
sys_enter_close
sys_enter_read
sys_enter_chdir
sys_enter_execve
sys_enter_close
sys_enter_exit_group
sys_enter_mmap
sys_enter_mmap
sys_enter_mprotect
sys_enter_mmap
sys_enter_mmap
sys_enter_mprotect
sys_enter_mmap
sys_enter_mprotect
sys_enter_mmap
sys_enter_mprotect
sys_enter_mmap
sys_enter_mmap
sys_enter_close
sys_enter_munmap
sys_enter_sched_getaffinity
sys_enter_mmap
sys_enter_munmap
sys_enter_mmap
sys_enter_mmap
sys_enter_mmap
sys_enter_mmap
sys_enter_mmap
sys_enter_mmap
sys_enter_rt_sigprocmask
sys_enter_sigaltstack
sys_enter_sigaltstack
sys_enter_gettid
sys_enter_rt_sigprocmask
sys_enter_rt_sigaction
sys_enter_rt_sigaction
sys_enter_rt_sigaction
sys_enter_rt_sigaction
sys_enter_rt_sigaction
sys_enter_rt_sigaction
sys_enter_rt_sigaction
sys_enter_rt_sigaction
sys_enter_rt_sigaction
sys_enter_rt_sigaction
sys_enter_rt_sigaction
sys_enter_rt_sigaction
sys_enter_rt_sigaction
sys_enter_rt_sigaction
sys_enter_rt_sigaction
sys_enter_rt_sigaction
sys_enter_rt_sigaction
sys_enter_rt_sigaction
sys_enter_rt_sigaction
sys_enter_rt_sigaction
sys_enter_rt_sigaction
sys_enter_rt_sigaction
sys_enter_rt_sigaction
sys_enter_rt_sigaction
sys_enter_rt_sigaction
sys_enter_rt_sigaction
sys_enter_rt_sigaction
sys_enter_rt_sigaction
sys_enter_rt_sigaction
sys_enter_rt_sigaction
sys_enter_rt_sigaction
sys_enter_rt_sigaction
sys_enter_rt_sigaction
sys_enter_rt_sigaction
sys_enter_rt_sigaction
sys_enter_rt_sigaction
sys_enter_rt_sigaction
sys_enter_rt_sigaction
sys_enter_rt_sigaction
sys_enter_rt_sigaction
sys_enter_rt_sigaction
sys_enter_rt_sigaction
sys_enter_rt_sigaction
sys_enter_rt_sigaction
sys_enter_rt_sigaction
sys_enter_rt_sigaction
sys_enter_rt_sigaction
sys_enter_rt_sigaction
sys_enter_rt_sigaction
sys_enter_rt_sigaction
sys_enter_rt_sigaction
sys_enter_rt_sigaction
sys_enter_rt_sigaction
sys_enter_rt_sigaction
sys_enter_rt_sigaction
sys_enter_rt_sigaction
sys_enter_rt_sigaction
sys_enter_rt_sigaction
sys_enter_rt_sigaction
sys_enter_rt_sigaction
sys_enter_rt_sigaction
sys_enter_rt_sigaction
sys_enter_rt_sigaction
sys_enter_rt_sigaction
sys_enter_rt_sigaction
sys_enter_rt_sigaction
sys_enter_rt_sigaction
sys_enter_rt_sigaction
sys_enter_rt_sigaction
sys_enter_rt_sigaction
sys_enter_rt_sigaction
sys_enter_rt_sigaction
sys_enter_rt_sigaction
sys_enter_rt_sigaction
sys_enter_rt_sigaction
sys_enter_rt_sigaction
sys_enter_rt_sigaction
sys_enter_rt_sigaction
sys_enter_rt_sigaction
sys_enter_rt_sigaction
sys_enter_rt_sigaction
sys_enter_rt_sigaction
sys_enter_rt_sigaction
sys_enter_rt_sigaction
sys_enter_rt_sigaction
sys_enter_rt_sigaction
sys_enter_rt_sigaction
sys_enter_rt_sigaction
sys_enter_rt_sigaction
sys_enter_rt_sigaction
sys_enter_rt_sigaction
sys_enter_rt_sigaction
sys_enter_rt_sigaction
sys_enter_rt_sigaction
sys_enter_rt_sigaction
sys_enter_rt_sigaction
sys_enter_rt_sigaction
sys_enter_rt_sigaction
sys_enter_rt_sigaction
sys_enter_rt_sigaction
sys_enter_rt_sigaction
sys_enter_rt_sigaction
sys_enter_rt_sigaction
sys_enter_rt_sigaction
sys_enter_rt_sigaction
sys_enter_rt_sigaction
sys_enter_rt_sigaction
sys_enter_rt_sigaction
sys_enter_rt_sigaction
sys_enter_rt_sigaction
sys_enter_rt_sigaction
sys_enter_rt_sigaction
sys_enter_rt_sigaction
sys_enter_rt_sigaction
sys_enter_rt_sigprocmask
sys_enter_clone
sys_enter_rt_sigprocmask
sys_enter_gettid
sys_enter_sigaltstack
sys_enter_sigaltstack
sys_enter_gettid
sys_enter_rt_sigprocmask
sys_enter_rt_sigprocmask
sys_enter_clone
sys_enter_rt_sigprocmask
sys_enter_rt_sigprocmask
sys_enter_clone
sys_enter_gettid
sys_enter_sigaltstack
sys_enter_sigaltstack
sys_enter_gettid
sys_enter_rt_sigprocmask
sys_enter_rt_sigprocmask
sys_enter_futex
sys_enter_gettid
sys_enter_sigaltstack
sys_enter_sigaltstack
sys_enter_gettid
sys_enter_rt_sigprocmask
sys_enter_rt_sigprocmask
sys_enter_clone
sys_enter_futex
sys_enter_rt_sigprocmask
sys_enter_futex
sys_enter_gettid
sys_enter_futex
sys_enter_sigaltstack
sys_enter_sigaltstack
sys_enter_gettid
sys_enter_rt_sigprocmask
sys_enter_futex
sys_enter_futex
sys_enter_futex
sys_enter_futex
sys_enter_futex
sys_enter_futex
sys_enter_futex
sys_enter_futex
sys_enter_mmap
sys_enter_futex
sys_enter_futex
sys_enter_futex
sys_enter_openat
sys_enter_read
sys_enter_read
sys_enter_close
sys_enter_socket
sys_enter_close
sys_enter_socket
sys_enter_setsockopt
sys_enter_bind
sys_enter_socket
sys_enter_setsockopt
sys_enter_bind
sys_enter_close
sys_enter_close
sys_enter_mmap
sys_enter_getpid
sys_enter_getppid
sys_enter_mmap
sys_enter_mmap
sys_enter_getppid
sys_enter_openat
sys_enter_pipe2
sys_enter_getpid
sys_enter_clone
sys_enter_setsid
sys_enter_close
sys_enter_read
sys_enter_chdir
sys_enter_execve
sys_enter_close
sys_enter_exit_group
sys_enter_mmap
sys_enter_mmap
sys_enter_mprotect
sys_enter_mmap
sys_enter_mmap
sys_enter_mprotect
sys_enter_mmap
sys_enter_mprotect
sys_enter_mmap
sys_enter_mprotect
sys_enter_mmap
sys_enter_mmap
sys_enter_close
sys_enter_munmap
sys_enter_sched_getaffinity
sys_enter_mmap
sys_enter_munmap
sys_enter_mmap
sys_enter_mmap
sys_enter_mmap
sys_enter_mmap
sys_enter_mmap
sys_enter_mmap
sys_enter_rt_sigprocmask
sys_enter_sigaltstack
sys_enter_sigaltstack
sys_enter_gettid
sys_enter_rt_sigprocmask
sys_enter_rt_sigaction
sys_enter_rt_sigaction
sys_enter_rt_sigaction
sys_enter_rt_sigaction
sys_enter_rt_sigaction
sys_enter_rt_sigaction
sys_enter_rt_sigaction
sys_enter_rt_sigaction
sys_enter_rt_sigaction
sys_enter_rt_sigaction
sys_enter_rt_sigaction
sys_enter_rt_sigaction
sys_enter_rt_sigaction
sys_enter_rt_sigaction
sys_enter_rt_sigaction
sys_enter_rt_sigaction
sys_enter_rt_sigaction
sys_enter_rt_sigaction
sys_enter_rt_sigaction
sys_enter_rt_sigaction
sys_enter_rt_sigaction
sys_enter_rt_sigaction
sys_enter_rt_sigaction
sys_enter_rt_sigaction
sys_enter_rt_sigaction
sys_enter_rt_sigaction
sys_enter_rt_sigaction
sys_enter_rt_sigaction
sys_enter_rt_sigaction
sys_enter_rt_sigaction
sys_enter_rt_sigaction
sys_enter_rt_sigaction
sys_enter_rt_sigaction
sys_enter_rt_sigaction
sys_enter_rt_sigaction
sys_enter_rt_sigaction
sys_enter_rt_sigaction
sys_enter_rt_sigaction
sys_enter_rt_sigaction
sys_enter_rt_sigaction
sys_enter_rt_sigaction
sys_enter_rt_sigaction
sys_enter_rt_sigaction
sys_enter_rt_sigaction
sys_enter_rt_sigaction
sys_enter_rt_sigaction
sys_enter_rt_sigaction
sys_enter_rt_sigaction
sys_enter_rt_sigaction
sys_enter_rt_sigaction
sys_enter_rt_sigaction
sys_enter_rt_sigaction
sys_enter_rt_sigaction
sys_enter_rt_sigaction
sys_enter_rt_sigaction
sys_enter_rt_sigaction
sys_enter_rt_sigaction
sys_enter_rt_sigaction
sys_enter_rt_sigaction
sys_enter_rt_sigaction
sys_enter_rt_sigaction
sys_enter_rt_sigaction
sys_enter_rt_sigaction
sys_enter_rt_sigaction
sys_enter_rt_sigaction
sys_enter_rt_sigaction
sys_enter_rt_sigaction
sys_enter_rt_sigaction
sys_enter_rt_sigaction
sys_enter_rt_sigaction
sys_enter_rt_sigaction
sys_enter_rt_sigaction
sys_enter_rt_sigaction
sys_enter_rt_sigaction
sys_enter_rt_sigaction
sys_enter_rt_sigaction
sys_enter_rt_sigaction
sys_enter_rt_sigaction
sys_enter_rt_sigaction
sys_enter_rt_sigaction
sys_enter_rt_sigaction
sys_enter_rt_sigaction
sys_enter_rt_sigaction
sys_enter_rt_sigaction
sys_enter_rt_sigaction
sys_enter_rt_sigaction
sys_enter_rt_sigaction
sys_enter_rt_sigaction
sys_enter_rt_sigaction
sys_enter_rt_sigaction
sys_enter_rt_sigaction
sys_enter_rt_sigaction
sys_enter_rt_sigaction
sys_enter_rt_sigaction
sys_enter_rt_sigaction
sys_enter_rt_sigaction
sys_enter_rt_sigaction
sys_enter_rt_sigaction
sys_enter_rt_sigaction
sys_enter_rt_sigaction
sys_enter_rt_sigaction
sys_enter_rt_sigaction
sys_enter_rt_sigaction
sys_enter_rt_sigaction
sys_enter_rt_sigaction
sys_enter_rt_sigaction
sys_enter_rt_sigaction
sys_enter_rt_sigaction
sys_enter_rt_sigaction
sys_enter_rt_sigaction
sys_enter_rt_sigaction
sys_enter_rt_sigaction
sys_enter_rt_sigaction
sys_enter_rt_sigaction
sys_enter_rt_sigprocmask
sys_enter_clone
sys_enter_rt_sigprocmask
sys_enter_gettid
sys_enter_sigaltstack
sys_enter_sigaltstack
sys_enter_gettid
sys_enter_rt_sigprocmask
sys_enter_rt_sigprocmask
sys_enter_clone
sys_enter_rt_sigprocmask
sys_enter_gettid
sys_enter_sigaltstack
sys_enter_sigaltstack
sys_enter_gettid
sys_enter_rt_sigprocmask
sys_enter_rt_sigprocmask
sys_enter_clone
sys_enter_rt_sigprocmask
sys_enter_futex
sys_enter_rt_sigprocmask
sys_enter_clone
sys_enter_gettid
sys_enter_sigaltstack
sys_enter_sigaltstack
sys_enter_gettid
sys_enter_rt_sigprocmask
sys_enter_rt_sigprocmask
sys_enter_gettid
sys_enter_futex
sys_enter_futex
sys_enter_sigaltstack
sys_enter_futex
sys_enter_mmap
sys_enter_openat
sys_enter_futex
sys_enter_futex
sys_enter_read
sys_enter_read
sys_enter_sigaltstack
sys_enter_gettid
sys_enter_close
sys_enter_rt_sigprocmask
sys_enter_futex
sys_enter_socket
sys_enter_close
sys_enter_socket
sys_enter_setsockopt
sys_enter_bind
sys_enter_socket
sys_enter_setsockopt
sys_enter_bind
sys_enter_close
sys_enter_close
sys_enter_getpid
sys_enter_getppid
sys_enter_mmap
sys_enter_mmap
sys_enter_getppid
sys_enter_openat
sys_enter_pipe2
sys_enter_getpid
sys_enter_clone
sys_enter_setsid
sys_enter_close
sys_enter_read
sys_enter_chdir
sys_enter_execve
sys_enter_close
sys_enter_exit_group
sys_enter_mmap
sys_enter_mmap
sys_enter_mprotect
sys_enter_mmap
sys_enter_mmap
sys_enter_mprotect
sys_enter_mmap
sys_enter_mprotect
sys_enter_mmap
sys_enter_mprotect
sys_enter_mmap
sys_enter_mmap
sys_enter_close
sys_enter_munmap
sys_enter_sched_getaffinity
sys_enter_mmap
sys_enter_munmap
sys_enter_mmap
sys_enter_mmap
sys_enter_mmap
sys_enter_mmap
sys_enter_mmap
sys_enter_mmap
sys_enter_rt_sigprocmask
sys_enter_sigaltstack
sys_enter_sigaltstack
sys_enter_gettid
sys_enter_rt_sigprocmask
sys_enter_rt_sigaction
sys_enter_rt_sigaction
sys_enter_rt_sigaction
sys_enter_rt_sigaction
sys_enter_rt_sigaction
sys_enter_rt_sigaction
sys_enter_rt_sigaction
sys_enter_rt_sigaction
sys_enter_rt_sigaction
sys_enter_rt_sigaction
sys_enter_rt_sigaction
sys_enter_rt_sigaction
sys_enter_rt_sigaction
sys_enter_rt_sigaction
sys_enter_rt_sigaction
sys_enter_rt_sigaction
sys_enter_rt_sigaction
sys_enter_rt_sigaction
sys_enter_rt_sigaction
sys_enter_rt_sigaction
sys_enter_rt_sigaction
sys_enter_rt_sigaction
sys_enter_rt_sigaction
sys_enter_rt_sigaction
sys_enter_rt_sigaction
sys_enter_rt_sigaction
sys_enter_rt_sigaction
sys_enter_rt_sigaction
sys_enter_rt_sigaction
sys_enter_rt_sigaction
sys_enter_rt_sigaction
sys_enter_rt_sigaction
sys_enter_rt_sigaction
sys_enter_rt_sigaction
sys_enter_rt_sigaction
sys_enter_rt_sigaction
sys_enter_rt_sigaction
sys_enter_rt_sigaction
sys_enter_rt_sigaction
sys_enter_rt_sigaction
sys_enter_rt_sigaction
sys_enter_rt_sigaction
sys_enter_rt_sigaction
sys_enter_rt_sigaction
sys_enter_rt_sigaction
sys_enter_rt_sigaction
sys_enter_rt_sigaction
sys_enter_rt_sigaction
sys_enter_rt_sigaction
sys_enter_rt_sigaction
sys_enter_rt_sigaction
sys_enter_rt_sigaction
sys_enter_rt_sigaction
sys_enter_rt_sigaction
sys_enter_rt_sigaction
sys_enter_rt_sigaction
sys_enter_rt_sigaction
sys_enter_rt_sigaction
sys_enter_rt_sigaction
sys_enter_rt_sigaction
sys_enter_rt_sigaction
sys_enter_rt_sigaction
sys_enter_rt_sigaction
sys_enter_rt_sigaction
sys_enter_rt_sigaction
sys_enter_rt_sigaction
sys_enter_rt_sigaction
sys_enter_rt_sigaction
sys_enter_rt_sigaction
sys_enter_rt_sigaction
sys_enter_rt_sigaction
sys_enter_rt_sigaction
sys_enter_rt_sigaction
sys_enter_rt_sigaction
sys_enter_rt_sigaction
sys_enter_rt_sigaction
sys_enter_rt_sigaction
sys_enter_rt_sigaction
sys_enter_rt_sigaction
sys_enter_rt_sigaction
sys_enter_rt_sigaction
sys_enter_rt_sigaction
sys_enter_rt_sigaction
sys_enter_rt_sigaction
sys_enter_rt_sigaction
sys_enter_rt_sigaction
sys_enter_rt_sigaction
sys_enter_rt_sigaction
sys_enter_rt_sigaction
sys_enter_rt_sigaction
sys_enter_rt_sigaction
sys_enter_rt_sigaction
sys_enter_rt_sigaction
sys_enter_rt_sigaction
sys_enter_rt_sigaction
sys_enter_rt_sigaction
sys_enter_rt_sigaction
sys_enter_rt_sigaction
sys_enter_rt_sigaction
sys_enter_rt_sigaction
sys_enter_rt_sigaction
sys_enter_rt_sigaction
sys_enter_rt_sigaction
sys_enter_rt_sigaction
sys_enter_rt_sigaction
sys_enter_rt_sigaction
sys_enter_rt_sigaction
sys_enter_rt_sigaction
sys_enter_rt_sigaction
sys_enter_rt_sigaction
sys_enter_rt_sigaction
sys_enter_rt_sigaction
sys_enter_rt_sigaction
sys_enter_rt_sigaction
sys_enter_rt_sigprocmask
sys_enter_clone
sys_enter_rt_sigprocmask
sys_enter_gettid
sys_enter_sigaltstack
sys_enter_sigaltstack
sys_enter_gettid
sys_enter_rt_sigprocmask
sys_enter_rt_sigprocmask
sys_enter_clone
sys_enter_rt_sigprocmask
sys_enter_gettid
sys_enter_sigaltstack
sys_enter_sigaltstack
sys_enter_gettid
sys_enter_rt_sigprocmask
sys_enter_rt_sigprocmask
sys_enter_clone
sys_enter_rt_sigprocmask
sys_enter_futex
sys_enter_gettid
sys_enter_rt_sigprocmask
sys_enter_clone
sys_enter_sigaltstack
sys_enter_sigaltstack
sys_enter_gettid
sys_enter_rt_sigprocmask
sys_enter_futex
sys_enter_futex
sys_enter_rt_sigprocmask
sys_enter_futex
sys_enter_gettid
sys_enter_sigaltstack
sys_enter_sigaltstack
sys_enter_gettid
sys_enter_rt_sigprocmask
sys_enter_futex
sys_enter_futex
sys_enter_mmap
sys_enter_futex
sys_enter_futex
sys_enter_futex
sys_enter_openat
sys_enter_read
sys_enter_read
sys_enter_close
sys_enter_socket
sys_enter_close
sys_enter_socket
sys_enter_setsockopt
sys_enter_bind
sys_enter_socket
sys_enter_setsockopt
sys_enter_bind
sys_enter_close
sys_enter_close
sys_enter_getpid
sys_enter_getppid
sys_enter_mmap
sys_enter_mmap
sys_enter_getppid
sys_enter_openat
sys_enter_pipe2
sys_enter_getpid
sys_enter_clone
sys_enter_setsid
sys_enter_close
sys_enter_read
sys_enter_chdir
sys_enter_execve
sys_enter_close
sys_enter_exit_group
sys_enter_mmap
sys_enter_mmap
sys_enter_mprotect
sys_enter_mmap
sys_enter_mmap
sys_enter_mprotect
sys_enter_mmap
sys_enter_mprotect
sys_enter_mmap
sys_enter_mprotect
sys_enter_mmap
sys_enter_mmap
sys_enter_close
sys_enter_munmap
sys_enter_sched_getaffinity
sys_enter_mmap
sys_enter_munmap
sys_enter_mmap
sys_enter_mmap
sys_enter_mmap
sys_enter_mmap
sys_enter_mmap
sys_enter_mmap
sys_enter_rt_sigprocmask
sys_enter_sigaltstack
sys_enter_sigaltstack
sys_enter_gettid
sys_enter_rt_sigprocmask
sys_enter_rt_sigaction
sys_enter_rt_sigaction
sys_enter_rt_sigaction
sys_enter_rt_sigaction
sys_enter_rt_sigaction
sys_enter_rt_sigaction
sys_enter_rt_sigaction
sys_enter_rt_sigaction
sys_enter_rt_sigaction
sys_enter_rt_sigaction
sys_enter_rt_sigaction
sys_enter_rt_sigaction
sys_enter_rt_sigaction
sys_enter_rt_sigaction
sys_enter_rt_sigaction
sys_enter_rt_sigaction
sys_enter_rt_sigaction
sys_enter_rt_sigaction
sys_enter_rt_sigaction
sys_enter_rt_sigaction
sys_enter_rt_sigaction
sys_enter_rt_sigaction
sys_enter_rt_sigaction
sys_enter_rt_sigaction
sys_enter_rt_sigaction
sys_enter_rt_sigaction
sys_enter_rt_sigaction
sys_enter_rt_sigaction
sys_enter_rt_sigaction
sys_enter_rt_sigaction
sys_enter_rt_sigaction
sys_enter_rt_sigaction
sys_enter_rt_sigaction
sys_enter_rt_sigaction
sys_enter_rt_sigaction
sys_enter_rt_sigaction
sys_enter_rt_sigaction
sys_enter_rt_sigaction
sys_enter_rt_sigaction
sys_enter_rt_sigaction
sys_enter_rt_sigaction
sys_enter_rt_sigaction
sys_enter_rt_sigaction
sys_enter_rt_sigaction
sys_enter_rt_sigaction
sys_enter_rt_sigaction
sys_enter_rt_sigaction
sys_enter_rt_sigaction
sys_enter_rt_sigaction
sys_enter_rt_sigaction
sys_enter_rt_sigaction
sys_enter_rt_sigaction
sys_enter_rt_sigaction
sys_enter_rt_sigaction
sys_enter_rt_sigaction
sys_enter_rt_sigaction
sys_enter_rt_sigaction
sys_enter_rt_sigaction
sys_enter_rt_sigaction
sys_enter_rt_sigaction
sys_enter_rt_sigaction
sys_enter_rt_sigaction
sys_enter_rt_sigaction
sys_enter_rt_sigaction
sys_enter_rt_sigaction
sys_enter_rt_sigaction
sys_enter_rt_sigaction
sys_enter_rt_sigaction
sys_enter_rt_sigaction
sys_enter_rt_sigaction
sys_enter_rt_sigaction
sys_enter_rt_sigaction
sys_enter_rt_sigaction
sys_enter_rt_sigaction
sys_enter_rt_sigaction
sys_enter_rt_sigaction
sys_enter_rt_sigaction
sys_enter_rt_sigaction
sys_enter_rt_sigaction
sys_enter_rt_sigaction
sys_enter_rt_sigaction
sys_enter_rt_sigaction
sys_enter_rt_sigaction
sys_enter_rt_sigaction
sys_enter_rt_sigaction
sys_enter_rt_sigaction
sys_enter_rt_sigaction
sys_enter_rt_sigaction
sys_enter_rt_sigaction
sys_enter_rt_sigaction
sys_enter_rt_sigaction
sys_enter_rt_sigaction
sys_enter_rt_sigaction
sys_enter_rt_sigaction
sys_enter_rt_sigaction
sys_enter_rt_sigaction
sys_enter_rt_sigaction
sys_enter_rt_sigaction
sys_enter_rt_sigaction
sys_enter_rt_sigaction
sys_enter_rt_sigaction
sys_enter_rt_sigaction
sys_enter_rt_sigaction
sys_enter_rt_sigaction
sys_enter_rt_sigaction
sys_enter_rt_sigaction
sys_enter_rt_sigaction
sys_enter_rt_sigaction
sys_enter_rt_sigaction
sys_enter_rt_sigaction
sys_enter_rt_sigaction
sys_enter_rt_sigaction
sys_enter_rt_sigaction
sys_enter_rt_sigaction
sys_enter_rt_sigprocmask
sys_enter_clone
sys_enter_rt_sigprocmask
sys_enter_gettid
sys_enter_sigaltstack
sys_enter_sigaltstack
sys_enter_gettid
sys_enter_rt_sigprocmask
sys_enter_rt_sigprocmask
sys_enter_clone
sys_enter_rt_sigprocmask
sys_enter_gettid
sys_enter_sigaltstack
sys_enter_sigaltstack
sys_enter_gettid
sys_enter_rt_sigprocmask
sys_enter_rt_sigprocmask
sys_enter_clone
sys_enter_rt_sigprocmask
sys_enter_clone
sys_enter_rt_sigprocmask
sys_enter_futex
sys_enter_gettid
sys_enter_sigaltstack
sys_enter_sigaltstack
sys_enter_gettid
sys_enter_rt_sigprocmask
sys_enter_rt_sigprocmask
sys_enter_gettid
sys_enter_futex
sys_enter_futex
sys_enter_sigaltstack
sys_enter_futex
sys_enter_sigaltstack
sys_enter_gettid
sys_enter_rt_sigprocmask
sys_enter_futex
sys_enter_futex
sys_enter_mmap
sys_enter_futex
sys_enter_futex
sys_enter_futex
sys_enter_openat
sys_enter_read
sys_enter_read
sys_enter_close
sys_enter_socket
sys_enter_close
sys_enter_socket
sys_enter_setsockopt
sys_enter_bind
sys_enter_socket
sys_enter_setsockopt
sys_enter_bind
sys_enter_close
sys_enter_close
sys_enter_getpid
sys_enter_getppid
sys_enter_mmap
sys_enter_mmap
sys_enter_getppid
sys_enter_openat
sys_enter_pipe2
sys_enter_getpid
sys_enter_clone
sys_enter_setsid
sys_enter_close
sys_enter_read
sys_enter_chdir
sys_enter_execve
sys_enter_close
sys_enter_exit_group
sys_enter_mmap
sys_enter_mmap
sys_enter_mprotect
sys_enter_mmap
sys_enter_mmap
sys_enter_mprotect
sys_enter_mmap
sys_enter_mprotect
sys_enter_mmap
sys_enter_mprotect
sys_enter_mmap
sys_enter_mmap
sys_enter_close
sys_enter_munmap
sys_enter_sched_getaffinity
sys_enter_mmap
sys_enter_munmap
sys_enter_mmap
sys_enter_mmap
sys_enter_mmap
sys_enter_mmap
sys_enter_mmap
sys_enter_mmap
sys_enter_rt_sigprocmask
sys_enter_sigaltstack
sys_enter_sigaltstack
sys_enter_gettid
sys_enter_rt_sigprocmask
sys_enter_rt_sigaction
sys_enter_rt_sigaction
sys_enter_rt_sigaction
sys_enter_rt_sigaction
sys_enter_rt_sigaction
sys_enter_rt_sigaction
sys_enter_rt_sigaction
sys_enter_rt_sigaction
sys_enter_rt_sigaction
sys_enter_rt_sigaction
sys_enter_rt_sigaction
sys_enter_rt_sigaction
sys_enter_rt_sigaction
sys_enter_rt_sigaction
sys_enter_rt_sigaction
sys_enter_rt_sigaction
sys_enter_rt_sigaction
sys_enter_rt_sigaction
sys_enter_rt_sigaction
sys_enter_rt_sigaction
sys_enter_rt_sigaction
sys_enter_rt_sigaction
sys_enter_rt_sigaction
sys_enter_rt_sigaction
sys_enter_rt_sigaction
sys_enter_rt_sigaction
sys_enter_rt_sigaction
sys_enter_rt_sigaction
sys_enter_rt_sigaction
sys_enter_rt_sigaction
sys_enter_rt_sigaction
sys_enter_rt_sigaction
sys_enter_rt_sigaction
sys_enter_rt_sigaction
sys_enter_rt_sigaction
sys_enter_rt_sigaction
sys_enter_rt_sigaction
sys_enter_rt_sigaction
sys_enter_rt_sigaction
sys_enter_rt_sigaction
sys_enter_rt_sigaction
sys_enter_rt_sigaction
sys_enter_rt_sigaction
sys_enter_rt_sigaction
sys_enter_rt_sigaction
sys_enter_rt_sigaction
sys_enter_rt_sigaction
sys_enter_rt_sigaction
sys_enter_rt_sigaction
sys_enter_rt_sigaction
sys_enter_rt_sigaction
sys_enter_rt_sigaction
sys_enter_rt_sigaction
sys_enter_rt_sigaction
sys_enter_rt_sigaction
sys_enter_rt_sigaction
sys_enter_rt_sigaction
sys_enter_rt_sigaction
sys_enter_rt_sigaction
sys_enter_rt_sigaction
sys_enter_rt_sigaction
sys_enter_rt_sigaction
sys_enter_rt_sigaction
sys_enter_rt_sigaction
sys_enter_rt_sigaction
sys_enter_rt_sigaction
sys_enter_rt_sigaction
sys_enter_rt_sigaction
sys_enter_rt_sigaction
sys_enter_rt_sigaction
sys_enter_rt_sigaction
sys_enter_rt_sigaction
sys_enter_rt_sigaction
sys_enter_rt_sigaction
sys_enter_rt_sigaction
sys_enter_rt_sigaction
sys_enter_rt_sigaction
sys_enter_rt_sigaction
sys_enter_rt_sigaction
sys_enter_rt_sigaction
sys_enter_rt_sigaction
sys_enter_rt_sigaction
sys_enter_rt_sigaction
sys_enter_rt_sigaction
sys_enter_rt_sigaction
sys_enter_rt_sigaction
sys_enter_rt_sigaction
sys_enter_rt_sigaction
sys_enter_rt_sigaction
sys_enter_rt_sigaction
sys_enter_rt_sigaction
sys_enter_rt_sigaction
sys_enter_rt_sigaction
sys_enter_rt_sigaction
sys_enter_rt_sigaction
sys_enter_rt_sigaction
sys_enter_rt_sigaction
sys_enter_rt_sigaction
sys_enter_rt_sigaction
sys_enter_rt_sigaction
sys_enter_rt_sigaction
sys_enter_rt_sigaction
sys_enter_rt_sigaction
sys_enter_rt_sigaction
sys_enter_rt_sigaction
sys_enter_rt_sigaction
sys_enter_rt_sigaction
sys_enter_rt_sigaction
sys_enter_rt_sigaction
sys_enter_rt_sigaction
sys_enter_rt_sigaction
sys_enter_rt_sigaction
sys_enter_rt_sigaction
sys_enter_rt_sigaction
sys_enter_rt_sigprocmask
sys_enter_clone
sys_enter_rt_sigprocmask
sys_enter_gettid
sys_enter_sigaltstack
sys_enter_sigaltstack
sys_enter_gettid
sys_enter_rt_sigprocmask
sys_enter_rt_sigprocmask
sys_enter_clone
sys_enter_rt_sigprocmask
sys_enter_gettid
sys_enter_sigaltstack
sys_enter_sigaltstack
sys_enter_gettid
sys_enter_rt_sigprocmask
sys_enter_rt_sigprocmask
sys_enter_clone
sys_enter_rt_sigprocmask
sys_enter_clone
sys_enter_rt_sigprocmask
sys_enter_futex
sys_enter_gettid
sys_enter_sigaltstack
sys_enter_sigaltstack
sys_enter_gettid
sys_enter_rt_sigprocmask
sys_enter_futex
sys_enter_futex
sys_enter_rt_sigprocmask
sys_enter_gettid
sys_enter_sigaltstack
sys_enter_sigaltstack
sys_enter_gettid
sys_enter_rt_sigprocmask
sys_enter_futex
sys_enter_futex
sys_enter_futex
sys_enter_mmap
sys_enter_futex
sys_enter_futex
sys_enter_futex
sys_enter_openat
sys_enter_read
sys_enter_read
sys_enter_close
sys_enter_socket
sys_enter_close
sys_enter_socket
sys_enter_setsockopt
sys_enter_bind
sys_enter_socket
sys_enter_setsockopt
sys_enter_bind
sys_enter_close
sys_enter_close
sys_enter_getpid
sys_enter_getppid
sys_enter_mmap
sys_enter_mmap
sys_enter_getppid
sys_enter_openat
sys_enter_pipe2
sys_enter_getpid
sys_enter_clone
sys_enter_close
sys_enter_read
sys_enter_setsid
sys_enter_chdir
sys_enter_execve
sys_enter_close
sys_enter_exit_group
sys_enter_mmap
sys_enter_mmap
sys_enter_mprotect
sys_enter_mmap
sys_enter_mmap
sys_enter_mprotect
sys_enter_mmap
sys_enter_mprotect
sys_enter_mmap
sys_enter_mprotect
sys_enter_mmap
sys_enter_mmap
sys_enter_close
sys_enter_munmap
sys_enter_sched_getaffinity
sys_enter_mmap
sys_enter_munmap
sys_enter_mmap
sys_enter_mmap
sys_enter_mmap
sys_enter_mmap
sys_enter_mmap
sys_enter_mmap
sys_enter_rt_sigprocmask
sys_enter_sigaltstack
sys_enter_sigaltstack
sys_enter_gettid
sys_enter_rt_sigprocmask
sys_enter_rt_sigaction
sys_enter_rt_sigaction
sys_enter_rt_sigaction
sys_enter_rt_sigaction
sys_enter_rt_sigaction
sys_enter_rt_sigaction
sys_enter_rt_sigaction
sys_enter_rt_sigaction
sys_enter_rt_sigaction
sys_enter_rt_sigaction
sys_enter_rt_sigaction
sys_enter_rt_sigaction
sys_enter_rt_sigaction
sys_enter_rt_sigaction
sys_enter_rt_sigaction
sys_enter_rt_sigaction
sys_enter_rt_sigaction
sys_enter_rt_sigaction
sys_enter_rt_sigaction
sys_enter_rt_sigaction
sys_enter_rt_sigaction
sys_enter_rt_sigaction
sys_enter_rt_sigaction
sys_enter_rt_sigaction
sys_enter_rt_sigaction
sys_enter_rt_sigaction
sys_enter_rt_sigaction
sys_enter_rt_sigaction
sys_enter_rt_sigaction
sys_enter_rt_sigaction
sys_enter_rt_sigaction
sys_enter_rt_sigaction
sys_enter_rt_sigaction
sys_enter_rt_sigaction
sys_enter_rt_sigaction
sys_enter_rt_sigaction
sys_enter_rt_sigaction
sys_enter_rt_sigaction
sys_enter_rt_sigaction
sys_enter_rt_sigaction
sys_enter_rt_sigaction
sys_enter_rt_sigaction
sys_enter_rt_sigaction
sys_enter_rt_sigaction
sys_enter_rt_sigaction
sys_enter_rt_sigaction
sys_enter_rt_sigaction
sys_enter_rt_sigaction
sys_enter_rt_sigaction
sys_enter_rt_sigaction
sys_enter_rt_sigaction
sys_enter_rt_sigaction
sys_enter_rt_sigaction
sys_enter_rt_sigaction
sys_enter_rt_sigaction
sys_enter_rt_sigaction
sys_enter_rt_sigaction
sys_enter_rt_sigaction
sys_enter_rt_sigaction
sys_enter_rt_sigaction
sys_enter_rt_sigaction
sys_enter_rt_sigaction
sys_enter_rt_sigaction
sys_enter_rt_sigaction
sys_enter_rt_sigaction
sys_enter_rt_sigaction
sys_enter_rt_sigaction
sys_enter_rt_sigaction
sys_enter_rt_sigaction
sys_enter_rt_sigaction
sys_enter_rt_sigaction
sys_enter_rt_sigaction
sys_enter_rt_sigaction
sys_enter_rt_sigaction
sys_enter_rt_sigaction
sys_enter_rt_sigaction
sys_enter_rt_sigaction
sys_enter_rt_sigaction
sys_enter_rt_sigaction
sys_enter_rt_sigaction
sys_enter_rt_sigaction
sys_enter_rt_sigaction
sys_enter_rt_sigaction
sys_enter_rt_sigaction
sys_enter_rt_sigaction
sys_enter_rt_sigaction
sys_enter_rt_sigaction
sys_enter_rt_sigaction
sys_enter_rt_sigaction
sys_enter_rt_sigaction
sys_enter_rt_sigaction
sys_enter_rt_sigaction
sys_enter_rt_sigaction
sys_enter_rt_sigaction
sys_enter_rt_sigaction
sys_enter_rt_sigaction
sys_enter_rt_sigaction
sys_enter_rt_sigaction
sys_enter_rt_sigaction
sys_enter_rt_sigaction
sys_enter_rt_sigaction
sys_enter_rt_sigaction
sys_enter_rt_sigaction
sys_enter_rt_sigaction
sys_enter_rt_sigaction
sys_enter_rt_sigaction
sys_enter_rt_sigaction
sys_enter_rt_sigaction
sys_enter_rt_sigaction
sys_enter_rt_sigaction
sys_enter_rt_sigaction
sys_enter_rt_sigaction
sys_enter_rt_sigaction
sys_enter_rt_sigaction
sys_enter_rt_sigprocmask
sys_enter_clone
sys_enter_rt_sigprocmask
sys_enter_gettid
sys_enter_sigaltstack
sys_enter_sigaltstack
sys_enter_gettid
sys_enter_rt_sigprocmask
sys_enter_rt_sigprocmask
sys_enter_clone
sys_enter_rt_sigprocmask
sys_enter_gettid
sys_enter_sigaltstack
sys_enter_sigaltstack
sys_enter_rt_sigprocmask
sys_enter_gettid
sys_enter_rt_sigprocmask
sys_enter_clone
sys_enter_rt_sigprocmask
sys_enter_futex
sys_enter_gettid
sys_enter_rt_sigprocmask
sys_enter_clone
sys_enter_sigaltstack
sys_enter_sigaltstack
sys_enter_gettid
sys_enter_rt_sigprocmask
sys_enter_futex
sys_enter_futex
sys_enter_rt_sigprocmask
sys_enter_futex
sys_enter_gettid
sys_enter_sigaltstack
sys_enter_sigaltstack
sys_enter_gettid
sys_enter_rt_sigprocmask
sys_enter_futex
sys_enter_futex
sys_enter_mmap
sys_enter_futex
sys_enter_futex
sys_enter_futex
sys_enter_openat
sys_enter_read
sys_enter_read
sys_enter_close
sys_enter_socket
sys_enter_close
sys_enter_socket
sys_enter_setsockopt
sys_enter_bind
sys_enter_socket
sys_enter_setsockopt
sys_enter_bind
sys_enter_close
sys_enter_close
sys_enter_getpid
sys_enter_getppid
sys_enter_mmap
sys_enter_mmap
sys_enter_getppid
sys_enter_openat
sys_enter_pipe2
sys_enter_getpid
sys_enter_clone
sys_enter_setsid
sys_enter_close
sys_enter_read
sys_enter_chdir
sys_enter_execve
sys_enter_close
sys_enter_exit_group
sys_enter_mmap
sys_enter_mmap
sys_enter_mprotect
sys_enter_mmap
sys_enter_mmap
sys_enter_mprotect
sys_enter_mmap
sys_enter_mprotect
sys_enter_mmap
sys_enter_mprotect
sys_enter_mmap
sys_enter_mmap
sys_enter_close
sys_enter_munmap
sys_enter_sched_getaffinity
sys_enter_mmap
sys_enter_munmap
sys_enter_mmap
sys_enter_mmap
sys_enter_mmap
sys_enter_mmap
sys_enter_mmap
sys_enter_mmap
sys_enter_rt_sigprocmask
sys_enter_sigaltstack
sys_enter_sigaltstack
sys_enter_gettid
sys_enter_rt_sigprocmask
sys_enter_rt_sigaction
sys_enter_rt_sigaction
sys_enter_rt_sigaction
sys_enter_rt_sigaction
sys_enter_rt_sigaction
sys_enter_rt_sigaction
sys_enter_rt_sigaction
sys_enter_rt_sigaction
sys_enter_rt_sigaction
sys_enter_rt_sigaction
sys_enter_rt_sigaction
sys_enter_rt_sigaction
sys_enter_rt_sigaction
sys_enter_rt_sigaction
sys_enter_rt_sigaction
sys_enter_rt_sigaction
sys_enter_rt_sigaction
sys_enter_rt_sigaction
sys_enter_rt_sigaction
sys_enter_rt_sigaction
sys_enter_rt_sigaction
sys_enter_rt_sigaction
sys_enter_rt_sigaction
sys_enter_rt_sigaction
sys_enter_rt_sigaction
sys_enter_rt_sigaction
sys_enter_rt_sigaction
sys_enter_rt_sigaction
sys_enter_rt_sigaction
sys_enter_rt_sigaction
sys_enter_rt_sigaction
sys_enter_rt_sigaction
sys_enter_rt_sigaction
sys_enter_rt_sigaction
sys_enter_rt_sigaction
sys_enter_rt_sigaction
sys_enter_rt_sigaction
sys_enter_rt_sigaction
sys_enter_rt_sigaction
sys_enter_rt_sigaction
sys_enter_rt_sigaction
sys_enter_rt_sigaction
sys_enter_rt_sigaction
sys_enter_rt_sigaction
sys_enter_rt_sigaction
sys_enter_rt_sigaction
sys_enter_rt_sigaction
sys_enter_rt_sigaction
sys_enter_rt_sigaction
sys_enter_rt_sigaction
sys_enter_rt_sigaction
sys_enter_rt_sigaction
sys_enter_rt_sigaction
sys_enter_rt_sigaction
sys_enter_rt_sigaction
sys_enter_rt_sigaction
sys_enter_rt_sigaction
sys_enter_rt_sigaction
sys_enter_rt_sigaction
sys_enter_rt_sigaction
sys_enter_rt_sigaction
sys_enter_rt_sigaction
sys_enter_rt_sigaction
sys_enter_rt_sigaction
sys_enter_rt_sigaction
sys_enter_rt_sigaction
sys_enter_rt_sigaction
sys_enter_rt_sigaction
sys_enter_rt_sigaction
sys_enter_rt_sigaction
sys_enter_rt_sigaction
sys_enter_rt_sigaction
sys_enter_rt_sigaction
sys_enter_rt_sigaction
sys_enter_rt_sigaction
sys_enter_rt_sigaction
sys_enter_rt_sigaction
sys_enter_rt_sigaction
sys_enter_rt_sigaction
sys_enter_rt_sigaction
sys_enter_rt_sigaction
sys_enter_rt_sigaction
sys_enter_rt_sigaction
sys_enter_rt_sigaction
sys_enter_rt_sigaction
sys_enter_rt_sigaction
sys_enter_rt_sigaction
sys_enter_rt_sigaction
sys_enter_rt_sigaction
sys_enter_rt_sigaction
sys_enter_rt_sigaction
sys_enter_rt_sigaction
sys_enter_rt_sigaction
sys_enter_rt_sigaction
sys_enter_rt_sigaction
sys_enter_rt_sigaction
sys_enter_rt_sigaction
sys_enter_rt_sigaction
sys_enter_rt_sigaction
sys_enter_rt_sigaction
sys_enter_rt_sigaction
sys_enter_rt_sigaction
sys_enter_rt_sigaction
sys_enter_rt_sigaction
sys_enter_rt_sigaction
sys_enter_rt_sigaction
sys_enter_rt_sigaction
sys_enter_rt_sigaction
sys_enter_rt_sigaction
sys_enter_rt_sigaction
sys_enter_rt_sigaction
sys_enter_rt_sigaction
sys_enter_rt_sigaction
sys_enter_rt_sigaction
sys_enter_rt_sigprocmask
sys_enter_clone
sys_enter_rt_sigprocmask
sys_enter_gettid
sys_enter_sigaltstack
sys_enter_sigaltstack
sys_enter_gettid
sys_enter_rt_sigprocmask
sys_enter_rt_sigprocmask
sys_enter_clone
sys_enter_rt_sigprocmask
sys_enter_gettid
sys_enter_sigaltstack
sys_enter_sigaltstack
sys_enter_gettid
sys_enter_rt_sigprocmask
sys_enter_rt_sigprocmask
sys_enter_clone
sys_enter_rt_sigprocmask
sys_enter_clone
sys_enter_rt_sigprocmask
sys_enter_futex
sys_enter_gettid
sys_enter_sigaltstack
sys_enter_rt_sigprocmask
sys_enter_sigaltstack
sys_enter_gettid
sys_enter_gettid
sys_enter_sigaltstack
sys_enter_sigaltstack
sys_enter_rt_sigprocmask
sys_enter_futex
sys_enter_gettid
sys_enter_rt_sigprocmask
sys_enter_futex
sys_enter_futex
sys_enter_futex
sys_enter_futex
sys_enter_mmap
sys_enter_futex
sys_enter_futex
sys_enter_futex
sys_enter_openat
sys_enter_read
sys_enter_read
sys_enter_close
sys_enter_socket
sys_enter_close
sys_enter_socket
sys_enter_setsockopt
sys_enter_bind
sys_enter_socket
sys_enter_setsockopt
sys_enter_bind
sys_enter_close
sys_enter_close
sys_enter_getpid
sys_enter_getppid
sys_enter_mmap
sys_enter_mmap
sys_enter_getppid
sys_enter_openat
sys_enter_pipe2
sys_enter_getpid
sys_enter_clone
sys_enter_setsid
sys_enter_close
sys_enter_read
sys_enter_chdir
sys_enter_execve
sys_enter_close
sys_enter_exit_group
sys_enter_mmap
sys_enter_mmap
sys_enter_mprotect
sys_enter_mmap
sys_enter_mmap
sys_enter_mprotect
sys_enter_mmap
sys_enter_mprotect
sys_enter_mmap
sys_enter_mprotect
sys_enter_mmap
sys_enter_mmap
sys_enter_close
sys_enter_munmap
sys_enter_sched_getaffinity
sys_enter_mmap
sys_enter_munmap
sys_enter_mmap
sys_enter_mmap
sys_enter_mmap
sys_enter_mmap
sys_enter_mmap
sys_enter_mmap
sys_enter_rt_sigprocmask
sys_enter_sigaltstack
sys_enter_sigaltstack
sys_enter_gettid
sys_enter_rt_sigprocmask
sys_enter_rt_sigaction
sys_enter_rt_sigaction
sys_enter_rt_sigaction
sys_enter_rt_sigaction
sys_enter_rt_sigaction
sys_enter_rt_sigaction
sys_enter_rt_sigaction
sys_enter_rt_sigaction
sys_enter_rt_sigaction
sys_enter_rt_sigaction
sys_enter_rt_sigaction
sys_enter_rt_sigaction
sys_enter_rt_sigaction
sys_enter_rt_sigaction
sys_enter_rt_sigaction
sys_enter_rt_sigaction
sys_enter_rt_sigaction
sys_enter_rt_sigaction
sys_enter_rt_sigaction
sys_enter_rt_sigaction
sys_enter_rt_sigaction
sys_enter_rt_sigaction
sys_enter_rt_sigaction
sys_enter_rt_sigaction
sys_enter_rt_sigaction
sys_enter_rt_sigaction
sys_enter_rt_sigaction
sys_enter_rt_sigaction
sys_enter_rt_sigaction
sys_enter_rt_sigaction
sys_enter_rt_sigaction
sys_enter_rt_sigaction
sys_enter_rt_sigaction
sys_enter_rt_sigaction
sys_enter_rt_sigaction
sys_enter_rt_sigaction
sys_enter_rt_sigaction
sys_enter_rt_sigaction
sys_enter_rt_sigaction
sys_enter_rt_sigaction
sys_enter_rt_sigaction
sys_enter_rt_sigaction
sys_enter_rt_sigaction
sys_enter_rt_sigaction
sys_enter_rt_sigaction
sys_enter_rt_sigaction
sys_enter_rt_sigaction
sys_enter_rt_sigaction
sys_enter_rt_sigaction
sys_enter_rt_sigaction
sys_enter_rt_sigaction
sys_enter_rt_sigaction
sys_enter_rt_sigaction
sys_enter_rt_sigaction
sys_enter_rt_sigaction
sys_enter_rt_sigaction
sys_enter_rt_sigaction
sys_enter_rt_sigaction
sys_enter_rt_sigaction
sys_enter_rt_sigaction
sys_enter_rt_sigaction
sys_enter_rt_sigaction
sys_enter_rt_sigaction
sys_enter_rt_sigaction
sys_enter_rt_sigaction
sys_enter_rt_sigaction
sys_enter_rt_sigaction
sys_enter_rt_sigaction
sys_enter_rt_sigaction
sys_enter_rt_sigaction
sys_enter_rt_sigaction
sys_enter_rt_sigaction
sys_enter_rt_sigaction
sys_enter_rt_sigaction
sys_enter_rt_sigaction
sys_enter_rt_sigaction
sys_enter_rt_sigaction
sys_enter_rt_sigaction
sys_enter_rt_sigaction
sys_enter_rt_sigaction
sys_enter_rt_sigaction
sys_enter_rt_sigaction
sys_enter_rt_sigaction
sys_enter_rt_sigaction
sys_enter_rt_sigaction
sys_enter_rt_sigaction
sys_enter_rt_sigaction
sys_enter_rt_sigaction
sys_enter_rt_sigaction
sys_enter_rt_sigaction
sys_enter_rt_sigaction
sys_enter_rt_sigaction
sys_enter_rt_sigaction
sys_enter_rt_sigaction
sys_enter_rt_sigaction
sys_enter_rt_sigaction
sys_enter_rt_sigaction
sys_enter_rt_sigaction
sys_enter_rt_sigaction
sys_enter_rt_sigaction
sys_enter_rt_sigaction
sys_enter_rt_sigaction
sys_enter_rt_sigaction
sys_enter_rt_sigaction
sys_enter_rt_sigaction
sys_enter_rt_sigaction
sys_enter_rt_sigaction
sys_enter_rt_sigaction
sys_enter_rt_sigaction
sys_enter_rt_sigaction
sys_enter_rt_sigaction
sys_enter_rt_sigaction
sys_enter_rt_sigaction
sys_enter_rt_sigaction
sys_enter_rt_sigprocmask
sys_enter_clone
sys_enter_rt_sigprocmask
sys_enter_gettid
sys_enter_sigaltstack
sys_enter_sigaltstack
sys_enter_gettid
sys_enter_rt_sigprocmask
sys_enter_rt_sigprocmask
sys_enter_clone
sys_enter_rt_sigprocmask
sys_enter_gettid
sys_enter_sigaltstack
sys_enter_sigaltstack
sys_enter_gettid
sys_enter_rt_sigprocmask
sys_enter_sched_yield
sys_enter_sched_yield
sys_enter_futex
sys_enter_futex
sys_enter_futex
sys_enter_rt_sigprocmask
sys_enter_clone
sys_enter_rt_sigprocmask
sys_enter_futex
sys_enter_gettid
sys_enter_sigaltstack
sys_enter_sigaltstack
sys_enter_gettid
sys_enter_rt_sigprocmask
sys_enter_futex
sys_enter_futex
sys_enter_futex
sys_enter_rt_sigprocmask
sys_enter_clone
sys_enter_futex
sys_enter_rt_sigprocmask
sys_enter_futex
sys_enter_gettid
sys_enter_sigaltstack
sys_enter_sigaltstack
sys_enter_gettid
sys_enter_rt_sigprocmask
sys_enter_futex
sys_enter_futex
sys_enter_mmap
sys_enter_openat
sys_enter_read
sys_enter_read
sys_enter_close
sys_enter_socket
sys_enter_close
sys_enter_socket
sys_enter_setsockopt
sys_enter_bind
sys_enter_socket
sys_enter_setsockopt
sys_enter_bind
sys_enter_close
sys_enter_close
sys_enter_getpid
sys_enter_getppid
sys_enter_mmap
sys_enter_mmap
sys_enter_getppid
sys_enter_openat
sys_enter_pipe2
sys_enter_getpid
sys_enter_clone
sys_enter_setsid
sys_enter_close
sys_enter_read
sys_enter_chdir
sys_enter_execve
sys_enter_close
sys_enter_exit_group
sys_enter_mmap
sys_enter_mmap
sys_enter_mprotect
sys_enter_mmap
sys_enter_mmap
sys_enter_mprotect
sys_enter_mmap
sys_enter_mprotect
sys_enter_mmap
sys_enter_mprotect
sys_enter_mmap
sys_enter_mmap
sys_enter_close
sys_enter_munmap
sys_enter_sched_getaffinity
sys_enter_mmap
sys_enter_munmap
sys_enter_mmap
sys_enter_mmap
sys_enter_mmap
sys_enter_mmap
sys_enter_mmap
sys_enter_mmap
sys_enter_rt_sigprocmask
sys_enter_sigaltstack
sys_enter_sigaltstack
sys_enter_gettid
sys_enter_rt_sigprocmask
sys_enter_rt_sigaction
sys_enter_rt_sigaction
sys_enter_rt_sigaction
sys_enter_rt_sigaction
sys_enter_rt_sigaction
sys_enter_rt_sigaction
sys_enter_rt_sigaction
sys_enter_rt_sigaction
sys_enter_rt_sigaction
sys_enter_rt_sigaction
sys_enter_rt_sigaction
sys_enter_rt_sigaction
sys_enter_rt_sigaction
sys_enter_rt_sigaction
sys_enter_rt_sigaction
sys_enter_rt_sigaction
sys_enter_rt_sigaction
sys_enter_rt_sigaction
sys_enter_rt_sigaction
sys_enter_rt_sigaction
sys_enter_rt_sigaction
sys_enter_rt_sigaction
sys_enter_rt_sigaction
sys_enter_rt_sigaction
sys_enter_rt_sigaction
sys_enter_rt_sigaction
sys_enter_rt_sigaction
sys_enter_rt_sigaction
sys_enter_rt_sigaction
sys_enter_rt_sigaction
sys_enter_rt_sigaction
sys_enter_rt_sigaction
sys_enter_rt_sigaction
sys_enter_rt_sigaction
sys_enter_rt_sigaction
sys_enter_rt_sigaction
sys_enter_rt_sigaction
sys_enter_rt_sigaction
sys_enter_rt_sigaction
sys_enter_rt_sigaction
sys_enter_rt_sigaction
sys_enter_rt_sigaction
sys_enter_rt_sigaction
sys_enter_rt_sigaction
sys_enter_rt_sigaction
sys_enter_rt_sigaction
sys_enter_rt_sigaction
sys_enter_rt_sigaction
sys_enter_rt_sigaction
sys_enter_rt_sigaction
sys_enter_rt_sigaction
sys_enter_rt_sigaction
sys_enter_rt_sigaction
sys_enter_rt_sigaction
sys_enter_rt_sigaction
sys_enter_rt_sigaction
sys_enter_rt_sigaction
sys_enter_rt_sigaction
sys_enter_rt_sigaction
sys_enter_rt_sigaction
sys_enter_rt_sigaction
sys_enter_rt_sigaction
sys_enter_rt_sigaction
sys_enter_rt_sigaction
sys_enter_rt_sigaction
sys_enter_rt_sigaction
sys_enter_rt_sigaction
sys_enter_rt_sigaction
sys_enter_rt_sigaction
sys_enter_rt_sigaction
sys_enter_rt_sigaction
sys_enter_rt_sigaction
sys_enter_rt_sigaction
sys_enter_rt_sigaction
sys_enter_rt_sigaction
sys_enter_rt_sigaction
sys_enter_rt_sigaction
sys_enter_rt_sigaction
sys_enter_rt_sigaction
sys_enter_rt_sigaction
sys_enter_rt_sigaction
sys_enter_rt_sigaction
sys_enter_rt_sigaction
sys_enter_rt_sigaction
sys_enter_rt_sigaction
sys_enter_rt_sigaction
sys_enter_rt_sigaction
sys_enter_rt_sigaction
sys_enter_rt_sigaction
sys_enter_rt_sigaction
sys_enter_rt_sigaction
sys_enter_rt_sigaction
sys_enter_rt_sigaction
sys_enter_rt_sigaction
sys_enter_rt_sigaction
sys_enter_rt_sigaction
sys_enter_rt_sigaction
sys_enter_rt_sigaction
sys_enter_rt_sigaction
sys_enter_rt_sigaction
sys_enter_rt_sigaction
sys_enter_rt_sigaction
sys_enter_rt_sigaction
sys_enter_rt_sigaction
sys_enter_rt_sigaction
sys_enter_rt_sigaction
sys_enter_rt_sigaction
sys_enter_rt_sigaction
sys_enter_rt_sigaction
sys_enter_rt_sigaction
sys_enter_rt_sigaction
sys_enter_rt_sigaction
sys_enter_rt_sigaction
sys_enter_rt_sigaction
sys_enter_rt_sigprocmask
sys_enter_clone
sys_enter_rt_sigprocmask
sys_enter_gettid
sys_enter_sigaltstack
sys_enter_sigaltstack
sys_enter_gettid
sys_enter_rt_sigprocmask
sys_enter_rt_sigprocmask
sys_enter_clone
sys_enter_rt_sigprocmask
sys_enter_gettid
sys_enter_sigaltstack
sys_enter_sigaltstack
sys_enter_gettid
sys_enter_rt_sigprocmask
sys_enter_rt_sigprocmask
sys_enter_clone
sys_enter_rt_sigprocmask
sys_enter_futex
sys_enter_gettid
sys_enter_sigaltstack
sys_enter_sigaltstack
sys_enter_gettid
sys_enter_rt_sigprocmask
sys_enter_futex
sys_enter_rt_sigprocmask
sys_enter_clone
sys_enter_rt_sigprocmask
sys_enter_futex
sys_enter_futex
sys_enter_gettid
sys_enter_sigaltstack
sys_enter_sigaltstack
sys_enter_gettid
sys_enter_rt_sigprocmask
sys_enter_mmap
sys_enter_futex
sys_enter_futex
sys_enter_futex
sys_enter_openat
sys_enter_futex
sys_enter_futex
sys_enter_mmap
sys_enter_mmap
sys_enter_read
sys_enter_read
sys_enter_close
sys_enter_socket
sys_enter_close
sys_enter_socket
sys_enter_setsockopt
sys_enter_bind
sys_enter_socket
sys_enter_setsockopt
sys_enter_bind
sys_enter_close
sys_enter_close
sys_enter_getpid
sys_enter_getppid
sys_enter_mmap
sys_enter_mmap
sys_enter_getppid
sys_enter_openat
sys_enter_pipe2
sys_enter_getpid
sys_enter_clone
sys_enter_setsid
sys_enter_close
sys_enter_read
sys_enter_chdir
sys_enter_execve
sys_enter_close
sys_enter_mmap
sys_enter_exit_group
sys_enter_mmap
sys_enter_mprotect
sys_enter_mmap
sys_enter_mmap
sys_enter_mprotect
sys_enter_mmap
sys_enter_mprotect
sys_enter_mmap
sys_enter_mprotect
sys_enter_mmap
sys_enter_mmap
sys_enter_close
sys_enter_munmap
sys_enter_sched_getaffinity
sys_enter_mmap
sys_enter_munmap
sys_enter_mmap
sys_enter_mmap
sys_enter_mmap
sys_enter_mmap
sys_enter_mmap
sys_enter_mmap
sys_enter_rt_sigprocmask
sys_enter_sigaltstack
sys_enter_sigaltstack
sys_enter_gettid
sys_enter_rt_sigprocmask
sys_enter_rt_sigaction
sys_enter_rt_sigaction
sys_enter_rt_sigaction
sys_enter_rt_sigaction
sys_enter_rt_sigaction
sys_enter_rt_sigaction
sys_enter_rt_sigaction
sys_enter_rt_sigaction
sys_enter_rt_sigaction
sys_enter_rt_sigaction
sys_enter_rt_sigaction
sys_enter_rt_sigaction
sys_enter_rt_sigaction
sys_enter_rt_sigaction
sys_enter_rt_sigaction
sys_enter_rt_sigaction
sys_enter_rt_sigaction
sys_enter_rt_sigaction
sys_enter_rt_sigaction
sys_enter_rt_sigaction
sys_enter_rt_sigaction
sys_enter_rt_sigaction
sys_enter_rt_sigaction
sys_enter_rt_sigaction
sys_enter_rt_sigaction
sys_enter_rt_sigaction
sys_enter_rt_sigaction
sys_enter_rt_sigaction
sys_enter_rt_sigaction
sys_enter_rt_sigaction
sys_enter_rt_sigaction
sys_enter_rt_sigaction
sys_enter_rt_sigaction
sys_enter_rt_sigaction
sys_enter_rt_sigaction
sys_enter_rt_sigaction
sys_enter_rt_sigaction
sys_enter_rt_sigaction
sys_enter_rt_sigaction
sys_enter_rt_sigaction
sys_enter_rt_sigaction
sys_enter_rt_sigaction
sys_enter_rt_sigaction
sys_enter_rt_sigaction
sys_enter_rt_sigaction
sys_enter_rt_sigaction
sys_enter_rt_sigaction
sys_enter_rt_sigaction
sys_enter_rt_sigaction
sys_enter_rt_sigaction
sys_enter_rt_sigaction
sys_enter_rt_sigaction
sys_enter_rt_sigaction
sys_enter_rt_sigaction
sys_enter_rt_sigaction
sys_enter_rt_sigaction
sys_enter_rt_sigaction
sys_enter_rt_sigaction
sys_enter_rt_sigaction
sys_enter_rt_sigaction
sys_enter_rt_sigaction
sys_enter_rt_sigaction
sys_enter_rt_sigaction
sys_enter_rt_sigaction
sys_enter_rt_sigaction
sys_enter_rt_sigaction
sys_enter_rt_sigaction
sys_enter_rt_sigaction
sys_enter_rt_sigaction
sys_enter_rt_sigaction
sys_enter_rt_sigaction
sys_enter_rt_sigaction
sys_enter_rt_sigaction
sys_enter_rt_sigaction
sys_enter_rt_sigaction
sys_enter_rt_sigaction
sys_enter_rt_sigaction
sys_enter_rt_sigaction
sys_enter_rt_sigaction
sys_enter_rt_sigaction
sys_enter_rt_sigaction
sys_enter_rt_sigaction
sys_enter_rt_sigaction
sys_enter_rt_sigaction
sys_enter_rt_sigaction
sys_enter_rt_sigaction
sys_enter_rt_sigaction
sys_enter_rt_sigaction
sys_enter_rt_sigaction
sys_enter_rt_sigaction
sys_enter_rt_sigaction
sys_enter_rt_sigaction
sys_enter_rt_sigaction
sys_enter_rt_sigaction
sys_enter_rt_sigaction
sys_enter_rt_sigaction
sys_enter_rt_sigaction
sys_enter_rt_sigaction
sys_enter_rt_sigaction
sys_enter_rt_sigaction
sys_enter_rt_sigaction
sys_enter_rt_sigaction
sys_enter_rt_sigaction
sys_enter_rt_sigaction
sys_enter_rt_sigaction
sys_enter_rt_sigaction
sys_enter_rt_sigaction
sys_enter_rt_sigaction
sys_enter_rt_sigaction
sys_enter_rt_sigaction
sys_enter_rt_sigaction
sys_enter_rt_sigaction
sys_enter_rt_sigaction
sys_enter_rt_sigaction
sys_enter_rt_sigprocmask
sys_enter_clone
sys_enter_rt_sigprocmask
sys_enter_gettid
sys_enter_sigaltstack
sys_enter_sigaltstack
sys_enter_gettid
sys_enter_rt_sigprocmask
sys_enter_rt_sigprocmask
sys_enter_clone
sys_enter_rt_sigprocmask
sys_enter_gettid
sys_enter_sigaltstack
sys_enter_sigaltstack
sys_enter_gettid
sys_enter_rt_sigprocmask
sys_enter_rt_sigprocmask
sys_enter_clone
sys_enter_rt_sigprocmask
sys_enter_futex
sys_enter_gettid
sys_enter_sigaltstack
sys_enter_sigaltstack
sys_enter_gettid
sys_enter_rt_sigprocmask
sys_enter_futex
sys_enter_futex
sys_enter_rt_sigprocmask
sys_enter_clone
sys_enter_rt_sigprocmask
sys_enter_futex
sys_enter_gettid
sys_enter_sigaltstack
sys_enter_sigaltstack
sys_enter_gettid
sys_enter_rt_sigprocmask
sys_enter_futex
sys_enter_futex
sys_enter_mmap
sys_enter_futex
sys_enter_futex
sys_enter_futex
sys_enter_openat
sys_enter_read
sys_enter_read
sys_enter_close
sys_enter_socket
sys_enter_close
sys_enter_socket
sys_enter_setsockopt
sys_enter_bind
sys_enter_socket
sys_enter_setsockopt
sys_enter_bind
sys_enter_close
sys_enter_close
sys_enter_getpid
sys_enter_getppid
sys_enter_mmap
sys_enter_mmap
sys_enter_getppid
sys_enter_openat
sys_enter_pipe2
sys_enter_getpid
sys_enter_clone
sys_enter_setsid
sys_enter_close
sys_enter_read
sys_enter_chdir
sys_enter_execve
sys_enter_close
sys_enter_exit_group
sys_enter_mmap
sys_enter_mmap
sys_enter_mprotect
sys_enter_mmap
sys_enter_mmap
sys_enter_mprotect
sys_enter_mmap
sys_enter_mprotect
sys_enter_mmap
sys_enter_mprotect
sys_enter_mmap
sys_enter_mmap
sys_enter_close
sys_enter_munmap
sys_enter_sched_getaffinity
sys_enter_mmap
sys_enter_munmap
sys_enter_mmap
sys_enter_mmap
sys_enter_mmap
sys_enter_mmap
sys_enter_mmap
sys_enter_mmap
sys_enter_rt_sigprocmask
sys_enter_sigaltstack
sys_enter_sigaltstack
sys_enter_gettid
sys_enter_rt_sigprocmask
sys_enter_rt_sigaction
sys_enter_rt_sigaction
sys_enter_rt_sigaction
sys_enter_rt_sigaction
sys_enter_rt_sigaction
sys_enter_rt_sigaction
sys_enter_rt_sigaction
sys_enter_rt_sigaction
sys_enter_rt_sigaction
sys_enter_rt_sigaction
sys_enter_rt_sigaction
sys_enter_rt_sigaction
sys_enter_rt_sigaction
sys_enter_rt_sigaction
sys_enter_rt_sigaction
sys_enter_rt_sigaction
sys_enter_rt_sigaction
sys_enter_rt_sigaction
sys_enter_rt_sigaction
sys_enter_rt_sigaction
sys_enter_rt_sigaction
sys_enter_rt_sigaction
sys_enter_rt_sigaction
sys_enter_rt_sigaction
sys_enter_rt_sigaction
sys_enter_rt_sigaction
sys_enter_rt_sigaction
sys_enter_rt_sigaction
sys_enter_rt_sigaction
sys_enter_rt_sigaction
sys_enter_rt_sigaction
sys_enter_rt_sigaction
sys_enter_rt_sigaction
sys_enter_rt_sigaction
sys_enter_rt_sigaction
sys_enter_rt_sigaction
sys_enter_rt_sigaction
sys_enter_rt_sigaction
sys_enter_rt_sigaction
sys_enter_rt_sigaction
sys_enter_rt_sigaction
sys_enter_rt_sigaction
sys_enter_rt_sigaction
sys_enter_rt_sigaction
sys_enter_rt_sigaction
sys_enter_rt_sigaction
sys_enter_rt_sigaction
sys_enter_rt_sigaction
sys_enter_rt_sigaction
sys_enter_rt_sigaction
sys_enter_rt_sigaction
sys_enter_rt_sigaction
sys_enter_rt_sigaction
sys_enter_rt_sigaction
sys_enter_rt_sigaction
sys_enter_rt_sigaction
sys_enter_rt_sigaction
sys_enter_rt_sigaction
sys_enter_rt_sigaction
sys_enter_rt_sigaction
sys_enter_rt_sigaction
sys_enter_rt_sigaction
sys_enter_rt_sigaction
sys_enter_rt_sigaction
sys_enter_rt_sigaction
sys_enter_rt_sigaction
sys_enter_rt_sigaction
sys_enter_rt_sigaction
sys_enter_rt_sigaction
sys_enter_rt_sigaction
sys_enter_rt_sigaction
sys_enter_rt_sigaction
sys_enter_rt_sigaction
sys_enter_rt_sigaction
sys_enter_rt_sigaction
sys_enter_rt_sigaction
sys_enter_rt_sigaction
sys_enter_rt_sigaction
sys_enter_rt_sigaction
sys_enter_rt_sigaction
sys_enter_rt_sigaction
sys_enter_rt_sigaction
sys_enter_rt_sigaction
sys_enter_rt_sigaction
sys_enter_rt_sigaction
sys_enter_rt_sigaction
sys_enter_rt_sigaction
sys_enter_rt_sigaction
sys_enter_rt_sigaction
sys_enter_rt_sigaction
sys_enter_rt_sigaction
sys_enter_rt_sigaction
sys_enter_rt_sigaction
sys_enter_rt_sigaction
sys_enter_rt_sigaction
sys_enter_rt_sigaction
sys_enter_rt_sigaction
sys_enter_rt_sigaction
sys_enter_rt_sigaction
sys_enter_rt_sigaction
sys_enter_rt_sigaction
sys_enter_rt_sigaction
sys_enter_rt_sigaction
sys_enter_rt_sigaction
sys_enter_rt_sigaction
sys_enter_rt_sigaction
sys_enter_rt_sigaction
sys_enter_rt_sigaction
sys_enter_rt_sigaction
sys_enter_rt_sigaction
sys_enter_rt_sigaction
sys_enter_rt_sigaction
sys_enter_rt_sigaction
sys_enter_rt_sigaction
sys_enter_rt_sigprocmask
sys_enter_clone
sys_enter_rt_sigprocmask
sys_enter_gettid
sys_enter_sigaltstack
sys_enter_sigaltstack
sys_enter_gettid
sys_enter_rt_sigprocmask
sys_enter_rt_sigprocmask
sys_enter_clone
sys_enter_rt_sigprocmask
sys_enter_gettid
sys_enter_sigaltstack
sys_enter_sigaltstack
sys_enter_gettid
sys_enter_rt_sigprocmask
sys_enter_rt_sigprocmask
sys_enter_clone
sys_enter_rt_sigprocmask
sys_enter_futex
sys_enter_rt_sigprocmask
sys_enter_clone
sys_enter_gettid
sys_enter_rt_sigprocmask
sys_enter_sigaltstack
sys_enter_sigaltstack
sys_enter_gettid
sys_enter_rt_sigprocmask
sys_enter_futex
sys_enter_futex
sys_enter_gettid
sys_enter_sigaltstack
sys_enter_sigaltstack
sys_enter_gettid
sys_enter_rt_sigprocmask
sys_enter_futex
sys_enter_futex
sys_enter_futex
sys_enter_mmap
sys_enter_futex
sys_enter_futex
sys_enter_futex
sys_enter_openat
sys_enter_futex
sys_enter_futex
sys_enter_read
sys_enter_read
sys_enter_close
sys_enter_socket
sys_enter_futex
sys_enter_futex
sys_enter_futex
sys_enter_futex
sys_enter_close
sys_enter_socket
sys_enter_setsockopt
sys_enter_bind
sys_enter_socket
sys_enter_setsockopt
sys_enter_bind
sys_enter_close
sys_enter_close
sys_enter_mmap
sys_enter_mmap
sys_enter_getpid
sys_enter_getppid
sys_enter_mmap
sys_enter_mmap
sys_enter_getppid
sys_enter_openat
sys_enter_pipe2
sys_enter_getpid
sys_enter_clone
sys_enter_setsid
sys_enter_close
sys_enter_read
sys_enter_chdir
sys_enter_execve
sys_enter_close
sys_enter_exit_group
sys_enter_mmap
sys_enter_mmap
sys_enter_mprotect
sys_enter_mmap
sys_enter_mmap
sys_enter_mprotect
sys_enter_mmap
sys_enter_mprotect
sys_enter_mmap
sys_enter_mprotect
sys_enter_mmap
sys_enter_mmap
sys_enter_close
sys_enter_munmap
sys_enter_sched_getaffinity
sys_enter_mmap
sys_enter_munmap
sys_enter_mmap
sys_enter_mmap
sys_enter_mmap
sys_enter_mmap
sys_enter_mmap
sys_enter_mmap
sys_enter_rt_sigprocmask
sys_enter_sigaltstack
sys_enter_sigaltstack
sys_enter_gettid
sys_enter_rt_sigprocmask
sys_enter_rt_sigaction
sys_enter_rt_sigaction
sys_enter_rt_sigaction
sys_enter_rt_sigaction
sys_enter_rt_sigaction
sys_enter_rt_sigaction
sys_enter_rt_sigaction
sys_enter_rt_sigaction
sys_enter_rt_sigaction
sys_enter_rt_sigaction
sys_enter_rt_sigaction
sys_enter_rt_sigaction
sys_enter_rt_sigaction
sys_enter_rt_sigaction
sys_enter_rt_sigaction
sys_enter_rt_sigaction
sys_enter_rt_sigaction
sys_enter_rt_sigaction
sys_enter_rt_sigaction
sys_enter_rt_sigaction
sys_enter_rt_sigaction
sys_enter_rt_sigaction
sys_enter_rt_sigaction
sys_enter_rt_sigaction
sys_enter_rt_sigaction
sys_enter_rt_sigaction
sys_enter_rt_sigaction
sys_enter_rt_sigaction
sys_enter_rt_sigaction
sys_enter_rt_sigaction
sys_enter_rt_sigaction
sys_enter_rt_sigaction
sys_enter_rt_sigaction
sys_enter_rt_sigaction
sys_enter_rt_sigaction
sys_enter_rt_sigaction
sys_enter_rt_sigaction
sys_enter_rt_sigaction
sys_enter_rt_sigaction
sys_enter_rt_sigaction
sys_enter_rt_sigaction
sys_enter_rt_sigaction
sys_enter_rt_sigaction
sys_enter_rt_sigaction
sys_enter_rt_sigaction
sys_enter_rt_sigaction
sys_enter_rt_sigaction
sys_enter_rt_sigaction
sys_enter_rt_sigaction
sys_enter_rt_sigaction
sys_enter_rt_sigaction
sys_enter_rt_sigaction
sys_enter_rt_sigaction
sys_enter_rt_sigaction
sys_enter_rt_sigaction
sys_enter_rt_sigaction
sys_enter_rt_sigaction
sys_enter_rt_sigaction
sys_enter_rt_sigaction
sys_enter_rt_sigaction
sys_enter_rt_sigaction
sys_enter_rt_sigaction
sys_enter_rt_sigaction
sys_enter_rt_sigaction
sys_enter_rt_sigaction
sys_enter_rt_sigaction
sys_enter_rt_sigaction
sys_enter_rt_sigaction
sys_enter_rt_sigaction
sys_enter_rt_sigaction
sys_enter_rt_sigaction
sys_enter_rt_sigaction
sys_enter_rt_sigaction
sys_enter_rt_sigaction
sys_enter_rt_sigaction
sys_enter_rt_sigaction
sys_enter_rt_sigaction
sys_enter_rt_sigaction
sys_enter_rt_sigaction
sys_enter_rt_sigaction
sys_enter_rt_sigaction
sys_enter_rt_sigaction
sys_enter_rt_sigaction
sys_enter_rt_sigaction
sys_enter_rt_sigaction
sys_enter_rt_sigaction
sys_enter_rt_sigaction
sys_enter_rt_sigaction
sys_enter_rt_sigaction
sys_enter_rt_sigaction
sys_enter_rt_sigaction
sys_enter_rt_sigaction
sys_enter_rt_sigaction
sys_enter_rt_sigaction
sys_enter_rt_sigaction
sys_enter_rt_sigaction
sys_enter_rt_sigaction
sys_enter_rt_sigaction
sys_enter_rt_sigaction
sys_enter_rt_sigaction
sys_enter_rt_sigaction
sys_enter_rt_sigaction
sys_enter_rt_sigaction
sys_enter_rt_sigaction
sys_enter_rt_sigaction
sys_enter_rt_sigaction
sys_enter_rt_sigaction
sys_enter_rt_sigaction
sys_enter_rt_sigaction
sys_enter_rt_sigaction
sys_enter_rt_sigaction
sys_enter_rt_sigaction
sys_enter_rt_sigaction
sys_enter_rt_sigaction
sys_enter_rt_sigprocmask
sys_enter_clone
sys_enter_rt_sigprocmask
sys_enter_gettid
sys_enter_sigaltstack
sys_enter_sigaltstack
sys_enter_gettid
sys_enter_rt_sigprocmask
sys_enter_rt_sigprocmask
sys_enter_clone
sys_enter_rt_sigprocmask
sys_enter_gettid
sys_enter_sigaltstack
sys_enter_sigaltstack
sys_enter_gettid
sys_enter_rt_sigprocmask
sys_enter_rt_sigprocmask
sys_enter_clone
sys_enter_rt_sigprocmask
sys_enter_futex
sys_enter_rt_sigprocmask
sys_enter_clone
sys_enter_gettid
sys_enter_sigaltstack
sys_enter_sigaltstack
sys_enter_gettid
sys_enter_rt_sigprocmask
sys_enter_gettid
sys_enter_sigaltstack
sys_enter_sigaltstack
sys_enter_gettid
sys_enter_rt_sigprocmask
sys_enter_rt_sigprocmask
sys_enter_futex
sys_enter_futex
sys_enter_futex
sys_enter_futex
sys_enter_futex
sys_enter_mmap
sys_enter_futex
sys_enter_futex
sys_enter_futex
sys_enter_openat
sys_enter_read
sys_enter_read
sys_enter_close
sys_enter_socket
sys_enter_close
sys_enter_socket
sys_enter_setsockopt
sys_enter_bind
sys_enter_socket
sys_enter_setsockopt
sys_enter_bind
sys_enter_close
sys_enter_close
sys_enter_getpid
sys_enter_getppid
sys_enter_mmap
sys_enter_mmap
sys_enter_getppid
sys_enter_openat
sys_enter_pipe2
sys_enter_getpid
sys_enter_clone
sys_enter_setsid
sys_enter_close
sys_enter_read
sys_enter_chdir
sys_enter_execve
sys_enter_close
sys_enter_exit_group
sys_enter_mmap
sys_enter_mmap
sys_enter_mprotect
sys_enter_mmap
sys_enter_mmap
sys_enter_mprotect
sys_enter_mmap
sys_enter_mprotect
sys_enter_mmap
sys_enter_mprotect
sys_enter_mmap
sys_enter_mmap
sys_enter_close
sys_enter_munmap
sys_enter_sched_getaffinity
sys_enter_mmap
sys_enter_munmap
sys_enter_mmap
sys_enter_mmap
sys_enter_mmap
sys_enter_mmap
sys_enter_mmap
sys_enter_mmap
sys_enter_rt_sigprocmask
sys_enter_sigaltstack
sys_enter_sigaltstack
sys_enter_gettid
sys_enter_rt_sigprocmask
sys_enter_rt_sigaction
sys_enter_rt_sigaction
sys_enter_rt_sigaction
sys_enter_rt_sigaction
sys_enter_rt_sigaction
sys_enter_rt_sigaction
sys_enter_rt_sigaction
sys_enter_rt_sigaction
sys_enter_rt_sigaction
sys_enter_rt_sigaction
sys_enter_rt_sigaction
sys_enter_rt_sigaction
sys_enter_rt_sigaction
sys_enter_rt_sigaction
sys_enter_rt_sigaction
sys_enter_rt_sigaction
sys_enter_rt_sigaction
sys_enter_rt_sigaction
sys_enter_rt_sigaction
sys_enter_rt_sigaction
sys_enter_rt_sigaction
sys_enter_rt_sigaction
sys_enter_rt_sigaction
sys_enter_rt_sigaction
sys_enter_rt_sigaction
sys_enter_rt_sigaction
sys_enter_rt_sigaction
sys_enter_rt_sigaction
sys_enter_rt_sigaction
sys_enter_rt_sigaction
sys_enter_rt_sigaction
sys_enter_rt_sigaction
sys_enter_rt_sigaction
sys_enter_rt_sigaction
sys_enter_rt_sigaction
sys_enter_rt_sigaction
sys_enter_rt_sigaction
sys_enter_rt_sigaction
sys_enter_rt_sigaction
sys_enter_rt_sigaction
sys_enter_rt_sigaction
sys_enter_rt_sigaction
sys_enter_rt_sigaction
sys_enter_rt_sigaction
sys_enter_rt_sigaction
sys_enter_rt_sigaction
sys_enter_rt_sigaction
sys_enter_rt_sigaction
sys_enter_rt_sigaction
sys_enter_rt_sigaction
sys_enter_rt_sigaction
sys_enter_rt_sigaction
sys_enter_rt_sigaction
sys_enter_rt_sigaction
sys_enter_rt_sigaction
sys_enter_rt_sigaction
sys_enter_rt_sigaction
sys_enter_rt_sigaction
sys_enter_rt_sigaction
sys_enter_rt_sigaction
sys_enter_rt_sigaction
sys_enter_rt_sigaction
sys_enter_rt_sigaction
sys_enter_rt_sigaction
sys_enter_rt_sigaction
sys_enter_rt_sigaction
sys_enter_rt_sigaction
sys_enter_rt_sigaction
sys_enter_rt_sigaction
sys_enter_rt_sigaction
sys_enter_rt_sigaction
sys_enter_rt_sigaction
sys_enter_rt_sigaction
sys_enter_rt_sigaction
sys_enter_rt_sigaction
sys_enter_rt_sigaction
sys_enter_rt_sigaction
sys_enter_rt_sigaction
sys_enter_rt_sigaction
sys_enter_rt_sigaction
sys_enter_rt_sigaction
sys_enter_rt_sigaction
sys_enter_rt_sigaction
sys_enter_rt_sigaction
sys_enter_rt_sigaction
sys_enter_rt_sigaction
sys_enter_rt_sigaction
sys_enter_rt_sigaction
sys_enter_rt_sigaction
sys_enter_rt_sigaction
sys_enter_rt_sigaction
sys_enter_rt_sigaction
sys_enter_rt_sigaction
sys_enter_rt_sigaction
sys_enter_rt_sigaction
sys_enter_rt_sigaction
sys_enter_rt_sigaction
sys_enter_rt_sigaction
sys_enter_rt_sigaction
sys_enter_rt_sigaction
sys_enter_rt_sigaction
sys_enter_rt_sigaction
sys_enter_rt_sigaction
sys_enter_rt_sigaction
sys_enter_rt_sigaction
sys_enter_rt_sigaction
sys_enter_rt_sigaction
sys_enter_rt_sigaction
sys_enter_rt_sigaction
sys_enter_rt_sigaction
sys_enter_rt_sigaction
sys_enter_rt_sigaction
sys_enter_rt_sigaction
sys_enter_rt_sigaction
sys_enter_rt_sigprocmask
sys_enter_clone
sys_enter_rt_sigprocmask
sys_enter_gettid
sys_enter_sigaltstack
sys_enter_sigaltstack
sys_enter_gettid
sys_enter_rt_sigprocmask
sys_enter_rt_sigprocmask
sys_enter_clone
sys_enter_rt_sigprocmask
sys_enter_gettid
sys_enter_sigaltstack
sys_enter_sigaltstack
sys_enter_gettid
sys_enter_rt_sigprocmask
sys_enter_rt_sigprocmask
sys_enter_clone
sys_enter_rt_sigprocmask
sys_enter_clone
sys_enter_rt_sigprocmask
sys_enter_rt_sigprocmask
sys_enter_futex
sys_enter_gettid
sys_enter_sigaltstack
sys_enter_sigaltstack
sys_enter_gettid
sys_enter_rt_sigprocmask
sys_enter_futex
sys_enter_futex
sys_enter_futex
sys_enter_gettid
sys_enter_sigaltstack
sys_enter_sigaltstack
sys_enter_gettid
sys_enter_rt_sigprocmask
sys_enter_futex
sys_enter_futex
sys_enter_mmap
sys_enter_futex
sys_enter_futex
sys_enter_futex
sys_enter_openat
sys_enter_read
sys_enter_read
sys_enter_close
sys_enter_socket
sys_enter_close
sys_enter_socket
sys_enter_setsockopt
sys_enter_bind
sys_enter_socket
sys_enter_setsockopt
sys_enter_bind
sys_enter_close
sys_enter_close
sys_enter_getpid
sys_enter_getppid
sys_enter_mmap
sys_enter_mmap
sys_enter_getppid
sys_enter_openat
sys_enter_pipe2
sys_enter_getpid
sys_enter_clone
sys_enter_setsid
sys_enter_close
sys_enter_read
sys_enter_chdir
sys_enter_execve
sys_enter_close
sys_enter_mmap
sys_enter_mmap
sys_enter_exit_group
sys_enter_mprotect
sys_enter_mmap
sys_enter_mmap
sys_enter_mprotect
sys_enter_mmap
sys_enter_mprotect
sys_enter_mmap
sys_enter_mprotect
sys_enter_mmap
sys_enter_mmap
sys_enter_close
sys_enter_munmap
sys_enter_sched_getaffinity
sys_enter_mmap
sys_enter_munmap
sys_enter_mmap
sys_enter_mmap
sys_enter_mmap
sys_enter_mmap
sys_enter_mmap
sys_enter_mmap
sys_enter_rt_sigprocmask
sys_enter_sigaltstack
sys_enter_sigaltstack
sys_enter_gettid
sys_enter_rt_sigprocmask
sys_enter_rt_sigaction
sys_enter_rt_sigaction
sys_enter_rt_sigaction
sys_enter_rt_sigaction
sys_enter_rt_sigaction
sys_enter_rt_sigaction
sys_enter_rt_sigaction
sys_enter_rt_sigaction
sys_enter_rt_sigaction
sys_enter_rt_sigaction
sys_enter_rt_sigaction
sys_enter_rt_sigaction
sys_enter_rt_sigaction
sys_enter_rt_sigaction
sys_enter_rt_sigaction
sys_enter_rt_sigaction
sys_enter_rt_sigaction
sys_enter_rt_sigaction
sys_enter_rt_sigaction
sys_enter_rt_sigaction
sys_enter_rt_sigaction
sys_enter_rt_sigaction
sys_enter_rt_sigaction
sys_enter_rt_sigaction
sys_enter_rt_sigaction
sys_enter_rt_sigaction
sys_enter_rt_sigaction
sys_enter_rt_sigaction
sys_enter_rt_sigaction
sys_enter_rt_sigaction
sys_enter_rt_sigaction
sys_enter_rt_sigaction
sys_enter_rt_sigaction
sys_enter_rt_sigaction
sys_enter_rt_sigaction
sys_enter_rt_sigaction
sys_enter_rt_sigaction
sys_enter_rt_sigaction
sys_enter_rt_sigaction
sys_enter_rt_sigaction
sys_enter_rt_sigaction
sys_enter_rt_sigaction
sys_enter_rt_sigaction
sys_enter_rt_sigaction
sys_enter_rt_sigaction
sys_enter_rt_sigaction
sys_enter_rt_sigaction
sys_enter_rt_sigaction
sys_enter_rt_sigaction
sys_enter_rt_sigaction
sys_enter_rt_sigaction
sys_enter_rt_sigaction
sys_enter_rt_sigaction
sys_enter_rt_sigaction
sys_enter_rt_sigaction
sys_enter_rt_sigaction
sys_enter_rt_sigaction
sys_enter_rt_sigaction
sys_enter_rt_sigaction
sys_enter_rt_sigaction
sys_enter_rt_sigaction
sys_enter_rt_sigaction
sys_enter_rt_sigaction
sys_enter_rt_sigaction
sys_enter_rt_sigaction
sys_enter_rt_sigaction
sys_enter_rt_sigaction
sys_enter_rt_sigaction
sys_enter_rt_sigaction
sys_enter_rt_sigaction
sys_enter_rt_sigaction
sys_enter_rt_sigaction
sys_enter_rt_sigaction
sys_enter_rt_sigaction
sys_enter_rt_sigaction
sys_enter_rt_sigaction
sys_enter_rt_sigaction
sys_enter_rt_sigaction
sys_enter_rt_sigaction
sys_enter_rt_sigaction
sys_enter_rt_sigaction
sys_enter_rt_sigaction
sys_enter_rt_sigaction
sys_enter_rt_sigaction
sys_enter_rt_sigaction
sys_enter_rt_sigaction
sys_enter_rt_sigaction
sys_enter_rt_sigaction
sys_enter_rt_sigaction
sys_enter_rt_sigaction
sys_enter_rt_sigaction
sys_enter_rt_sigaction
sys_enter_rt_sigaction
sys_enter_rt_sigaction
sys_enter_rt_sigaction
sys_enter_rt_sigaction
sys_enter_rt_sigaction
sys_enter_rt_sigaction
sys_enter_rt_sigaction
sys_enter_rt_sigaction
sys_enter_rt_sigaction
sys_enter_rt_sigaction
sys_enter_rt_sigaction
sys_enter_rt_sigaction
sys_enter_rt_sigaction
sys_enter_rt_sigaction
sys_enter_rt_sigaction
sys_enter_rt_sigaction
sys_enter_rt_sigaction
sys_enter_rt_sigaction
sys_enter_rt_sigaction
sys_enter_rt_sigaction
sys_enter_rt_sigaction
sys_enter_rt_sigaction
sys_enter_rt_sigprocmask
sys_enter_clone
sys_enter_rt_sigprocmask
sys_enter_gettid
sys_enter_sigaltstack
sys_enter_sigaltstack
sys_enter_gettid
sys_enter_rt_sigprocmask
sys_enter_rt_sigprocmask
sys_enter_clone
sys_enter_rt_sigprocmask
sys_enter_gettid
sys_enter_sigaltstack
sys_enter_sigaltstack
sys_enter_rt_sigprocmask
sys_enter_clone
sys_enter_gettid
sys_enter_rt_sigprocmask
sys_enter_rt_sigprocmask
sys_enter_futex
sys_enter_gettid
sys_enter_sigaltstack
sys_enter_sigaltstack
sys_enter_gettid
sys_enter_rt_sigprocmask
sys_enter_clone
sys_enter_rt_sigprocmask
sys_enter_futex
sys_enter_futex
sys_enter_rt_sigprocmask
sys_enter_futex
sys_enter_gettid
sys_enter_sigaltstack
sys_enter_sigaltstack
sys_enter_gettid
sys_enter_rt_sigprocmask
sys_enter_futex
sys_enter_futex
sys_enter_mmap
sys_enter_futex
sys_enter_futex
sys_enter_futex
sys_enter_openat
sys_enter_read
sys_enter_read
sys_enter_close
sys_enter_socket
sys_enter_close
sys_enter_socket
sys_enter_setsockopt
sys_enter_bind
sys_enter_socket
sys_enter_setsockopt
sys_enter_bind
sys_enter_close
sys_enter_close
sys_enter_getpid
sys_enter_getppid
sys_enter_mmap
sys_enter_mmap
sys_enter_getppid
sys_enter_openat
sys_enter_pipe2
sys_enter_getpid
sys_enter_clone
sys_enter_setsid
sys_enter_close
sys_enter_read
sys_enter_chdir
sys_enter_execve
sys_enter_close
sys_enter_exit_group
sys_enter_mmap
sys_enter_mmap
sys_enter_mprotect
sys_enter_mmap
sys_enter_mmap
sys_enter_mprotect
sys_enter_mmap
sys_enter_mprotect
sys_enter_mmap
sys_enter_mprotect
sys_enter_mmap
sys_enter_mmap
sys_enter_close
sys_enter_munmap
sys_enter_sched_getaffinity
sys_enter_mmap
sys_enter_munmap
sys_enter_mmap
sys_enter_mmap
sys_enter_mmap
sys_enter_mmap
sys_enter_mmap
sys_enter_mmap
sys_enter_rt_sigprocmask
sys_enter_sigaltstack
sys_enter_sigaltstack
sys_enter_gettid
sys_enter_rt_sigprocmask
sys_enter_rt_sigaction
sys_enter_rt_sigaction
sys_enter_rt_sigaction
sys_enter_rt_sigaction
sys_enter_rt_sigaction
sys_enter_rt_sigaction
sys_enter_rt_sigaction
sys_enter_rt_sigaction
sys_enter_rt_sigaction
sys_enter_rt_sigaction
sys_enter_rt_sigaction
sys_enter_rt_sigaction
sys_enter_rt_sigaction
sys_enter_rt_sigaction
sys_enter_rt_sigaction
sys_enter_rt_sigaction
sys_enter_rt_sigaction
sys_enter_rt_sigaction
sys_enter_rt_sigaction
sys_enter_rt_sigaction
sys_enter_rt_sigaction
sys_enter_rt_sigaction
sys_enter_rt_sigaction
sys_enter_rt_sigaction
sys_enter_rt_sigaction
sys_enter_rt_sigaction
sys_enter_rt_sigaction
sys_enter_rt_sigaction
sys_enter_rt_sigaction
sys_enter_rt_sigaction
sys_enter_rt_sigaction
sys_enter_rt_sigaction
sys_enter_rt_sigaction
sys_enter_rt_sigaction
sys_enter_rt_sigaction
sys_enter_rt_sigaction
sys_enter_rt_sigaction
sys_enter_rt_sigaction
sys_enter_rt_sigaction
sys_enter_rt_sigaction
sys_enter_rt_sigaction
sys_enter_rt_sigaction
sys_enter_rt_sigaction
sys_enter_rt_sigaction
sys_enter_rt_sigaction
sys_enter_rt_sigaction
sys_enter_rt_sigaction
sys_enter_rt_sigaction
sys_enter_rt_sigaction
sys_enter_rt_sigaction
sys_enter_rt_sigaction
sys_enter_rt_sigaction
sys_enter_rt_sigaction
sys_enter_rt_sigaction
sys_enter_rt_sigaction
sys_enter_rt_sigaction
sys_enter_rt_sigaction
sys_enter_rt_sigaction
sys_enter_rt_sigaction
sys_enter_rt_sigaction
sys_enter_rt_sigaction
sys_enter_rt_sigaction
sys_enter_rt_sigaction
sys_enter_rt_sigaction
sys_enter_rt_sigaction
sys_enter_rt_sigaction
sys_enter_rt_sigaction
sys_enter_rt_sigaction
sys_enter_rt_sigaction
sys_enter_rt_sigaction
sys_enter_rt_sigaction
sys_enter_rt_sigaction
sys_enter_rt_sigaction
sys_enter_rt_sigaction
sys_enter_rt_sigaction
sys_enter_rt_sigaction
sys_enter_rt_sigaction
sys_enter_rt_sigaction
sys_enter_rt_sigaction
sys_enter_rt_sigaction
sys_enter_rt_sigaction
sys_enter_rt_sigaction
sys_enter_rt_sigaction
sys_enter_rt_sigaction
sys_enter_rt_sigaction
sys_enter_rt_sigaction
sys_enter_rt_sigaction
sys_enter_rt_sigaction
sys_enter_rt_sigaction
sys_enter_rt_sigaction
sys_enter_rt_sigaction
sys_enter_rt_sigaction
sys_enter_rt_sigaction
sys_enter_rt_sigaction
sys_enter_rt_sigaction
sys_enter_rt_sigaction
sys_enter_rt_sigaction
sys_enter_rt_sigaction
sys_enter_rt_sigaction
sys_enter_rt_sigaction
sys_enter_rt_sigaction
sys_enter_rt_sigaction
sys_enter_rt_sigaction
sys_enter_rt_sigaction
sys_enter_rt_sigaction
sys_enter_rt_sigaction
sys_enter_rt_sigaction
sys_enter_rt_sigaction
sys_enter_rt_sigaction
sys_enter_rt_sigaction
sys_enter_rt_sigaction
sys_enter_rt_sigaction
sys_enter_rt_sigaction
sys_enter_rt_sigaction
sys_enter_rt_sigprocmask
sys_enter_clone
sys_enter_rt_sigprocmask
sys_enter_gettid
sys_enter_sigaltstack
sys_enter_sigaltstack
sys_enter_gettid
sys_enter_rt_sigprocmask
sys_enter_rt_sigprocmask
sys_enter_clone
sys_enter_rt_sigprocmask
sys_enter_gettid
sys_enter_sigaltstack
sys_enter_sigaltstack
sys_enter_gettid
sys_enter_rt_sigprocmask
sys_enter_sched_yield
sys_enter_futex
sys_enter_sched_yield
sys_enter_sched_yield
sys_enter_futex
sys_enter_futex
sys_enter_rt_sigprocmask
sys_enter_clone
sys_enter_rt_sigprocmask
sys_enter_clone
sys_enter_rt_sigprocmask
sys_enter_gettid
sys_enter_rt_sigprocmask
sys_enter_futex
sys_enter_sigaltstack
sys_enter_sigaltstack
sys_enter_gettid
sys_enter_rt_sigprocmask
sys_enter_gettid
sys_enter_sigaltstack
sys_enter_sigaltstack
sys_enter_gettid
sys_enter_rt_sigprocmask
sys_enter_futex
sys_enter_futex
sys_enter_futex
sys_enter_futex
sys_enter_futex
sys_enter_mmap
sys_enter_futex
sys_enter_futex
sys_enter_futex
sys_enter_openat
sys_enter_read
sys_enter_read
sys_enter_close
sys_enter_socket
sys_enter_close
sys_enter_socket
sys_enter_setsockopt
sys_enter_bind
sys_enter_socket
sys_enter_setsockopt
sys_enter_bind
sys_enter_close
sys_enter_close
sys_enter_getpid
sys_enter_getppid
sys_enter_mmap
sys_enter_mmap
sys_enter_mmap
sys_enter_getppid
sys_enter_openat
sys_enter_pipe2
sys_enter_getpid
sys_enter_clone
sys_enter_setsid
sys_enter_close
sys_enter_read
sys_enter_chdir
sys_enter_execve
sys_enter_close
sys_enter_mmap
sys_enter_exit_group
sys_enter_mmap
sys_enter_mprotect
sys_enter_mmap
sys_enter_mmap
sys_enter_mprotect
sys_enter_mmap
sys_enter_mprotect
sys_enter_mmap
sys_enter_mprotect
sys_enter_mmap
sys_enter_mmap
sys_enter_close
sys_enter_munmap
sys_enter_sched_getaffinity
sys_enter_mmap
sys_enter_munmap
sys_enter_mmap
sys_enter_mmap
sys_enter_mmap
sys_enter_mmap
sys_enter_mmap
sys_enter_mmap
sys_enter_rt_sigprocmask
sys_enter_sigaltstack
sys_enter_sigaltstack
sys_enter_gettid
sys_enter_rt_sigprocmask
sys_enter_rt_sigaction
sys_enter_rt_sigaction
sys_enter_rt_sigaction
sys_enter_rt_sigaction
sys_enter_rt_sigaction
sys_enter_rt_sigaction
sys_enter_rt_sigaction
sys_enter_rt_sigaction
sys_enter_rt_sigaction
sys_enter_rt_sigaction
sys_enter_rt_sigaction
sys_enter_rt_sigaction
sys_enter_rt_sigaction
sys_enter_rt_sigaction
sys_enter_rt_sigaction
sys_enter_rt_sigaction
sys_enter_rt_sigaction
sys_enter_rt_sigaction
sys_enter_rt_sigaction
sys_enter_rt_sigaction
sys_enter_rt_sigaction
sys_enter_rt_sigaction
sys_enter_rt_sigaction
sys_enter_rt_sigaction
sys_enter_rt_sigaction
sys_enter_rt_sigaction
sys_enter_rt_sigaction
sys_enter_rt_sigaction
sys_enter_rt_sigaction
sys_enter_rt_sigaction
sys_enter_rt_sigaction
sys_enter_rt_sigaction
sys_enter_rt_sigaction
sys_enter_rt_sigaction
sys_enter_rt_sigaction
sys_enter_rt_sigaction
sys_enter_rt_sigaction
sys_enter_rt_sigaction
sys_enter_rt_sigaction
sys_enter_rt_sigaction
sys_enter_rt_sigaction
sys_enter_rt_sigaction
sys_enter_rt_sigaction
sys_enter_rt_sigaction
sys_enter_rt_sigaction
sys_enter_rt_sigaction
sys_enter_rt_sigaction
sys_enter_rt_sigaction
sys_enter_rt_sigaction
sys_enter_rt_sigaction
sys_enter_rt_sigaction
sys_enter_rt_sigaction
sys_enter_rt_sigaction
sys_enter_rt_sigaction
sys_enter_rt_sigaction
sys_enter_rt_sigaction
sys_enter_rt_sigaction
sys_enter_rt_sigaction
sys_enter_rt_sigaction
sys_enter_rt_sigaction
sys_enter_rt_sigaction
sys_enter_rt_sigaction
sys_enter_rt_sigaction
sys_enter_rt_sigaction
sys_enter_rt_sigaction
sys_enter_rt_sigaction
sys_enter_rt_sigaction
sys_enter_rt_sigaction
sys_enter_rt_sigaction
sys_enter_rt_sigaction
sys_enter_rt_sigaction
sys_enter_rt_sigaction
sys_enter_rt_sigaction
sys_enter_rt_sigaction
sys_enter_rt_sigaction
sys_enter_rt_sigaction
sys_enter_rt_sigaction
sys_enter_rt_sigaction
sys_enter_rt_sigaction
sys_enter_rt_sigaction
sys_enter_rt_sigaction
sys_enter_rt_sigaction
sys_enter_rt_sigaction
sys_enter_rt_sigaction
sys_enter_rt_sigaction
sys_enter_rt_sigaction
sys_enter_rt_sigaction
sys_enter_rt_sigaction
sys_enter_rt_sigaction
sys_enter_rt_sigaction
sys_enter_rt_sigaction
sys_enter_rt_sigaction
sys_enter_rt_sigaction
sys_enter_rt_sigaction
sys_enter_rt_sigaction
sys_enter_rt_sigaction
sys_enter_rt_sigaction
sys_enter_rt_sigaction
sys_enter_rt_sigaction
sys_enter_rt_sigaction
sys_enter_rt_sigaction
sys_enter_rt_sigaction
sys_enter_rt_sigaction
sys_enter_rt_sigaction
sys_enter_rt_sigaction
sys_enter_rt_sigaction
sys_enter_rt_sigaction
sys_enter_rt_sigaction
sys_enter_rt_sigaction
sys_enter_rt_sigaction
sys_enter_rt_sigaction
sys_enter_rt_sigaction
sys_enter_rt_sigaction
sys_enter_rt_sigaction
sys_enter_rt_sigprocmask
sys_enter_clone
sys_enter_rt_sigprocmask
sys_enter_gettid
sys_enter_sigaltstack
sys_enter_sigaltstack
sys_enter_gettid
sys_enter_rt_sigprocmask
sys_enter_rt_sigprocmask
sys_enter_clone
sys_enter_rt_sigprocmask
sys_enter_gettid
sys_enter_sigaltstack
sys_enter_sigaltstack
sys_enter_gettid
sys_enter_rt_sigprocmask
sys_enter_rt_sigprocmask
sys_enter_clone
sys_enter_rt_sigprocmask
sys_enter_clone
sys_enter_rt_sigprocmask
sys_enter_futex
sys_enter_gettid
sys_enter_sigaltstack
sys_enter_rt_sigprocmask
sys_enter_gettid
sys_enter_sigaltstack
sys_enter_sigaltstack
sys_enter_gettid
sys_enter_sigaltstack
sys_enter_rt_sigprocmask
sys_enter_gettid
sys_enter_rt_sigprocmask
sys_enter_futex
sys_enter_futex
sys_enter_futex
sys_enter_futex
sys_enter_futex
sys_enter_mmap
sys_enter_futex
sys_enter_futex
sys_enter_futex
sys_enter_openat
sys_enter_read
sys_enter_read
sys_enter_close
sys_enter_socket
sys_enter_close
sys_enter_socket
sys_enter_setsockopt
sys_enter_bind
sys_enter_socket
sys_enter_setsockopt
sys_enter_bind
sys_enter_close
sys_enter_close
sys_enter_getpid
sys_enter_getppid
sys_enter_mmap
sys_enter_mmap
sys_enter_getppid
sys_enter_openat
sys_enter_pipe2
sys_enter_getpid
sys_enter_clone
sys_enter_setsid
sys_enter_close
sys_enter_read
sys_enter_chdir
sys_enter_execve
sys_enter_close
sys_enter_exit_group
sys_enter_mmap
sys_enter_mmap
sys_enter_mprotect
sys_enter_mmap
sys_enter_mmap
sys_enter_mprotect
sys_enter_mmap
sys_enter_mprotect
sys_enter_mmap
sys_enter_mprotect
sys_enter_mmap
sys_enter_mmap
sys_enter_close
sys_enter_munmap
sys_enter_sched_getaffinity
sys_enter_mmap
sys_enter_munmap
sys_enter_mmap
sys_enter_mmap
sys_enter_mmap
sys_enter_mmap
sys_enter_mmap
sys_enter_mmap
sys_enter_rt_sigprocmask
sys_enter_sigaltstack
sys_enter_sigaltstack
sys_enter_gettid
sys_enter_rt_sigprocmask
sys_enter_rt_sigaction
sys_enter_rt_sigaction
sys_enter_rt_sigaction
sys_enter_rt_sigaction
sys_enter_rt_sigaction
sys_enter_rt_sigaction
sys_enter_rt_sigaction
sys_enter_rt_sigaction
sys_enter_rt_sigaction
sys_enter_rt_sigaction
sys_enter_rt_sigaction
sys_enter_rt_sigaction
sys_enter_rt_sigaction
sys_enter_rt_sigaction
sys_enter_rt_sigaction
sys_enter_rt_sigaction
sys_enter_rt_sigaction
sys_enter_rt_sigaction
sys_enter_rt_sigaction
sys_enter_rt_sigaction
sys_enter_rt_sigaction
sys_enter_rt_sigaction
sys_enter_rt_sigaction
sys_enter_rt_sigaction
sys_enter_rt_sigaction
sys_enter_rt_sigaction
sys_enter_rt_sigaction
sys_enter_rt_sigaction
sys_enter_rt_sigaction
sys_enter_rt_sigaction
sys_enter_rt_sigaction
sys_enter_rt_sigaction
sys_enter_rt_sigaction
sys_enter_rt_sigaction
sys_enter_rt_sigaction
sys_enter_rt_sigaction
sys_enter_rt_sigaction
sys_enter_rt_sigaction
sys_enter_rt_sigaction
sys_enter_rt_sigaction
sys_enter_rt_sigaction
sys_enter_rt_sigaction
sys_enter_rt_sigaction
sys_enter_rt_sigaction
sys_enter_rt_sigaction
sys_enter_rt_sigaction
sys_enter_rt_sigaction
sys_enter_rt_sigaction
sys_enter_rt_sigaction
sys_enter_rt_sigaction
sys_enter_rt_sigaction
sys_enter_rt_sigaction
sys_enter_rt_sigaction
sys_enter_rt_sigaction
sys_enter_rt_sigaction
sys_enter_rt_sigaction
sys_enter_rt_sigaction
sys_enter_rt_sigaction
sys_enter_rt_sigaction
sys_enter_rt_sigaction
sys_enter_rt_sigaction
sys_enter_rt_sigaction
sys_enter_rt_sigaction
sys_enter_rt_sigaction
sys_enter_rt_sigaction
sys_enter_rt_sigaction
sys_enter_rt_sigaction
sys_enter_rt_sigaction
sys_enter_rt_sigaction
sys_enter_rt_sigaction
sys_enter_rt_sigaction
sys_enter_rt_sigaction
sys_enter_rt_sigaction
sys_enter_rt_sigaction
sys_enter_rt_sigaction
sys_enter_rt_sigaction
sys_enter_rt_sigaction
sys_enter_rt_sigaction
sys_enter_rt_sigaction
sys_enter_rt_sigaction
sys_enter_rt_sigaction
sys_enter_rt_sigaction
sys_enter_rt_sigaction
sys_enter_rt_sigaction
sys_enter_rt_sigaction
sys_enter_rt_sigaction
sys_enter_rt_sigaction
sys_enter_rt_sigaction
sys_enter_rt_sigaction
sys_enter_rt_sigaction
sys_enter_rt_sigaction
sys_enter_rt_sigaction
sys_enter_rt_sigaction
sys_enter_rt_sigaction
sys_enter_rt_sigaction
sys_enter_rt_sigaction
sys_enter_rt_sigaction
sys_enter_rt_sigaction
sys_enter_rt_sigaction
sys_enter_rt_sigaction
sys_enter_rt_sigaction
sys_enter_rt_sigaction
sys_enter_rt_sigaction
sys_enter_rt_sigaction
sys_enter_rt_sigaction
sys_enter_rt_sigaction
sys_enter_rt_sigaction
sys_enter_rt_sigaction
sys_enter_rt_sigaction
sys_enter_rt_sigaction
sys_enter_rt_sigaction
sys_enter_rt_sigaction
sys_enter_rt_sigaction
sys_enter_rt_sigaction
sys_enter_rt_sigprocmask
sys_enter_clone
sys_enter_rt_sigprocmask
sys_enter_gettid
sys_enter_sigaltstack
sys_enter_sigaltstack
sys_enter_gettid
sys_enter_rt_sigprocmask
sys_enter_rt_sigprocmask
sys_enter_clone
sys_enter_rt_sigprocmask
sys_enter_gettid
sys_enter_sigaltstack
sys_enter_sigaltstack
sys_enter_gettid
sys_enter_rt_sigprocmask
sys_enter_rt_sigprocmask
sys_enter_clone
sys_enter_rt_sigprocmask
sys_enter_futex
sys_enter_rt_sigprocmask
sys_enter_clone
sys_enter_rt_sigprocmask
sys_enter_futex
sys_enter_gettid
sys_enter_sigaltstack
sys_enter_sigaltstack
sys_enter_gettid
sys_enter_rt_sigprocmask
sys_enter_futex
sys_enter_gettid
sys_enter_futex
sys_enter_sigaltstack
sys_enter_sigaltstack
sys_enter_gettid
sys_enter_rt_sigprocmask
sys_enter_futex
sys_enter_futex
sys_enter_mmap
sys_enter_futex
sys_enter_futex
sys_enter_futex
sys_enter_openat
sys_enter_read
sys_enter_read
sys_enter_close
sys_enter_socket
sys_enter_close
sys_enter_socket
sys_enter_setsockopt
sys_enter_bind
sys_enter_socket
sys_enter_setsockopt
sys_enter_bind
sys_enter_close
sys_enter_close
sys_enter_getpid
sys_enter_getppid
sys_enter_mmap
sys_enter_mmap
sys_enter_getppid
sys_enter_openat
sys_enter_pipe2
sys_enter_getpid
sys_enter_clone
sys_enter_setsid
sys_enter_close
sys_enter_read
sys_enter_chdir
sys_enter_execve
sys_enter_close
sys_enter_mmap
sys_enter_exit_group
sys_enter_mmap
sys_enter_mprotect
sys_enter_mmap
sys_enter_mmap
sys_enter_mprotect
sys_enter_mmap
sys_enter_mprotect
sys_enter_mmap
sys_enter_mprotect
sys_enter_mmap
sys_enter_mmap
sys_enter_close
sys_enter_munmap
sys_enter_sched_getaffinity
sys_enter_mmap
sys_enter_munmap
sys_enter_mmap
sys_enter_mmap
sys_enter_mmap
sys_enter_mmap
sys_enter_mmap
sys_enter_mmap
sys_enter_rt_sigprocmask
sys_enter_sigaltstack
sys_enter_sigaltstack
sys_enter_gettid
sys_enter_rt_sigprocmask
sys_enter_rt_sigaction
sys_enter_rt_sigaction
sys_enter_rt_sigaction
sys_enter_rt_sigaction
sys_enter_rt_sigaction
sys_enter_rt_sigaction
sys_enter_rt_sigaction
sys_enter_rt_sigaction
sys_enter_rt_sigaction
sys_enter_rt_sigaction
sys_enter_rt_sigaction
sys_enter_rt_sigaction
sys_enter_rt_sigaction
sys_enter_rt_sigaction
sys_enter_rt_sigaction
sys_enter_rt_sigaction
sys_enter_rt_sigaction
sys_enter_rt_sigaction
sys_enter_rt_sigaction
sys_enter_rt_sigaction
sys_enter_rt_sigaction
sys_enter_rt_sigaction
sys_enter_rt_sigaction
sys_enter_rt_sigaction
sys_enter_rt_sigaction
sys_enter_rt_sigaction
sys_enter_rt_sigaction
sys_enter_rt_sigaction
sys_enter_rt_sigaction
sys_enter_rt_sigaction
sys_enter_rt_sigaction
sys_enter_rt_sigaction
sys_enter_rt_sigaction
sys_enter_rt_sigaction
sys_enter_rt_sigaction
sys_enter_rt_sigaction
sys_enter_rt_sigaction
sys_enter_rt_sigaction
sys_enter_rt_sigaction
sys_enter_rt_sigaction
sys_enter_rt_sigaction
sys_enter_rt_sigaction
sys_enter_rt_sigaction
sys_enter_rt_sigaction
sys_enter_rt_sigaction
sys_enter_rt_sigaction
sys_enter_rt_sigaction
sys_enter_rt_sigaction
sys_enter_rt_sigaction
sys_enter_rt_sigaction
sys_enter_rt_sigaction
sys_enter_rt_sigaction
sys_enter_rt_sigaction
sys_enter_rt_sigaction
sys_enter_rt_sigaction
sys_enter_rt_sigaction
sys_enter_rt_sigaction
sys_enter_rt_sigaction
sys_enter_rt_sigaction
sys_enter_rt_sigaction
sys_enter_rt_sigaction
sys_enter_rt_sigaction
sys_enter_rt_sigaction
sys_enter_rt_sigaction
sys_enter_rt_sigaction
sys_enter_rt_sigaction
sys_enter_rt_sigaction
sys_enter_rt_sigaction
sys_enter_rt_sigaction
sys_enter_rt_sigaction
sys_enter_rt_sigaction
sys_enter_rt_sigaction
sys_enter_rt_sigaction
sys_enter_rt_sigaction
sys_enter_rt_sigaction
sys_enter_rt_sigaction
sys_enter_rt_sigaction
sys_enter_rt_sigaction
sys_enter_rt_sigaction
sys_enter_rt_sigaction
sys_enter_rt_sigaction
sys_enter_rt_sigaction
sys_enter_rt_sigaction
sys_enter_rt_sigaction
sys_enter_rt_sigaction
sys_enter_rt_sigaction
sys_enter_rt_sigaction
sys_enter_rt_sigaction
sys_enter_rt_sigaction
sys_enter_rt_sigaction
sys_enter_rt_sigaction
sys_enter_rt_sigaction
sys_enter_rt_sigaction
sys_enter_rt_sigaction
sys_enter_rt_sigaction
sys_enter_rt_sigaction
sys_enter_rt_sigaction
sys_enter_rt_sigaction
sys_enter_rt_sigaction
sys_enter_rt_sigaction
sys_enter_rt_sigaction
sys_enter_rt_sigaction
sys_enter_rt_sigaction
sys_enter_rt_sigaction
sys_enter_rt_sigaction
sys_enter_rt_sigaction
sys_enter_rt_sigaction
sys_enter_rt_sigaction
sys_enter_rt_sigaction
sys_enter_rt_sigaction
sys_enter_rt_sigaction
sys_enter_rt_sigaction
sys_enter_rt_sigaction
sys_enter_rt_sigaction
sys_enter_rt_sigprocmask
sys_enter_clone
sys_enter_rt_sigprocmask
sys_enter_gettid
sys_enter_sigaltstack
sys_enter_sigaltstack
sys_enter_gettid
sys_enter_rt_sigprocmask
sys_enter_rt_sigprocmask
sys_enter_clone
sys_enter_rt_sigprocmask
sys_enter_gettid
sys_enter_sigaltstack
sys_enter_sigaltstack
sys_enter_rt_sigprocmask
sys_enter_clone
sys_enter_gettid
sys_enter_rt_sigprocmask
sys_enter_rt_sigprocmask
sys_enter_sched_yield
sys_enter_gettid
sys_enter_futex
sys_enter_sigaltstack
sys_enter_sigaltstack
sys_enter_futex
sys_enter_gettid
sys_enter_rt_sigprocmask
sys_enter_clone
sys_enter_rt_sigprocmask
sys_enter_futex
sys_enter_futex
sys_enter_rt_sigprocmask
sys_enter_futex
sys_enter_gettid
sys_enter_sigaltstack
sys_enter_sigaltstack
sys_enter_gettid
sys_enter_rt_sigprocmask
sys_enter_futex
sys_enter_futex
sys_enter_mmap
sys_enter_futex
sys_enter_futex
sys_enter_futex
sys_enter_openat
sys_enter_read
sys_enter_read
sys_enter_close
sys_enter_socket
sys_enter_close
sys_enter_socket
sys_enter_setsockopt
sys_enter_bind
sys_enter_socket
sys_enter_setsockopt
sys_enter_bind
sys_enter_close
sys_enter_close
sys_enter_getpid
sys_enter_getppid
sys_enter_mmap
sys_enter_mmap
sys_enter_getppid
sys_enter_openat
sys_enter_pipe2
sys_enter_getpid
sys_enter_clone
sys_enter_setsid
sys_enter_close
sys_enter_read
sys_enter_chdir
sys_enter_execve
sys_enter_close
sys_enter_exit_group
sys_enter_mmap
sys_enter_mmap
sys_enter_mprotect
sys_enter_mmap
sys_enter_mmap
sys_enter_mprotect
sys_enter_mmap
sys_enter_mprotect
sys_enter_mmap
sys_enter_mprotect
sys_enter_mmap
sys_enter_mmap
sys_enter_close
sys_enter_munmap
sys_enter_sched_getaffinity
sys_enter_mmap
sys_enter_munmap
sys_enter_mmap
sys_enter_mmap
sys_enter_mmap
sys_enter_mmap
sys_enter_mmap
sys_enter_mmap
sys_enter_rt_sigprocmask
sys_enter_sigaltstack
sys_enter_sigaltstack
sys_enter_gettid
sys_enter_rt_sigprocmask
sys_enter_rt_sigaction
sys_enter_rt_sigaction
sys_enter_rt_sigaction
sys_enter_rt_sigaction
sys_enter_rt_sigaction
sys_enter_rt_sigaction
sys_enter_rt_sigaction
sys_enter_rt_sigaction
sys_enter_rt_sigaction
sys_enter_rt_sigaction
sys_enter_rt_sigaction
sys_enter_rt_sigaction
sys_enter_rt_sigaction
sys_enter_rt_sigaction
sys_enter_rt_sigaction
sys_enter_rt_sigaction
sys_enter_rt_sigaction
sys_enter_rt_sigaction
sys_enter_rt_sigaction
sys_enter_rt_sigaction
sys_enter_rt_sigaction
sys_enter_rt_sigaction
sys_enter_rt_sigaction
sys_enter_rt_sigaction
sys_enter_rt_sigaction
sys_enter_rt_sigaction
sys_enter_rt_sigaction
sys_enter_rt_sigaction
sys_enter_rt_sigaction
sys_enter_rt_sigaction
sys_enter_rt_sigaction
sys_enter_rt_sigaction
sys_enter_rt_sigaction
sys_enter_rt_sigaction
sys_enter_rt_sigaction
sys_enter_rt_sigaction
sys_enter_rt_sigaction
sys_enter_rt_sigaction
sys_enter_rt_sigaction
sys_enter_rt_sigaction
sys_enter_rt_sigaction
sys_enter_rt_sigaction
sys_enter_rt_sigaction
sys_enter_rt_sigaction
sys_enter_rt_sigaction
sys_enter_rt_sigaction
sys_enter_rt_sigaction
sys_enter_rt_sigaction
sys_enter_rt_sigaction
sys_enter_rt_sigaction
sys_enter_rt_sigaction
sys_enter_rt_sigaction
sys_enter_rt_sigaction
sys_enter_rt_sigaction
sys_enter_rt_sigaction
sys_enter_rt_sigaction
sys_enter_rt_sigaction
sys_enter_rt_sigaction
sys_enter_rt_sigaction
sys_enter_rt_sigaction
sys_enter_rt_sigaction
sys_enter_rt_sigaction
sys_enter_rt_sigaction
sys_enter_rt_sigaction
sys_enter_rt_sigaction
sys_enter_rt_sigaction
sys_enter_rt_sigaction
sys_enter_rt_sigaction
sys_enter_rt_sigaction
sys_enter_rt_sigaction
sys_enter_rt_sigaction
sys_enter_rt_sigaction
sys_enter_rt_sigaction
sys_enter_rt_sigaction
sys_enter_rt_sigaction
sys_enter_rt_sigaction
sys_enter_rt_sigaction
sys_enter_rt_sigaction
sys_enter_rt_sigaction
sys_enter_rt_sigaction
sys_enter_rt_sigaction
sys_enter_rt_sigaction
sys_enter_rt_sigaction
sys_enter_rt_sigaction
sys_enter_rt_sigaction
sys_enter_rt_sigaction
sys_enter_rt_sigaction
sys_enter_rt_sigaction
sys_enter_rt_sigaction
sys_enter_rt_sigaction
sys_enter_rt_sigaction
sys_enter_rt_sigaction
sys_enter_rt_sigaction
sys_enter_rt_sigaction
sys_enter_rt_sigaction
sys_enter_rt_sigaction
sys_enter_rt_sigaction
sys_enter_rt_sigaction
sys_enter_rt_sigaction
sys_enter_rt_sigaction
sys_enter_rt_sigaction
sys_enter_rt_sigaction
sys_enter_rt_sigaction
sys_enter_rt_sigaction
sys_enter_rt_sigaction
sys_enter_rt_sigaction
sys_enter_rt_sigaction
sys_enter_rt_sigaction
sys_enter_rt_sigaction
sys_enter_rt_sigaction
sys_enter_rt_sigaction
sys_enter_rt_sigaction
sys_enter_rt_sigaction
sys_enter_rt_sigaction
sys_enter_rt_sigprocmask
sys_enter_clone
sys_enter_rt_sigprocmask
sys_enter_gettid
sys_enter_sigaltstack
sys_enter_sigaltstack
sys_enter_gettid
sys_enter_rt_sigprocmask
sys_enter_rt_sigprocmask
sys_enter_clone
sys_enter_rt_sigprocmask
sys_enter_gettid
sys_enter_rt_sigprocmask
sys_enter_clone
sys_enter_rt_sigprocmask
sys_enter_sched_yield
sys_enter_futex
sys_enter_futex
sys_enter_sigaltstack
sys_enter_sigaltstack
sys_enter_gettid
sys_enter_rt_sigprocmask
sys_enter_rt_sigprocmask
sys_enter_clone
sys_enter_gettid
sys_enter_sigaltstack
sys_enter_sigaltstack
sys_enter_gettid
sys_enter_rt_sigprocmask
sys_enter_futex
sys_enter_rt_sigprocmask
sys_enter_futex
sys_enter_futex
sys_enter_gettid
sys_enter_sigaltstack
sys_enter_sigaltstack
sys_enter_gettid
sys_enter_rt_sigprocmask
sys_enter_futex
sys_enter_futex
sys_enter_futex
sys_enter_futex
sys_enter_futex
sys_enter_futex
sys_enter_mmap
sys_enter_futex
sys_enter_futex
sys_enter_futex
sys_enter_openat
sys_enter_read
sys_enter_read
sys_enter_close
sys_enter_socket
sys_enter_close
sys_enter_socket
sys_enter_setsockopt
sys_enter_bind
sys_enter_socket
sys_enter_setsockopt
sys_enter_bind
sys_enter_close
sys_enter_close
sys_enter_mmap
sys_enter_getpid
sys_enter_getppid
sys_enter_mmap
sys_enter_mmap
sys_enter_getppid
sys_enter_openat
sys_enter_pipe2
sys_enter_getpid
sys_enter_clone
sys_enter_setsid
sys_enter_close
sys_enter_read
sys_enter_chdir
sys_enter_execve
sys_enter_close
sys_enter_mmap
sys_enter_mmap
sys_enter_exit_group
sys_enter_mprotect
sys_enter_mmap
sys_enter_mmap
sys_enter_mprotect
sys_enter_mmap
sys_enter_mprotect
sys_enter_mmap
sys_enter_mprotect
sys_enter_mmap
sys_enter_mmap
sys_enter_close
sys_enter_munmap
sys_enter_sched_getaffinity
sys_enter_mmap
sys_enter_munmap
sys_enter_mmap
sys_enter_mmap
sys_enter_mmap
sys_enter_mmap
sys_enter_mmap
sys_enter_mmap
sys_enter_rt_sigprocmask
sys_enter_sigaltstack
sys_enter_sigaltstack
sys_enter_gettid
sys_enter_rt_sigprocmask
sys_enter_rt_sigaction
sys_enter_rt_sigaction
sys_enter_rt_sigaction
sys_enter_rt_sigaction
sys_enter_rt_sigaction
sys_enter_rt_sigaction
sys_enter_rt_sigaction
sys_enter_rt_sigaction
sys_enter_rt_sigaction
sys_enter_rt_sigaction
sys_enter_rt_sigaction
sys_enter_rt_sigaction
sys_enter_rt_sigaction
sys_enter_rt_sigaction
sys_enter_rt_sigaction
sys_enter_rt_sigaction
sys_enter_rt_sigaction
sys_enter_rt_sigaction
sys_enter_rt_sigaction
sys_enter_rt_sigaction
sys_enter_rt_sigaction
sys_enter_rt_sigaction
sys_enter_rt_sigaction
sys_enter_rt_sigaction
sys_enter_rt_sigaction
sys_enter_rt_sigaction
sys_enter_rt_sigaction
sys_enter_rt_sigaction
sys_enter_rt_sigaction
sys_enter_rt_sigaction
sys_enter_rt_sigaction
sys_enter_rt_sigaction
sys_enter_rt_sigaction
sys_enter_rt_sigaction
sys_enter_rt_sigaction
sys_enter_rt_sigaction
sys_enter_rt_sigaction
sys_enter_rt_sigaction
sys_enter_rt_sigaction
sys_enter_rt_sigaction
sys_enter_rt_sigaction
sys_enter_rt_sigaction
sys_enter_rt_sigaction
sys_enter_rt_sigaction
sys_enter_rt_sigaction
sys_enter_rt_sigaction
sys_enter_rt_sigaction
sys_enter_rt_sigaction
sys_enter_rt_sigaction
sys_enter_rt_sigaction
sys_enter_rt_sigaction
sys_enter_rt_sigaction
sys_enter_rt_sigaction
sys_enter_rt_sigaction
sys_enter_rt_sigaction
sys_enter_rt_sigaction
sys_enter_rt_sigaction
sys_enter_rt_sigaction
sys_enter_rt_sigaction
sys_enter_rt_sigaction
sys_enter_rt_sigaction
sys_enter_rt_sigaction
sys_enter_rt_sigaction
sys_enter_rt_sigaction
sys_enter_rt_sigaction
sys_enter_rt_sigaction
sys_enter_rt_sigaction
sys_enter_rt_sigaction
sys_enter_rt_sigaction
sys_enter_rt_sigaction
sys_enter_rt_sigaction
sys_enter_rt_sigaction
sys_enter_rt_sigaction
sys_enter_rt_sigaction
sys_enter_rt_sigaction
sys_enter_rt_sigaction
sys_enter_rt_sigaction
sys_enter_rt_sigaction
sys_enter_rt_sigaction
sys_enter_rt_sigaction
sys_enter_rt_sigaction
sys_enter_rt_sigaction
sys_enter_rt_sigaction
sys_enter_rt_sigaction
sys_enter_rt_sigaction
sys_enter_rt_sigaction
sys_enter_rt_sigaction
sys_enter_rt_sigaction
sys_enter_rt_sigaction
sys_enter_rt_sigaction
sys_enter_rt_sigaction
sys_enter_rt_sigaction
sys_enter_rt_sigaction
sys_enter_rt_sigaction
sys_enter_rt_sigaction
sys_enter_rt_sigaction
sys_enter_rt_sigaction
sys_enter_rt_sigaction
sys_enter_rt_sigaction
sys_enter_rt_sigaction
sys_enter_rt_sigaction
sys_enter_rt_sigaction
sys_enter_rt_sigaction
sys_enter_rt_sigaction
sys_enter_rt_sigaction
sys_enter_rt_sigaction
sys_enter_rt_sigaction
sys_enter_rt_sigaction
sys_enter_rt_sigaction
sys_enter_rt_sigaction
sys_enter_rt_sigaction
sys_enter_rt_sigaction
sys_enter_rt_sigaction
sys_enter_rt_sigaction
sys_enter_rt_sigprocmask
sys_enter_clone
sys_enter_rt_sigprocmask
sys_enter_gettid
sys_enter_sigaltstack
sys_enter_sigaltstack
sys_enter_gettid
sys_enter_rt_sigprocmask
sys_enter_rt_sigprocmask
sys_enter_clone
sys_enter_rt_sigprocmask
sys_enter_gettid
sys_enter_sigaltstack
sys_enter_sigaltstack
sys_enter_gettid
sys_enter_rt_sigprocmask
sys_enter_clone
sys_enter_rt_sigprocmask
sys_enter_futex
sys_enter_rt_sigprocmask
sys_enter_rt_sigprocmask
sys_enter_clone
sys_enter_rt_sigprocmask
sys_enter_futex
sys_enter_gettid
sys_enter_sigaltstack
sys_enter_sigaltstack
sys_enter_gettid
sys_enter_rt_sigprocmask
sys_enter_futex
sys_enter_futex
sys_enter_gettid
sys_enter_sigaltstack
sys_enter_sigaltstack
sys_enter_gettid
sys_enter_rt_sigprocmask
sys_enter_futex
sys_enter_futex
sys_enter_mmap
sys_enter_futex
sys_enter_futex
sys_enter_futex
sys_enter_openat
sys_enter_futex
sys_enter_futex
sys_enter_read
sys_enter_read
sys_enter_close
sys_enter_socket
sys_enter_close
sys_enter_socket
sys_enter_setsockopt
sys_enter_bind
sys_enter_socket
sys_enter_setsockopt
sys_enter_bind
sys_enter_close
sys_enter_close
sys_enter_getpid
sys_enter_getppid
sys_enter_mmap
sys_enter_mmap
sys_enter_getppid
sys_enter_openat
sys_enter_pipe2
sys_enter_getpid
sys_enter_clone
sys_enter_setsid
sys_enter_close
sys_enter_read
sys_enter_chdir
sys_enter_execve
sys_enter_close
sys_enter_mmap
sys_enter_exit_group
sys_enter_mmap
sys_enter_mprotect
sys_enter_mmap
sys_enter_mmap
sys_enter_mprotect
sys_enter_mmap
sys_enter_mprotect
sys_enter_mmap
sys_enter_mprotect
sys_enter_mmap
sys_enter_mmap
sys_enter_close
sys_enter_munmap
sys_enter_sched_getaffinity
sys_enter_mmap
sys_enter_munmap
sys_enter_mmap
sys_enter_mmap
sys_enter_mmap
sys_enter_mmap
sys_enter_mmap
sys_enter_mmap
sys_enter_rt_sigprocmask
sys_enter_sigaltstack
sys_enter_sigaltstack
sys_enter_gettid
sys_enter_rt_sigprocmask
sys_enter_rt_sigaction
sys_enter_rt_sigaction
sys_enter_rt_sigaction
sys_enter_rt_sigaction
sys_enter_rt_sigaction
sys_enter_rt_sigaction
sys_enter_rt_sigaction
sys_enter_rt_sigaction
sys_enter_rt_sigaction
sys_enter_rt_sigaction
sys_enter_rt_sigaction
sys_enter_rt_sigaction
sys_enter_rt_sigaction
sys_enter_rt_sigaction
sys_enter_rt_sigaction
sys_enter_rt_sigaction
sys_enter_rt_sigaction
sys_enter_rt_sigaction
sys_enter_rt_sigaction
sys_enter_rt_sigaction
sys_enter_rt_sigaction
sys_enter_rt_sigaction
sys_enter_rt_sigaction
sys_enter_rt_sigaction
sys_enter_rt_sigaction
sys_enter_rt_sigaction
sys_enter_rt_sigaction
sys_enter_rt_sigaction
sys_enter_rt_sigaction
sys_enter_rt_sigaction
sys_enter_rt_sigaction
sys_enter_rt_sigaction
sys_enter_rt_sigaction
sys_enter_rt_sigaction
sys_enter_rt_sigaction
sys_enter_rt_sigaction
sys_enter_rt_sigaction
sys_enter_rt_sigaction
sys_enter_rt_sigaction
sys_enter_rt_sigaction
sys_enter_rt_sigaction
sys_enter_rt_sigaction
sys_enter_rt_sigaction
sys_enter_rt_sigaction
sys_enter_rt_sigaction
sys_enter_rt_sigaction
sys_enter_rt_sigaction
sys_enter_rt_sigaction
sys_enter_rt_sigaction
sys_enter_rt_sigaction
sys_enter_rt_sigaction
sys_enter_rt_sigaction
sys_enter_rt_sigaction
sys_enter_rt_sigaction
sys_enter_rt_sigaction
sys_enter_rt_sigaction
sys_enter_rt_sigaction
sys_enter_rt_sigaction
sys_enter_rt_sigaction
sys_enter_rt_sigaction
sys_enter_rt_sigaction
sys_enter_rt_sigaction
sys_enter_rt_sigaction
sys_enter_rt_sigaction
sys_enter_rt_sigaction
sys_enter_rt_sigaction
sys_enter_rt_sigaction
sys_enter_rt_sigaction
sys_enter_rt_sigaction
sys_enter_rt_sigaction
sys_enter_rt_sigaction
sys_enter_rt_sigaction
sys_enter_rt_sigaction
sys_enter_rt_sigaction
sys_enter_rt_sigaction
sys_enter_rt_sigaction
sys_enter_rt_sigaction
sys_enter_rt_sigaction
sys_enter_rt_sigaction
sys_enter_rt_sigaction
sys_enter_rt_sigaction
sys_enter_rt_sigaction
sys_enter_rt_sigaction
sys_enter_rt_sigaction
sys_enter_rt_sigaction
sys_enter_rt_sigaction
sys_enter_rt_sigaction
sys_enter_rt_sigaction
sys_enter_rt_sigaction
sys_enter_rt_sigaction
sys_enter_rt_sigaction
sys_enter_rt_sigaction
sys_enter_rt_sigaction
sys_enter_rt_sigaction
sys_enter_rt_sigaction
sys_enter_rt_sigaction
sys_enter_rt_sigaction
sys_enter_rt_sigaction
sys_enter_rt_sigaction
sys_enter_rt_sigaction
sys_enter_rt_sigaction
sys_enter_rt_sigaction
sys_enter_rt_sigaction
sys_enter_rt_sigaction
sys_enter_rt_sigaction
sys_enter_rt_sigaction
sys_enter_rt_sigaction
sys_enter_rt_sigaction
sys_enter_rt_sigaction
sys_enter_rt_sigaction
sys_enter_rt_sigaction
sys_enter_rt_sigaction
sys_enter_rt_sigaction
sys_enter_rt_sigaction
sys_enter_rt_sigprocmask
sys_enter_clone
sys_enter_rt_sigprocmask
sys_enter_gettid
sys_enter_sigaltstack
sys_enter_sigaltstack
sys_enter_gettid
sys_enter_rt_sigprocmask
sys_enter_rt_sigprocmask
sys_enter_clone
sys_enter_rt_sigprocmask
sys_enter_gettid
sys_enter_sigaltstack
sys_enter_sigaltstack
sys_enter_gettid
sys_enter_rt_sigprocmask
sys_enter_rt_sigprocmask
sys_enter_clone
sys_enter_rt_sigprocmask
sys_enter_futex
sys_enter_gettid
sys_enter_rt_sigprocmask
sys_enter_clone
sys_enter_sigaltstack
sys_enter_sigaltstack
sys_enter_gettid
sys_enter_rt_sigprocmask
sys_enter_rt_sigprocmask
sys_enter_futex
sys_enter_futex
sys_enter_gettid
sys_enter_sigaltstack
sys_enter_sigaltstack
sys_enter_gettid
sys_enter_rt_sigprocmask
sys_enter_futex
sys_enter_futex
sys_enter_futex
sys_enter_mmap
sys_enter_futex
sys_enter_futex
sys_enter_futex
sys_enter_openat
sys_enter_read
sys_enter_read
sys_enter_close
sys_enter_socket
sys_enter_close
sys_enter_socket
sys_enter_setsockopt
sys_enter_bind
sys_enter_socket
sys_enter_setsockopt
sys_enter_bind
sys_enter_close
sys_enter_close
sys_enter_getpid
sys_enter_getppid
sys_enter_mmap
sys_enter_mmap
sys_enter_getppid
sys_enter_openat
sys_enter_pipe2
sys_enter_getpid
sys_enter_clone
sys_enter_setsid
sys_enter_close
sys_enter_read
sys_enter_chdir
sys_enter_execve
sys_enter_close
sys_enter_exit_group
sys_enter_mmap
sys_enter_mmap
sys_enter_mprotect
sys_enter_mmap
sys_enter_mmap
sys_enter_mprotect
sys_enter_mmap
sys_enter_mprotect
sys_enter_mmap
sys_enter_mprotect
sys_enter_mmap
sys_enter_mmap
sys_enter_close
sys_enter_munmap
sys_enter_sched_getaffinity
sys_enter_mmap
sys_enter_munmap
sys_enter_mmap
sys_enter_mmap
sys_enter_mmap
sys_enter_mmap
sys_enter_mmap
sys_enter_mmap
sys_enter_rt_sigprocmask
sys_enter_sigaltstack
sys_enter_sigaltstack
sys_enter_gettid
sys_enter_rt_sigprocmask
sys_enter_rt_sigaction
sys_enter_rt_sigaction
sys_enter_rt_sigaction
sys_enter_rt_sigaction
sys_enter_rt_sigaction
sys_enter_rt_sigaction
sys_enter_rt_sigaction
sys_enter_rt_sigaction
sys_enter_rt_sigaction
sys_enter_rt_sigaction
sys_enter_rt_sigaction
sys_enter_rt_sigaction
sys_enter_rt_sigaction
sys_enter_rt_sigaction
sys_enter_rt_sigaction
sys_enter_rt_sigaction
sys_enter_rt_sigaction
sys_enter_rt_sigaction
sys_enter_rt_sigaction
sys_enter_rt_sigaction
sys_enter_rt_sigaction
sys_enter_rt_sigaction
sys_enter_rt_sigaction
sys_enter_rt_sigaction
sys_enter_rt_sigaction
sys_enter_rt_sigaction
sys_enter_rt_sigaction
sys_enter_rt_sigaction
sys_enter_rt_sigaction
sys_enter_rt_sigaction
sys_enter_rt_sigaction
sys_enter_rt_sigaction
sys_enter_rt_sigaction
sys_enter_rt_sigaction
sys_enter_rt_sigaction
sys_enter_rt_sigaction
sys_enter_rt_sigaction
sys_enter_rt_sigaction
sys_enter_rt_sigaction
sys_enter_rt_sigaction
sys_enter_rt_sigaction
sys_enter_rt_sigaction
sys_enter_rt_sigaction
sys_enter_rt_sigaction
sys_enter_rt_sigaction
sys_enter_rt_sigaction
sys_enter_rt_sigaction
sys_enter_rt_sigaction
sys_enter_rt_sigaction
sys_enter_rt_sigaction
sys_enter_rt_sigaction
sys_enter_rt_sigaction
sys_enter_rt_sigaction
sys_enter_rt_sigaction
sys_enter_rt_sigaction
sys_enter_rt_sigaction
sys_enter_rt_sigaction
sys_enter_rt_sigaction
sys_enter_rt_sigaction
sys_enter_rt_sigaction
sys_enter_rt_sigaction
sys_enter_rt_sigaction
sys_enter_rt_sigaction
sys_enter_rt_sigaction
sys_enter_rt_sigaction
sys_enter_rt_sigaction
sys_enter_rt_sigaction
sys_enter_rt_sigaction
sys_enter_rt_sigaction
sys_enter_rt_sigaction
sys_enter_rt_sigaction
sys_enter_rt_sigaction
sys_enter_rt_sigaction
sys_enter_rt_sigaction
sys_enter_rt_sigaction
sys_enter_rt_sigaction
sys_enter_rt_sigaction
sys_enter_rt_sigaction
sys_enter_rt_sigaction
sys_enter_rt_sigaction
sys_enter_rt_sigaction
sys_enter_rt_sigaction
sys_enter_rt_sigaction
sys_enter_rt_sigaction
sys_enter_rt_sigaction
sys_enter_rt_sigaction
sys_enter_rt_sigaction
sys_enter_rt_sigaction
sys_enter_rt_sigaction
sys_enter_rt_sigaction
sys_enter_rt_sigaction
sys_enter_rt_sigaction
sys_enter_rt_sigaction
sys_enter_rt_sigaction
sys_enter_rt_sigaction
sys_enter_rt_sigaction
sys_enter_rt_sigaction
sys_enter_rt_sigaction
sys_enter_rt_sigaction
sys_enter_rt_sigaction
sys_enter_rt_sigaction
sys_enter_rt_sigaction
sys_enter_rt_sigaction
sys_enter_rt_sigaction
sys_enter_rt_sigaction
sys_enter_rt_sigaction
sys_enter_rt_sigaction
sys_enter_rt_sigaction
sys_enter_rt_sigaction
sys_enter_rt_sigaction
sys_enter_rt_sigaction
sys_enter_rt_sigaction
sys_enter_rt_sigaction
sys_enter_rt_sigaction
sys_enter_rt_sigprocmask
sys_enter_clone
sys_enter_rt_sigprocmask
sys_enter_gettid
sys_enter_sigaltstack
sys_enter_sigaltstack
sys_enter_gettid
sys_enter_rt_sigprocmask
sys_enter_rt_sigprocmask
sys_enter_clone
sys_enter_rt_sigprocmask
sys_enter_gettid
sys_enter_sigaltstack
sys_enter_sigaltstack
sys_enter_gettid
sys_enter_rt_sigprocmask
sys_enter_rt_sigprocmask
sys_enter_clone
sys_enter_rt_sigprocmask
sys_enter_clone
sys_enter_rt_sigprocmask
sys_enter_futex
sys_enter_gettid
sys_enter_rt_sigprocmask
sys_enter_sigaltstack
sys_enter_sigaltstack
sys_enter_gettid
sys_enter_gettid
sys_enter_rt_sigprocmask
sys_enter_futex
sys_enter_sigaltstack
sys_enter_futex
sys_enter_sigaltstack
sys_enter_gettid
sys_enter_rt_sigprocmask
sys_enter_futex
sys_enter_futex
sys_enter_futex
sys_enter_mmap
sys_enter_futex
sys_enter_futex
sys_enter_futex
sys_enter_openat
sys_enter_read
sys_enter_read
sys_enter_close
sys_enter_socket
sys_enter_close
sys_enter_socket
sys_enter_setsockopt
sys_enter_bind
sys_enter_socket
sys_enter_setsockopt
sys_enter_bind
sys_enter_close
sys_enter_close
sys_enter_getpid
sys_enter_getppid
sys_enter_mmap
sys_enter_mmap
sys_enter_getppid
sys_enter_openat
sys_enter_pipe2
sys_enter_getpid
sys_enter_clone
sys_enter_setsid
sys_enter_close
sys_enter_chdir
sys_enter_read
sys_enter_execve
sys_enter_close
sys_enter_mmap
sys_enter_exit_group
sys_enter_mmap
sys_enter_mprotect
sys_enter_mmap
sys_enter_mmap
sys_enter_mprotect
sys_enter_mmap
sys_enter_mprotect
sys_enter_mmap
sys_enter_mprotect
sys_enter_mmap
sys_enter_mmap
sys_enter_close
sys_enter_munmap
sys_enter_sched_getaffinity
sys_enter_mmap
sys_enter_munmap
sys_enter_mmap
sys_enter_mmap
sys_enter_mmap
sys_enter_mmap
sys_enter_mmap
sys_enter_mmap
sys_enter_rt_sigprocmask
sys_enter_sigaltstack
sys_enter_sigaltstack
sys_enter_gettid
sys_enter_rt_sigprocmask
sys_enter_rt_sigaction
sys_enter_rt_sigaction
sys_enter_rt_sigaction
sys_enter_rt_sigaction
sys_enter_rt_sigaction
sys_enter_rt_sigaction
sys_enter_rt_sigaction
sys_enter_rt_sigaction
sys_enter_rt_sigaction
sys_enter_rt_sigaction
sys_enter_rt_sigaction
sys_enter_rt_sigaction
sys_enter_rt_sigaction
sys_enter_rt_sigaction
sys_enter_rt_sigaction
sys_enter_rt_sigaction
sys_enter_rt_sigaction
sys_enter_rt_sigaction
sys_enter_rt_sigaction
sys_enter_rt_sigaction
sys_enter_rt_sigaction
sys_enter_rt_sigaction
sys_enter_rt_sigaction
sys_enter_rt_sigaction
sys_enter_rt_sigaction
sys_enter_rt_sigaction
sys_enter_rt_sigaction
sys_enter_rt_sigaction
sys_enter_rt_sigaction
sys_enter_rt_sigaction
sys_enter_rt_sigaction
sys_enter_rt_sigaction
sys_enter_rt_sigaction
sys_enter_rt_sigaction
sys_enter_rt_sigaction
sys_enter_rt_sigaction
sys_enter_rt_sigaction
sys_enter_rt_sigaction
sys_enter_rt_sigaction
sys_enter_rt_sigaction
sys_enter_rt_sigaction
sys_enter_rt_sigaction
sys_enter_rt_sigaction
sys_enter_rt_sigaction
sys_enter_rt_sigaction
sys_enter_rt_sigaction
sys_enter_rt_sigaction
sys_enter_rt_sigaction
sys_enter_rt_sigaction
sys_enter_rt_sigaction
sys_enter_rt_sigaction
sys_enter_rt_sigaction
sys_enter_rt_sigaction
sys_enter_rt_sigaction
sys_enter_rt_sigaction
sys_enter_rt_sigaction
sys_enter_rt_sigaction
sys_enter_rt_sigaction
sys_enter_rt_sigaction
sys_enter_rt_sigaction
sys_enter_rt_sigaction
sys_enter_rt_sigaction
sys_enter_rt_sigaction
sys_enter_rt_sigaction
sys_enter_rt_sigaction
sys_enter_rt_sigaction
sys_enter_rt_sigaction
sys_enter_rt_sigaction
sys_enter_rt_sigaction
sys_enter_rt_sigaction
sys_enter_rt_sigaction
sys_enter_rt_sigaction
sys_enter_rt_sigaction
sys_enter_rt_sigaction
sys_enter_rt_sigaction
sys_enter_rt_sigaction
sys_enter_rt_sigaction
sys_enter_rt_sigaction
sys_enter_rt_sigaction
sys_enter_rt_sigaction
sys_enter_rt_sigaction
sys_enter_rt_sigaction
sys_enter_rt_sigaction
sys_enter_rt_sigaction
sys_enter_rt_sigaction
sys_enter_rt_sigaction
sys_enter_rt_sigaction
sys_enter_rt_sigaction
sys_enter_rt_sigaction
sys_enter_rt_sigaction
sys_enter_rt_sigaction
sys_enter_rt_sigaction
sys_enter_rt_sigaction
sys_enter_rt_sigaction
sys_enter_rt_sigaction
sys_enter_rt_sigaction
sys_enter_rt_sigaction
sys_enter_rt_sigaction
sys_enter_rt_sigaction
sys_enter_rt_sigaction
sys_enter_rt_sigaction
sys_enter_rt_sigaction
sys_enter_rt_sigaction
sys_enter_rt_sigaction
sys_enter_rt_sigaction
sys_enter_rt_sigaction
sys_enter_rt_sigaction
sys_enter_rt_sigaction
sys_enter_rt_sigaction
sys_enter_rt_sigaction
sys_enter_rt_sigaction
sys_enter_rt_sigaction
sys_enter_rt_sigaction
sys_enter_rt_sigaction
sys_enter_rt_sigprocmask
sys_enter_clone
sys_enter_rt_sigprocmask
sys_enter_gettid
sys_enter_sigaltstack
sys_enter_sigaltstack
sys_enter_gettid
sys_enter_rt_sigprocmask
sys_enter_rt_sigprocmask
sys_enter_clone
sys_enter_rt_sigprocmask
sys_enter_gettid
sys_enter_sigaltstack
sys_enter_sigaltstack
sys_enter_gettid
sys_enter_rt_sigprocmask
sys_enter_clone
sys_enter_rt_sigprocmask
sys_enter_rt_sigprocmask
sys_enter_futex
sys_enter_gettid
sys_enter_sigaltstack
sys_enter_rt_sigprocmask
sys_enter_clone
sys_enter_sigaltstack
sys_enter_gettid
sys_enter_rt_sigprocmask
sys_enter_futex
sys_enter_futex
sys_enter_rt_sigprocmask
sys_enter_futex
sys_enter_gettid
sys_enter_sigaltstack
sys_enter_sigaltstack
sys_enter_gettid
sys_enter_rt_sigprocmask
sys_enter_futex
sys_enter_futex
sys_enter_mmap
sys_enter_futex
sys_enter_futex
sys_enter_futex
sys_enter_openat
sys_enter_read
sys_enter_read
sys_enter_close
sys_enter_socket
sys_enter_close
sys_enter_socket
sys_enter_setsockopt
sys_enter_bind
sys_enter_socket
sys_enter_setsockopt
sys_enter_bind
sys_enter_close
sys_enter_close
sys_enter_getpid
sys_enter_getppid
sys_enter_mmap
sys_enter_mmap
sys_enter_getppid
sys_enter_openat
sys_enter_pipe2
sys_enter_getpid
sys_enter_clone
sys_enter_setsid
sys_enter_close
sys_enter_read
sys_enter_chdir
sys_enter_execve
sys_enter_close
sys_enter_mmap
sys_enter_mmap
sys_enter_exit_group
sys_enter_mprotect
sys_enter_mmap
sys_enter_mmap
sys_enter_mprotect
sys_enter_mmap
sys_enter_mprotect
sys_enter_mmap
sys_enter_mprotect
sys_enter_mmap
sys_enter_mmap
sys_enter_close
sys_enter_munmap
sys_enter_sched_getaffinity
sys_enter_mmap
sys_enter_munmap
sys_enter_mmap
sys_enter_mmap
sys_enter_mmap
sys_enter_mmap
sys_enter_mmap
sys_enter_mmap
sys_enter_rt_sigprocmask
sys_enter_sigaltstack
sys_enter_sigaltstack
sys_enter_gettid
sys_enter_rt_sigprocmask
sys_enter_rt_sigaction
sys_enter_rt_sigaction
sys_enter_rt_sigaction
sys_enter_rt_sigaction
sys_enter_rt_sigaction
sys_enter_rt_sigaction
sys_enter_rt_sigaction
sys_enter_rt_sigaction
sys_enter_rt_sigaction
sys_enter_rt_sigaction
sys_enter_rt_sigaction
sys_enter_rt_sigaction
sys_enter_rt_sigaction
sys_enter_rt_sigaction
sys_enter_rt_sigaction
sys_enter_rt_sigaction
sys_enter_rt_sigaction
sys_enter_rt_sigaction
sys_enter_rt_sigaction
sys_enter_rt_sigaction
sys_enter_rt_sigaction
sys_enter_rt_sigaction
sys_enter_rt_sigaction
sys_enter_rt_sigaction
sys_enter_rt_sigaction
sys_enter_rt_sigaction
sys_enter_rt_sigaction
sys_enter_rt_sigaction
sys_enter_rt_sigaction
sys_enter_rt_sigaction
sys_enter_rt_sigaction
sys_enter_rt_sigaction
sys_enter_rt_sigaction
sys_enter_rt_sigaction
sys_enter_rt_sigaction
sys_enter_rt_sigaction
sys_enter_rt_sigaction
sys_enter_rt_sigaction
sys_enter_rt_sigaction
sys_enter_rt_sigaction
sys_enter_rt_sigaction
sys_enter_rt_sigaction
sys_enter_rt_sigaction
sys_enter_rt_sigaction
sys_enter_rt_sigaction
sys_enter_rt_sigaction
sys_enter_rt_sigaction
sys_enter_rt_sigaction
sys_enter_rt_sigaction
sys_enter_rt_sigaction
sys_enter_rt_sigaction
sys_enter_rt_sigaction
sys_enter_rt_sigaction
sys_enter_rt_sigaction
sys_enter_rt_sigaction
sys_enter_rt_sigaction
sys_enter_rt_sigaction
sys_enter_rt_sigaction
sys_enter_rt_sigaction
sys_enter_rt_sigaction
sys_enter_rt_sigaction
sys_enter_rt_sigaction
sys_enter_rt_sigaction
sys_enter_rt_sigaction
sys_enter_rt_sigaction
sys_enter_rt_sigaction
sys_enter_rt_sigaction
sys_enter_rt_sigaction
sys_enter_rt_sigaction
sys_enter_rt_sigaction
sys_enter_rt_sigaction
sys_enter_rt_sigaction
sys_enter_rt_sigaction
sys_enter_rt_sigaction
sys_enter_rt_sigaction
sys_enter_rt_sigaction
sys_enter_rt_sigaction
sys_enter_rt_sigaction
sys_enter_rt_sigaction
sys_enter_rt_sigaction
sys_enter_rt_sigaction
sys_enter_rt_sigaction
sys_enter_rt_sigaction
sys_enter_rt_sigaction
sys_enter_rt_sigaction
sys_enter_rt_sigaction
sys_enter_rt_sigaction
sys_enter_rt_sigaction
sys_enter_rt_sigaction
sys_enter_rt_sigaction
sys_enter_rt_sigaction
sys_enter_rt_sigaction
sys_enter_rt_sigaction
sys_enter_rt_sigaction
sys_enter_rt_sigaction
sys_enter_rt_sigaction
sys_enter_rt_sigaction
sys_enter_rt_sigaction
sys_enter_rt_sigaction
sys_enter_rt_sigaction
sys_enter_rt_sigaction
sys_enter_rt_sigaction
sys_enter_rt_sigaction
sys_enter_rt_sigaction
sys_enter_rt_sigaction
sys_enter_rt_sigaction
sys_enter_rt_sigaction
sys_enter_rt_sigaction
sys_enter_rt_sigaction
sys_enter_rt_sigaction
sys_enter_rt_sigaction
sys_enter_rt_sigaction
sys_enter_rt_sigaction
sys_enter_rt_sigaction
sys_enter_rt_sigprocmask
sys_enter_clone
sys_enter_rt_sigprocmask
sys_enter_gettid
sys_enter_sigaltstack
sys_enter_sigaltstack
sys_enter_gettid
sys_enter_rt_sigprocmask
sys_enter_rt_sigprocmask
sys_enter_clone
sys_enter_rt_sigprocmask
sys_enter_gettid
sys_enter_sigaltstack
sys_enter_sigaltstack
sys_enter_gettid
sys_enter_rt_sigprocmask
sys_enter_clone
sys_enter_rt_sigprocmask
sys_enter_rt_sigprocmask
sys_enter_sched_yield
sys_enter_gettid
sys_enter_futex
sys_enter_sigaltstack
sys_enter_futex
sys_enter_sigaltstack
sys_enter_futex
sys_enter_gettid
sys_enter_rt_sigprocmask
sys_enter_futex
sys_enter_rt_sigprocmask
sys_enter_clone
sys_enter_futex
sys_enter_futex
sys_enter_rt_sigprocmask
sys_enter_gettid
sys_enter_futex
sys_enter_sigaltstack
sys_enter_sigaltstack
sys_enter_gettid
sys_enter_rt_sigprocmask
sys_enter_futex
sys_enter_futex
sys_enter_mmap
sys_enter_futex
sys_enter_futex
sys_enter_futex
sys_enter_openat
sys_enter_read
sys_enter_read
sys_enter_close
sys_enter_socket
sys_enter_close
sys_enter_socket
sys_enter_setsockopt
sys_enter_bind
sys_enter_socket
sys_enter_setsockopt
sys_enter_bind
sys_enter_close
sys_enter_close
sys_enter_getpid
sys_enter_getppid
sys_enter_mmap
sys_enter_mmap
sys_enter_getppid
sys_enter_openat
sys_enter_pipe2
sys_enter_getpid
sys_enter_clone
sys_enter_setsid
sys_enter_close
sys_enter_read
sys_enter_chdir
sys_enter_execve
sys_enter_close
sys_enter_exit_group
sys_enter_mmap
sys_enter_mmap
sys_enter_mprotect
sys_enter_mmap
sys_enter_mmap
sys_enter_mprotect
sys_enter_mmap
sys_enter_mprotect
sys_enter_mmap
sys_enter_mprotect
sys_enter_mmap
sys_enter_mmap
sys_enter_close
sys_enter_munmap
sys_enter_sched_getaffinity
sys_enter_mmap
sys_enter_munmap
sys_enter_mmap
sys_enter_mmap
sys_enter_mmap
sys_enter_mmap
sys_enter_mmap
sys_enter_mmap
sys_enter_rt_sigprocmask
sys_enter_sigaltstack
sys_enter_sigaltstack
sys_enter_gettid
sys_enter_rt_sigprocmask
sys_enter_rt_sigaction
sys_enter_rt_sigaction
sys_enter_rt_sigaction
sys_enter_rt_sigaction
sys_enter_rt_sigaction
sys_enter_rt_sigaction
sys_enter_rt_sigaction
sys_enter_rt_sigaction
sys_enter_rt_sigaction
sys_enter_rt_sigaction
sys_enter_rt_sigaction
sys_enter_rt_sigaction
sys_enter_rt_sigaction
sys_enter_rt_sigaction
sys_enter_rt_sigaction
sys_enter_rt_sigaction
sys_enter_rt_sigaction
sys_enter_rt_sigaction
sys_enter_rt_sigaction
sys_enter_rt_sigaction
sys_enter_rt_sigaction
sys_enter_rt_sigaction
sys_enter_rt_sigaction
sys_enter_rt_sigaction
sys_enter_rt_sigaction
sys_enter_rt_sigaction
sys_enter_rt_sigaction
sys_enter_rt_sigaction
sys_enter_rt_sigaction
sys_enter_rt_sigaction
sys_enter_rt_sigaction
sys_enter_rt_sigaction
sys_enter_rt_sigaction
sys_enter_rt_sigaction
sys_enter_rt_sigaction
sys_enter_rt_sigaction
sys_enter_rt_sigaction
sys_enter_rt_sigaction
sys_enter_rt_sigaction
sys_enter_rt_sigaction
sys_enter_rt_sigaction
sys_enter_rt_sigaction
sys_enter_rt_sigaction
sys_enter_rt_sigaction
sys_enter_rt_sigaction
sys_enter_rt_sigaction
sys_enter_rt_sigaction
sys_enter_rt_sigaction
sys_enter_rt_sigaction
sys_enter_rt_sigaction
sys_enter_rt_sigaction
sys_enter_rt_sigaction
sys_enter_rt_sigaction
sys_enter_rt_sigaction
sys_enter_rt_sigaction
sys_enter_rt_sigaction
sys_enter_rt_sigaction
sys_enter_rt_sigaction
sys_enter_rt_sigaction
sys_enter_rt_sigaction
sys_enter_rt_sigaction
sys_enter_rt_sigaction
sys_enter_rt_sigaction
sys_enter_rt_sigaction
sys_enter_rt_sigaction
sys_enter_rt_sigaction
sys_enter_rt_sigaction
sys_enter_rt_sigaction
sys_enter_rt_sigaction
sys_enter_rt_sigaction
sys_enter_rt_sigaction
sys_enter_rt_sigaction
sys_enter_rt_sigaction
sys_enter_rt_sigaction
sys_enter_rt_sigaction
sys_enter_rt_sigaction
sys_enter_rt_sigaction
sys_enter_rt_sigaction
sys_enter_rt_sigaction
sys_enter_rt_sigaction
sys_enter_rt_sigaction
sys_enter_rt_sigaction
sys_enter_rt_sigaction
sys_enter_rt_sigaction
sys_enter_rt_sigaction
sys_enter_rt_sigaction
sys_enter_rt_sigaction
sys_enter_rt_sigaction
sys_enter_rt_sigaction
sys_enter_rt_sigaction
sys_enter_rt_sigaction
sys_enter_rt_sigaction
sys_enter_rt_sigaction
sys_enter_rt_sigaction
sys_enter_rt_sigaction
sys_enter_rt_sigaction
sys_enter_rt_sigaction
sys_enter_rt_sigaction
sys_enter_rt_sigaction
sys_enter_rt_sigaction
sys_enter_rt_sigaction
sys_enter_rt_sigaction
sys_enter_rt_sigaction
sys_enter_rt_sigaction
sys_enter_rt_sigaction
sys_enter_rt_sigaction
sys_enter_rt_sigaction
sys_enter_rt_sigaction
sys_enter_rt_sigaction
sys_enter_rt_sigaction
sys_enter_rt_sigaction
sys_enter_rt_sigaction
sys_enter_rt_sigaction
sys_enter_rt_sigaction
sys_enter_rt_sigprocmask
sys_enter_clone
sys_enter_rt_sigprocmask
sys_enter_gettid
sys_enter_sigaltstack
sys_enter_sigaltstack
sys_enter_gettid
sys_enter_rt_sigprocmask
sys_enter_rt_sigprocmask
sys_enter_clone
sys_enter_rt_sigprocmask
sys_enter_gettid
sys_enter_sigaltstack
sys_enter_sigaltstack
sys_enter_gettid
sys_enter_rt_sigprocmask
sys_enter_rt_sigprocmask
sys_enter_clone
sys_enter_rt_sigprocmask
sys_enter_clone
sys_enter_rt_sigprocmask
sys_enter_futex
sys_enter_gettid
sys_enter_sigaltstack
sys_enter_rt_sigprocmask
sys_enter_sigaltstack
sys_enter_gettid
sys_enter_gettid
sys_enter_sigaltstack
sys_enter_rt_sigprocmask
sys_enter_sigaltstack
sys_enter_gettid
sys_enter_rt_sigprocmask
sys_enter_futex
sys_enter_futex
sys_enter_futex
sys_enter_futex
sys_enter_futex
sys_enter_mmap
sys_enter_futex
sys_enter_futex
sys_enter_futex
sys_enter_openat
sys_enter_read
sys_enter_read
sys_enter_close
sys_enter_socket
sys_enter_close
sys_enter_socket
sys_enter_setsockopt
sys_enter_bind
sys_enter_socket
sys_enter_setsockopt
sys_enter_bind
sys_enter_close
sys_enter_close
sys_enter_getpid
sys_enter_getppid
sys_enter_mmap
sys_enter_mmap
sys_enter_getppid
sys_enter_openat
sys_enter_pipe2
sys_enter_getpid
sys_enter_clone
sys_enter_setsid
sys_enter_close
sys_enter_read
sys_enter_chdir
sys_enter_execve
sys_enter_close
sys_enter_mmap
sys_enter_exit_group
sys_enter_mmap
sys_enter_mprotect
sys_enter_mmap
sys_enter_mmap
sys_enter_mprotect
sys_enter_mmap
sys_enter_mprotect
sys_enter_mmap
sys_enter_mprotect
sys_enter_mmap
sys_enter_mmap
sys_enter_close
sys_enter_munmap
sys_enter_sched_getaffinity
sys_enter_mmap
sys_enter_munmap
sys_enter_mmap
sys_enter_mmap
sys_enter_mmap
sys_enter_mmap
sys_enter_mmap
sys_enter_mmap
sys_enter_rt_sigprocmask
sys_enter_sigaltstack
sys_enter_sigaltstack
sys_enter_gettid
sys_enter_rt_sigprocmask
sys_enter_rt_sigaction
sys_enter_rt_sigaction
sys_enter_rt_sigaction
sys_enter_rt_sigaction
sys_enter_rt_sigaction
sys_enter_rt_sigaction
sys_enter_rt_sigaction
sys_enter_rt_sigaction
sys_enter_rt_sigaction
sys_enter_rt_sigaction
sys_enter_rt_sigaction
sys_enter_rt_sigaction
sys_enter_rt_sigaction
sys_enter_rt_sigaction
sys_enter_rt_sigaction
sys_enter_rt_sigaction
sys_enter_rt_sigaction
sys_enter_rt_sigaction
sys_enter_rt_sigaction
sys_enter_rt_sigaction
sys_enter_rt_sigaction
sys_enter_rt_sigaction
sys_enter_rt_sigaction
sys_enter_rt_sigaction
sys_enter_rt_sigaction
sys_enter_rt_sigaction
sys_enter_rt_sigaction
sys_enter_rt_sigaction
sys_enter_rt_sigaction
sys_enter_rt_sigaction
sys_enter_rt_sigaction
sys_enter_rt_sigaction
sys_enter_rt_sigaction
sys_enter_rt_sigaction
sys_enter_rt_sigaction
sys_enter_rt_sigaction
sys_enter_rt_sigaction
sys_enter_rt_sigaction
sys_enter_rt_sigaction
sys_enter_rt_sigaction
sys_enter_rt_sigaction
sys_enter_rt_sigaction
sys_enter_rt_sigaction
sys_enter_rt_sigaction
sys_enter_rt_sigaction
sys_enter_rt_sigaction
sys_enter_rt_sigaction
sys_enter_rt_sigaction
sys_enter_rt_sigaction
sys_enter_rt_sigaction
sys_enter_rt_sigaction
sys_enter_rt_sigaction
sys_enter_rt_sigaction
sys_enter_rt_sigaction
sys_enter_rt_sigaction
sys_enter_rt_sigaction
sys_enter_rt_sigaction
sys_enter_rt_sigaction
sys_enter_rt_sigaction
sys_enter_rt_sigaction
sys_enter_rt_sigaction
sys_enter_rt_sigaction
sys_enter_rt_sigaction
sys_enter_rt_sigaction
sys_enter_rt_sigaction
sys_enter_rt_sigaction
sys_enter_rt_sigaction
sys_enter_rt_sigaction
sys_enter_rt_sigaction
sys_enter_rt_sigaction
sys_enter_rt_sigaction
sys_enter_rt_sigaction
sys_enter_rt_sigaction
sys_enter_rt_sigaction
sys_enter_rt_sigaction
sys_enter_rt_sigaction
sys_enter_rt_sigaction
sys_enter_rt_sigaction
sys_enter_rt_sigaction
sys_enter_rt_sigaction
sys_enter_rt_sigaction
sys_enter_rt_sigaction
sys_enter_rt_sigaction
sys_enter_rt_sigaction
sys_enter_rt_sigaction
sys_enter_rt_sigaction
sys_enter_rt_sigaction
sys_enter_rt_sigaction
sys_enter_rt_sigaction
sys_enter_rt_sigaction
sys_enter_rt_sigaction
sys_enter_rt_sigaction
sys_enter_rt_sigaction
sys_enter_rt_sigaction
sys_enter_rt_sigaction
sys_enter_rt_sigaction
sys_enter_rt_sigaction
sys_enter_rt_sigaction
sys_enter_rt_sigaction
sys_enter_rt_sigaction
sys_enter_rt_sigaction
sys_enter_rt_sigaction
sys_enter_rt_sigaction
sys_enter_rt_sigaction
sys_enter_rt_sigaction
sys_enter_rt_sigaction
sys_enter_rt_sigaction
sys_enter_rt_sigaction
sys_enter_rt_sigaction
sys_enter_rt_sigaction
sys_enter_rt_sigaction
sys_enter_rt_sigaction
sys_enter_rt_sigaction
sys_enter_rt_sigaction
sys_enter_rt_sigprocmask
sys_enter_clone
sys_enter_rt_sigprocmask
sys_enter_gettid
sys_enter_sigaltstack
sys_enter_sigaltstack
sys_enter_gettid
sys_enter_rt_sigprocmask
sys_enter_rt_sigprocmask
sys_enter_clone
sys_enter_rt_sigprocmask
sys_enter_gettid
sys_enter_sigaltstack
sys_enter_sigaltstack
sys_enter_rt_sigprocmask
sys_enter_clone
sys_enter_gettid
sys_enter_rt_sigprocmask
sys_enter_rt_sigprocmask
sys_enter_sched_yield
sys_enter_gettid
sys_enter_futex
sys_enter_sigaltstack
sys_enter_sigaltstack
sys_enter_futex
sys_enter_gettid
sys_enter_rt_sigprocmask
sys_enter_rt_sigprocmask
sys_enter_clone
sys_enter_futex
sys_enter_futex
sys_enter_rt_sigprocmask
sys_enter_futex
sys_enter_gettid
sys_enter_sigaltstack
sys_enter_sigaltstack
sys_enter_gettid
sys_enter_rt_sigprocmask
sys_enter_futex
sys_enter_futex
sys_enter_mmap
sys_enter_futex
sys_enter_futex
sys_enter_futex
sys_enter_openat
sys_enter_read
sys_enter_read
sys_enter_close
sys_enter_socket
sys_enter_close
sys_enter_socket
sys_enter_setsockopt
sys_enter_bind
sys_enter_socket
sys_enter_setsockopt
sys_enter_bind
sys_enter_close
sys_enter_close
sys_enter_getpid
sys_enter_getppid
sys_enter_mmap
sys_enter_mmap
sys_enter_getppid
sys_enter_openat
sys_enter_pipe2
sys_enter_getpid
sys_enter_clone
sys_enter_setsid
sys_enter_close
sys_enter_read
sys_enter_chdir
sys_enter_execve
sys_enter_close
sys_enter_mmap
sys_enter_exit_group
sys_enter_mmap
sys_enter_mprotect
sys_enter_mmap
sys_enter_mmap
sys_enter_mprotect
sys_enter_mmap
sys_enter_mprotect
sys_enter_mmap
sys_enter_mprotect
sys_enter_mmap
sys_enter_mmap
sys_enter_close
sys_enter_munmap
sys_enter_sched_getaffinity
sys_enter_mmap
sys_enter_munmap
sys_enter_mmap
sys_enter_mmap
sys_enter_mmap
sys_enter_mmap
sys_enter_mmap
sys_enter_mmap
sys_enter_rt_sigprocmask
sys_enter_sigaltstack
sys_enter_sigaltstack
sys_enter_gettid
sys_enter_rt_sigprocmask
sys_enter_rt_sigaction
sys_enter_rt_sigaction
sys_enter_rt_sigaction
sys_enter_rt_sigaction
sys_enter_rt_sigaction
sys_enter_rt_sigaction
sys_enter_rt_sigaction
sys_enter_rt_sigaction
sys_enter_rt_sigaction
sys_enter_rt_sigaction
sys_enter_rt_sigaction
sys_enter_rt_sigaction
sys_enter_rt_sigaction
sys_enter_rt_sigaction
sys_enter_rt_sigaction
sys_enter_rt_sigaction
sys_enter_rt_sigaction
sys_enter_rt_sigaction
sys_enter_rt_sigaction
sys_enter_rt_sigaction
sys_enter_rt_sigaction
sys_enter_rt_sigaction
sys_enter_rt_sigaction
sys_enter_rt_sigaction
sys_enter_rt_sigaction
sys_enter_rt_sigaction
sys_enter_rt_sigaction
sys_enter_rt_sigaction
sys_enter_rt_sigaction
sys_enter_rt_sigaction
sys_enter_rt_sigaction
sys_enter_rt_sigaction
sys_enter_rt_sigaction
sys_enter_rt_sigaction
sys_enter_rt_sigaction
sys_enter_rt_sigaction
sys_enter_rt_sigaction
sys_enter_rt_sigaction
sys_enter_rt_sigaction
sys_enter_rt_sigaction
sys_enter_rt_sigaction
sys_enter_rt_sigaction
sys_enter_rt_sigaction
sys_enter_rt_sigaction
sys_enter_rt_sigaction
sys_enter_rt_sigaction
sys_enter_rt_sigaction
sys_enter_rt_sigaction
sys_enter_rt_sigaction
sys_enter_rt_sigaction
sys_enter_rt_sigaction
sys_enter_rt_sigaction
sys_enter_rt_sigaction
sys_enter_rt_sigaction
sys_enter_rt_sigaction
sys_enter_rt_sigaction
sys_enter_rt_sigaction
sys_enter_rt_sigaction
sys_enter_rt_sigaction
sys_enter_rt_sigaction
sys_enter_rt_sigaction
sys_enter_rt_sigaction
sys_enter_rt_sigaction
sys_enter_rt_sigaction
sys_enter_rt_sigaction
sys_enter_rt_sigaction
sys_enter_rt_sigaction
sys_enter_rt_sigaction
sys_enter_rt_sigaction
sys_enter_rt_sigaction
sys_enter_rt_sigaction
sys_enter_rt_sigaction
sys_enter_rt_sigaction
sys_enter_rt_sigaction
sys_enter_rt_sigaction
sys_enter_rt_sigaction
sys_enter_rt_sigaction
sys_enter_rt_sigaction
sys_enter_rt_sigaction
sys_enter_rt_sigaction
sys_enter_rt_sigaction
sys_enter_rt_sigaction
sys_enter_rt_sigaction
sys_enter_rt_sigaction
sys_enter_rt_sigaction
sys_enter_rt_sigaction
sys_enter_rt_sigaction
sys_enter_rt_sigaction
sys_enter_rt_sigaction
sys_enter_rt_sigaction
sys_enter_rt_sigaction
sys_enter_rt_sigaction
sys_enter_rt_sigaction
sys_enter_rt_sigaction
sys_enter_rt_sigaction
sys_enter_rt_sigaction
sys_enter_rt_sigaction
sys_enter_rt_sigaction
sys_enter_rt_sigaction
sys_enter_rt_sigaction
sys_enter_rt_sigaction
sys_enter_rt_sigaction
sys_enter_rt_sigaction
sys_enter_rt_sigaction
sys_enter_rt_sigaction
sys_enter_rt_sigaction
sys_enter_rt_sigaction
sys_enter_rt_sigaction
sys_enter_rt_sigaction
sys_enter_rt_sigaction
sys_enter_rt_sigaction
sys_enter_rt_sigaction
sys_enter_rt_sigaction
sys_enter_rt_sigaction
sys_enter_rt_sigprocmask
sys_enter_clone
sys_enter_rt_sigprocmask
sys_enter_gettid
sys_enter_sigaltstack
sys_enter_sigaltstack
sys_enter_gettid
sys_enter_rt_sigprocmask
sys_enter_rt_sigprocmask
sys_enter_clone
sys_enter_rt_sigprocmask
sys_enter_gettid
sys_enter_sigaltstack
sys_enter_sigaltstack
sys_enter_gettid
sys_enter_rt_sigprocmask
sys_enter_rt_sigprocmask
sys_enter_clone
sys_enter_rt_sigprocmask
sys_enter_clone
sys_enter_rt_sigprocmask
sys_enter_futex
sys_enter_rt_sigprocmask
sys_enter_gettid
sys_enter_sigaltstack
sys_enter_sigaltstack
sys_enter_gettid
sys_enter_gettid
sys_enter_rt_sigprocmask
sys_enter_sigaltstack
sys_enter_sigaltstack
sys_enter_gettid
sys_enter_futex
sys_enter_rt_sigprocmask
sys_enter_futex
sys_enter_futex
sys_enter_futex
sys_enter_futex
sys_enter_mmap
sys_enter_futex
sys_enter_futex
sys_enter_futex
sys_enter_openat
sys_enter_read
sys_enter_read
sys_enter_close
sys_enter_socket
sys_enter_close
sys_enter_socket
sys_enter_setsockopt
sys_enter_bind
sys_enter_socket
sys_enter_setsockopt
sys_enter_bind
sys_enter_close
sys_enter_close
sys_enter_getpid
sys_enter_getppid
sys_enter_mmap
sys_enter_mmap
sys_enter_getppid
sys_enter_openat
sys_enter_pipe2
sys_enter_getpid
sys_enter_clone
sys_enter_setsid
sys_enter_close
sys_enter_read
sys_enter_chdir
sys_enter_execve
sys_enter_close
sys_enter_exit_group
sys_enter_mmap
sys_enter_mmap
sys_enter_mprotect
sys_enter_mmap
sys_enter_mmap
sys_enter_mprotect
sys_enter_mmap
sys_enter_mprotect
sys_enter_mmap
sys_enter_mprotect
sys_enter_mmap
sys_enter_mmap
sys_enter_close
sys_enter_munmap
sys_enter_sched_getaffinity
sys_enter_mmap
sys_enter_munmap
sys_enter_mmap
sys_enter_mmap
sys_enter_mmap
sys_enter_mmap
sys_enter_mmap
sys_enter_mmap
sys_enter_rt_sigprocmask
sys_enter_sigaltstack
sys_enter_sigaltstack
sys_enter_gettid
sys_enter_rt_sigprocmask
sys_enter_rt_sigaction
sys_enter_rt_sigaction
sys_enter_rt_sigaction
sys_enter_rt_sigaction
sys_enter_rt_sigaction
sys_enter_rt_sigaction
sys_enter_rt_sigaction
sys_enter_rt_sigaction
sys_enter_rt_sigaction
sys_enter_rt_sigaction
sys_enter_rt_sigaction
sys_enter_rt_sigaction
sys_enter_rt_sigaction
sys_enter_rt_sigaction
sys_enter_rt_sigaction
sys_enter_rt_sigaction
sys_enter_rt_sigaction
sys_enter_rt_sigaction
sys_enter_rt_sigaction
sys_enter_rt_sigaction
sys_enter_rt_sigaction
sys_enter_rt_sigaction
sys_enter_rt_sigaction
sys_enter_rt_sigaction
sys_enter_rt_sigaction
sys_enter_rt_sigaction
sys_enter_rt_sigaction
sys_enter_rt_sigaction
sys_enter_rt_sigaction
sys_enter_rt_sigaction
sys_enter_rt_sigaction
sys_enter_rt_sigaction
sys_enter_rt_sigaction
sys_enter_rt_sigaction
sys_enter_rt_sigaction
sys_enter_rt_sigaction
sys_enter_rt_sigaction
sys_enter_rt_sigaction
sys_enter_rt_sigaction
sys_enter_rt_sigaction
sys_enter_rt_sigaction
sys_enter_rt_sigaction
sys_enter_rt_sigaction
sys_enter_rt_sigaction
sys_enter_rt_sigaction
sys_enter_rt_sigaction
sys_enter_rt_sigaction
sys_enter_rt_sigaction
sys_enter_rt_sigaction
sys_enter_rt_sigaction
sys_enter_rt_sigaction
sys_enter_rt_sigaction
sys_enter_rt_sigaction
sys_enter_rt_sigaction
sys_enter_rt_sigaction
sys_enter_rt_sigaction
sys_enter_rt_sigaction
sys_enter_rt_sigaction
sys_enter_rt_sigaction
sys_enter_rt_sigaction
sys_enter_rt_sigaction
sys_enter_rt_sigaction
sys_enter_rt_sigaction
sys_enter_rt_sigaction
sys_enter_rt_sigaction
sys_enter_rt_sigaction
sys_enter_rt_sigaction
sys_enter_rt_sigaction
sys_enter_rt_sigaction
sys_enter_rt_sigaction
sys_enter_rt_sigaction
sys_enter_rt_sigaction
sys_enter_rt_sigaction
sys_enter_rt_sigaction
sys_enter_rt_sigaction
sys_enter_rt_sigaction
sys_enter_rt_sigaction
sys_enter_rt_sigaction
sys_enter_rt_sigaction
sys_enter_rt_sigaction
sys_enter_rt_sigaction
sys_enter_rt_sigaction
sys_enter_rt_sigaction
sys_enter_rt_sigaction
sys_enter_rt_sigaction
sys_enter_rt_sigaction
sys_enter_rt_sigaction
sys_enter_rt_sigaction
sys_enter_rt_sigaction
sys_enter_rt_sigaction
sys_enter_rt_sigaction
sys_enter_rt_sigaction
sys_enter_rt_sigaction
sys_enter_rt_sigaction
sys_enter_rt_sigaction
sys_enter_rt_sigaction
sys_enter_rt_sigaction
sys_enter_rt_sigaction
sys_enter_rt_sigaction
sys_enter_rt_sigaction
sys_enter_rt_sigaction
sys_enter_rt_sigaction
sys_enter_rt_sigaction
sys_enter_rt_sigaction
sys_enter_rt_sigaction
sys_enter_rt_sigaction
sys_enter_rt_sigaction
sys_enter_rt_sigaction
sys_enter_rt_sigaction
sys_enter_rt_sigaction
sys_enter_rt_sigaction
sys_enter_rt_sigaction
sys_enter_rt_sigaction
sys_enter_rt_sigaction
sys_enter_rt_sigprocmask
sys_enter_clone
sys_enter_rt_sigprocmask
sys_enter_gettid
sys_enter_sigaltstack
sys_enter_sigaltstack
sys_enter_gettid
sys_enter_rt_sigprocmask
sys_enter_rt_sigprocmask
sys_enter_clone
sys_enter_rt_sigprocmask
sys_enter_gettid
sys_enter_sigaltstack
sys_enter_sigaltstack
sys_enter_gettid
sys_enter_rt_sigprocmask
sys_enter_rt_sigprocmask
sys_enter_clone
sys_enter_rt_sigprocmask
sys_enter_clone
sys_enter_rt_sigprocmask
sys_enter_futex
sys_enter_rt_sigprocmask
sys_enter_futex
sys_enter_gettid
sys_enter_sigaltstack
sys_enter_sigaltstack
sys_enter_gettid
sys_enter_rt_sigprocmask
sys_enter_futex
sys_enter_futex
sys_enter_gettid
sys_enter_sigaltstack
sys_enter_sigaltstack
sys_enter_gettid
sys_enter_rt_sigprocmask
sys_enter_futex
sys_enter_futex
sys_enter_mmap
sys_enter_futex
sys_enter_futex
sys_enter_futex
sys_enter_openat
sys_enter_futex
sys_enter_futex
sys_enter_read
sys_enter_read
sys_enter_close
sys_enter_socket
sys_enter_close
sys_enter_socket
sys_enter_setsockopt
sys_enter_bind
sys_enter_socket
sys_enter_setsockopt
sys_enter_bind
sys_enter_close
sys_enter_close
sys_enter_mmap
sys_enter_getpid
sys_enter_getppid
sys_enter_mmap
sys_enter_mmap
sys_enter_getppid
sys_enter_openat
sys_enter_pipe2
sys_enter_getpid
sys_enter_clone
sys_enter_setsid
sys_enter_close
sys_enter_read
sys_enter_chdir
sys_enter_execve
sys_enter_close
sys_enter_mmap
sys_enter_exit_group
sys_enter_mmap
sys_enter_mprotect
sys_enter_mmap
sys_enter_mmap
sys_enter_mprotect
sys_enter_mmap
sys_enter_mprotect
sys_enter_mmap
sys_enter_mprotect
sys_enter_mmap
sys_enter_mmap
sys_enter_close
sys_enter_munmap
sys_enter_sched_getaffinity
sys_enter_mmap
sys_enter_munmap
sys_enter_mmap
sys_enter_mmap
sys_enter_mmap
sys_enter_mmap
sys_enter_mmap
sys_enter_mmap
sys_enter_rt_sigprocmask
sys_enter_sigaltstack
sys_enter_sigaltstack
sys_enter_gettid
sys_enter_rt_sigprocmask
sys_enter_rt_sigaction
sys_enter_rt_sigaction
sys_enter_rt_sigaction
sys_enter_rt_sigaction
sys_enter_rt_sigaction
sys_enter_rt_sigaction
sys_enter_rt_sigaction
sys_enter_rt_sigaction
sys_enter_rt_sigaction
sys_enter_rt_sigaction
sys_enter_rt_sigaction
sys_enter_rt_sigaction
sys_enter_rt_sigaction
sys_enter_rt_sigaction
sys_enter_rt_sigaction
sys_enter_rt_sigaction
sys_enter_rt_sigaction
sys_enter_rt_sigaction
sys_enter_rt_sigaction
sys_enter_rt_sigaction
sys_enter_rt_sigaction
sys_enter_rt_sigaction
sys_enter_rt_sigaction
sys_enter_rt_sigaction
sys_enter_rt_sigaction
sys_enter_rt_sigaction
sys_enter_rt_sigaction
sys_enter_rt_sigaction
sys_enter_rt_sigaction
sys_enter_rt_sigaction
sys_enter_rt_sigaction
sys_enter_rt_sigaction
sys_enter_rt_sigaction
sys_enter_rt_sigaction
sys_enter_rt_sigaction
sys_enter_rt_sigaction
sys_enter_rt_sigaction
sys_enter_rt_sigaction
sys_enter_rt_sigaction
sys_enter_rt_sigaction
sys_enter_rt_sigaction
sys_enter_rt_sigaction
sys_enter_rt_sigaction
sys_enter_rt_sigaction
sys_enter_rt_sigaction
sys_enter_rt_sigaction
sys_enter_rt_sigaction
sys_enter_rt_sigaction
sys_enter_rt_sigaction
sys_enter_rt_sigaction
sys_enter_rt_sigaction
sys_enter_rt_sigaction
sys_enter_rt_sigaction
sys_enter_rt_sigaction
sys_enter_rt_sigaction
sys_enter_rt_sigaction
sys_enter_rt_sigaction
sys_enter_rt_sigaction
sys_enter_rt_sigaction
sys_enter_rt_sigaction
sys_enter_rt_sigaction
sys_enter_rt_sigaction
sys_enter_rt_sigaction
sys_enter_rt_sigaction
sys_enter_rt_sigaction
sys_enter_rt_sigaction
sys_enter_rt_sigaction
sys_enter_rt_sigaction
sys_enter_rt_sigaction
sys_enter_rt_sigaction
sys_enter_rt_sigaction
sys_enter_rt_sigaction
sys_enter_rt_sigaction
sys_enter_rt_sigaction
sys_enter_rt_sigaction
sys_enter_rt_sigaction
sys_enter_rt_sigaction
sys_enter_rt_sigaction
sys_enter_rt_sigaction
sys_enter_rt_sigaction
sys_enter_rt_sigaction
sys_enter_rt_sigaction
sys_enter_rt_sigaction
sys_enter_rt_sigaction
sys_enter_rt_sigaction
sys_enter_rt_sigaction
sys_enter_rt_sigaction
sys_enter_rt_sigaction
sys_enter_rt_sigaction
sys_enter_rt_sigaction
sys_enter_rt_sigaction
sys_enter_rt_sigaction
sys_enter_rt_sigaction
sys_enter_rt_sigaction
sys_enter_rt_sigaction
sys_enter_rt_sigaction
sys_enter_rt_sigaction
sys_enter_rt_sigaction
sys_enter_rt_sigaction
sys_enter_rt_sigaction
sys_enter_rt_sigaction
sys_enter_rt_sigaction
sys_enter_rt_sigaction
sys_enter_rt_sigaction
sys_enter_rt_sigaction
sys_enter_rt_sigaction
sys_enter_rt_sigaction
sys_enter_rt_sigaction
sys_enter_rt_sigaction
sys_enter_rt_sigaction
sys_enter_rt_sigaction
sys_enter_rt_sigaction
sys_enter_rt_sigaction
sys_enter_rt_sigaction
sys_enter_rt_sigprocmask
sys_enter_clone
sys_enter_rt_sigprocmask
sys_enter_gettid
sys_enter_sigaltstack
sys_enter_sigaltstack
sys_enter_gettid
sys_enter_rt_sigprocmask
sys_enter_rt_sigprocmask
sys_enter_clone
sys_enter_rt_sigprocmask
sys_enter_gettid
sys_enter_sigaltstack
sys_enter_sigaltstack
sys_enter_rt_sigprocmask
sys_enter_clone
sys_enter_gettid
sys_enter_rt_sigprocmask
sys_enter_rt_sigprocmask
sys_enter_futex
sys_enter_rt_sigprocmask
sys_enter_clone
sys_enter_gettid
sys_enter_sigaltstack
sys_enter_sigaltstack
sys_enter_gettid
sys_enter_rt_sigprocmask
sys_enter_futex
sys_enter_futex
sys_enter_sigaltstack
sys_enter_gettid
sys_enter_rt_sigprocmask
sys_enter_rt_sigprocmask
sys_enter_futex
sys_enter_gettid
sys_enter_sigaltstack
sys_enter_futex
sys_enter_futex
sys_enter_mmap
sys_enter_futex
sys_enter_futex
sys_enter_futex
sys_enter_openat
sys_enter_read
sys_enter_read
sys_enter_close
sys_enter_socket
sys_enter_close
sys_enter_socket
sys_enter_setsockopt
sys_enter_bind
sys_enter_socket
sys_enter_setsockopt
sys_enter_bind
sys_enter_close
sys_enter_close
sys_enter_getpid
sys_enter_getppid
sys_enter_mmap
sys_enter_mmap
sys_enter_getppid
sys_enter_openat
sys_enter_pipe2
sys_enter_getpid
sys_enter_clone
sys_enter_setsid
sys_enter_close
sys_enter_read
sys_enter_chdir
sys_enter_execve
sys_enter_close
sys_enter_exit_group
sys_enter_mmap
sys_enter_mmap
sys_enter_mprotect
sys_enter_mmap
sys_enter_mmap
sys_enter_mprotect
sys_enter_mmap
sys_enter_mprotect
sys_enter_mmap
sys_enter_mprotect
sys_enter_mmap
sys_enter_mmap
sys_enter_close
sys_enter_munmap
sys_enter_sched_getaffinity
sys_enter_mmap
sys_enter_munmap
sys_enter_mmap
sys_enter_mmap
sys_enter_mmap
sys_enter_mmap
sys_enter_mmap
sys_enter_mmap
sys_enter_rt_sigprocmask
sys_enter_sigaltstack
sys_enter_sigaltstack
sys_enter_gettid
sys_enter_rt_sigprocmask
sys_enter_rt_sigaction
sys_enter_rt_sigaction
sys_enter_rt_sigaction
sys_enter_rt_sigaction
sys_enter_rt_sigaction
sys_enter_rt_sigaction
sys_enter_rt_sigaction
sys_enter_rt_sigaction
sys_enter_rt_sigaction
sys_enter_rt_sigaction
sys_enter_rt_sigaction
sys_enter_rt_sigaction
sys_enter_rt_sigaction
sys_enter_rt_sigaction
sys_enter_rt_sigaction
sys_enter_rt_sigaction
sys_enter_rt_sigaction
sys_enter_rt_sigaction
sys_enter_rt_sigaction
sys_enter_rt_sigaction
sys_enter_rt_sigaction
sys_enter_rt_sigaction
sys_enter_rt_sigaction
sys_enter_rt_sigaction
sys_enter_rt_sigaction
sys_enter_rt_sigaction
sys_enter_rt_sigaction
sys_enter_rt_sigaction
sys_enter_rt_sigaction
sys_enter_rt_sigaction
sys_enter_rt_sigaction
sys_enter_rt_sigaction
sys_enter_rt_sigaction
sys_enter_rt_sigaction
sys_enter_rt_sigaction
sys_enter_rt_sigaction
sys_enter_rt_sigaction
sys_enter_rt_sigaction
sys_enter_rt_sigaction
sys_enter_rt_sigaction
sys_enter_rt_sigaction
sys_enter_rt_sigaction
sys_enter_rt_sigaction
sys_enter_rt_sigaction
sys_enter_rt_sigaction
sys_enter_rt_sigaction
sys_enter_rt_sigaction
sys_enter_rt_sigaction
sys_enter_rt_sigaction
sys_enter_rt_sigaction
sys_enter_rt_sigaction
sys_enter_rt_sigaction
sys_enter_rt_sigaction
sys_enter_rt_sigaction
sys_enter_rt_sigaction
sys_enter_rt_sigaction
sys_enter_rt_sigaction
sys_enter_rt_sigaction
sys_enter_rt_sigaction
sys_enter_rt_sigaction
sys_enter_rt_sigaction
sys_enter_rt_sigaction
sys_enter_rt_sigaction
sys_enter_rt_sigaction
sys_enter_rt_sigaction
sys_enter_rt_sigaction
sys_enter_rt_sigaction
sys_enter_rt_sigaction
sys_enter_rt_sigaction
sys_enter_rt_sigaction
sys_enter_rt_sigaction
sys_enter_rt_sigaction
sys_enter_rt_sigaction
sys_enter_rt_sigaction
sys_enter_rt_sigaction
sys_enter_rt_sigaction
sys_enter_rt_sigaction
sys_enter_rt_sigaction
sys_enter_rt_sigaction
sys_enter_rt_sigaction
sys_enter_rt_sigaction
sys_enter_rt_sigaction
sys_enter_rt_sigaction
sys_enter_rt_sigaction
sys_enter_rt_sigaction
sys_enter_rt_sigaction
sys_enter_rt_sigaction
sys_enter_rt_sigaction
sys_enter_rt_sigaction
sys_enter_rt_sigaction
sys_enter_rt_sigaction
sys_enter_rt_sigaction
sys_enter_rt_sigaction
sys_enter_rt_sigaction
sys_enter_rt_sigaction
sys_enter_rt_sigaction
sys_enter_rt_sigaction
sys_enter_rt_sigaction
sys_enter_rt_sigaction
sys_enter_rt_sigaction
sys_enter_rt_sigaction
sys_enter_rt_sigaction
sys_enter_rt_sigaction
sys_enter_rt_sigaction
sys_enter_rt_sigaction
sys_enter_rt_sigaction
sys_enter_rt_sigaction
sys_enter_rt_sigaction
sys_enter_rt_sigaction
sys_enter_rt_sigaction
sys_enter_rt_sigaction
sys_enter_rt_sigaction
sys_enter_rt_sigaction
sys_enter_rt_sigaction
sys_enter_rt_sigprocmask
sys_enter_clone
sys_enter_rt_sigprocmask
sys_enter_gettid
sys_enter_sigaltstack
sys_enter_sigaltstack
sys_enter_gettid
sys_enter_rt_sigprocmask
sys_enter_rt_sigprocmask
sys_enter_clone
sys_enter_gettid
sys_enter_sigaltstack
sys_enter_sigaltstack
sys_enter_gettid
sys_enter_rt_sigprocmask
sys_enter_rt_sigprocmask
sys_enter_rt_sigprocmask
sys_enter_clone
sys_enter_rt_sigprocmask
sys_enter_futex
sys_enter_rt_sigprocmask
sys_enter_clone
sys_enter_gettid
sys_enter_sigaltstack
sys_enter_sigaltstack
sys_enter_gettid
sys_enter_rt_sigprocmask
sys_enter_rt_sigprocmask
sys_enter_futex
sys_enter_gettid
sys_enter_sigaltstack
sys_enter_sigaltstack
sys_enter_gettid
sys_enter_rt_sigprocmask
sys_enter_futex
sys_enter_futex
sys_enter_futex
sys_enter_mmap
sys_enter_futex
sys_enter_futex
sys_enter_futex
sys_enter_openat
sys_enter_read
sys_enter_read
sys_enter_close
sys_enter_socket
sys_enter_close
sys_enter_socket
sys_enter_setsockopt
sys_enter_bind
sys_enter_socket
sys_enter_setsockopt
sys_enter_bind
sys_enter_close
sys_enter_close
sys_enter_futex
sys_enter_getpid
sys_enter_getppid
sys_enter_mmap
sys_enter_mmap
sys_enter_getppid
sys_enter_openat
sys_enter_pipe2
sys_enter_getpid
sys_enter_clone
sys_enter_setsid
sys_enter_close
sys_enter_read
sys_enter_chdir
sys_enter_execve
sys_enter_close
sys_enter_exit_group
sys_enter_mmap
sys_enter_mmap
sys_enter_mprotect
sys_enter_mmap
sys_enter_mmap
sys_enter_mprotect
sys_enter_mmap
sys_enter_mprotect
sys_enter_mmap
sys_enter_mprotect
sys_enter_mmap
sys_enter_mmap
sys_enter_close
sys_enter_munmap
sys_enter_sched_getaffinity
sys_enter_mmap
sys_enter_munmap
sys_enter_mmap
sys_enter_mmap
sys_enter_mmap
sys_enter_mmap
sys_enter_mmap
sys_enter_mmap
sys_enter_rt_sigprocmask
sys_enter_sigaltstack
sys_enter_sigaltstack
sys_enter_gettid
sys_enter_rt_sigprocmask
sys_enter_rt_sigaction
sys_enter_rt_sigaction
sys_enter_rt_sigaction
sys_enter_rt_sigaction
sys_enter_rt_sigaction
sys_enter_rt_sigaction
sys_enter_rt_sigaction
sys_enter_rt_sigaction
sys_enter_rt_sigaction
sys_enter_rt_sigaction
sys_enter_rt_sigaction
sys_enter_rt_sigaction
sys_enter_rt_sigaction
sys_enter_rt_sigaction
sys_enter_rt_sigaction
sys_enter_rt_sigaction
sys_enter_rt_sigaction
sys_enter_rt_sigaction
sys_enter_rt_sigaction
sys_enter_rt_sigaction
sys_enter_rt_sigaction
sys_enter_rt_sigaction
sys_enter_rt_sigaction
sys_enter_rt_sigaction
sys_enter_rt_sigaction
sys_enter_rt_sigaction
sys_enter_rt_sigaction
sys_enter_rt_sigaction
sys_enter_rt_sigaction
sys_enter_rt_sigaction
sys_enter_rt_sigaction
sys_enter_rt_sigaction
sys_enter_rt_sigaction
sys_enter_rt_sigaction
sys_enter_rt_sigaction
sys_enter_rt_sigaction
sys_enter_rt_sigaction
sys_enter_rt_sigaction
sys_enter_rt_sigaction
sys_enter_rt_sigaction
sys_enter_rt_sigaction
sys_enter_rt_sigaction
sys_enter_rt_sigaction
sys_enter_rt_sigaction
sys_enter_rt_sigaction
sys_enter_rt_sigaction
sys_enter_rt_sigaction
sys_enter_rt_sigaction
sys_enter_rt_sigaction
sys_enter_rt_sigaction
sys_enter_rt_sigaction
sys_enter_rt_sigaction
sys_enter_rt_sigaction
sys_enter_rt_sigaction
sys_enter_rt_sigaction
sys_enter_rt_sigaction
sys_enter_rt_sigaction
sys_enter_rt_sigaction
sys_enter_rt_sigaction
sys_enter_rt_sigaction
sys_enter_rt_sigaction
sys_enter_rt_sigaction
sys_enter_rt_sigaction
sys_enter_rt_sigaction
sys_enter_rt_sigaction
sys_enter_rt_sigaction
sys_enter_rt_sigaction
sys_enter_rt_sigaction
sys_enter_rt_sigaction
sys_enter_rt_sigaction
sys_enter_rt_sigaction
sys_enter_rt_sigaction
sys_enter_rt_sigaction
sys_enter_rt_sigaction
sys_enter_rt_sigaction
sys_enter_rt_sigaction
sys_enter_rt_sigaction
sys_enter_rt_sigaction
sys_enter_rt_sigaction
sys_enter_rt_sigaction
sys_enter_rt_sigaction
sys_enter_rt_sigaction
sys_enter_rt_sigaction
sys_enter_rt_sigaction
sys_enter_rt_sigaction
sys_enter_rt_sigaction
sys_enter_rt_sigaction
sys_enter_rt_sigaction
sys_enter_rt_sigaction
sys_enter_rt_sigaction
sys_enter_rt_sigaction
sys_enter_rt_sigaction
sys_enter_rt_sigaction
sys_enter_rt_sigaction
sys_enter_rt_sigaction
sys_enter_rt_sigaction
sys_enter_rt_sigaction
sys_enter_rt_sigaction
sys_enter_rt_sigaction
sys_enter_rt_sigaction
sys_enter_rt_sigaction
sys_enter_rt_sigaction
sys_enter_rt_sigaction
sys_enter_rt_sigaction
sys_enter_rt_sigaction
sys_enter_rt_sigaction
sys_enter_rt_sigaction
sys_enter_rt_sigaction
sys_enter_rt_sigaction
sys_enter_rt_sigaction
sys_enter_rt_sigaction
sys_enter_rt_sigaction
sys_enter_rt_sigaction
sys_enter_rt_sigaction
sys_enter_rt_sigprocmask
sys_enter_clone
sys_enter_rt_sigprocmask
sys_enter_gettid
sys_enter_sigaltstack
sys_enter_sigaltstack
sys_enter_gettid
sys_enter_rt_sigprocmask
sys_enter_rt_sigprocmask
sys_enter_clone
sys_enter_rt_sigprocmask
sys_enter_gettid
sys_enter_sigaltstack
sys_enter_sigaltstack
sys_enter_gettid
sys_enter_rt_sigprocmask
sys_enter_rt_sigprocmask
sys_enter_clone
sys_enter_rt_sigprocmask
sys_enter_futex
sys_enter_rt_sigprocmask
sys_enter_clone
sys_enter_gettid
sys_enter_sigaltstack
sys_enter_sigaltstack
sys_enter_gettid
sys_enter_rt_sigprocmask
sys_enter_rt_sigprocmask
sys_enter_futex
sys_enter_futex
sys_enter_gettid
sys_enter_sigaltstack
sys_enter_sigaltstack
sys_enter_gettid
sys_enter_rt_sigprocmask
sys_enter_futex
sys_enter_futex
sys_enter_mmap
sys_enter_futex
sys_enter_futex
sys_enter_futex
sys_enter_futex
sys_enter_openat
sys_enter_futex
sys_enter_futex
sys_enter_read
sys_enter_read
sys_enter_close
sys_enter_socket
sys_enter_close
sys_enter_socket
sys_enter_setsockopt
sys_enter_bind
sys_enter_socket
sys_enter_setsockopt
sys_enter_bind
sys_enter_close
sys_enter_close
sys_enter_mmap
sys_enter_getpid
sys_enter_getppid
sys_enter_mmap
sys_enter_mmap
sys_enter_getppid
sys_enter_openat
sys_enter_pipe2
sys_enter_getpid
sys_enter_clone
sys_enter_close
sys_enter_read
sys_enter_setsid
sys_enter_chdir
sys_enter_execve
sys_enter_close
sys_enter_mmap
sys_enter_mmap
sys_enter_exit_group
sys_enter_mprotect
sys_enter_mmap
sys_enter_mmap
sys_enter_mprotect
sys_enter_mmap
sys_enter_mprotect
sys_enter_mmap
sys_enter_mprotect
sys_enter_mmap
sys_enter_mmap
sys_enter_close
sys_enter_munmap
sys_enter_sched_getaffinity
sys_enter_mmap
sys_enter_munmap
sys_enter_mmap
sys_enter_mmap
sys_enter_mmap
sys_enter_mmap
sys_enter_mmap
sys_enter_mmap
sys_enter_rt_sigprocmask
sys_enter_sigaltstack
sys_enter_sigaltstack
sys_enter_gettid
sys_enter_rt_sigprocmask
sys_enter_rt_sigaction
sys_enter_rt_sigaction
sys_enter_rt_sigaction
sys_enter_rt_sigaction
sys_enter_rt_sigaction
sys_enter_rt_sigaction
sys_enter_rt_sigaction
sys_enter_rt_sigaction
sys_enter_rt_sigaction
sys_enter_rt_sigaction
sys_enter_rt_sigaction
sys_enter_rt_sigaction
sys_enter_rt_sigaction
sys_enter_rt_sigaction
sys_enter_rt_sigaction
sys_enter_rt_sigaction
sys_enter_rt_sigaction
sys_enter_rt_sigaction
sys_enter_rt_sigaction
sys_enter_rt_sigaction
sys_enter_rt_sigaction
sys_enter_rt_sigaction
sys_enter_rt_sigaction
sys_enter_rt_sigaction
sys_enter_rt_sigaction
sys_enter_rt_sigaction
sys_enter_rt_sigaction
sys_enter_rt_sigaction
sys_enter_rt_sigaction
sys_enter_rt_sigaction
sys_enter_rt_sigaction
sys_enter_rt_sigaction
sys_enter_rt_sigaction
sys_enter_rt_sigaction
sys_enter_rt_sigaction
sys_enter_rt_sigaction
sys_enter_rt_sigaction
sys_enter_rt_sigaction
sys_enter_rt_sigaction
sys_enter_rt_sigaction
sys_enter_rt_sigaction
sys_enter_rt_sigaction
sys_enter_rt_sigaction
sys_enter_rt_sigaction
sys_enter_rt_sigaction
sys_enter_rt_sigaction
sys_enter_rt_sigaction
sys_enter_rt_sigaction
sys_enter_rt_sigaction
sys_enter_rt_sigaction
sys_enter_rt_sigaction
sys_enter_rt_sigaction
sys_enter_rt_sigaction
sys_enter_rt_sigaction
sys_enter_rt_sigaction
sys_enter_rt_sigaction
sys_enter_rt_sigaction
sys_enter_rt_sigaction
sys_enter_rt_sigaction
sys_enter_rt_sigaction
sys_enter_rt_sigaction
sys_enter_rt_sigaction
sys_enter_rt_sigaction
sys_enter_rt_sigaction
sys_enter_rt_sigaction
sys_enter_rt_sigaction
sys_enter_rt_sigaction
sys_enter_rt_sigaction
sys_enter_rt_sigaction
sys_enter_rt_sigaction
sys_enter_rt_sigaction
sys_enter_rt_sigaction
sys_enter_rt_sigaction
sys_enter_rt_sigaction
sys_enter_rt_sigaction
sys_enter_rt_sigaction
sys_enter_rt_sigaction
sys_enter_rt_sigaction
sys_enter_rt_sigaction
sys_enter_rt_sigaction
sys_enter_rt_sigaction
sys_enter_rt_sigaction
sys_enter_rt_sigaction
sys_enter_rt_sigaction
sys_enter_rt_sigaction
sys_enter_rt_sigaction
sys_enter_rt_sigaction
sys_enter_rt_sigaction
sys_enter_rt_sigaction
sys_enter_rt_sigaction
sys_enter_rt_sigaction
sys_enter_rt_sigaction
sys_enter_rt_sigaction
sys_enter_rt_sigaction
sys_enter_rt_sigaction
sys_enter_rt_sigaction
sys_enter_rt_sigaction
sys_enter_rt_sigaction
sys_enter_rt_sigaction
sys_enter_rt_sigaction
sys_enter_rt_sigaction
sys_enter_rt_sigaction
sys_enter_rt_sigaction
sys_enter_rt_sigaction
sys_enter_rt_sigaction
sys_enter_rt_sigaction
sys_enter_rt_sigaction
sys_enter_rt_sigaction
sys_enter_rt_sigaction
sys_enter_rt_sigaction
sys_enter_rt_sigaction
sys_enter_rt_sigaction
sys_enter_rt_sigaction
sys_enter_rt_sigaction
sys_enter_rt_sigprocmask
sys_enter_clone
sys_enter_rt_sigprocmask
sys_enter_gettid
sys_enter_sigaltstack
sys_enter_sigaltstack
sys_enter_gettid
sys_enter_rt_sigprocmask
sys_enter_rt_sigprocmask
sys_enter_clone
sys_enter_rt_sigprocmask
sys_enter_gettid
sys_enter_sigaltstack
sys_enter_sigaltstack
sys_enter_gettid
sys_enter_rt_sigprocmask
sys_enter_rt_sigprocmask
sys_enter_clone
sys_enter_rt_sigprocmask
sys_enter_futex
sys_enter_gettid
sys_enter_sigaltstack
sys_enter_sigaltstack
sys_enter_gettid
sys_enter_rt_sigprocmask
sys_enter_futex
sys_enter_futex
sys_enter_rt_sigprocmask
sys_enter_clone
sys_enter_rt_sigprocmask
sys_enter_futex
sys_enter_gettid
sys_enter_sigaltstack
sys_enter_sigaltstack
sys_enter_gettid
sys_enter_rt_sigprocmask
sys_enter_futex
sys_enter_futex
sys_enter_mmap
sys_enter_futex
sys_enter_futex
sys_enter_futex
sys_enter_openat
sys_enter_read
sys_enter_read
sys_enter_close
sys_enter_socket
sys_enter_close
sys_enter_socket
sys_enter_setsockopt
sys_enter_bind
sys_enter_socket
sys_enter_setsockopt
sys_enter_bind
sys_enter_close
sys_enter_close
sys_enter_getpid
sys_enter_getppid
sys_enter_mmap
sys_enter_mmap
sys_enter_getppid
sys_enter_openat
sys_enter_pipe2
sys_enter_getpid
sys_enter_clone
sys_enter_setsid
sys_enter_close
sys_enter_read
sys_enter_chdir
sys_enter_execve
sys_enter_close
sys_enter_exit_group
sys_enter_mmap
sys_enter_mmap
sys_enter_mprotect
sys_enter_mmap
sys_enter_mmap
sys_enter_mprotect
sys_enter_mmap
sys_enter_mprotect
sys_enter_mmap
sys_enter_mprotect
sys_enter_mmap
sys_enter_mmap
sys_enter_close
sys_enter_munmap
sys_enter_sched_getaffinity
sys_enter_mmap
sys_enter_munmap
sys_enter_mmap
sys_enter_mmap
sys_enter_mmap
sys_enter_mmap
sys_enter_mmap
sys_enter_mmap
sys_enter_rt_sigprocmask
sys_enter_sigaltstack
sys_enter_sigaltstack
sys_enter_gettid
sys_enter_rt_sigprocmask
sys_enter_rt_sigaction
sys_enter_rt_sigaction
sys_enter_rt_sigaction
sys_enter_rt_sigaction
sys_enter_rt_sigaction
sys_enter_rt_sigaction
sys_enter_rt_sigaction
sys_enter_rt_sigaction
sys_enter_rt_sigaction
sys_enter_rt_sigaction
sys_enter_rt_sigaction
sys_enter_rt_sigaction
sys_enter_rt_sigaction
sys_enter_rt_sigaction
sys_enter_rt_sigaction
sys_enter_rt_sigaction
sys_enter_rt_sigaction
sys_enter_rt_sigaction
sys_enter_rt_sigaction
sys_enter_rt_sigaction
sys_enter_rt_sigaction
sys_enter_rt_sigaction
sys_enter_rt_sigaction
sys_enter_rt_sigaction
sys_enter_rt_sigaction
sys_enter_rt_sigaction
sys_enter_rt_sigaction
sys_enter_rt_sigaction
sys_enter_rt_sigaction
sys_enter_rt_sigaction
sys_enter_rt_sigaction
sys_enter_rt_sigaction
sys_enter_rt_sigaction
sys_enter_rt_sigaction
sys_enter_rt_sigaction
sys_enter_rt_sigaction
sys_enter_rt_sigaction
sys_enter_rt_sigaction
sys_enter_rt_sigaction
sys_enter_rt_sigaction
sys_enter_rt_sigaction
sys_enter_rt_sigaction
sys_enter_rt_sigaction
sys_enter_rt_sigaction
sys_enter_rt_sigaction
sys_enter_rt_sigaction
sys_enter_rt_sigaction
sys_enter_rt_sigaction
sys_enter_rt_sigaction
sys_enter_rt_sigaction
sys_enter_rt_sigaction
sys_enter_rt_sigaction
sys_enter_rt_sigaction
sys_enter_rt_sigaction
sys_enter_rt_sigaction
sys_enter_rt_sigaction
sys_enter_rt_sigaction
sys_enter_rt_sigaction
sys_enter_rt_sigaction
sys_enter_rt_sigaction
sys_enter_rt_sigaction
sys_enter_rt_sigaction
sys_enter_rt_sigaction
sys_enter_rt_sigaction
sys_enter_rt_sigaction
sys_enter_rt_sigaction
sys_enter_rt_sigaction
sys_enter_rt_sigaction
sys_enter_rt_sigaction
sys_enter_rt_sigaction
sys_enter_rt_sigaction
sys_enter_rt_sigaction
sys_enter_rt_sigaction
sys_enter_rt_sigaction
sys_enter_rt_sigaction
sys_enter_rt_sigaction
sys_enter_rt_sigaction
sys_enter_rt_sigaction
sys_enter_rt_sigaction
sys_enter_rt_sigaction
sys_enter_rt_sigaction
sys_enter_rt_sigaction
sys_enter_rt_sigaction
sys_enter_rt_sigaction
sys_enter_rt_sigaction
sys_enter_rt_sigaction
sys_enter_rt_sigaction
sys_enter_rt_sigaction
sys_enter_rt_sigaction
sys_enter_rt_sigaction
sys_enter_rt_sigaction
sys_enter_rt_sigaction
sys_enter_rt_sigaction
sys_enter_rt_sigaction
sys_enter_rt_sigaction
sys_enter_rt_sigaction
sys_enter_rt_sigaction
sys_enter_rt_sigaction
sys_enter_rt_sigaction
sys_enter_rt_sigaction
sys_enter_rt_sigaction
sys_enter_rt_sigaction
sys_enter_rt_sigaction
sys_enter_rt_sigaction
sys_enter_rt_sigaction
sys_enter_rt_sigaction
sys_enter_rt_sigaction
sys_enter_rt_sigaction
sys_enter_rt_sigaction
sys_enter_rt_sigaction
sys_enter_rt_sigaction
sys_enter_rt_sigaction
sys_enter_rt_sigaction
sys_enter_rt_sigaction
sys_enter_rt_sigprocmask
sys_enter_clone
sys_enter_rt_sigprocmask
sys_enter_gettid
sys_enter_sigaltstack
sys_enter_sigaltstack
sys_enter_gettid
sys_enter_rt_sigprocmask
sys_enter_rt_sigprocmask
sys_enter_clone
sys_enter_rt_sigprocmask
sys_enter_gettid
sys_enter_rt_sigprocmask
sys_enter_clone
sys_enter_rt_sigprocmask
sys_enter_futex
sys_enter_gettid
sys_enter_sigaltstack
sys_enter_sigaltstack
sys_enter_gettid
sys_enter_rt_sigprocmask
sys_enter_rt_sigprocmask
sys_enter_clone
sys_enter_rt_sigprocmask
sys_enter_futex
sys_enter_gettid
sys_enter_sigaltstack
sys_enter_sigaltstack
sys_enter_gettid
sys_enter_rt_sigprocmask
sys_enter_futex
sys_enter_futex
sys_enter_sigaltstack
sys_enter_sigaltstack
sys_enter_gettid
sys_enter_rt_sigprocmask
sys_enter_futex
sys_enter_futex
sys_enter_mmap
sys_enter_futex
sys_enter_futex
sys_enter_futex
sys_enter_openat
sys_enter_read
sys_enter_read
sys_enter_close
sys_enter_socket
sys_enter_close
sys_enter_socket
sys_enter_setsockopt
sys_enter_bind
sys_enter_socket
sys_enter_setsockopt
sys_enter_bind
sys_enter_close
sys_enter_close
sys_enter_getpid
sys_enter_getppid
sys_enter_mmap
sys_enter_mmap
sys_enter_getppid
sys_enter_openat
sys_enter_pipe2
sys_enter_getpid
sys_enter_clone
sys_enter_setsid
sys_enter_close
sys_enter_read
sys_enter_chdir
sys_enter_execve
sys_enter_close
sys_enter_exit_group
sys_enter_mmap
sys_enter_mmap
sys_enter_mprotect
sys_enter_mmap
sys_enter_mmap
sys_enter_mprotect
sys_enter_mmap
sys_enter_mprotect
sys_enter_mmap
sys_enter_mprotect
sys_enter_mmap
sys_enter_mmap
sys_enter_close
sys_enter_munmap
sys_enter_sched_getaffinity
sys_enter_mmap
sys_enter_munmap
sys_enter_mmap
sys_enter_mmap
sys_enter_mmap
sys_enter_mmap
sys_enter_mmap
sys_enter_mmap
sys_enter_rt_sigprocmask
sys_enter_sigaltstack
sys_enter_sigaltstack
sys_enter_gettid
sys_enter_rt_sigprocmask
sys_enter_rt_sigaction
sys_enter_rt_sigaction
sys_enter_rt_sigaction
sys_enter_rt_sigaction
sys_enter_rt_sigaction
sys_enter_rt_sigaction
sys_enter_rt_sigaction
sys_enter_rt_sigaction
sys_enter_rt_sigaction
sys_enter_rt_sigaction
sys_enter_rt_sigaction
sys_enter_rt_sigaction
sys_enter_rt_sigaction
sys_enter_rt_sigaction
sys_enter_rt_sigaction
sys_enter_rt_sigaction
sys_enter_rt_sigaction
sys_enter_rt_sigaction
sys_enter_rt_sigaction
sys_enter_rt_sigaction
sys_enter_rt_sigaction
sys_enter_rt_sigaction
sys_enter_rt_sigaction
sys_enter_rt_sigaction
sys_enter_rt_sigaction
sys_enter_rt_sigaction
sys_enter_rt_sigaction
sys_enter_rt_sigaction
sys_enter_rt_sigaction
sys_enter_rt_sigaction
sys_enter_rt_sigaction
sys_enter_rt_sigaction
sys_enter_rt_sigaction
sys_enter_rt_sigaction
sys_enter_rt_sigaction
sys_enter_rt_sigaction
sys_enter_rt_sigaction
sys_enter_rt_sigaction
sys_enter_rt_sigaction
sys_enter_rt_sigaction
sys_enter_rt_sigaction
sys_enter_rt_sigaction
sys_enter_rt_sigaction
sys_enter_rt_sigaction
sys_enter_rt_sigaction
sys_enter_rt_sigaction
sys_enter_rt_sigaction
sys_enter_rt_sigaction
sys_enter_rt_sigaction
sys_enter_rt_sigaction
sys_enter_rt_sigaction
sys_enter_rt_sigaction
sys_enter_rt_sigaction
sys_enter_rt_sigaction
sys_enter_rt_sigaction
sys_enter_rt_sigaction
sys_enter_rt_sigaction
sys_enter_rt_sigaction
sys_enter_rt_sigaction
sys_enter_rt_sigaction
sys_enter_rt_sigaction
sys_enter_rt_sigaction
sys_enter_rt_sigaction
sys_enter_rt_sigaction
sys_enter_rt_sigaction
sys_enter_rt_sigaction
sys_enter_rt_sigaction
sys_enter_rt_sigaction
sys_enter_rt_sigaction
sys_enter_rt_sigaction
sys_enter_rt_sigaction
sys_enter_rt_sigaction
sys_enter_rt_sigaction
sys_enter_rt_sigaction
sys_enter_rt_sigaction
sys_enter_rt_sigaction
sys_enter_rt_sigaction
sys_enter_rt_sigaction
sys_enter_rt_sigaction
sys_enter_rt_sigaction
sys_enter_rt_sigaction
sys_enter_rt_sigaction
sys_enter_rt_sigaction
sys_enter_rt_sigaction
sys_enter_rt_sigaction
sys_enter_rt_sigaction
sys_enter_rt_sigaction
sys_enter_rt_sigaction
sys_enter_rt_sigaction
sys_enter_rt_sigaction
sys_enter_rt_sigaction
sys_enter_rt_sigaction
sys_enter_rt_sigaction
sys_enter_rt_sigaction
sys_enter_rt_sigaction
sys_enter_rt_sigaction
sys_enter_rt_sigaction
sys_enter_rt_sigaction
sys_enter_rt_sigaction
sys_enter_rt_sigaction
sys_enter_rt_sigaction
sys_enter_rt_sigaction
sys_enter_rt_sigaction
sys_enter_rt_sigaction
sys_enter_rt_sigaction
sys_enter_rt_sigaction
sys_enter_rt_sigaction
sys_enter_rt_sigaction
sys_enter_rt_sigaction
sys_enter_rt_sigaction
sys_enter_rt_sigaction
sys_enter_rt_sigaction
sys_enter_rt_sigaction
sys_enter_rt_sigaction
sys_enter_rt_sigprocmask
sys_enter_clone
sys_enter_rt_sigprocmask
sys_enter_gettid
sys_enter_sigaltstack
sys_enter_sigaltstack
sys_enter_gettid
sys_enter_rt_sigprocmask
sys_enter_rt_sigprocmask
sys_enter_clone
sys_enter_rt_sigprocmask
sys_enter_gettid
sys_enter_sigaltstack
sys_enter_sigaltstack
sys_enter_gettid
sys_enter_rt_sigprocmask
sys_enter_futex
sys_enter_futex
sys_enter_gettid
sys_enter_sigaltstack
sys_enter_sigaltstack
sys_enter_rt_sigprocmask
sys_enter_clone
sys_enter_rt_sigprocmask
sys_enter_futex
sys_enter_gettid
sys_enter_sigaltstack
sys_enter_sigaltstack
sys_enter_gettid
sys_enter_rt_sigprocmask
sys_enter_rt_sigprocmask
sys_enter_clone
sys_enter_rt_sigprocmask
sys_enter_futex
sys_enter_gettid
sys_enter_rt_sigprocmask
sys_enter_futex
sys_enter_futex
sys_enter_mmap
sys_enter_futex
sys_enter_futex
sys_enter_futex
sys_enter_openat
sys_enter_futex
sys_enter_futex
sys_enter_read
sys_enter_read
sys_enter_close
sys_enter_socket
sys_enter_close
sys_enter_socket
sys_enter_setsockopt
sys_enter_bind
sys_enter_socket
sys_enter_setsockopt
sys_enter_bind
sys_enter_close
sys_enter_close
sys_enter_mmap
sys_enter_getpid
sys_enter_getppid
sys_enter_mmap
sys_enter_mmap
sys_enter_getppid
sys_enter_openat
sys_enter_pipe2
sys_enter_getpid
sys_enter_clone
sys_enter_setsid
sys_enter_chdir
sys_enter_close
sys_enter_read
sys_enter_execve
sys_enter_close
sys_enter_exit_group
sys_enter_mmap
sys_enter_mmap
sys_enter_mprotect
sys_enter_mmap
sys_enter_mmap
sys_enter_mprotect
sys_enter_mmap
sys_enter_mprotect
sys_enter_mmap
sys_enter_mprotect
sys_enter_mmap
sys_enter_mmap
sys_enter_close
sys_enter_munmap
sys_enter_sched_getaffinity
sys_enter_mmap
sys_enter_munmap
sys_enter_mmap
sys_enter_mmap
sys_enter_mmap
sys_enter_mmap
sys_enter_mmap
sys_enter_mmap
sys_enter_rt_sigprocmask
sys_enter_sigaltstack
sys_enter_sigaltstack
sys_enter_gettid
sys_enter_rt_sigprocmask
sys_enter_rt_sigaction
sys_enter_rt_sigaction
sys_enter_rt_sigaction
sys_enter_rt_sigaction
sys_enter_rt_sigaction
sys_enter_rt_sigaction
sys_enter_rt_sigaction
sys_enter_rt_sigaction
sys_enter_rt_sigaction
sys_enter_rt_sigaction
sys_enter_rt_sigaction
sys_enter_rt_sigaction
sys_enter_rt_sigaction
sys_enter_rt_sigaction
sys_enter_rt_sigaction
sys_enter_rt_sigaction
sys_enter_rt_sigaction
sys_enter_rt_sigaction
sys_enter_rt_sigaction
sys_enter_rt_sigaction
sys_enter_rt_sigaction
sys_enter_rt_sigaction
sys_enter_rt_sigaction
sys_enter_rt_sigaction
sys_enter_rt_sigaction
sys_enter_rt_sigaction
sys_enter_rt_sigaction
sys_enter_rt_sigaction
sys_enter_rt_sigaction
sys_enter_rt_sigaction
sys_enter_rt_sigaction
sys_enter_rt_sigaction
sys_enter_rt_sigaction
sys_enter_rt_sigaction
sys_enter_rt_sigaction
sys_enter_rt_sigaction
sys_enter_rt_sigaction
sys_enter_rt_sigaction
sys_enter_rt_sigaction
sys_enter_rt_sigaction
sys_enter_rt_sigaction
sys_enter_rt_sigaction
sys_enter_rt_sigaction
sys_enter_rt_sigaction
sys_enter_rt_sigaction
sys_enter_rt_sigaction
sys_enter_rt_sigaction
sys_enter_rt_sigaction
sys_enter_rt_sigaction
sys_enter_rt_sigaction
sys_enter_rt_sigaction
sys_enter_rt_sigaction
sys_enter_rt_sigaction
sys_enter_rt_sigaction
sys_enter_rt_sigaction
sys_enter_rt_sigaction
sys_enter_rt_sigaction
sys_enter_rt_sigaction
sys_enter_rt_sigaction
sys_enter_rt_sigaction
sys_enter_rt_sigaction
sys_enter_rt_sigaction
sys_enter_rt_sigaction
sys_enter_rt_sigaction
sys_enter_rt_sigaction
sys_enter_rt_sigaction
sys_enter_rt_sigaction
sys_enter_rt_sigaction
sys_enter_rt_sigaction
sys_enter_rt_sigaction
sys_enter_rt_sigaction
sys_enter_rt_sigaction
sys_enter_rt_sigaction
sys_enter_rt_sigaction
sys_enter_rt_sigaction
sys_enter_rt_sigaction
sys_enter_rt_sigaction
sys_enter_rt_sigaction
sys_enter_rt_sigaction
sys_enter_rt_sigaction
sys_enter_rt_sigaction
sys_enter_rt_sigaction
sys_enter_rt_sigaction
sys_enter_rt_sigaction
sys_enter_rt_sigaction
sys_enter_rt_sigaction
sys_enter_rt_sigaction
sys_enter_rt_sigaction
sys_enter_rt_sigaction
sys_enter_rt_sigaction
sys_enter_rt_sigaction
sys_enter_rt_sigaction
sys_enter_rt_sigaction
sys_enter_rt_sigaction
sys_enter_rt_sigaction
sys_enter_rt_sigaction
sys_enter_rt_sigaction
sys_enter_rt_sigaction
sys_enter_rt_sigaction
sys_enter_rt_sigaction
sys_enter_rt_sigaction
sys_enter_rt_sigaction
sys_enter_rt_sigaction
sys_enter_rt_sigaction
sys_enter_rt_sigaction
sys_enter_rt_sigaction
sys_enter_rt_sigaction
sys_enter_rt_sigaction
sys_enter_rt_sigaction
sys_enter_rt_sigaction
sys_enter_rt_sigaction
sys_enter_rt_sigaction
sys_enter_rt_sigaction
sys_enter_rt_sigaction
sys_enter_rt_sigprocmask
sys_enter_clone
sys_enter_rt_sigprocmask
sys_enter_gettid
sys_enter_sigaltstack
sys_enter_sigaltstack
sys_enter_gettid
sys_enter_rt_sigprocmask
sys_enter_rt_sigprocmask
sys_enter_clone
sys_enter_rt_sigprocmask
sys_enter_gettid
sys_enter_sigaltstack
sys_enter_sigaltstack
sys_enter_gettid
sys_enter_rt_sigprocmask
sys_enter_rt_sigprocmask
sys_enter_clone
sys_enter_rt_sigprocmask
sys_enter_futex
sys_enter_rt_sigprocmask
sys_enter_clone
sys_enter_rt_sigprocmask
sys_enter_gettid
sys_enter_sigaltstack
sys_enter_sigaltstack
sys_enter_gettid
sys_enter_rt_sigprocmask
sys_enter_futex
sys_enter_futex
sys_enter_futex
sys_enter_gettid
sys_enter_sigaltstack
sys_enter_sigaltstack
sys_enter_gettid
sys_enter_rt_sigprocmask
sys_enter_futex
sys_enter_futex
sys_enter_mmap
sys_enter_futex
sys_enter_futex
sys_enter_futex
sys_enter_openat
sys_enter_read
sys_enter_read
sys_enter_close
sys_enter_socket
sys_enter_close
sys_enter_socket
sys_enter_setsockopt
sys_enter_bind
sys_enter_socket
sys_enter_setsockopt
sys_enter_bind
sys_enter_close
sys_enter_close
sys_enter_getpid
sys_enter_getppid
sys_enter_mmap
sys_enter_mmap
sys_enter_getppid
sys_enter_openat
sys_enter_pipe2
sys_enter_getpid
sys_enter_clone
sys_enter_setsid
sys_enter_close
sys_enter_read
sys_enter_chdir
sys_enter_execve
sys_enter_close
sys_enter_exit_group
sys_enter_mmap
sys_enter_mmap
sys_enter_mprotect
sys_enter_mmap
sys_enter_mmap
sys_enter_mprotect
sys_enter_mmap
sys_enter_mprotect
sys_enter_mmap
sys_enter_mprotect
sys_enter_mmap
sys_enter_mmap
sys_enter_close
sys_enter_munmap
sys_enter_sched_getaffinity
sys_enter_mmap
sys_enter_munmap
sys_enter_mmap
sys_enter_mmap
sys_enter_mmap
sys_enter_mmap
sys_enter_mmap
sys_enter_mmap
sys_enter_rt_sigprocmask
sys_enter_sigaltstack
sys_enter_sigaltstack
sys_enter_gettid
sys_enter_rt_sigprocmask
sys_enter_rt_sigaction
sys_enter_rt_sigaction
sys_enter_rt_sigaction
sys_enter_rt_sigaction
sys_enter_rt_sigaction
sys_enter_rt_sigaction
sys_enter_rt_sigaction
sys_enter_rt_sigaction
sys_enter_rt_sigaction
sys_enter_rt_sigaction
sys_enter_rt_sigaction
sys_enter_rt_sigaction
sys_enter_rt_sigaction
sys_enter_rt_sigaction
sys_enter_rt_sigaction
sys_enter_rt_sigaction
sys_enter_rt_sigaction
sys_enter_rt_sigaction
sys_enter_rt_sigaction
sys_enter_rt_sigaction
sys_enter_rt_sigaction
sys_enter_rt_sigaction
sys_enter_rt_sigaction
sys_enter_rt_sigaction
sys_enter_rt_sigaction
sys_enter_rt_sigaction
sys_enter_rt_sigaction
sys_enter_rt_sigaction
sys_enter_rt_sigaction
sys_enter_rt_sigaction
sys_enter_rt_sigaction
sys_enter_rt_sigaction
sys_enter_rt_sigaction
sys_enter_rt_sigaction
sys_enter_rt_sigaction
sys_enter_rt_sigaction
sys_enter_rt_sigaction
sys_enter_rt_sigaction
sys_enter_rt_sigaction
sys_enter_rt_sigaction
sys_enter_rt_sigaction
sys_enter_rt_sigaction
sys_enter_rt_sigaction
sys_enter_rt_sigaction
sys_enter_rt_sigaction
sys_enter_rt_sigaction
sys_enter_rt_sigaction
sys_enter_rt_sigaction
sys_enter_rt_sigaction
sys_enter_rt_sigaction
sys_enter_rt_sigaction
sys_enter_rt_sigaction
sys_enter_rt_sigaction
sys_enter_rt_sigaction
sys_enter_rt_sigaction
sys_enter_rt_sigaction
sys_enter_rt_sigaction
sys_enter_rt_sigaction
sys_enter_rt_sigaction
sys_enter_rt_sigaction
sys_enter_rt_sigaction
sys_enter_rt_sigaction
sys_enter_rt_sigaction
sys_enter_rt_sigaction
sys_enter_rt_sigaction
sys_enter_rt_sigaction
sys_enter_rt_sigaction
sys_enter_rt_sigaction
sys_enter_rt_sigaction
sys_enter_rt_sigaction
sys_enter_rt_sigaction
sys_enter_rt_sigaction
sys_enter_rt_sigaction
sys_enter_rt_sigaction
sys_enter_rt_sigaction
sys_enter_rt_sigaction
sys_enter_rt_sigaction
sys_enter_rt_sigaction
sys_enter_rt_sigaction
sys_enter_rt_sigaction
sys_enter_rt_sigaction
sys_enter_rt_sigaction
sys_enter_rt_sigaction
sys_enter_rt_sigaction
sys_enter_rt_sigaction
sys_enter_rt_sigaction
sys_enter_rt_sigaction
sys_enter_rt_sigaction
sys_enter_rt_sigaction
sys_enter_rt_sigaction
sys_enter_rt_sigaction
sys_enter_rt_sigaction
sys_enter_rt_sigaction
sys_enter_rt_sigaction
sys_enter_rt_sigaction
sys_enter_rt_sigaction
sys_enter_rt_sigaction
sys_enter_rt_sigaction
sys_enter_rt_sigaction
sys_enter_rt_sigaction
sys_enter_rt_sigaction
sys_enter_rt_sigaction
sys_enter_rt_sigaction
sys_enter_rt_sigaction
sys_enter_rt_sigaction
sys_enter_rt_sigaction
sys_enter_rt_sigaction
sys_enter_rt_sigaction
sys_enter_rt_sigaction
sys_enter_rt_sigaction
sys_enter_rt_sigaction
sys_enter_rt_sigaction
sys_enter_rt_sigaction
sys_enter_rt_sigaction
sys_enter_rt_sigprocmask
sys_enter_clone
sys_enter_rt_sigprocmask
sys_enter_gettid
sys_enter_sigaltstack
sys_enter_sigaltstack
sys_enter_gettid
sys_enter_rt_sigprocmask
sys_enter_rt_sigprocmask
sys_enter_clone
sys_enter_rt_sigprocmask
sys_enter_gettid
sys_enter_sigaltstack
sys_enter_sigaltstack
sys_enter_gettid
sys_enter_rt_sigprocmask
sys_enter_clone
sys_enter_rt_sigprocmask
sys_enter_rt_sigprocmask
sys_enter_sched_yield
sys_enter_gettid
sys_enter_futex
sys_enter_futex
sys_enter_sigaltstack
sys_enter_sigaltstack
sys_enter_gettid
sys_enter_rt_sigprocmask
sys_enter_futex
sys_enter_rt_sigprocmask
sys_enter_clone
sys_enter_futex
sys_enter_rt_sigprocmask
sys_enter_futex
sys_enter_gettid
sys_enter_sigaltstack
sys_enter_sigaltstack
sys_enter_gettid
sys_enter_rt_sigprocmask
sys_enter_futex
sys_enter_futex
sys_enter_mmap
sys_enter_futex
sys_enter_futex
sys_enter_futex
sys_enter_openat
sys_enter_read
sys_enter_read
sys_enter_close
sys_enter_socket
sys_enter_close
sys_enter_socket
sys_enter_setsockopt
sys_enter_bind
sys_enter_socket
sys_enter_setsockopt
sys_enter_bind
sys_enter_close
sys_enter_close
sys_enter_getpid
sys_enter_getppid
sys_enter_mmap
sys_enter_mmap
sys_enter_getppid
sys_enter_openat
sys_enter_pipe2
sys_enter_getpid
sys_enter_clone
sys_enter_setsid
sys_enter_close
sys_enter_read
sys_enter_chdir
sys_enter_execve
sys_enter_close
sys_enter_exit_group
sys_enter_mmap
sys_enter_mmap
sys_enter_mprotect
sys_enter_mmap
sys_enter_mmap
sys_enter_mprotect
sys_enter_mmap
sys_enter_mprotect
sys_enter_mmap
sys_enter_mprotect
sys_enter_mmap
sys_enter_mmap
sys_enter_close
sys_enter_munmap
sys_enter_sched_getaffinity
sys_enter_mmap
sys_enter_munmap
sys_enter_mmap
sys_enter_mmap
sys_enter_mmap
sys_enter_mmap
sys_enter_mmap
sys_enter_mmap
sys_enter_rt_sigprocmask
sys_enter_sigaltstack
sys_enter_sigaltstack
sys_enter_gettid
sys_enter_rt_sigprocmask
sys_enter_rt_sigaction
sys_enter_rt_sigaction
sys_enter_rt_sigaction
sys_enter_rt_sigaction
sys_enter_rt_sigaction
sys_enter_rt_sigaction
sys_enter_rt_sigaction
sys_enter_rt_sigaction
sys_enter_rt_sigaction
sys_enter_rt_sigaction
sys_enter_rt_sigaction
sys_enter_rt_sigaction
sys_enter_rt_sigaction
sys_enter_rt_sigaction
sys_enter_rt_sigaction
sys_enter_rt_sigaction
sys_enter_rt_sigaction
sys_enter_rt_sigaction
sys_enter_rt_sigaction
sys_enter_rt_sigaction
sys_enter_rt_sigaction
sys_enter_rt_sigaction
sys_enter_rt_sigaction
sys_enter_rt_sigaction
sys_enter_rt_sigaction
sys_enter_rt_sigaction
sys_enter_rt_sigaction
sys_enter_rt_sigaction
sys_enter_rt_sigaction
sys_enter_rt_sigaction
sys_enter_rt_sigaction
sys_enter_rt_sigaction
sys_enter_rt_sigaction
sys_enter_rt_sigaction
sys_enter_rt_sigaction
sys_enter_rt_sigaction
sys_enter_rt_sigaction
sys_enter_rt_sigaction
sys_enter_rt_sigaction
sys_enter_rt_sigaction
sys_enter_rt_sigaction
sys_enter_rt_sigaction
sys_enter_rt_sigaction
sys_enter_rt_sigaction
sys_enter_rt_sigaction
sys_enter_rt_sigaction
sys_enter_rt_sigaction
sys_enter_rt_sigaction
sys_enter_rt_sigaction
sys_enter_rt_sigaction
sys_enter_rt_sigaction
sys_enter_rt_sigaction
sys_enter_rt_sigaction
sys_enter_rt_sigaction
sys_enter_rt_sigaction
sys_enter_rt_sigaction
sys_enter_rt_sigaction
sys_enter_rt_sigaction
sys_enter_rt_sigaction
sys_enter_rt_sigaction
sys_enter_rt_sigaction
sys_enter_rt_sigaction
sys_enter_rt_sigaction
sys_enter_rt_sigaction
sys_enter_rt_sigaction
sys_enter_rt_sigaction
sys_enter_rt_sigaction
sys_enter_rt_sigaction
sys_enter_rt_sigaction
sys_enter_rt_sigaction
sys_enter_rt_sigaction
sys_enter_rt_sigaction
sys_enter_rt_sigaction
sys_enter_rt_sigaction
sys_enter_rt_sigaction
sys_enter_rt_sigaction
sys_enter_rt_sigaction
sys_enter_rt_sigaction
sys_enter_rt_sigaction
sys_enter_rt_sigaction
sys_enter_rt_sigaction
sys_enter_rt_sigaction
sys_enter_rt_sigaction
sys_enter_rt_sigaction
sys_enter_rt_sigaction
sys_enter_rt_sigaction
sys_enter_rt_sigaction
sys_enter_rt_sigaction
sys_enter_rt_sigaction
sys_enter_rt_sigaction
sys_enter_rt_sigaction
sys_enter_rt_sigaction
sys_enter_rt_sigaction
sys_enter_rt_sigaction
sys_enter_rt_sigaction
sys_enter_rt_sigaction
sys_enter_rt_sigaction
sys_enter_rt_sigaction
sys_enter_rt_sigaction
sys_enter_rt_sigaction
sys_enter_rt_sigaction
sys_enter_rt_sigaction
sys_enter_rt_sigaction
sys_enter_rt_sigaction
sys_enter_rt_sigaction
sys_enter_rt_sigaction
sys_enter_rt_sigaction
sys_enter_rt_sigaction
sys_enter_rt_sigaction
sys_enter_rt_sigaction
sys_enter_rt_sigaction
sys_enter_rt_sigaction
sys_enter_rt_sigaction
sys_enter_rt_sigaction
sys_enter_rt_sigprocmask
sys_enter_clone
sys_enter_rt_sigprocmask
sys_enter_gettid
sys_enter_sigaltstack
sys_enter_sigaltstack
sys_enter_gettid
sys_enter_rt_sigprocmask
sys_enter_rt_sigprocmask
sys_enter_clone
sys_enter_rt_sigprocmask
sys_enter_gettid
sys_enter_sigaltstack
sys_enter_sigaltstack
sys_enter_rt_sigprocmask
sys_enter_clone
sys_enter_gettid
sys_enter_rt_sigprocmask
sys_enter_rt_sigprocmask
sys_enter_sched_yield
sys_enter_futex
sys_enter_gettid
sys_enter_sigaltstack
sys_enter_futex
sys_enter_sigaltstack
sys_enter_gettid
sys_enter_rt_sigprocmask
sys_enter_clone
sys_enter_rt_sigprocmask
sys_enter_futex
sys_enter_futex
sys_enter_rt_sigprocmask
sys_enter_futex
sys_enter_gettid
sys_enter_sigaltstack
sys_enter_sigaltstack
sys_enter_gettid
sys_enter_rt_sigprocmask
sys_enter_mmap
sys_enter_futex
sys_enter_futex
sys_enter_futex
sys_enter_openat
sys_enter_read
sys_enter_read
sys_enter_close
sys_enter_socket
sys_enter_close
sys_enter_socket
sys_enter_setsockopt
sys_enter_bind
sys_enter_socket
sys_enter_setsockopt
sys_enter_bind
sys_enter_close
sys_enter_close
sys_enter_getpid
sys_enter_getppid
sys_enter_mmap
sys_enter_mmap
sys_enter_getppid
sys_enter_openat
sys_enter_pipe2
sys_enter_getpid
sys_enter_clone
sys_enter_setsid
sys_enter_close
sys_enter_read
sys_enter_chdir
sys_enter_execve
sys_enter_close
sys_enter_exit_group
sys_enter_mmap
sys_enter_mmap
sys_enter_mprotect
sys_enter_mmap
sys_enter_mmap
sys_enter_mprotect
sys_enter_mmap
sys_enter_mprotect
sys_enter_mmap
sys_enter_mprotect
sys_enter_mmap
sys_enter_mmap
sys_enter_close
sys_enter_munmap
sys_enter_sched_getaffinity
sys_enter_mmap
sys_enter_munmap
sys_enter_mmap
sys_enter_mmap
sys_enter_mmap
sys_enter_mmap
sys_enter_mmap
sys_enter_mmap
sys_enter_rt_sigprocmask
sys_enter_sigaltstack
sys_enter_sigaltstack
sys_enter_gettid
sys_enter_rt_sigprocmask
sys_enter_rt_sigaction
sys_enter_rt_sigaction
sys_enter_rt_sigaction
sys_enter_rt_sigaction
sys_enter_rt_sigaction
sys_enter_rt_sigaction
sys_enter_rt_sigaction
sys_enter_rt_sigaction
sys_enter_rt_sigaction
sys_enter_rt_sigaction
sys_enter_rt_sigaction
sys_enter_rt_sigaction
sys_enter_rt_sigaction
sys_enter_rt_sigaction
sys_enter_rt_sigaction
sys_enter_rt_sigaction
sys_enter_rt_sigaction
sys_enter_rt_sigaction
sys_enter_rt_sigaction
sys_enter_rt_sigaction
sys_enter_rt_sigaction
sys_enter_rt_sigaction
sys_enter_rt_sigaction
sys_enter_rt_sigaction
sys_enter_rt_sigaction
sys_enter_rt_sigaction
sys_enter_rt_sigaction
sys_enter_rt_sigaction
sys_enter_rt_sigaction
sys_enter_rt_sigaction
sys_enter_rt_sigaction
sys_enter_rt_sigaction
sys_enter_rt_sigaction
sys_enter_rt_sigaction
sys_enter_rt_sigaction
sys_enter_rt_sigaction
sys_enter_rt_sigaction
sys_enter_rt_sigaction
sys_enter_rt_sigaction
sys_enter_rt_sigaction
sys_enter_rt_sigaction
sys_enter_rt_sigaction
sys_enter_rt_sigaction
sys_enter_rt_sigaction
sys_enter_rt_sigaction
sys_enter_rt_sigaction
sys_enter_rt_sigaction
sys_enter_rt_sigaction
sys_enter_rt_sigaction
sys_enter_rt_sigaction
sys_enter_rt_sigaction
sys_enter_rt_sigaction
sys_enter_rt_sigaction
sys_enter_rt_sigaction
sys_enter_rt_sigaction
sys_enter_rt_sigaction
sys_enter_rt_sigaction
sys_enter_rt_sigaction
sys_enter_rt_sigaction
sys_enter_rt_sigaction
sys_enter_rt_sigaction
sys_enter_rt_sigaction
sys_enter_rt_sigaction
sys_enter_rt_sigaction
sys_enter_rt_sigaction
sys_enter_rt_sigaction
sys_enter_rt_sigaction
sys_enter_rt_sigaction
sys_enter_rt_sigaction
sys_enter_rt_sigaction
sys_enter_rt_sigaction
sys_enter_rt_sigaction
sys_enter_rt_sigaction
sys_enter_rt_sigaction
sys_enter_rt_sigaction
sys_enter_rt_sigaction
sys_enter_rt_sigaction
sys_enter_rt_sigaction
sys_enter_rt_sigaction
sys_enter_rt_sigaction
sys_enter_rt_sigaction
sys_enter_rt_sigaction
sys_enter_rt_sigaction
sys_enter_rt_sigaction
sys_enter_rt_sigaction
sys_enter_rt_sigaction
sys_enter_rt_sigaction
sys_enter_rt_sigaction
sys_enter_rt_sigaction
sys_enter_rt_sigaction
sys_enter_rt_sigaction
sys_enter_rt_sigaction
sys_enter_rt_sigaction
sys_enter_rt_sigaction
sys_enter_rt_sigaction
sys_enter_rt_sigaction
sys_enter_rt_sigaction
sys_enter_rt_sigaction
sys_enter_rt_sigaction
sys_enter_rt_sigaction
sys_enter_rt_sigaction
sys_enter_rt_sigaction
sys_enter_rt_sigaction
sys_enter_rt_sigaction
sys_enter_rt_sigaction
sys_enter_rt_sigaction
sys_enter_rt_sigaction
sys_enter_rt_sigaction
sys_enter_rt_sigaction
sys_enter_rt_sigaction
sys_enter_rt_sigaction
sys_enter_rt_sigaction
sys_enter_rt_sigaction
sys_enter_rt_sigaction
sys_enter_rt_sigprocmask
sys_enter_clone
sys_enter_rt_sigprocmask
sys_enter_gettid
sys_enter_sigaltstack
sys_enter_sigaltstack
sys_enter_gettid
sys_enter_rt_sigprocmask
sys_enter_rt_sigprocmask
sys_enter_clone
sys_enter_rt_sigprocmask
sys_enter_gettid
sys_enter_sigaltstack
sys_enter_sigaltstack
sys_enter_gettid
sys_enter_rt_sigprocmask
sys_enter_rt_sigprocmask
sys_enter_clone
sys_enter_rt_sigprocmask
sys_enter_clone
sys_enter_rt_sigprocmask
sys_enter_futex
sys_enter_gettid
sys_enter_sigaltstack
sys_enter_rt_sigprocmask
sys_enter_sigaltstack
sys_enter_gettid
sys_enter_gettid
sys_enter_sigaltstack
sys_enter_sigaltstack
sys_enter_rt_sigprocmask
sys_enter_gettid
sys_enter_futex
sys_enter_rt_sigprocmask
sys_enter_futex
sys_enter_futex
sys_enter_futex
sys_enter_futex
sys_enter_mmap
sys_enter_futex
sys_enter_futex
sys_enter_futex
sys_enter_openat
sys_enter_read
sys_enter_read
sys_enter_close
sys_enter_socket
sys_enter_close
sys_enter_socket
sys_enter_setsockopt
sys_enter_bind
sys_enter_socket
sys_enter_setsockopt
sys_enter_bind
sys_enter_close
sys_enter_close
sys_enter_getpid
sys_enter_getppid
sys_enter_mmap
sys_enter_mmap
sys_enter_getppid
sys_enter_openat
sys_enter_pipe2
sys_enter_getpid
sys_enter_clone
sys_enter_setsid
sys_enter_close
sys_enter_read
sys_enter_chdir
sys_enter_execve
sys_enter_close
sys_enter_exit_group
sys_enter_mmap
sys_enter_mmap
sys_enter_mprotect
sys_enter_mmap
sys_enter_mmap
sys_enter_mprotect
sys_enter_mmap
sys_enter_mprotect
sys_enter_mmap
sys_enter_mprotect
sys_enter_mmap
sys_enter_mmap
sys_enter_close
sys_enter_munmap
sys_enter_sched_getaffinity
sys_enter_mmap
sys_enter_munmap
sys_enter_mmap
sys_enter_mmap
sys_enter_mmap
sys_enter_mmap
sys_enter_mmap
sys_enter_mmap
sys_enter_rt_sigprocmask
sys_enter_sigaltstack
sys_enter_sigaltstack
sys_enter_gettid
sys_enter_rt_sigprocmask
sys_enter_rt_sigaction
sys_enter_rt_sigaction
sys_enter_rt_sigaction
sys_enter_rt_sigaction
sys_enter_rt_sigaction
sys_enter_rt_sigaction
sys_enter_rt_sigaction
sys_enter_rt_sigaction
sys_enter_rt_sigaction
sys_enter_rt_sigaction
sys_enter_rt_sigaction
sys_enter_rt_sigaction
sys_enter_rt_sigaction
sys_enter_rt_sigaction
sys_enter_rt_sigaction
sys_enter_rt_sigaction
sys_enter_rt_sigaction
sys_enter_rt_sigaction
sys_enter_rt_sigaction
sys_enter_rt_sigaction
sys_enter_rt_sigaction
sys_enter_rt_sigaction
sys_enter_rt_sigaction
sys_enter_rt_sigaction
sys_enter_rt_sigaction
sys_enter_rt_sigaction
sys_enter_rt_sigaction
sys_enter_rt_sigaction
sys_enter_rt_sigaction
sys_enter_rt_sigaction
sys_enter_rt_sigaction
sys_enter_rt_sigaction
sys_enter_rt_sigaction
sys_enter_rt_sigaction
sys_enter_rt_sigaction
sys_enter_rt_sigaction
sys_enter_rt_sigaction
sys_enter_rt_sigaction
sys_enter_rt_sigaction
sys_enter_rt_sigaction
sys_enter_rt_sigaction
sys_enter_rt_sigaction
sys_enter_rt_sigaction
sys_enter_rt_sigaction
sys_enter_rt_sigaction
sys_enter_rt_sigaction
sys_enter_rt_sigaction
sys_enter_rt_sigaction
sys_enter_rt_sigaction
sys_enter_rt_sigaction
sys_enter_rt_sigaction
sys_enter_rt_sigaction
sys_enter_rt_sigaction
sys_enter_rt_sigaction
sys_enter_rt_sigaction
sys_enter_rt_sigaction
sys_enter_rt_sigaction
sys_enter_rt_sigaction
sys_enter_rt_sigaction
sys_enter_rt_sigaction
sys_enter_rt_sigaction
sys_enter_rt_sigaction
sys_enter_rt_sigaction
sys_enter_rt_sigaction
sys_enter_rt_sigaction
sys_enter_rt_sigaction
sys_enter_rt_sigaction
sys_enter_rt_sigaction
sys_enter_rt_sigaction
sys_enter_rt_sigaction
sys_enter_rt_sigaction
sys_enter_rt_sigaction
sys_enter_rt_sigaction
sys_enter_rt_sigaction
sys_enter_rt_sigaction
sys_enter_rt_sigaction
sys_enter_rt_sigaction
sys_enter_rt_sigaction
sys_enter_rt_sigaction
sys_enter_rt_sigaction
sys_enter_rt_sigaction
sys_enter_rt_sigaction
sys_enter_rt_sigaction
sys_enter_rt_sigaction
sys_enter_rt_sigaction
sys_enter_rt_sigaction
sys_enter_rt_sigaction
sys_enter_rt_sigaction
sys_enter_rt_sigaction
sys_enter_rt_sigaction
sys_enter_rt_sigaction
sys_enter_rt_sigaction
sys_enter_rt_sigaction
sys_enter_rt_sigaction
sys_enter_rt_sigaction
sys_enter_rt_sigaction
sys_enter_rt_sigaction
sys_enter_rt_sigaction
sys_enter_rt_sigaction
sys_enter_rt_sigaction
sys_enter_rt_sigaction
sys_enter_rt_sigaction
sys_enter_rt_sigaction
sys_enter_rt_sigaction
sys_enter_rt_sigaction
sys_enter_rt_sigaction
sys_enter_rt_sigaction
sys_enter_rt_sigaction
sys_enter_rt_sigaction
sys_enter_rt_sigaction
sys_enter_rt_sigaction
sys_enter_rt_sigaction
sys_enter_rt_sigaction
sys_enter_rt_sigaction
sys_enter_rt_sigprocmask
sys_enter_clone
sys_enter_rt_sigprocmask
sys_enter_gettid
sys_enter_sigaltstack
sys_enter_sigaltstack
sys_enter_gettid
sys_enter_rt_sigprocmask
sys_enter_rt_sigprocmask
sys_enter_clone
sys_enter_rt_sigprocmask
sys_enter_gettid
sys_enter_sigaltstack
sys_enter_sigaltstack
sys_enter_gettid
sys_enter_rt_sigprocmask
sys_enter_sched_yield
sys_enter_rt_sigprocmask
sys_enter_clone
sys_enter_rt_sigprocmask
sys_enter_futex
sys_enter_gettid
sys_enter_sigaltstack
sys_enter_sigaltstack
sys_enter_gettid
sys_enter_rt_sigprocmask
sys_enter_futex
sys_enter_futex
sys_enter_rt_sigprocmask
sys_enter_clone
sys_enter_futex
sys_enter_rt_sigprocmask
sys_enter_gettid
sys_enter_futex
sys_enter_sigaltstack
sys_enter_sigaltstack
sys_enter_gettid
sys_enter_rt_sigprocmask
sys_enter_futex
sys_enter_futex
sys_enter_mmap
sys_enter_futex
sys_enter_futex
sys_enter_futex
sys_enter_openat
sys_enter_read
sys_enter_read
sys_enter_close
sys_enter_socket
sys_enter_close
sys_enter_socket
sys_enter_setsockopt
sys_enter_bind
sys_enter_socket
sys_enter_setsockopt
sys_enter_bind
sys_enter_close
sys_enter_close
sys_enter_getpid
sys_enter_getppid
sys_enter_mmap
sys_enter_mmap
sys_enter_getppid
sys_enter_openat
sys_enter_pipe2
sys_enter_getpid
sys_enter_clone
sys_enter_setsid
sys_enter_close
sys_enter_read
sys_enter_chdir
sys_enter_execve
sys_enter_close
sys_enter_mmap
sys_enter_exit_group
sys_enter_mmap
sys_enter_mprotect
sys_enter_mmap
sys_enter_mmap
sys_enter_mprotect
sys_enter_mmap
sys_enter_mprotect
sys_enter_mmap
sys_enter_mprotect
sys_enter_mmap
sys_enter_mmap
sys_enter_close
sys_enter_munmap
sys_enter_sched_getaffinity
sys_enter_mmap
sys_enter_munmap
sys_enter_mmap
sys_enter_mmap
sys_enter_mmap
sys_enter_mmap
sys_enter_mmap
sys_enter_mmap
sys_enter_rt_sigprocmask
sys_enter_sigaltstack
sys_enter_sigaltstack
sys_enter_gettid
sys_enter_rt_sigprocmask
sys_enter_rt_sigaction
sys_enter_rt_sigaction
sys_enter_rt_sigaction
sys_enter_rt_sigaction
sys_enter_rt_sigaction
sys_enter_rt_sigaction
sys_enter_rt_sigaction
sys_enter_rt_sigaction
sys_enter_rt_sigaction
sys_enter_rt_sigaction
sys_enter_rt_sigaction
sys_enter_rt_sigaction
sys_enter_rt_sigaction
sys_enter_rt_sigaction
sys_enter_rt_sigaction
sys_enter_rt_sigaction
sys_enter_rt_sigaction
sys_enter_rt_sigaction
sys_enter_rt_sigaction
sys_enter_rt_sigaction
sys_enter_rt_sigaction
sys_enter_rt_sigaction
sys_enter_rt_sigaction
sys_enter_rt_sigaction
sys_enter_rt_sigaction
sys_enter_rt_sigaction
sys_enter_rt_sigaction
sys_enter_rt_sigaction
sys_enter_rt_sigaction
sys_enter_rt_sigaction
sys_enter_rt_sigaction
sys_enter_rt_sigaction
sys_enter_rt_sigaction
sys_enter_rt_sigaction
sys_enter_rt_sigaction
sys_enter_rt_sigaction
sys_enter_rt_sigaction
sys_enter_rt_sigaction
sys_enter_rt_sigaction
sys_enter_rt_sigaction
sys_enter_rt_sigaction
sys_enter_rt_sigaction
sys_enter_rt_sigaction
sys_enter_rt_sigaction
sys_enter_rt_sigaction
sys_enter_rt_sigaction
sys_enter_rt_sigaction
sys_enter_rt_sigaction
sys_enter_rt_sigaction
sys_enter_rt_sigaction
sys_enter_rt_sigaction
sys_enter_rt_sigaction
sys_enter_rt_sigaction
sys_enter_rt_sigaction
sys_enter_rt_sigaction
sys_enter_rt_sigaction
sys_enter_rt_sigaction
sys_enter_rt_sigaction
sys_enter_rt_sigaction
sys_enter_rt_sigaction
sys_enter_rt_sigaction
sys_enter_rt_sigaction
sys_enter_rt_sigaction
sys_enter_rt_sigaction
sys_enter_rt_sigaction
sys_enter_rt_sigaction
sys_enter_rt_sigaction
sys_enter_rt_sigaction
sys_enter_rt_sigaction
sys_enter_rt_sigaction
sys_enter_rt_sigaction
sys_enter_rt_sigaction
sys_enter_rt_sigaction
sys_enter_rt_sigaction
sys_enter_rt_sigaction
sys_enter_rt_sigaction
sys_enter_rt_sigaction
sys_enter_rt_sigaction
sys_enter_rt_sigaction
sys_enter_rt_sigaction
sys_enter_rt_sigaction
sys_enter_rt_sigaction
sys_enter_rt_sigaction
sys_enter_rt_sigaction
sys_enter_rt_sigaction
sys_enter_rt_sigaction
sys_enter_rt_sigaction
sys_enter_rt_sigaction
sys_enter_rt_sigaction
sys_enter_rt_sigaction
sys_enter_rt_sigaction
sys_enter_rt_sigaction
sys_enter_rt_sigaction
sys_enter_rt_sigaction
sys_enter_rt_sigaction
sys_enter_rt_sigaction
sys_enter_rt_sigaction
sys_enter_rt_sigaction
sys_enter_rt_sigaction
sys_enter_rt_sigaction
sys_enter_rt_sigaction
sys_enter_rt_sigaction
sys_enter_rt_sigaction
sys_enter_rt_sigaction
sys_enter_rt_sigaction
sys_enter_rt_sigaction
sys_enter_rt_sigaction
sys_enter_rt_sigaction
sys_enter_rt_sigaction
sys_enter_rt_sigaction
sys_enter_rt_sigaction
sys_enter_rt_sigaction
sys_enter_rt_sigaction
sys_enter_rt_sigaction
sys_enter_rt_sigprocmask
sys_enter_clone
sys_enter_rt_sigprocmask
sys_enter_gettid
sys_enter_sigaltstack
sys_enter_sigaltstack
sys_enter_gettid
sys_enter_rt_sigprocmask
sys_enter_rt_sigprocmask
sys_enter_clone
sys_enter_rt_sigprocmask
sys_enter_gettid
sys_enter_sigaltstack
sys_enter_sigaltstack
sys_enter_rt_sigprocmask
sys_enter_clone
sys_enter_gettid
sys_enter_rt_sigprocmask
sys_enter_rt_sigprocmask
sys_enter_futex
sys_enter_gettid
sys_enter_sigaltstack
sys_enter_sigaltstack
sys_enter_gettid
sys_enter_rt_sigprocmask
sys_enter_rt_sigprocmask
sys_enter_clone
sys_enter_futex
sys_enter_futex
sys_enter_gettid
sys_enter_sigaltstack
sys_enter_sigaltstack
sys_enter_gettid
sys_enter_rt_sigprocmask
sys_enter_futex
sys_enter_rt_sigprocmask
sys_enter_futex
sys_enter_futex
sys_enter_mmap
sys_enter_futex
sys_enter_futex
sys_enter_futex
sys_enter_openat
sys_enter_read
sys_enter_read
sys_enter_close
sys_enter_socket
sys_enter_close
sys_enter_socket
sys_enter_setsockopt
sys_enter_bind
sys_enter_socket
sys_enter_setsockopt
sys_enter_bind
sys_enter_close
sys_enter_close
sys_enter_getpid
sys_enter_getppid
sys_enter_mmap
sys_enter_mmap
sys_enter_getppid
sys_enter_openat
sys_enter_pipe2
sys_enter_getpid
sys_enter_clone
sys_enter_setsid
sys_enter_close
sys_enter_read
sys_enter_chdir
sys_enter_execve
sys_enter_close
sys_enter_exit_group
sys_enter_mmap
sys_enter_mmap
sys_enter_mprotect
sys_enter_mmap
sys_enter_mmap
sys_enter_mprotect
sys_enter_mmap
sys_enter_mprotect
sys_enter_mmap
sys_enter_mprotect
sys_enter_mmap
sys_enter_mmap
sys_enter_close
sys_enter_munmap
sys_enter_sched_getaffinity
sys_enter_mmap
sys_enter_munmap
sys_enter_mmap
sys_enter_mmap
sys_enter_mmap
sys_enter_mmap
sys_enter_mmap
sys_enter_mmap
sys_enter_rt_sigprocmask
sys_enter_sigaltstack
sys_enter_sigaltstack
sys_enter_gettid
sys_enter_rt_sigprocmask
sys_enter_rt_sigaction
sys_enter_rt_sigaction
sys_enter_rt_sigaction
sys_enter_rt_sigaction
sys_enter_rt_sigaction
sys_enter_rt_sigaction
sys_enter_rt_sigaction
sys_enter_rt_sigaction
sys_enter_rt_sigaction
sys_enter_rt_sigaction
sys_enter_rt_sigaction
sys_enter_rt_sigaction
sys_enter_rt_sigaction
sys_enter_rt_sigaction
sys_enter_rt_sigaction
sys_enter_rt_sigaction
sys_enter_rt_sigaction
sys_enter_rt_sigaction
sys_enter_rt_sigaction
sys_enter_rt_sigaction
sys_enter_rt_sigaction
sys_enter_rt_sigaction
sys_enter_rt_sigaction
sys_enter_rt_sigaction
sys_enter_rt_sigaction
sys_enter_rt_sigaction
sys_enter_rt_sigaction
sys_enter_rt_sigaction
sys_enter_rt_sigaction
sys_enter_rt_sigaction
sys_enter_rt_sigaction
sys_enter_rt_sigaction
sys_enter_rt_sigaction
sys_enter_rt_sigaction
sys_enter_rt_sigaction
sys_enter_rt_sigaction
sys_enter_rt_sigaction
sys_enter_rt_sigaction
sys_enter_rt_sigaction
sys_enter_rt_sigaction
sys_enter_rt_sigaction
sys_enter_rt_sigaction
sys_enter_rt_sigaction
sys_enter_rt_sigaction
sys_enter_rt_sigaction
sys_enter_rt_sigaction
sys_enter_rt_sigaction
sys_enter_rt_sigaction
sys_enter_rt_sigaction
sys_enter_rt_sigaction
sys_enter_rt_sigaction
sys_enter_rt_sigaction
sys_enter_rt_sigaction
sys_enter_rt_sigaction
sys_enter_rt_sigaction
sys_enter_rt_sigaction
sys_enter_rt_sigaction
sys_enter_rt_sigaction
sys_enter_rt_sigaction
sys_enter_rt_sigaction
sys_enter_rt_sigaction
sys_enter_rt_sigaction
sys_enter_rt_sigaction
sys_enter_rt_sigaction
sys_enter_rt_sigaction
sys_enter_rt_sigaction
sys_enter_rt_sigaction
sys_enter_rt_sigaction
sys_enter_rt_sigaction
sys_enter_rt_sigaction
sys_enter_rt_sigaction
sys_enter_rt_sigaction
sys_enter_rt_sigaction
sys_enter_rt_sigaction
sys_enter_rt_sigaction
sys_enter_rt_sigaction
sys_enter_rt_sigaction
sys_enter_rt_sigaction
sys_enter_rt_sigaction
sys_enter_rt_sigaction
sys_enter_rt_sigaction
sys_enter_rt_sigaction
sys_enter_rt_sigaction
sys_enter_rt_sigaction
sys_enter_rt_sigaction
sys_enter_rt_sigaction
sys_enter_rt_sigaction
sys_enter_rt_sigaction
sys_enter_rt_sigaction
sys_enter_rt_sigaction
sys_enter_rt_sigaction
sys_enter_rt_sigaction
sys_enter_rt_sigaction
sys_enter_rt_sigaction
sys_enter_rt_sigaction
sys_enter_rt_sigaction
sys_enter_rt_sigaction
sys_enter_rt_sigaction
sys_enter_rt_sigaction
sys_enter_rt_sigaction
sys_enter_rt_sigaction
sys_enter_rt_sigaction
sys_enter_rt_sigaction
sys_enter_rt_sigaction
sys_enter_rt_sigaction
sys_enter_rt_sigaction
sys_enter_rt_sigaction
sys_enter_rt_sigaction
sys_enter_rt_sigaction
sys_enter_rt_sigaction
sys_enter_rt_sigaction
sys_enter_rt_sigaction
sys_enter_rt_sigaction
sys_enter_rt_sigaction
sys_enter_rt_sigprocmask
sys_enter_clone
sys_enter_rt_sigprocmask
sys_enter_gettid
sys_enter_sigaltstack
sys_enter_sigaltstack
sys_enter_gettid
sys_enter_rt_sigprocmask
sys_enter_rt_sigprocmask
sys_enter_clone
sys_enter_rt_sigprocmask
sys_enter_gettid
sys_enter_sigaltstack
sys_enter_sigaltstack
sys_enter_gettid
sys_enter_rt_sigprocmask
sys_enter_rt_sigprocmask
sys_enter_clone
sys_enter_rt_sigprocmask
sys_enter_clone
sys_enter_rt_sigprocmask
sys_enter_futex
sys_enter_rt_sigprocmask
sys_enter_gettid
sys_enter_sigaltstack
sys_enter_sigaltstack
sys_enter_gettid
sys_enter_rt_sigprocmask
sys_enter_gettid
sys_enter_sigaltstack
sys_enter_sigaltstack
sys_enter_gettid
sys_enter_rt_sigprocmask
sys_enter_futex
sys_enter_futex
sys_enter_futex
sys_enter_futex
sys_enter_futex
sys_enter_mmap
sys_enter_futex
sys_enter_futex
sys_enter_futex
sys_enter_openat
sys_enter_read
sys_enter_read
sys_enter_close
sys_enter_socket
sys_enter_close
sys_enter_socket
sys_enter_setsockopt
sys_enter_bind
sys_enter_socket
sys_enter_setsockopt
sys_enter_bind
sys_enter_close
sys_enter_close
sys_enter_getpid
sys_enter_getppid
sys_enter_mmap
sys_enter_mmap
sys_enter_getppid
sys_enter_openat
sys_enter_pipe2
sys_enter_getpid
sys_enter_clone
sys_enter_setsid
sys_enter_close
sys_enter_read
sys_enter_chdir
sys_enter_execve
sys_enter_close
sys_enter_exit_group
sys_enter_mmap
sys_enter_mmap
sys_enter_mprotect
sys_enter_mmap
sys_enter_mmap
sys_enter_mprotect
sys_enter_mmap
sys_enter_mprotect
sys_enter_mmap
sys_enter_mprotect
sys_enter_mmap
sys_enter_mmap
sys_enter_close
sys_enter_munmap
sys_enter_sched_getaffinity
sys_enter_mmap
sys_enter_munmap
sys_enter_mmap
sys_enter_mmap
sys_enter_mmap
sys_enter_mmap
sys_enter_mmap
sys_enter_mmap
sys_enter_rt_sigprocmask
sys_enter_sigaltstack
sys_enter_sigaltstack
sys_enter_gettid
sys_enter_rt_sigprocmask
sys_enter_rt_sigaction
sys_enter_rt_sigaction
sys_enter_rt_sigaction
sys_enter_rt_sigaction
sys_enter_rt_sigaction
sys_enter_rt_sigaction
sys_enter_rt_sigaction
sys_enter_rt_sigaction
sys_enter_rt_sigaction
sys_enter_rt_sigaction
sys_enter_rt_sigaction
sys_enter_rt_sigaction
sys_enter_rt_sigaction
sys_enter_rt_sigaction
sys_enter_rt_sigaction
sys_enter_rt_sigaction
sys_enter_rt_sigaction
sys_enter_rt_sigaction
sys_enter_rt_sigaction
sys_enter_rt_sigaction
sys_enter_rt_sigaction
sys_enter_rt_sigaction
sys_enter_rt_sigaction
sys_enter_rt_sigaction
sys_enter_rt_sigaction
sys_enter_rt_sigaction
sys_enter_rt_sigaction
sys_enter_rt_sigaction
sys_enter_rt_sigaction
sys_enter_rt_sigaction
sys_enter_rt_sigaction
sys_enter_rt_sigaction
sys_enter_rt_sigaction
sys_enter_rt_sigaction
sys_enter_rt_sigaction
sys_enter_rt_sigaction
sys_enter_rt_sigaction
sys_enter_rt_sigaction
sys_enter_rt_sigaction
sys_enter_rt_sigaction
sys_enter_rt_sigaction
sys_enter_rt_sigaction
sys_enter_rt_sigaction
sys_enter_rt_sigaction
sys_enter_rt_sigaction
sys_enter_rt_sigaction
sys_enter_rt_sigaction
sys_enter_rt_sigaction
sys_enter_rt_sigaction
sys_enter_rt_sigaction
sys_enter_rt_sigaction
sys_enter_rt_sigaction
sys_enter_rt_sigaction
sys_enter_rt_sigaction
sys_enter_rt_sigaction
sys_enter_rt_sigaction
sys_enter_rt_sigaction
sys_enter_rt_sigaction
sys_enter_rt_sigaction
sys_enter_rt_sigaction
sys_enter_rt_sigaction
sys_enter_rt_sigaction
sys_enter_rt_sigaction
sys_enter_rt_sigaction
sys_enter_rt_sigaction
sys_enter_rt_sigaction
sys_enter_rt_sigaction
sys_enter_rt_sigaction
sys_enter_rt_sigaction
sys_enter_rt_sigaction
sys_enter_rt_sigaction
sys_enter_rt_sigaction
sys_enter_rt_sigaction
sys_enter_rt_sigaction
sys_enter_rt_sigaction
sys_enter_rt_sigaction
sys_enter_rt_sigaction
sys_enter_rt_sigaction
sys_enter_rt_sigaction
sys_enter_rt_sigaction
sys_enter_rt_sigaction
sys_enter_rt_sigaction
sys_enter_rt_sigaction
sys_enter_rt_sigaction
sys_enter_rt_sigaction
sys_enter_rt_sigaction
sys_enter_rt_sigaction
sys_enter_rt_sigaction
sys_enter_rt_sigaction
sys_enter_rt_sigaction
sys_enter_rt_sigaction
sys_enter_rt_sigaction
sys_enter_rt_sigaction
sys_enter_rt_sigaction
sys_enter_rt_sigaction
sys_enter_rt_sigaction
sys_enter_rt_sigaction
sys_enter_rt_sigaction
sys_enter_rt_sigaction
sys_enter_rt_sigaction
sys_enter_rt_sigaction
sys_enter_rt_sigaction
sys_enter_rt_sigaction
sys_enter_rt_sigaction
sys_enter_rt_sigaction
sys_enter_rt_sigaction
sys_enter_rt_sigaction
sys_enter_rt_sigaction
sys_enter_rt_sigaction
sys_enter_rt_sigaction
sys_enter_rt_sigaction
sys_enter_rt_sigaction
sys_enter_rt_sigaction
sys_enter_rt_sigaction
sys_enter_rt_sigprocmask
sys_enter_clone
sys_enter_rt_sigprocmask
sys_enter_gettid
sys_enter_sigaltstack
sys_enter_sigaltstack
sys_enter_gettid
sys_enter_rt_sigprocmask
sys_enter_rt_sigprocmask
sys_enter_clone
sys_enter_rt_sigprocmask
sys_enter_gettid
sys_enter_sigaltstack
sys_enter_sigaltstack
sys_enter_gettid
sys_enter_rt_sigprocmask
sys_enter_rt_sigprocmask
sys_enter_clone
sys_enter_rt_sigprocmask
sys_enter_futex
sys_enter_rt_sigprocmask
sys_enter_clone
sys_enter_gettid
sys_enter_sigaltstack
sys_enter_sigaltstack
sys_enter_gettid
sys_enter_rt_sigprocmask
sys_enter_rt_sigprocmask
sys_enter_futex
sys_enter_futex
sys_enter_gettid
sys_enter_sigaltstack
sys_enter_sigaltstack
sys_enter_gettid
sys_enter_rt_sigprocmask
sys_enter_futex
sys_enter_futex
sys_enter_futex
sys_enter_mmap
sys_enter_futex
sys_enter_futex
sys_enter_futex
sys_enter_openat
sys_enter_read
sys_enter_read
sys_enter_close
sys_enter_socket
sys_enter_close
sys_enter_socket
sys_enter_setsockopt
sys_enter_bind
sys_enter_socket
sys_enter_setsockopt
sys_enter_bind
sys_enter_close
sys_enter_close
sys_enter_getpid
sys_enter_getppid
sys_enter_mmap
sys_enter_mmap
sys_enter_getppid
sys_enter_openat
sys_enter_pipe2
sys_enter_getpid
sys_enter_clone
sys_enter_setsid
sys_enter_close
sys_enter_read
sys_enter_chdir
sys_enter_execve
sys_enter_close
sys_enter_exit_group
sys_enter_mmap
sys_enter_mmap
sys_enter_mprotect
sys_enter_mmap
sys_enter_mmap
sys_enter_mprotect
sys_enter_mmap
sys_enter_mprotect
sys_enter_mmap
sys_enter_mprotect
sys_enter_mmap
sys_enter_mmap
sys_enter_close
sys_enter_munmap
sys_enter_sched_getaffinity
sys_enter_mmap
sys_enter_munmap
sys_enter_mmap
sys_enter_mmap
sys_enter_mmap
sys_enter_mmap
sys_enter_mmap
sys_enter_mmap
sys_enter_rt_sigprocmask
sys_enter_sigaltstack
sys_enter_sigaltstack
sys_enter_gettid
sys_enter_rt_sigprocmask
sys_enter_rt_sigaction
sys_enter_rt_sigaction
sys_enter_rt_sigaction
sys_enter_rt_sigaction
sys_enter_rt_sigaction
sys_enter_rt_sigaction
sys_enter_rt_sigaction
sys_enter_rt_sigaction
sys_enter_rt_sigaction
sys_enter_rt_sigaction
sys_enter_rt_sigaction
sys_enter_rt_sigaction
sys_enter_rt_sigaction
sys_enter_rt_sigaction
sys_enter_rt_sigaction
sys_enter_rt_sigaction
sys_enter_rt_sigaction
sys_enter_rt_sigaction
sys_enter_rt_sigaction
sys_enter_rt_sigaction
sys_enter_rt_sigaction
sys_enter_rt_sigaction
sys_enter_rt_sigaction
sys_enter_rt_sigaction
sys_enter_rt_sigaction
sys_enter_rt_sigaction
sys_enter_rt_sigaction
sys_enter_rt_sigaction
sys_enter_rt_sigaction
sys_enter_rt_sigaction
sys_enter_rt_sigaction
sys_enter_rt_sigaction
sys_enter_rt_sigaction
sys_enter_rt_sigaction
sys_enter_rt_sigaction
sys_enter_rt_sigaction
sys_enter_rt_sigaction
sys_enter_rt_sigaction
sys_enter_rt_sigaction
sys_enter_rt_sigaction
sys_enter_rt_sigaction
sys_enter_rt_sigaction
sys_enter_rt_sigaction
sys_enter_rt_sigaction
sys_enter_rt_sigaction
sys_enter_rt_sigaction
sys_enter_rt_sigaction
sys_enter_rt_sigaction
sys_enter_rt_sigaction
sys_enter_rt_sigaction
sys_enter_rt_sigaction
sys_enter_rt_sigaction
sys_enter_rt_sigaction
sys_enter_rt_sigaction
sys_enter_rt_sigaction
sys_enter_rt_sigaction
sys_enter_rt_sigaction
sys_enter_rt_sigaction
sys_enter_rt_sigaction
sys_enter_rt_sigaction
sys_enter_rt_sigaction
sys_enter_rt_sigaction
sys_enter_rt_sigaction
sys_enter_rt_sigaction
sys_enter_rt_sigaction
sys_enter_rt_sigaction
sys_enter_rt_sigaction
sys_enter_rt_sigaction
sys_enter_rt_sigaction
sys_enter_rt_sigaction
sys_enter_rt_sigaction
sys_enter_rt_sigaction
sys_enter_rt_sigaction
sys_enter_rt_sigaction
sys_enter_rt_sigaction
sys_enter_rt_sigaction
sys_enter_rt_sigaction
sys_enter_rt_sigaction
sys_enter_rt_sigaction
sys_enter_rt_sigaction
sys_enter_rt_sigaction
sys_enter_rt_sigaction
sys_enter_rt_sigaction
sys_enter_rt_sigaction
sys_enter_rt_sigaction
sys_enter_rt_sigaction
sys_enter_rt_sigaction
sys_enter_rt_sigaction
sys_enter_rt_sigaction
sys_enter_rt_sigaction
sys_enter_rt_sigaction
sys_enter_rt_sigaction
sys_enter_rt_sigaction
sys_enter_rt_sigaction
sys_enter_rt_sigaction
sys_enter_rt_sigaction
sys_enter_rt_sigaction
sys_enter_rt_sigaction
sys_enter_rt_sigaction
sys_enter_rt_sigaction
sys_enter_rt_sigaction
sys_enter_rt_sigaction
sys_enter_rt_sigaction
sys_enter_rt_sigaction
sys_enter_rt_sigaction
sys_enter_rt_sigaction
sys_enter_rt_sigaction
sys_enter_rt_sigaction
sys_enter_rt_sigaction
sys_enter_rt_sigaction
sys_enter_rt_sigaction
sys_enter_rt_sigaction
sys_enter_rt_sigaction
sys_enter_rt_sigaction
sys_enter_rt_sigprocmask
sys_enter_clone
sys_enter_rt_sigprocmask
sys_enter_gettid
sys_enter_sigaltstack
sys_enter_sigaltstack
sys_enter_gettid
sys_enter_rt_sigprocmask
sys_enter_rt_sigprocmask
sys_enter_clone
sys_enter_rt_sigprocmask
sys_enter_gettid
sys_enter_sigaltstack
sys_enter_sigaltstack
sys_enter_gettid
sys_enter_rt_sigprocmask
sys_enter_rt_sigprocmask
sys_enter_clone
sys_enter_rt_sigprocmask
sys_enter_futex
sys_enter_rt_sigprocmask
sys_enter_clone
sys_enter_gettid
sys_enter_sigaltstack
sys_enter_sigaltstack
sys_enter_rt_sigprocmask
sys_enter_gettid
sys_enter_rt_sigprocmask
sys_enter_gettid
sys_enter_sigaltstack
sys_enter_sigaltstack
sys_enter_gettid
sys_enter_rt_sigprocmask
sys_enter_futex
sys_enter_futex
sys_enter_futex
sys_enter_futex
sys_enter_futex
sys_enter_mmap
sys_enter_futex
sys_enter_futex
sys_enter_futex
sys_enter_openat
sys_enter_futex
sys_enter_futex
sys_enter_read
sys_enter_read
sys_enter_close
sys_enter_socket
sys_enter_futex
sys_enter_futex
sys_enter_futex
sys_enter_futex
sys_enter_close
sys_enter_socket
sys_enter_setsockopt
sys_enter_bind
sys_enter_socket
sys_enter_setsockopt
sys_enter_bind
sys_enter_close
sys_enter_close
sys_enter_mmap
sys_enter_getpid
sys_enter_getppid
sys_enter_mmap
sys_enter_mmap
sys_enter_mmap
sys_enter_getppid
sys_enter_openat
sys_enter_pipe2
sys_enter_getpid
sys_enter_clone
sys_enter_setsid
sys_enter_close
sys_enter_read
sys_enter_chdir
sys_enter_execve
sys_enter_close
sys_enter_exit_group
sys_enter_mmap
sys_enter_mmap
sys_enter_mprotect
sys_enter_mmap
sys_enter_mmap
sys_enter_mprotect
sys_enter_mmap
sys_enter_mprotect
sys_enter_mmap
sys_enter_mprotect
sys_enter_mmap
sys_enter_mmap
sys_enter_close
sys_enter_munmap
sys_enter_sched_getaffinity
sys_enter_mmap
sys_enter_munmap
sys_enter_mmap
sys_enter_mmap
sys_enter_mmap
sys_enter_mmap
sys_enter_mmap
sys_enter_mmap
sys_enter_rt_sigprocmask
sys_enter_sigaltstack
sys_enter_sigaltstack
sys_enter_gettid
sys_enter_rt_sigprocmask
sys_enter_rt_sigaction
sys_enter_rt_sigaction
sys_enter_rt_sigaction
sys_enter_rt_sigaction
sys_enter_rt_sigaction
sys_enter_rt_sigaction
sys_enter_rt_sigaction
sys_enter_rt_sigaction
sys_enter_rt_sigaction
sys_enter_rt_sigaction
sys_enter_rt_sigaction
sys_enter_rt_sigaction
sys_enter_rt_sigaction
sys_enter_rt_sigaction
sys_enter_rt_sigaction
sys_enter_rt_sigaction
sys_enter_rt_sigaction
sys_enter_rt_sigaction
sys_enter_rt_sigaction
sys_enter_rt_sigaction
sys_enter_rt_sigaction
sys_enter_rt_sigaction
sys_enter_rt_sigaction
sys_enter_rt_sigaction
sys_enter_rt_sigaction
sys_enter_rt_sigaction
sys_enter_rt_sigaction
sys_enter_rt_sigaction
sys_enter_rt_sigaction
sys_enter_rt_sigaction
sys_enter_rt_sigaction
sys_enter_rt_sigaction
sys_enter_rt_sigaction
sys_enter_rt_sigaction
sys_enter_rt_sigaction
sys_enter_rt_sigaction
sys_enter_rt_sigaction
sys_enter_rt_sigaction
sys_enter_rt_sigaction
sys_enter_rt_sigaction
sys_enter_rt_sigaction
sys_enter_rt_sigaction
sys_enter_rt_sigaction
sys_enter_rt_sigaction
sys_enter_rt_sigaction
sys_enter_rt_sigaction
sys_enter_rt_sigaction
sys_enter_rt_sigaction
sys_enter_rt_sigaction
sys_enter_rt_sigaction
sys_enter_rt_sigaction
sys_enter_rt_sigaction
sys_enter_rt_sigaction
sys_enter_rt_sigaction
sys_enter_rt_sigaction
sys_enter_rt_sigaction
sys_enter_rt_sigaction
sys_enter_rt_sigaction
sys_enter_rt_sigaction
sys_enter_rt_sigaction
sys_enter_rt_sigaction
sys_enter_rt_sigaction
sys_enter_rt_sigaction
sys_enter_rt_sigaction
sys_enter_rt_sigaction
sys_enter_rt_sigaction
sys_enter_rt_sigaction
sys_enter_rt_sigaction
sys_enter_rt_sigaction
sys_enter_rt_sigaction
sys_enter_rt_sigaction
sys_enter_rt_sigaction
sys_enter_rt_sigaction
sys_enter_rt_sigaction
sys_enter_rt_sigaction
sys_enter_rt_sigaction
sys_enter_rt_sigaction
sys_enter_rt_sigaction
sys_enter_rt_sigaction
sys_enter_rt_sigaction
sys_enter_rt_sigaction
sys_enter_rt_sigaction
sys_enter_rt_sigaction
sys_enter_rt_sigaction
sys_enter_rt_sigaction
sys_enter_rt_sigaction
sys_enter_rt_sigaction
sys_enter_rt_sigaction
sys_enter_rt_sigaction
sys_enter_rt_sigaction
sys_enter_rt_sigaction
sys_enter_rt_sigaction
sys_enter_rt_sigaction
sys_enter_rt_sigaction
sys_enter_rt_sigaction
sys_enter_rt_sigaction
sys_enter_rt_sigaction
sys_enter_rt_sigaction
sys_enter_rt_sigaction
sys_enter_rt_sigaction
sys_enter_rt_sigaction
sys_enter_rt_sigaction
sys_enter_rt_sigaction
sys_enter_rt_sigaction
sys_enter_rt_sigaction
sys_enter_rt_sigaction
sys_enter_rt_sigaction
sys_enter_rt_sigaction
sys_enter_rt_sigaction
sys_enter_rt_sigaction
sys_enter_rt_sigaction
sys_enter_rt_sigaction
sys_enter_rt_sigaction
sys_enter_rt_sigaction
sys_enter_rt_sigprocmask
sys_enter_clone
sys_enter_rt_sigprocmask
sys_enter_gettid
sys_enter_sigaltstack
sys_enter_sigaltstack
sys_enter_gettid
sys_enter_rt_sigprocmask
sys_enter_rt_sigprocmask
sys_enter_clone
sys_enter_rt_sigprocmask
sys_enter_gettid
sys_enter_rt_sigprocmask
sys_enter_clone
sys_enter_sigaltstack
sys_enter_sigaltstack
sys_enter_gettid
sys_enter_rt_sigprocmask
sys_enter_rt_sigprocmask
sys_enter_sched_yield
sys_enter_gettid
sys_enter_futex
sys_enter_sigaltstack
sys_enter_sigaltstack
sys_enter_gettid
sys_enter_futex
sys_enter_rt_sigprocmask
sys_enter_rt_sigprocmask
sys_enter_clone
sys_enter_futex
sys_enter_futex
sys_enter_rt_sigprocmask
sys_enter_futex
sys_enter_gettid
sys_enter_sigaltstack
sys_enter_sigaltstack
sys_enter_gettid
sys_enter_rt_sigprocmask
sys_enter_futex
sys_enter_futex
sys_enter_mmap
sys_enter_futex
sys_enter_futex
sys_enter_futex
sys_enter_openat
sys_enter_read
sys_enter_read
sys_enter_close
sys_enter_socket
sys_enter_close
sys_enter_socket
sys_enter_setsockopt
sys_enter_bind
sys_enter_socket
sys_enter_setsockopt
sys_enter_bind
sys_enter_close
sys_enter_close
sys_enter_getpid
sys_enter_getppid
sys_enter_mmap
sys_enter_mmap
sys_enter_getppid
sys_enter_openat
sys_enter_pipe2
sys_enter_getpid
sys_enter_clone
sys_enter_setsid
sys_enter_close
sys_enter_read
sys_enter_chdir
sys_enter_execve
sys_enter_close
sys_enter_exit_group
sys_enter_mmap
sys_enter_mmap
sys_enter_mprotect
sys_enter_mmap
sys_enter_mmap
sys_enter_mprotect
sys_enter_mmap
sys_enter_mprotect
sys_enter_mmap
sys_enter_mprotect
sys_enter_mmap
sys_enter_mmap
sys_enter_close
sys_enter_munmap
sys_enter_sched_getaffinity
sys_enter_mmap
sys_enter_munmap
sys_enter_mmap
sys_enter_mmap
sys_enter_mmap
sys_enter_mmap
sys_enter_mmap
sys_enter_mmap
sys_enter_rt_sigprocmask
sys_enter_sigaltstack
sys_enter_sigaltstack
sys_enter_gettid
sys_enter_rt_sigprocmask
sys_enter_rt_sigaction
sys_enter_rt_sigaction
sys_enter_rt_sigaction
sys_enter_rt_sigaction
sys_enter_rt_sigaction
sys_enter_rt_sigaction
sys_enter_rt_sigaction
sys_enter_rt_sigaction
sys_enter_rt_sigaction
sys_enter_rt_sigaction
sys_enter_rt_sigaction
sys_enter_rt_sigaction
sys_enter_rt_sigaction
sys_enter_rt_sigaction
sys_enter_rt_sigaction
sys_enter_rt_sigaction
sys_enter_rt_sigaction
sys_enter_rt_sigaction
sys_enter_rt_sigaction
sys_enter_rt_sigaction
sys_enter_rt_sigaction
sys_enter_rt_sigaction
sys_enter_rt_sigaction
sys_enter_rt_sigaction
sys_enter_rt_sigaction
sys_enter_rt_sigaction
sys_enter_rt_sigaction
sys_enter_rt_sigaction
sys_enter_rt_sigaction
sys_enter_rt_sigaction
sys_enter_rt_sigaction
sys_enter_rt_sigaction
sys_enter_rt_sigaction
sys_enter_rt_sigaction
sys_enter_rt_sigaction
sys_enter_rt_sigaction
sys_enter_rt_sigaction
sys_enter_rt_sigaction
sys_enter_rt_sigaction
sys_enter_rt_sigaction
sys_enter_rt_sigaction
sys_enter_rt_sigaction
sys_enter_rt_sigaction
sys_enter_rt_sigaction
sys_enter_rt_sigaction
sys_enter_rt_sigaction
sys_enter_rt_sigaction
sys_enter_rt_sigaction
sys_enter_rt_sigaction
sys_enter_rt_sigaction
sys_enter_rt_sigaction
sys_enter_rt_sigaction
sys_enter_rt_sigaction
sys_enter_rt_sigaction
sys_enter_rt_sigaction
sys_enter_rt_sigaction
sys_enter_rt_sigaction
sys_enter_rt_sigaction
sys_enter_rt_sigaction
sys_enter_rt_sigaction
sys_enter_rt_sigaction
sys_enter_rt_sigaction
sys_enter_rt_sigaction
sys_enter_rt_sigaction
sys_enter_rt_sigaction
sys_enter_rt_sigaction
sys_enter_rt_sigaction
sys_enter_rt_sigaction
sys_enter_rt_sigaction
sys_enter_rt_sigaction
sys_enter_rt_sigaction
sys_enter_rt_sigaction
sys_enter_rt_sigaction
sys_enter_rt_sigaction
sys_enter_rt_sigaction
sys_enter_rt_sigaction
sys_enter_rt_sigaction
sys_enter_rt_sigaction
sys_enter_rt_sigaction
sys_enter_rt_sigaction
sys_enter_rt_sigaction
sys_enter_rt_sigaction
sys_enter_rt_sigaction
sys_enter_rt_sigaction
sys_enter_rt_sigaction
sys_enter_rt_sigaction
sys_enter_rt_sigaction
sys_enter_rt_sigaction
sys_enter_rt_sigaction
sys_enter_rt_sigaction
sys_enter_rt_sigaction
sys_enter_rt_sigaction
sys_enter_rt_sigaction
sys_enter_rt_sigaction
sys_enter_rt_sigaction
sys_enter_rt_sigaction
sys_enter_rt_sigaction
sys_enter_rt_sigaction
sys_enter_rt_sigaction
sys_enter_rt_sigaction
sys_enter_rt_sigaction
sys_enter_rt_sigaction
sys_enter_rt_sigaction
sys_enter_rt_sigaction
sys_enter_rt_sigaction
sys_enter_rt_sigaction
sys_enter_rt_sigaction
sys_enter_rt_sigaction
sys_enter_rt_sigaction
sys_enter_rt_sigaction
sys_enter_rt_sigaction
sys_enter_rt_sigaction
sys_enter_rt_sigaction
sys_enter_rt_sigaction
sys_enter_rt_sigprocmask
sys_enter_clone
sys_enter_rt_sigprocmask
sys_enter_gettid
sys_enter_sigaltstack
sys_enter_sigaltstack
sys_enter_gettid
sys_enter_rt_sigprocmask
sys_enter_rt_sigprocmask
sys_enter_clone
sys_enter_rt_sigprocmask
sys_enter_gettid
sys_enter_sigaltstack
sys_enter_sigaltstack
sys_enter_rt_sigprocmask
sys_enter_gettid
sys_enter_clone
sys_enter_rt_sigprocmask
sys_enter_rt_sigprocmask
sys_enter_sched_yield
sys_enter_futex
sys_enter_futex
sys_enter_gettid
sys_enter_sigaltstack
sys_enter_sigaltstack
sys_enter_gettid
sys_enter_rt_sigprocmask
sys_enter_rt_sigprocmask
sys_enter_clone
sys_enter_futex
sys_enter_futex
sys_enter_rt_sigprocmask
sys_enter_futex
sys_enter_gettid
sys_enter_sigaltstack
sys_enter_sigaltstack
sys_enter_gettid
sys_enter_rt_sigprocmask
sys_enter_futex
sys_enter_futex
sys_enter_mmap
sys_enter_futex
sys_enter_futex
sys_enter_futex
sys_enter_openat
sys_enter_read
sys_enter_read
sys_enter_close
sys_enter_socket
sys_enter_close
sys_enter_socket
sys_enter_setsockopt
sys_enter_bind
sys_enter_socket
sys_enter_setsockopt
sys_enter_bind
sys_enter_close
sys_enter_close
sys_enter_getpid
sys_enter_getppid
sys_enter_mmap
sys_enter_mmap
sys_enter_getppid
sys_enter_openat
sys_enter_pipe2
sys_enter_getpid
sys_enter_clone
sys_enter_setsid
sys_enter_close
sys_enter_read
sys_enter_chdir
sys_enter_execve
sys_enter_close
sys_enter_mmap
sys_enter_mmap
sys_enter_exit_group
sys_enter_mprotect
sys_enter_mmap
sys_enter_mmap
sys_enter_mprotect
sys_enter_mmap
sys_enter_mprotect
sys_enter_mmap
sys_enter_mprotect
sys_enter_mmap
sys_enter_mmap
sys_enter_close
sys_enter_munmap
sys_enter_sched_getaffinity
sys_enter_mmap
sys_enter_munmap
sys_enter_mmap
sys_enter_mmap
sys_enter_mmap
sys_enter_mmap
sys_enter_mmap
sys_enter_mmap
sys_enter_rt_sigprocmask
sys_enter_sigaltstack
sys_enter_sigaltstack
sys_enter_gettid
sys_enter_rt_sigprocmask
sys_enter_rt_sigaction
sys_enter_rt_sigaction
sys_enter_rt_sigaction
sys_enter_rt_sigaction
sys_enter_rt_sigaction
sys_enter_rt_sigaction
sys_enter_rt_sigaction
sys_enter_rt_sigaction
sys_enter_rt_sigaction
sys_enter_rt_sigaction
sys_enter_rt_sigaction
sys_enter_rt_sigaction
sys_enter_rt_sigaction
sys_enter_rt_sigaction
sys_enter_rt_sigaction
sys_enter_rt_sigaction
sys_enter_rt_sigaction
sys_enter_rt_sigaction
sys_enter_rt_sigaction
sys_enter_rt_sigaction
sys_enter_rt_sigaction
sys_enter_rt_sigaction
sys_enter_rt_sigaction
sys_enter_rt_sigaction
sys_enter_rt_sigaction
sys_enter_rt_sigaction
sys_enter_rt_sigaction
sys_enter_rt_sigaction
sys_enter_rt_sigaction
sys_enter_rt_sigaction
sys_enter_rt_sigaction
sys_enter_rt_sigaction
sys_enter_rt_sigaction
sys_enter_rt_sigaction
sys_enter_rt_sigaction
sys_enter_rt_sigaction
sys_enter_rt_sigaction
sys_enter_rt_sigaction
sys_enter_rt_sigaction
sys_enter_rt_sigaction
sys_enter_rt_sigaction
sys_enter_rt_sigaction
sys_enter_rt_sigaction
sys_enter_rt_sigaction
sys_enter_rt_sigaction
sys_enter_rt_sigaction
sys_enter_rt_sigaction
sys_enter_rt_sigaction
sys_enter_rt_sigaction
sys_enter_rt_sigaction
sys_enter_rt_sigaction
sys_enter_rt_sigaction
sys_enter_rt_sigaction
sys_enter_rt_sigaction
sys_enter_rt_sigaction
sys_enter_rt_sigaction
sys_enter_rt_sigaction
sys_enter_rt_sigaction
sys_enter_rt_sigaction
sys_enter_rt_sigaction
sys_enter_rt_sigaction
sys_enter_rt_sigaction
sys_enter_rt_sigaction
sys_enter_rt_sigaction
sys_enter_rt_sigaction
sys_enter_rt_sigaction
sys_enter_rt_sigaction
sys_enter_rt_sigaction
sys_enter_rt_sigaction
sys_enter_rt_sigaction
sys_enter_rt_sigaction
sys_enter_rt_sigaction
sys_enter_rt_sigaction
sys_enter_rt_sigaction
sys_enter_rt_sigaction
sys_enter_rt_sigaction
sys_enter_rt_sigaction
sys_enter_rt_sigaction
sys_enter_rt_sigaction
sys_enter_rt_sigaction
sys_enter_rt_sigaction
sys_enter_rt_sigaction
sys_enter_rt_sigaction
sys_enter_rt_sigaction
sys_enter_rt_sigaction
sys_enter_rt_sigaction
sys_enter_rt_sigaction
sys_enter_rt_sigaction
sys_enter_rt_sigaction
sys_enter_rt_sigaction
sys_enter_rt_sigaction
sys_enter_rt_sigaction
sys_enter_rt_sigaction
sys_enter_rt_sigaction
sys_enter_rt_sigaction
sys_enter_rt_sigaction
sys_enter_rt_sigaction
sys_enter_rt_sigaction
sys_enter_rt_sigaction
sys_enter_rt_sigaction
sys_enter_rt_sigaction
sys_enter_rt_sigaction
sys_enter_rt_sigaction
sys_enter_rt_sigaction
sys_enter_rt_sigaction
sys_enter_rt_sigaction
sys_enter_rt_sigaction
sys_enter_rt_sigaction
sys_enter_rt_sigaction
sys_enter_rt_sigaction
sys_enter_rt_sigaction
sys_enter_rt_sigaction
sys_enter_rt_sigaction
sys_enter_rt_sigaction
sys_enter_rt_sigprocmask
sys_enter_clone
sys_enter_rt_sigprocmask
sys_enter_gettid
sys_enter_sigaltstack
sys_enter_sigaltstack
sys_enter_gettid
sys_enter_rt_sigprocmask
sys_enter_rt_sigprocmask
sys_enter_clone
sys_enter_rt_sigprocmask
sys_enter_gettid
sys_enter_sigaltstack
sys_enter_sigaltstack
sys_enter_rt_sigprocmask
sys_enter_clone
sys_enter_gettid
sys_enter_rt_sigprocmask
sys_enter_rt_sigprocmask
sys_enter_sched_yield
sys_enter_gettid
sys_enter_futex
sys_enter_rt_sigprocmask
sys_enter_clone
sys_enter_futex
sys_enter_sigaltstack
sys_enter_sigaltstack
sys_enter_gettid
sys_enter_rt_sigprocmask
sys_enter_futex
sys_enter_rt_sigprocmask
sys_enter_gettid
sys_enter_futex
sys_enter_futex
sys_enter_sigaltstack
sys_enter_sigaltstack
sys_enter_gettid
sys_enter_rt_sigprocmask
sys_enter_futex
sys_enter_futex
sys_enter_mmap
sys_enter_futex
sys_enter_futex
sys_enter_futex
sys_enter_openat
sys_enter_read
sys_enter_read
sys_enter_close
sys_enter_socket
sys_enter_close
sys_enter_socket
sys_enter_setsockopt
sys_enter_bind
sys_enter_socket
sys_enter_setsockopt
sys_enter_bind
sys_enter_close
sys_enter_close
sys_enter_getpid
sys_enter_getppid
sys_enter_mmap
sys_enter_mmap
sys_enter_getppid
sys_enter_openat
sys_enter_pipe2
sys_enter_getpid
sys_enter_clone
sys_enter_setsid
sys_enter_close
sys_enter_read
sys_enter_chdir
sys_enter_execve
sys_enter_close
sys_enter_exit_group
sys_enter_mmap
sys_enter_mmap
sys_enter_mprotect
sys_enter_mmap
sys_enter_mmap
sys_enter_mprotect
sys_enter_mmap
sys_enter_mprotect
sys_enter_mmap
sys_enter_mprotect
sys_enter_mmap
sys_enter_mmap
sys_enter_close
sys_enter_munmap
sys_enter_sched_getaffinity
sys_enter_mmap
sys_enter_munmap
sys_enter_mmap
sys_enter_mmap
sys_enter_mmap
sys_enter_mmap
sys_enter_mmap
sys_enter_mmap
sys_enter_rt_sigprocmask
sys_enter_sigaltstack
sys_enter_sigaltstack
sys_enter_gettid
sys_enter_rt_sigprocmask
sys_enter_rt_sigaction
sys_enter_rt_sigaction
sys_enter_rt_sigaction
sys_enter_rt_sigaction
sys_enter_rt_sigaction
sys_enter_rt_sigaction
sys_enter_rt_sigaction
sys_enter_rt_sigaction
sys_enter_rt_sigaction
sys_enter_rt_sigaction
sys_enter_rt_sigaction
sys_enter_rt_sigaction
sys_enter_rt_sigaction
sys_enter_rt_sigaction
sys_enter_rt_sigaction
sys_enter_rt_sigaction
sys_enter_rt_sigaction
sys_enter_rt_sigaction
sys_enter_rt_sigaction
sys_enter_rt_sigaction
sys_enter_rt_sigaction
sys_enter_rt_sigaction
sys_enter_rt_sigaction
sys_enter_rt_sigaction
sys_enter_rt_sigaction
sys_enter_rt_sigaction
sys_enter_rt_sigaction
sys_enter_rt_sigaction
sys_enter_rt_sigaction
sys_enter_rt_sigaction
sys_enter_rt_sigaction
sys_enter_rt_sigaction
sys_enter_rt_sigaction
sys_enter_rt_sigaction
sys_enter_rt_sigaction
sys_enter_rt_sigaction
sys_enter_rt_sigaction
sys_enter_rt_sigaction
sys_enter_rt_sigaction
sys_enter_rt_sigaction
sys_enter_rt_sigaction
sys_enter_rt_sigaction
sys_enter_rt_sigaction
sys_enter_rt_sigaction
sys_enter_rt_sigaction
sys_enter_rt_sigaction
sys_enter_rt_sigaction
sys_enter_rt_sigaction
sys_enter_rt_sigaction
sys_enter_rt_sigaction
sys_enter_rt_sigaction
sys_enter_rt_sigaction
sys_enter_rt_sigaction
sys_enter_rt_sigaction
sys_enter_rt_sigaction
sys_enter_rt_sigaction
sys_enter_rt_sigaction
sys_enter_rt_sigaction
sys_enter_rt_sigaction
sys_enter_rt_sigaction
sys_enter_rt_sigaction
sys_enter_rt_sigaction
sys_enter_rt_sigaction
sys_enter_rt_sigaction
sys_enter_rt_sigaction
sys_enter_rt_sigaction
sys_enter_rt_sigaction
sys_enter_rt_sigaction
sys_enter_rt_sigaction
sys_enter_rt_sigaction
sys_enter_rt_sigaction
sys_enter_rt_sigaction
sys_enter_rt_sigaction
sys_enter_rt_sigaction
sys_enter_rt_sigaction
sys_enter_rt_sigaction
sys_enter_rt_sigaction
sys_enter_rt_sigaction
sys_enter_rt_sigaction
sys_enter_rt_sigaction
sys_enter_rt_sigaction
sys_enter_rt_sigaction
sys_enter_rt_sigaction
sys_enter_rt_sigaction
sys_enter_rt_sigaction
sys_enter_rt_sigaction
sys_enter_rt_sigaction
sys_enter_rt_sigaction
sys_enter_rt_sigaction
sys_enter_rt_sigaction
sys_enter_rt_sigaction
sys_enter_rt_sigaction
sys_enter_rt_sigaction
sys_enter_rt_sigaction
sys_enter_rt_sigaction
sys_enter_rt_sigaction
sys_enter_rt_sigaction
sys_enter_rt_sigaction
sys_enter_rt_sigaction
sys_enter_rt_sigaction
sys_enter_rt_sigaction
sys_enter_rt_sigaction
sys_enter_rt_sigaction
sys_enter_rt_sigaction
sys_enter_rt_sigaction
sys_enter_rt_sigaction
sys_enter_rt_sigaction
sys_enter_rt_sigaction
sys_enter_rt_sigaction
sys_enter_rt_sigaction
sys_enter_rt_sigaction
sys_enter_rt_sigaction
sys_enter_rt_sigaction
sys_enter_rt_sigaction
sys_enter_rt_sigprocmask
sys_enter_clone
sys_enter_rt_sigprocmask
sys_enter_gettid
sys_enter_sigaltstack
sys_enter_sigaltstack
sys_enter_gettid
sys_enter_rt_sigprocmask
sys_enter_rt_sigprocmask
sys_enter_clone
sys_enter_rt_sigprocmask
sys_enter_gettid
sys_enter_rt_sigprocmask
sys_enter_clone
sys_enter_sigaltstack
sys_enter_sigaltstack
sys_enter_gettid
sys_enter_rt_sigprocmask
sys_enter_rt_sigprocmask
sys_enter_gettid
sys_enter_futex
sys_enter_sigaltstack
sys_enter_sigaltstack
sys_enter_gettid
sys_enter_rt_sigprocmask
sys_enter_futex
sys_enter_rt_sigprocmask
sys_enter_clone
sys_enter_rt_sigprocmask
sys_enter_futex
sys_enter_gettid
sys_enter_sigaltstack
sys_enter_sigaltstack
sys_enter_futex
sys_enter_gettid
sys_enter_rt_sigprocmask
sys_enter_futex
sys_enter_futex
sys_enter_futex
sys_enter_futex
sys_enter_futex
sys_enter_futex
sys_enter_futex
sys_enter_futex
sys_enter_mmap
sys_enter_futex
sys_enter_futex
sys_enter_futex
sys_enter_openat
sys_enter_read
sys_enter_read
sys_enter_close
sys_enter_socket
sys_enter_close
sys_enter_socket
sys_enter_setsockopt
sys_enter_bind
sys_enter_socket
sys_enter_setsockopt
sys_enter_bind
sys_enter_close
sys_enter_close
sys_enter_getpid
sys_enter_getppid
sys_enter_mmap
sys_enter_mmap
sys_enter_getppid
sys_enter_openat
sys_enter_pipe2
sys_enter_getpid
sys_enter_clone
sys_enter_setsid
sys_enter_chdir
sys_enter_close
sys_enter_read
sys_enter_execve
sys_enter_close
sys_enter_exit_group
sys_enter_mmap
sys_enter_mmap
sys_enter_mprotect
sys_enter_mmap
sys_enter_mmap
sys_enter_mprotect
sys_enter_mmap
sys_enter_mprotect
sys_enter_mmap
sys_enter_mprotect
sys_enter_mmap
sys_enter_mmap
sys_enter_close
sys_enter_munmap
sys_enter_sched_getaffinity
sys_enter_mmap
sys_enter_munmap
sys_enter_mmap
sys_enter_mmap
sys_enter_mmap
sys_enter_mmap
sys_enter_mmap
sys_enter_mmap
sys_enter_rt_sigprocmask
sys_enter_sigaltstack
sys_enter_sigaltstack
sys_enter_gettid
sys_enter_rt_sigprocmask
sys_enter_rt_sigaction
sys_enter_rt_sigaction
sys_enter_rt_sigaction
sys_enter_rt_sigaction
sys_enter_rt_sigaction
sys_enter_rt_sigaction
sys_enter_rt_sigaction
sys_enter_rt_sigaction
sys_enter_rt_sigaction
sys_enter_rt_sigaction
sys_enter_rt_sigaction
sys_enter_rt_sigaction
sys_enter_rt_sigaction
sys_enter_rt_sigaction
sys_enter_rt_sigaction
sys_enter_rt_sigaction
sys_enter_rt_sigaction
sys_enter_rt_sigaction
sys_enter_rt_sigaction
sys_enter_rt_sigaction
sys_enter_rt_sigaction
sys_enter_rt_sigaction
sys_enter_rt_sigaction
sys_enter_rt_sigaction
sys_enter_rt_sigaction
sys_enter_rt_sigaction
sys_enter_rt_sigaction
sys_enter_rt_sigaction
sys_enter_rt_sigaction
sys_enter_rt_sigaction
sys_enter_rt_sigaction
sys_enter_rt_sigaction
sys_enter_rt_sigaction
sys_enter_rt_sigaction
sys_enter_rt_sigaction
sys_enter_rt_sigaction
sys_enter_rt_sigaction
sys_enter_rt_sigaction
sys_enter_rt_sigaction
sys_enter_rt_sigaction
sys_enter_rt_sigaction
sys_enter_rt_sigaction
sys_enter_rt_sigaction
sys_enter_rt_sigaction
sys_enter_rt_sigaction
sys_enter_rt_sigaction
sys_enter_rt_sigaction
sys_enter_rt_sigaction
sys_enter_rt_sigaction
sys_enter_rt_sigaction
sys_enter_rt_sigaction
sys_enter_rt_sigaction
sys_enter_rt_sigaction
sys_enter_rt_sigaction
sys_enter_rt_sigaction
sys_enter_rt_sigaction
sys_enter_rt_sigaction
sys_enter_rt_sigaction
sys_enter_rt_sigaction
sys_enter_rt_sigaction
sys_enter_rt_sigaction
sys_enter_rt_sigaction
sys_enter_rt_sigaction
sys_enter_rt_sigaction
sys_enter_rt_sigaction
sys_enter_rt_sigaction
sys_enter_rt_sigaction
sys_enter_rt_sigaction
sys_enter_rt_sigaction
sys_enter_rt_sigaction
sys_enter_rt_sigaction
sys_enter_rt_sigaction
sys_enter_rt_sigaction
sys_enter_rt_sigaction
sys_enter_rt_sigaction
sys_enter_rt_sigaction
sys_enter_rt_sigaction
sys_enter_rt_sigaction
sys_enter_rt_sigaction
sys_enter_rt_sigaction
sys_enter_rt_sigaction
sys_enter_rt_sigaction
sys_enter_rt_sigaction
sys_enter_rt_sigaction
sys_enter_rt_sigaction
sys_enter_rt_sigaction
sys_enter_rt_sigaction
sys_enter_rt_sigaction
sys_enter_rt_sigaction
sys_enter_rt_sigaction
sys_enter_rt_sigaction
sys_enter_rt_sigaction
sys_enter_rt_sigaction
sys_enter_rt_sigaction
sys_enter_rt_sigaction
sys_enter_rt_sigaction
sys_enter_rt_sigaction
sys_enter_rt_sigaction
sys_enter_rt_sigaction
sys_enter_rt_sigaction
sys_enter_rt_sigaction
sys_enter_rt_sigaction
sys_enter_rt_sigaction
sys_enter_rt_sigaction
sys_enter_rt_sigaction
sys_enter_rt_sigaction
sys_enter_rt_sigaction
sys_enter_rt_sigaction
sys_enter_rt_sigaction
sys_enter_rt_sigaction
sys_enter_rt_sigaction
sys_enter_rt_sigaction
sys_enter_rt_sigaction
sys_enter_rt_sigaction
sys_enter_rt_sigprocmask
sys_enter_clone
sys_enter_rt_sigprocmask
sys_enter_gettid
sys_enter_sigaltstack
sys_enter_sigaltstack
sys_enter_gettid
sys_enter_rt_sigprocmask
sys_enter_rt_sigprocmask
sys_enter_clone
sys_enter_rt_sigprocmask
sys_enter_gettid
sys_enter_sigaltstack
sys_enter_sigaltstack
sys_enter_gettid
sys_enter_rt_sigprocmask
sys_enter_rt_sigprocmask
sys_enter_clone
sys_enter_rt_sigprocmask
sys_enter_futex
sys_enter_gettid
sys_enter_gettid
sys_enter_sigaltstack
sys_enter_sigaltstack
sys_enter_gettid
sys_enter_rt_sigprocmask
sys_enter_futex
sys_enter_futex
sys_enter_rt_sigprocmask
sys_enter_clone
sys_enter_rt_sigprocmask
sys_enter_futex
sys_enter_sigaltstack
sys_enter_sigaltstack
sys_enter_gettid
sys_enter_rt_sigprocmask
sys_enter_futex
sys_enter_futex
sys_enter_mmap
sys_enter_futex
sys_enter_futex
sys_enter_futex
sys_enter_openat
sys_enter_read
sys_enter_read
sys_enter_close
sys_enter_socket
sys_enter_close
sys_enter_socket
sys_enter_setsockopt
sys_enter_bind
sys_enter_socket
sys_enter_setsockopt
sys_enter_bind
sys_enter_close
sys_enter_close
sys_enter_getpid
sys_enter_getppid
sys_enter_mmap
sys_enter_mmap
sys_enter_getppid
sys_enter_openat
sys_enter_pipe2
sys_enter_getpid
sys_enter_clone
sys_enter_setsid
sys_enter_close
sys_enter_read
sys_enter_chdir
sys_enter_execve
sys_enter_close
sys_enter_exit_group
sys_enter_mmap
sys_enter_mmap
sys_enter_mprotect
sys_enter_mmap
sys_enter_mmap
sys_enter_mprotect
sys_enter_mmap
sys_enter_mprotect
sys_enter_mmap
sys_enter_mprotect
sys_enter_mmap
sys_enter_mmap
sys_enter_close
sys_enter_munmap
sys_enter_sched_getaffinity
sys_enter_mmap
sys_enter_munmap
sys_enter_mmap
sys_enter_mmap
sys_enter_mmap
sys_enter_mmap
sys_enter_mmap
sys_enter_mmap
sys_enter_rt_sigprocmask
sys_enter_sigaltstack
sys_enter_sigaltstack
sys_enter_gettid
sys_enter_rt_sigprocmask
sys_enter_rt_sigaction
sys_enter_rt_sigaction
sys_enter_rt_sigaction
sys_enter_rt_sigaction
sys_enter_rt_sigaction
sys_enter_rt_sigaction
sys_enter_rt_sigaction
sys_enter_rt_sigaction
sys_enter_rt_sigaction
sys_enter_rt_sigaction
sys_enter_rt_sigaction
sys_enter_rt_sigaction
sys_enter_rt_sigaction
sys_enter_rt_sigaction
sys_enter_rt_sigaction
sys_enter_rt_sigaction
sys_enter_rt_sigaction
sys_enter_rt_sigaction
sys_enter_rt_sigaction
sys_enter_rt_sigaction
sys_enter_rt_sigaction
sys_enter_rt_sigaction
sys_enter_rt_sigaction
sys_enter_rt_sigaction
sys_enter_rt_sigaction
sys_enter_rt_sigaction
sys_enter_rt_sigaction
sys_enter_rt_sigaction
sys_enter_rt_sigaction
sys_enter_rt_sigaction
sys_enter_rt_sigaction
sys_enter_rt_sigaction
sys_enter_rt_sigaction
sys_enter_rt_sigaction
sys_enter_rt_sigaction
sys_enter_rt_sigaction
sys_enter_rt_sigaction
sys_enter_rt_sigaction
sys_enter_rt_sigaction
sys_enter_rt_sigaction
sys_enter_rt_sigaction
sys_enter_rt_sigaction
sys_enter_rt_sigaction
sys_enter_rt_sigaction
sys_enter_rt_sigaction
sys_enter_rt_sigaction
sys_enter_rt_sigaction
sys_enter_rt_sigaction
sys_enter_rt_sigaction
sys_enter_rt_sigaction
sys_enter_rt_sigaction
sys_enter_rt_sigaction
sys_enter_rt_sigaction
sys_enter_rt_sigaction
sys_enter_rt_sigaction
sys_enter_rt_sigaction
sys_enter_rt_sigaction
sys_enter_rt_sigaction
sys_enter_rt_sigaction
sys_enter_rt_sigaction
sys_enter_rt_sigaction
sys_enter_rt_sigaction
sys_enter_rt_sigaction
sys_enter_rt_sigaction
sys_enter_rt_sigaction
sys_enter_rt_sigaction
sys_enter_rt_sigaction
sys_enter_rt_sigaction
sys_enter_rt_sigaction
sys_enter_rt_sigaction
sys_enter_rt_sigaction
sys_enter_rt_sigaction
sys_enter_rt_sigaction
sys_enter_rt_sigaction
sys_enter_rt_sigaction
sys_enter_rt_sigaction
sys_enter_rt_sigaction
sys_enter_rt_sigaction
sys_enter_rt_sigaction
sys_enter_rt_sigaction
sys_enter_rt_sigaction
sys_enter_rt_sigaction
sys_enter_rt_sigaction
sys_enter_rt_sigaction
sys_enter_rt_sigaction
sys_enter_rt_sigaction
sys_enter_rt_sigaction
sys_enter_rt_sigaction
sys_enter_rt_sigaction
sys_enter_rt_sigaction
sys_enter_rt_sigaction
sys_enter_rt_sigaction
sys_enter_rt_sigaction
sys_enter_rt_sigaction
sys_enter_rt_sigaction
sys_enter_rt_sigaction
sys_enter_rt_sigaction
sys_enter_rt_sigaction
sys_enter_rt_sigaction
sys_enter_rt_sigaction
sys_enter_rt_sigaction
sys_enter_rt_sigaction
sys_enter_rt_sigaction
sys_enter_rt_sigaction
sys_enter_rt_sigaction
sys_enter_rt_sigaction
sys_enter_rt_sigaction
sys_enter_rt_sigaction
sys_enter_rt_sigaction
sys_enter_rt_sigaction
sys_enter_rt_sigaction
sys_enter_rt_sigaction
sys_enter_rt_sigaction
sys_enter_rt_sigaction
sys_enter_rt_sigprocmask
sys_enter_clone
sys_enter_rt_sigprocmask
sys_enter_gettid
sys_enter_sigaltstack
sys_enter_sigaltstack
sys_enter_gettid
sys_enter_rt_sigprocmask
sys_enter_rt_sigprocmask
sys_enter_clone
sys_enter_rt_sigprocmask
sys_enter_gettid
sys_enter_sigaltstack
sys_enter_sigaltstack
sys_enter_gettid
sys_enter_rt_sigprocmask
sys_enter_rt_sigprocmask
sys_enter_clone
sys_enter_rt_sigprocmask
sys_enter_clone
sys_enter_rt_sigprocmask
sys_enter_futex
sys_enter_gettid
sys_enter_sigaltstack
sys_enter_sigaltstack
sys_enter_gettid
sys_enter_rt_sigprocmask
sys_enter_rt_sigprocmask
sys_enter_gettid
sys_enter_futex
sys_enter_sigaltstack
sys_enter_sigaltstack
sys_enter_futex
sys_enter_gettid
sys_enter_rt_sigprocmask
sys_enter_futex
sys_enter_futex
sys_enter_futex
sys_enter_mmap
sys_enter_futex
sys_enter_futex
sys_enter_futex
sys_enter_openat
sys_enter_read
sys_enter_read
sys_enter_close
sys_enter_socket
sys_enter_close
sys_enter_socket
sys_enter_setsockopt
sys_enter_bind
sys_enter_socket
sys_enter_setsockopt
sys_enter_bind
sys_enter_close
sys_enter_close
sys_enter_getpid
sys_enter_getppid
sys_enter_mmap
sys_enter_mmap
sys_enter_getppid
sys_enter_openat
sys_enter_pipe2
sys_enter_getpid
sys_enter_clone
sys_enter_setsid
sys_enter_close
sys_enter_read
sys_enter_chdir
sys_enter_execve
sys_enter_close
sys_enter_exit_group
sys_enter_mmap
sys_enter_mmap
sys_enter_mprotect
sys_enter_mmap
sys_enter_mmap
sys_enter_mprotect
sys_enter_mmap
sys_enter_mprotect
sys_enter_mmap
sys_enter_mprotect
sys_enter_mmap
sys_enter_mmap
sys_enter_close
sys_enter_munmap
sys_enter_sched_getaffinity
sys_enter_mmap
sys_enter_munmap
sys_enter_mmap
sys_enter_mmap
sys_enter_mmap
sys_enter_mmap
sys_enter_mmap
sys_enter_mmap
sys_enter_rt_sigprocmask
sys_enter_sigaltstack
sys_enter_sigaltstack
sys_enter_gettid
sys_enter_rt_sigprocmask
sys_enter_rt_sigaction
sys_enter_rt_sigaction
sys_enter_rt_sigaction
sys_enter_rt_sigaction
sys_enter_rt_sigaction
sys_enter_rt_sigaction
sys_enter_rt_sigaction
sys_enter_rt_sigaction
sys_enter_rt_sigaction
sys_enter_rt_sigaction
sys_enter_rt_sigaction
sys_enter_rt_sigaction
sys_enter_rt_sigaction
sys_enter_rt_sigaction
sys_enter_rt_sigaction
sys_enter_rt_sigaction
sys_enter_rt_sigaction
sys_enter_rt_sigaction
sys_enter_rt_sigaction
sys_enter_rt_sigaction
sys_enter_rt_sigaction
sys_enter_rt_sigaction
sys_enter_rt_sigaction
sys_enter_rt_sigaction
sys_enter_rt_sigaction
sys_enter_rt_sigaction
sys_enter_rt_sigaction
sys_enter_rt_sigaction
sys_enter_rt_sigaction
sys_enter_rt_sigaction
sys_enter_rt_sigaction
sys_enter_rt_sigaction
sys_enter_rt_sigaction
sys_enter_rt_sigaction
sys_enter_rt_sigaction
sys_enter_rt_sigaction
sys_enter_rt_sigaction
sys_enter_rt_sigaction
sys_enter_rt_sigaction
sys_enter_rt_sigaction
sys_enter_rt_sigaction
sys_enter_rt_sigaction
sys_enter_rt_sigaction
sys_enter_rt_sigaction
sys_enter_rt_sigaction
sys_enter_rt_sigaction
sys_enter_rt_sigaction
sys_enter_rt_sigaction
sys_enter_rt_sigaction
sys_enter_rt_sigaction
sys_enter_rt_sigaction
sys_enter_rt_sigaction
sys_enter_rt_sigaction
sys_enter_rt_sigaction
sys_enter_rt_sigaction
sys_enter_rt_sigaction
sys_enter_rt_sigaction
sys_enter_rt_sigaction
sys_enter_rt_sigaction
sys_enter_rt_sigaction
sys_enter_rt_sigaction
sys_enter_rt_sigaction
sys_enter_rt_sigaction
sys_enter_rt_sigaction
sys_enter_rt_sigaction
sys_enter_rt_sigaction
sys_enter_rt_sigaction
sys_enter_rt_sigaction
sys_enter_rt_sigaction
sys_enter_rt_sigaction
sys_enter_rt_sigaction
sys_enter_rt_sigaction
sys_enter_rt_sigaction
sys_enter_rt_sigaction
sys_enter_rt_sigaction
sys_enter_rt_sigaction
sys_enter_rt_sigaction
sys_enter_rt_sigaction
sys_enter_rt_sigaction
sys_enter_rt_sigaction
sys_enter_rt_sigaction
sys_enter_rt_sigaction
sys_enter_rt_sigaction
sys_enter_rt_sigaction
sys_enter_rt_sigaction
sys_enter_rt_sigaction
sys_enter_rt_sigaction
sys_enter_rt_sigaction
sys_enter_rt_sigaction
sys_enter_rt_sigaction
sys_enter_rt_sigaction
sys_enter_rt_sigaction
sys_enter_rt_sigaction
sys_enter_rt_sigaction
sys_enter_rt_sigaction
sys_enter_rt_sigaction
sys_enter_rt_sigaction
sys_enter_rt_sigaction
sys_enter_rt_sigaction
sys_enter_rt_sigaction
sys_enter_rt_sigaction
sys_enter_rt_sigaction
sys_enter_rt_sigaction
sys_enter_rt_sigaction
sys_enter_rt_sigaction
sys_enter_rt_sigaction
sys_enter_rt_sigaction
sys_enter_rt_sigaction
sys_enter_rt_sigaction
sys_enter_rt_sigaction
sys_enter_rt_sigaction
sys_enter_rt_sigaction
sys_enter_rt_sigaction
sys_enter_rt_sigaction
sys_enter_rt_sigprocmask
sys_enter_clone
sys_enter_rt_sigprocmask
sys_enter_gettid
sys_enter_sigaltstack
sys_enter_sigaltstack
sys_enter_gettid
sys_enter_rt_sigprocmask
sys_enter_rt_sigprocmask
sys_enter_clone
sys_enter_rt_sigprocmask
sys_enter_gettid
sys_enter_sigaltstack
sys_enter_sigaltstack
sys_enter_gettid
sys_enter_rt_sigprocmask
sys_enter_rt_sigprocmask
sys_enter_clone
sys_enter_rt_sigprocmask
sys_enter_futex
sys_enter_gettid
sys_enter_rt_sigprocmask
sys_enter_sigaltstack
sys_enter_sigaltstack
sys_enter_clone
sys_enter_gettid
sys_enter_rt_sigprocmask
sys_enter_futex
sys_enter_futex
sys_enter_rt_sigprocmask
sys_enter_futex
sys_enter_gettid
sys_enter_sigaltstack
sys_enter_sigaltstack
sys_enter_gettid
sys_enter_rt_sigprocmask
sys_enter_futex
sys_enter_futex
sys_enter_mmap
sys_enter_futex
sys_enter_futex
sys_enter_futex
sys_enter_openat
sys_enter_read
sys_enter_read
sys_enter_close
sys_enter_socket
sys_enter_close
sys_enter_socket
sys_enter_setsockopt
sys_enter_bind
sys_enter_socket
sys_enter_setsockopt
sys_enter_bind
sys_enter_close
sys_enter_close
sys_enter_getpid
sys_enter_getppid
sys_enter_mmap
sys_enter_mmap
sys_enter_getppid
sys_enter_openat
sys_enter_pipe2
sys_enter_getpid
sys_enter_clone
sys_enter_setsid
sys_enter_close
sys_enter_read
sys_enter_chdir
sys_enter_execve
sys_enter_close
sys_enter_exit_group
sys_enter_mmap
sys_enter_mmap
sys_enter_mprotect
sys_enter_mmap
sys_enter_mmap
sys_enter_mprotect
sys_enter_mmap
sys_enter_mprotect
sys_enter_mmap
sys_enter_mprotect
sys_enter_mmap
sys_enter_mmap
sys_enter_close
sys_enter_munmap
sys_enter_sched_getaffinity
sys_enter_mmap
sys_enter_munmap
sys_enter_mmap
sys_enter_mmap
sys_enter_mmap
sys_enter_mmap
sys_enter_mmap
sys_enter_mmap
sys_enter_rt_sigprocmask
sys_enter_sigaltstack
sys_enter_sigaltstack
sys_enter_gettid
sys_enter_rt_sigprocmask
sys_enter_rt_sigaction
sys_enter_rt_sigaction
sys_enter_rt_sigaction
sys_enter_rt_sigaction
sys_enter_rt_sigaction
sys_enter_rt_sigaction
sys_enter_rt_sigaction
sys_enter_rt_sigaction
sys_enter_rt_sigaction
sys_enter_rt_sigaction
sys_enter_rt_sigaction
sys_enter_rt_sigaction
sys_enter_rt_sigaction
sys_enter_rt_sigaction
sys_enter_rt_sigaction
sys_enter_rt_sigaction
sys_enter_rt_sigaction
sys_enter_rt_sigaction
sys_enter_rt_sigaction
sys_enter_rt_sigaction
sys_enter_rt_sigaction
sys_enter_rt_sigaction
sys_enter_rt_sigaction
sys_enter_rt_sigaction
sys_enter_rt_sigaction
sys_enter_rt_sigaction
sys_enter_rt_sigaction
sys_enter_rt_sigaction
sys_enter_rt_sigaction
sys_enter_rt_sigaction
sys_enter_rt_sigaction
sys_enter_rt_sigaction
sys_enter_rt_sigaction
sys_enter_rt_sigaction
sys_enter_rt_sigaction
sys_enter_rt_sigaction
sys_enter_rt_sigaction
sys_enter_rt_sigaction
sys_enter_rt_sigaction
sys_enter_rt_sigaction
sys_enter_rt_sigaction
sys_enter_rt_sigaction
sys_enter_rt_sigaction
sys_enter_rt_sigaction
sys_enter_rt_sigaction
sys_enter_rt_sigaction
sys_enter_rt_sigaction
sys_enter_rt_sigaction
sys_enter_rt_sigaction
sys_enter_rt_sigaction
sys_enter_rt_sigaction
sys_enter_rt_sigaction
sys_enter_rt_sigaction
sys_enter_rt_sigaction
sys_enter_rt_sigaction
sys_enter_rt_sigaction
sys_enter_rt_sigaction
sys_enter_rt_sigaction
sys_enter_rt_sigaction
sys_enter_rt_sigaction
sys_enter_rt_sigaction
sys_enter_rt_sigaction
sys_enter_rt_sigaction
sys_enter_rt_sigaction
sys_enter_rt_sigaction
sys_enter_rt_sigaction
sys_enter_rt_sigaction
sys_enter_rt_sigaction
sys_enter_rt_sigaction
sys_enter_rt_sigaction
sys_enter_rt_sigaction
sys_enter_rt_sigaction
sys_enter_rt_sigaction
sys_enter_rt_sigaction
sys_enter_rt_sigaction
sys_enter_rt_sigaction
sys_enter_rt_sigaction
sys_enter_rt_sigaction
sys_enter_rt_sigaction
sys_enter_rt_sigaction
sys_enter_rt_sigaction
sys_enter_rt_sigaction
sys_enter_rt_sigaction
sys_enter_rt_sigaction
sys_enter_rt_sigaction
sys_enter_rt_sigaction
sys_enter_rt_sigaction
sys_enter_rt_sigaction
sys_enter_rt_sigaction
sys_enter_rt_sigaction
sys_enter_rt_sigaction
sys_enter_rt_sigaction
sys_enter_rt_sigaction
sys_enter_rt_sigaction
sys_enter_rt_sigaction
sys_enter_rt_sigaction
sys_enter_rt_sigaction
sys_enter_rt_sigaction
sys_enter_rt_sigaction
sys_enter_rt_sigaction
sys_enter_rt_sigaction
sys_enter_rt_sigaction
sys_enter_rt_sigaction
sys_enter_rt_sigaction
sys_enter_rt_sigaction
sys_enter_rt_sigaction
sys_enter_rt_sigaction
sys_enter_rt_sigaction
sys_enter_rt_sigaction
sys_enter_rt_sigaction
sys_enter_rt_sigaction
sys_enter_rt_sigaction
sys_enter_rt_sigaction
sys_enter_rt_sigaction
sys_enter_rt_sigprocmask
sys_enter_clone
sys_enter_rt_sigprocmask
sys_enter_gettid
sys_enter_sigaltstack
sys_enter_sigaltstack
sys_enter_gettid
sys_enter_rt_sigprocmask
sys_enter_rt_sigprocmask
sys_enter_clone
sys_enter_rt_sigprocmask
sys_enter_gettid
sys_enter_sigaltstack
sys_enter_sigaltstack
sys_enter_gettid
sys_enter_rt_sigprocmask
sys_enter_rt_sigprocmask
sys_enter_clone
sys_enter_rt_sigprocmask
sys_enter_futex
sys_enter_rt_sigprocmask
sys_enter_clone
sys_enter_rt_sigprocmask
sys_enter_futex
sys_enter_gettid
sys_enter_sigaltstack
sys_enter_sigaltstack
sys_enter_gettid
sys_enter_rt_sigprocmask
sys_enter_futex
sys_enter_futex
sys_enter_gettid
sys_enter_sigaltstack
sys_enter_sigaltstack
sys_enter_gettid
sys_enter_rt_sigprocmask
sys_enter_futex
sys_enter_futex
sys_enter_mmap
sys_enter_futex
sys_enter_futex
sys_enter_futex
sys_enter_openat
sys_enter_read
sys_enter_read
sys_enter_close
sys_enter_socket
sys_enter_close
sys_enter_socket
sys_enter_setsockopt
sys_enter_bind
sys_enter_socket
sys_enter_setsockopt
sys_enter_bind
sys_enter_close
sys_enter_close
sys_enter_getpid
sys_enter_getppid
sys_enter_mmap
sys_enter_mmap
sys_enter_getppid
sys_enter_openat
sys_enter_pipe2
sys_enter_getpid
sys_enter_clone
sys_enter_close
sys_enter_read
sys_enter_setsid
sys_enter_chdir
sys_enter_execve
sys_enter_close
sys_enter_exit_group
sys_enter_mmap
sys_enter_mmap
sys_enter_mprotect
sys_enter_mmap
sys_enter_mmap
sys_enter_mprotect
sys_enter_mmap
sys_enter_mprotect
sys_enter_mmap
sys_enter_mprotect
sys_enter_mmap
sys_enter_mmap
sys_enter_close
sys_enter_munmap
sys_enter_sched_getaffinity
sys_enter_mmap
sys_enter_munmap
sys_enter_mmap
sys_enter_mmap
sys_enter_mmap
sys_enter_mmap
sys_enter_mmap
sys_enter_mmap
sys_enter_rt_sigprocmask
sys_enter_sigaltstack
sys_enter_sigaltstack
sys_enter_gettid
sys_enter_rt_sigprocmask
sys_enter_rt_sigaction
sys_enter_rt_sigaction
sys_enter_rt_sigaction
sys_enter_rt_sigaction
sys_enter_rt_sigaction
sys_enter_rt_sigaction
sys_enter_rt_sigaction
sys_enter_rt_sigaction
sys_enter_rt_sigaction
sys_enter_rt_sigaction
sys_enter_rt_sigaction
sys_enter_rt_sigaction
sys_enter_rt_sigaction
sys_enter_rt_sigaction
sys_enter_rt_sigaction
sys_enter_rt_sigaction
sys_enter_rt_sigaction
sys_enter_rt_sigaction
sys_enter_rt_sigaction
sys_enter_rt_sigaction
sys_enter_rt_sigaction
sys_enter_rt_sigaction
sys_enter_rt_sigaction
sys_enter_rt_sigaction
sys_enter_rt_sigaction
sys_enter_rt_sigaction
sys_enter_rt_sigaction
sys_enter_rt_sigaction
sys_enter_rt_sigaction
sys_enter_rt_sigaction
sys_enter_rt_sigaction
sys_enter_rt_sigaction
sys_enter_rt_sigaction
sys_enter_rt_sigaction
sys_enter_rt_sigaction
sys_enter_rt_sigaction
sys_enter_rt_sigaction
sys_enter_rt_sigaction
sys_enter_rt_sigaction
sys_enter_rt_sigaction
sys_enter_rt_sigaction
sys_enter_rt_sigaction
sys_enter_rt_sigaction
sys_enter_rt_sigaction
sys_enter_rt_sigaction
sys_enter_rt_sigaction
sys_enter_rt_sigaction
sys_enter_rt_sigaction
sys_enter_rt_sigaction
sys_enter_rt_sigaction
sys_enter_rt_sigaction
sys_enter_rt_sigaction
sys_enter_rt_sigaction
sys_enter_rt_sigaction
sys_enter_rt_sigaction
sys_enter_rt_sigaction
sys_enter_rt_sigaction
sys_enter_rt_sigaction
sys_enter_rt_sigaction
sys_enter_rt_sigaction
sys_enter_rt_sigaction
sys_enter_rt_sigaction
sys_enter_rt_sigaction
sys_enter_rt_sigaction
sys_enter_rt_sigaction
sys_enter_rt_sigaction
sys_enter_rt_sigaction
sys_enter_rt_sigaction
sys_enter_rt_sigaction
sys_enter_rt_sigaction
sys_enter_rt_sigaction
sys_enter_rt_sigaction
sys_enter_rt_sigaction
sys_enter_rt_sigaction
sys_enter_rt_sigaction
sys_enter_rt_sigaction
sys_enter_rt_sigaction
sys_enter_rt_sigaction
sys_enter_rt_sigaction
sys_enter_rt_sigaction
sys_enter_rt_sigaction
sys_enter_rt_sigaction
sys_enter_rt_sigaction
sys_enter_rt_sigaction
sys_enter_rt_sigaction
sys_enter_rt_sigaction
sys_enter_rt_sigaction
sys_enter_rt_sigaction
sys_enter_rt_sigaction
sys_enter_rt_sigaction
sys_enter_rt_sigaction
sys_enter_rt_sigaction
sys_enter_rt_sigaction
sys_enter_rt_sigaction
sys_enter_rt_sigaction
sys_enter_rt_sigaction
sys_enter_rt_sigaction
sys_enter_rt_sigaction
sys_enter_rt_sigaction
sys_enter_rt_sigaction
sys_enter_rt_sigaction
sys_enter_rt_sigaction
sys_enter_rt_sigaction
sys_enter_rt_sigaction
sys_enter_rt_sigaction
sys_enter_rt_sigaction
sys_enter_rt_sigaction
sys_enter_rt_sigaction
sys_enter_rt_sigaction
sys_enter_rt_sigaction
sys_enter_rt_sigaction
sys_enter_rt_sigaction
sys_enter_rt_sigaction
sys_enter_rt_sigaction
sys_enter_rt_sigprocmask
sys_enter_clone
sys_enter_rt_sigprocmask
sys_enter_gettid
sys_enter_sigaltstack
sys_enter_sigaltstack
sys_enter_gettid
sys_enter_rt_sigprocmask
sys_enter_rt_sigprocmask
sys_enter_clone
sys_enter_rt_sigprocmask
sys_enter_rt_sigprocmask
sys_enter_clone
sys_enter_gettid
sys_enter_sigaltstack
sys_enter_sigaltstack
sys_enter_gettid
sys_enter_rt_sigprocmask
sys_enter_rt_sigprocmask
sys_enter_futex
sys_enter_gettid
sys_enter_sigaltstack
sys_enter_sigaltstack
sys_enter_gettid
sys_enter_rt_sigprocmask
sys_enter_clone
sys_enter_rt_sigprocmask
sys_enter_futex
sys_enter_futex
sys_enter_rt_sigprocmask
sys_enter_futex
sys_enter_gettid
sys_enter_sigaltstack
sys_enter_sigaltstack
sys_enter_gettid
sys_enter_rt_sigprocmask
sys_enter_futex
sys_enter_futex
sys_enter_mmap
sys_enter_futex
sys_enter_futex
sys_enter_futex
sys_enter_openat
sys_enter_read
sys_enter_read
sys_enter_close
sys_enter_socket
sys_enter_close
sys_enter_socket
sys_enter_setsockopt
sys_enter_bind
sys_enter_socket
sys_enter_setsockopt
sys_enter_bind
sys_enter_close
sys_enter_close
sys_enter_getpid
sys_enter_getppid
sys_enter_mmap
sys_enter_mmap
sys_enter_getppid
sys_enter_openat
sys_enter_pipe2
sys_enter_getpid
sys_enter_clone
sys_enter_setsid
sys_enter_close
sys_enter_read
sys_enter_chdir
sys_enter_execve
sys_enter_close
sys_enter_mmap
sys_enter_exit_group
sys_enter_mmap
sys_enter_mprotect
sys_enter_mmap
sys_enter_mmap
sys_enter_mprotect
sys_enter_mmap
sys_enter_mprotect
sys_enter_mmap
sys_enter_mprotect
sys_enter_mmap
sys_enter_mmap
sys_enter_close
sys_enter_munmap
sys_enter_sched_getaffinity
sys_enter_mmap
sys_enter_munmap
sys_enter_mmap
sys_enter_mmap
sys_enter_mmap
sys_enter_mmap
sys_enter_mmap
sys_enter_mmap
sys_enter_rt_sigprocmask
sys_enter_sigaltstack
sys_enter_sigaltstack
sys_enter_gettid
sys_enter_rt_sigprocmask
sys_enter_rt_sigaction
sys_enter_rt_sigaction
sys_enter_rt_sigaction
sys_enter_rt_sigaction
sys_enter_rt_sigaction
sys_enter_rt_sigaction
sys_enter_rt_sigaction
sys_enter_rt_sigaction
sys_enter_rt_sigaction
sys_enter_rt_sigaction
sys_enter_rt_sigaction
sys_enter_rt_sigaction
sys_enter_rt_sigaction
sys_enter_rt_sigaction
sys_enter_rt_sigaction
sys_enter_rt_sigaction
sys_enter_rt_sigaction
sys_enter_rt_sigaction
sys_enter_rt_sigaction
sys_enter_rt_sigaction
sys_enter_rt_sigaction
sys_enter_rt_sigaction
sys_enter_rt_sigaction
sys_enter_rt_sigaction
sys_enter_rt_sigaction
sys_enter_rt_sigaction
sys_enter_rt_sigaction
sys_enter_rt_sigaction
sys_enter_rt_sigaction
sys_enter_rt_sigaction
sys_enter_rt_sigaction
sys_enter_rt_sigaction
sys_enter_rt_sigaction
sys_enter_rt_sigaction
sys_enter_rt_sigaction
sys_enter_rt_sigaction
sys_enter_rt_sigaction
sys_enter_rt_sigaction
sys_enter_rt_sigaction
sys_enter_rt_sigaction
sys_enter_rt_sigaction
sys_enter_rt_sigaction
sys_enter_rt_sigaction
sys_enter_rt_sigaction
sys_enter_rt_sigaction
sys_enter_rt_sigaction
sys_enter_rt_sigaction
sys_enter_rt_sigaction
sys_enter_rt_sigaction
sys_enter_rt_sigaction
sys_enter_rt_sigaction
sys_enter_rt_sigaction
sys_enter_rt_sigaction
sys_enter_rt_sigaction
sys_enter_rt_sigaction
sys_enter_rt_sigaction
sys_enter_rt_sigaction
sys_enter_rt_sigaction
sys_enter_rt_sigaction
sys_enter_rt_sigaction
sys_enter_rt_sigaction
sys_enter_rt_sigaction
sys_enter_rt_sigaction
sys_enter_rt_sigaction
sys_enter_rt_sigaction
sys_enter_rt_sigaction
sys_enter_rt_sigaction
sys_enter_rt_sigaction
sys_enter_rt_sigaction
sys_enter_rt_sigaction
sys_enter_rt_sigaction
sys_enter_rt_sigaction
sys_enter_rt_sigaction
sys_enter_rt_sigaction
sys_enter_rt_sigaction
sys_enter_rt_sigaction
sys_enter_rt_sigaction
sys_enter_rt_sigaction
sys_enter_rt_sigaction
sys_enter_rt_sigaction
sys_enter_rt_sigaction
sys_enter_rt_sigaction
sys_enter_rt_sigaction
sys_enter_rt_sigaction
sys_enter_rt_sigaction
sys_enter_rt_sigaction
sys_enter_rt_sigaction
sys_enter_rt_sigaction
sys_enter_rt_sigaction
sys_enter_rt_sigaction
sys_enter_rt_sigaction
sys_enter_rt_sigaction
sys_enter_rt_sigaction
sys_enter_rt_sigaction
sys_enter_rt_sigaction
sys_enter_rt_sigaction
sys_enter_rt_sigaction
sys_enter_rt_sigaction
sys_enter_rt_sigaction
sys_enter_rt_sigaction
sys_enter_rt_sigaction
sys_enter_rt_sigaction
sys_enter_rt_sigaction
sys_enter_rt_sigaction
sys_enter_rt_sigaction
sys_enter_rt_sigaction
sys_enter_rt_sigaction
sys_enter_rt_sigaction
sys_enter_rt_sigaction
sys_enter_rt_sigaction
sys_enter_rt_sigaction
sys_enter_rt_sigaction
sys_enter_rt_sigaction
sys_enter_rt_sigaction
sys_enter_rt_sigprocmask
sys_enter_clone
sys_enter_rt_sigprocmask
sys_enter_gettid
sys_enter_sigaltstack
sys_enter_sigaltstack
sys_enter_gettid
sys_enter_rt_sigprocmask
sys_enter_rt_sigprocmask
sys_enter_clone
sys_enter_rt_sigprocmask
sys_enter_gettid
sys_enter_sigaltstack
sys_enter_sigaltstack
sys_enter_gettid
sys_enter_rt_sigprocmask
sys_enter_rt_sigprocmask
sys_enter_clone
sys_enter_rt_sigprocmask
sys_enter_futex
sys_enter_rt_sigprocmask
sys_enter_gettid
sys_enter_clone
sys_enter_sigaltstack
sys_enter_sigaltstack
sys_enter_gettid
sys_enter_rt_sigprocmask
sys_enter_futex
sys_enter_rt_sigprocmask
sys_enter_futex
sys_enter_gettid
sys_enter_sigaltstack
sys_enter_sigaltstack
sys_enter_gettid
sys_enter_rt_sigprocmask
sys_enter_futex
sys_enter_futex
sys_enter_futex
sys_enter_mmap
sys_enter_futex
sys_enter_futex
sys_enter_futex
sys_enter_openat
sys_enter_read
sys_enter_read
sys_enter_close
sys_enter_socket
sys_enter_close
sys_enter_socket
sys_enter_setsockopt
sys_enter_bind
sys_enter_socket
sys_enter_setsockopt
sys_enter_bind
sys_enter_close
sys_enter_close
sys_enter_getpid
sys_enter_getppid
sys_enter_mmap
sys_enter_mmap
sys_enter_getppid
sys_enter_openat
sys_enter_pipe2
sys_enter_getpid
sys_enter_clone
sys_enter_setsid
sys_enter_close
sys_enter_read
sys_enter_chdir
sys_enter_execve
sys_enter_close
sys_enter_exit_group
sys_enter_mmap
sys_enter_mmap
sys_enter_mprotect
sys_enter_mmap
sys_enter_mmap
sys_enter_mprotect
sys_enter_mmap
sys_enter_mprotect
sys_enter_mmap
sys_enter_mprotect
sys_enter_mmap
sys_enter_mmap
sys_enter_close
sys_enter_munmap
sys_enter_sched_getaffinity
sys_enter_mmap
sys_enter_munmap
sys_enter_mmap
sys_enter_mmap
sys_enter_mmap
sys_enter_mmap
sys_enter_mmap
sys_enter_mmap
sys_enter_rt_sigprocmask
sys_enter_sigaltstack
sys_enter_sigaltstack
sys_enter_gettid
sys_enter_rt_sigprocmask
sys_enter_rt_sigaction
sys_enter_rt_sigaction
sys_enter_rt_sigaction
sys_enter_rt_sigaction
sys_enter_rt_sigaction
sys_enter_rt_sigaction
sys_enter_rt_sigaction
sys_enter_rt_sigaction
sys_enter_rt_sigaction
sys_enter_rt_sigaction
sys_enter_rt_sigaction
sys_enter_rt_sigaction
sys_enter_rt_sigaction
sys_enter_rt_sigaction
sys_enter_rt_sigaction
sys_enter_rt_sigaction
sys_enter_rt_sigaction
sys_enter_rt_sigaction
sys_enter_rt_sigaction
sys_enter_rt_sigaction
sys_enter_rt_sigaction
sys_enter_rt_sigaction
sys_enter_rt_sigaction
sys_enter_rt_sigaction
sys_enter_rt_sigaction
sys_enter_rt_sigaction
sys_enter_rt_sigaction
sys_enter_rt_sigaction
sys_enter_rt_sigaction
sys_enter_rt_sigaction
sys_enter_rt_sigaction
sys_enter_rt_sigaction
sys_enter_rt_sigaction
sys_enter_rt_sigaction
sys_enter_rt_sigaction
sys_enter_rt_sigaction
sys_enter_rt_sigaction
sys_enter_rt_sigaction
sys_enter_rt_sigaction
sys_enter_rt_sigaction
sys_enter_rt_sigaction
sys_enter_rt_sigaction
sys_enter_rt_sigaction
sys_enter_rt_sigaction
sys_enter_rt_sigaction
sys_enter_rt_sigaction
sys_enter_rt_sigaction
sys_enter_rt_sigaction
sys_enter_rt_sigaction
sys_enter_rt_sigaction
sys_enter_rt_sigaction
sys_enter_rt_sigaction
sys_enter_rt_sigaction
sys_enter_rt_sigaction
sys_enter_rt_sigaction
sys_enter_rt_sigaction
sys_enter_rt_sigaction
sys_enter_rt_sigaction
sys_enter_rt_sigaction
sys_enter_rt_sigaction
sys_enter_rt_sigaction
sys_enter_rt_sigaction
sys_enter_rt_sigaction
sys_enter_rt_sigaction
sys_enter_rt_sigaction
sys_enter_rt_sigaction
sys_enter_rt_sigaction
sys_enter_rt_sigaction
sys_enter_rt_sigaction
sys_enter_rt_sigaction
sys_enter_rt_sigaction
sys_enter_rt_sigaction
sys_enter_rt_sigaction
sys_enter_rt_sigaction
sys_enter_rt_sigaction
sys_enter_rt_sigaction
sys_enter_rt_sigaction
sys_enter_rt_sigaction
sys_enter_rt_sigaction
sys_enter_rt_sigaction
sys_enter_rt_sigaction
sys_enter_rt_sigaction
sys_enter_rt_sigaction
sys_enter_rt_sigaction
sys_enter_rt_sigaction
sys_enter_rt_sigaction
sys_enter_rt_sigaction
sys_enter_rt_sigaction
sys_enter_rt_sigaction
sys_enter_rt_sigaction
sys_enter_rt_sigaction
sys_enter_rt_sigaction
sys_enter_rt_sigaction
sys_enter_rt_sigaction
sys_enter_rt_sigaction
sys_enter_rt_sigaction
sys_enter_rt_sigaction
sys_enter_rt_sigaction
sys_enter_rt_sigaction
sys_enter_rt_sigaction
sys_enter_rt_sigaction
sys_enter_rt_sigaction
sys_enter_rt_sigaction
sys_enter_rt_sigaction
sys_enter_rt_sigaction
sys_enter_rt_sigaction
sys_enter_rt_sigaction
sys_enter_rt_sigaction
sys_enter_rt_sigaction
sys_enter_rt_sigaction
sys_enter_rt_sigaction
sys_enter_rt_sigaction
sys_enter_rt_sigaction
sys_enter_rt_sigaction
sys_enter_rt_sigprocmask
sys_enter_clone
sys_enter_rt_sigprocmask
sys_enter_gettid
sys_enter_sigaltstack
sys_enter_sigaltstack
sys_enter_gettid
sys_enter_rt_sigprocmask
sys_enter_rt_sigprocmask
sys_enter_clone
sys_enter_rt_sigprocmask
sys_enter_gettid
sys_enter_sigaltstack
sys_enter_sigaltstack
sys_enter_rt_sigprocmask
sys_enter_clone
sys_enter_gettid
sys_enter_rt_sigprocmask
sys_enter_rt_sigprocmask
sys_enter_futex
sys_enter_gettid
sys_enter_sigaltstack
sys_enter_sigaltstack
sys_enter_gettid
sys_enter_rt_sigprocmask
sys_enter_rt_sigprocmask
sys_enter_clone
sys_enter_futex
sys_enter_futex
sys_enter_rt_sigprocmask
sys_enter_futex
sys_enter_gettid
sys_enter_sigaltstack
sys_enter_sigaltstack
sys_enter_gettid
sys_enter_rt_sigprocmask
sys_enter_futex
sys_enter_futex
sys_enter_mmap
sys_enter_futex
sys_enter_futex
sys_enter_futex
sys_enter_openat
sys_enter_read
sys_enter_read
sys_enter_close
sys_enter_socket
sys_enter_close
sys_enter_socket
sys_enter_setsockopt
sys_enter_bind
sys_enter_socket
sys_enter_setsockopt
sys_enter_bind
sys_enter_close
sys_enter_close
sys_enter_getpid
sys_enter_getppid
sys_enter_mmap
sys_enter_mmap
sys_enter_getppid
sys_enter_openat
sys_enter_pipe2
sys_enter_getpid
sys_enter_clone
sys_enter_setsid
sys_enter_close
sys_enter_read
sys_enter_chdir
sys_enter_execve
sys_enter_close
sys_enter_exit_group
sys_enter_mmap
sys_enter_mmap
sys_enter_mprotect
sys_enter_mmap
sys_enter_mmap
sys_enter_mprotect
sys_enter_mmap
sys_enter_mprotect
sys_enter_mmap
sys_enter_mprotect
sys_enter_mmap
sys_enter_mmap
sys_enter_close
sys_enter_munmap
sys_enter_sched_getaffinity
sys_enter_mmap
sys_enter_munmap
sys_enter_mmap
sys_enter_mmap
sys_enter_mmap
sys_enter_mmap
sys_enter_mmap
sys_enter_mmap
sys_enter_rt_sigprocmask
sys_enter_sigaltstack
sys_enter_sigaltstack
sys_enter_gettid
sys_enter_rt_sigprocmask
sys_enter_rt_sigaction
sys_enter_rt_sigaction
sys_enter_rt_sigaction
sys_enter_rt_sigaction
sys_enter_rt_sigaction
sys_enter_rt_sigaction
sys_enter_rt_sigaction
sys_enter_rt_sigaction
sys_enter_rt_sigaction
sys_enter_rt_sigaction
sys_enter_rt_sigaction
sys_enter_rt_sigaction
sys_enter_rt_sigaction
sys_enter_rt_sigaction
sys_enter_rt_sigaction
sys_enter_rt_sigaction
sys_enter_rt_sigaction
sys_enter_rt_sigaction
sys_enter_rt_sigaction
sys_enter_rt_sigaction
sys_enter_rt_sigaction
sys_enter_rt_sigaction
sys_enter_rt_sigaction
sys_enter_rt_sigaction
sys_enter_rt_sigaction
sys_enter_rt_sigaction
sys_enter_rt_sigaction
sys_enter_rt_sigaction
sys_enter_rt_sigaction
sys_enter_rt_sigaction
sys_enter_rt_sigaction
sys_enter_rt_sigaction
sys_enter_rt_sigaction
sys_enter_rt_sigaction
sys_enter_rt_sigaction
sys_enter_rt_sigaction
sys_enter_rt_sigaction
sys_enter_rt_sigaction
sys_enter_rt_sigaction
sys_enter_rt_sigaction
sys_enter_rt_sigaction
sys_enter_rt_sigaction
sys_enter_rt_sigaction
sys_enter_rt_sigaction
sys_enter_rt_sigaction
sys_enter_rt_sigaction
sys_enter_rt_sigaction
sys_enter_rt_sigaction
sys_enter_rt_sigaction
sys_enter_rt_sigaction
sys_enter_rt_sigaction
sys_enter_rt_sigaction
sys_enter_rt_sigaction
sys_enter_rt_sigaction
sys_enter_rt_sigaction
sys_enter_rt_sigaction
sys_enter_rt_sigaction
sys_enter_rt_sigaction
sys_enter_rt_sigaction
sys_enter_rt_sigaction
sys_enter_rt_sigaction
sys_enter_rt_sigaction
sys_enter_rt_sigaction
sys_enter_rt_sigaction
sys_enter_rt_sigaction
sys_enter_rt_sigaction
sys_enter_rt_sigaction
sys_enter_rt_sigaction
sys_enter_rt_sigaction
sys_enter_rt_sigaction
sys_enter_rt_sigaction
sys_enter_rt_sigaction
sys_enter_rt_sigaction
sys_enter_rt_sigaction
sys_enter_rt_sigaction
sys_enter_rt_sigaction
sys_enter_rt_sigaction
sys_enter_rt_sigaction
sys_enter_rt_sigaction
sys_enter_rt_sigaction
sys_enter_rt_sigaction
sys_enter_rt_sigaction
sys_enter_rt_sigaction
sys_enter_rt_sigaction
sys_enter_rt_sigaction
sys_enter_rt_sigaction
sys_enter_rt_sigaction
sys_enter_rt_sigaction
sys_enter_rt_sigaction
sys_enter_rt_sigaction
sys_enter_rt_sigaction
sys_enter_rt_sigaction
sys_enter_rt_sigaction
sys_enter_rt_sigaction
sys_enter_rt_sigaction
sys_enter_rt_sigaction
sys_enter_rt_sigaction
sys_enter_rt_sigaction
sys_enter_rt_sigaction
sys_enter_rt_sigaction
sys_enter_rt_sigaction
sys_enter_rt_sigaction
sys_enter_rt_sigaction
sys_enter_rt_sigaction
sys_enter_rt_sigaction
sys_enter_rt_sigaction
sys_enter_rt_sigaction
sys_enter_rt_sigaction
sys_enter_rt_sigaction
sys_enter_rt_sigaction
sys_enter_rt_sigaction
sys_enter_rt_sigaction
sys_enter_rt_sigaction
sys_enter_rt_sigaction
sys_enter_rt_sigprocmask
sys_enter_clone
sys_enter_rt_sigprocmask
sys_enter_gettid
sys_enter_sigaltstack
sys_enter_sigaltstack
sys_enter_gettid
sys_enter_rt_sigprocmask
sys_enter_rt_sigprocmask
sys_enter_clone
sys_enter_rt_sigprocmask
sys_enter_gettid
sys_enter_sigaltstack
sys_enter_sigaltstack
sys_enter_gettid
sys_enter_rt_sigprocmask
sys_enter_rt_sigprocmask
sys_enter_clone
sys_enter_rt_sigprocmask
sys_enter_clone
sys_enter_rt_sigprocmask
sys_enter_futex
sys_enter_gettid
sys_enter_sigaltstack
sys_enter_sigaltstack
sys_enter_gettid
sys_enter_rt_sigprocmask
sys_enter_rt_sigprocmask
sys_enter_futex
sys_enter_gettid
sys_enter_futex
sys_enter_futex
sys_enter_sigaltstack
sys_enter_sigaltstack
sys_enter_gettid
sys_enter_rt_sigprocmask
sys_enter_futex
sys_enter_futex
sys_enter_mmap
sys_enter_futex
sys_enter_futex
sys_enter_futex
sys_enter_openat
sys_enter_read
sys_enter_read
sys_enter_close
sys_enter_socket
sys_enter_close
sys_enter_socket
sys_enter_setsockopt
sys_enter_bind
sys_enter_socket
sys_enter_setsockopt
sys_enter_bind
sys_enter_close
sys_enter_close
sys_enter_getpid
sys_enter_getppid
sys_enter_mmap
sys_enter_mmap
sys_enter_getppid
sys_enter_openat
sys_enter_pipe2
sys_enter_getpid
sys_enter_clone
sys_enter_setsid
sys_enter_close
sys_enter_chdir
sys_enter_read
sys_enter_execve
sys_enter_close
sys_enter_exit_group
sys_enter_mmap
sys_enter_mmap
sys_enter_mprotect
sys_enter_mmap
sys_enter_mmap
sys_enter_mprotect
sys_enter_mmap
sys_enter_mprotect
sys_enter_mmap
sys_enter_mprotect
sys_enter_mmap
sys_enter_mmap
sys_enter_close
sys_enter_munmap
sys_enter_sched_getaffinity
sys_enter_mmap
sys_enter_munmap
sys_enter_mmap
sys_enter_mmap
sys_enter_mmap
sys_enter_mmap
sys_enter_mmap
sys_enter_mmap
sys_enter_rt_sigprocmask
sys_enter_sigaltstack
sys_enter_sigaltstack
sys_enter_gettid
sys_enter_rt_sigprocmask
sys_enter_rt_sigaction
sys_enter_rt_sigaction
sys_enter_rt_sigaction
sys_enter_rt_sigaction
sys_enter_rt_sigaction
sys_enter_rt_sigaction
sys_enter_rt_sigaction
sys_enter_rt_sigaction
sys_enter_rt_sigaction
sys_enter_rt_sigaction
sys_enter_rt_sigaction
sys_enter_rt_sigaction
sys_enter_rt_sigaction
sys_enter_rt_sigaction
sys_enter_rt_sigaction
sys_enter_rt_sigaction
sys_enter_rt_sigaction
sys_enter_rt_sigaction
sys_enter_rt_sigaction
sys_enter_rt_sigaction
sys_enter_rt_sigaction
sys_enter_rt_sigaction
sys_enter_rt_sigaction
sys_enter_rt_sigaction
sys_enter_rt_sigaction
sys_enter_rt_sigaction
sys_enter_rt_sigaction
sys_enter_rt_sigaction
sys_enter_rt_sigaction
sys_enter_rt_sigaction
sys_enter_rt_sigaction
sys_enter_rt_sigaction
sys_enter_rt_sigaction
sys_enter_rt_sigaction
sys_enter_rt_sigaction
sys_enter_rt_sigaction
sys_enter_rt_sigaction
sys_enter_rt_sigaction
sys_enter_rt_sigaction
sys_enter_rt_sigaction
sys_enter_rt_sigaction
sys_enter_rt_sigaction
sys_enter_rt_sigaction
sys_enter_rt_sigaction
sys_enter_rt_sigaction
sys_enter_rt_sigaction
sys_enter_rt_sigaction
sys_enter_rt_sigaction
sys_enter_rt_sigaction
sys_enter_rt_sigaction
sys_enter_rt_sigaction
sys_enter_rt_sigaction
sys_enter_rt_sigaction
sys_enter_rt_sigaction
sys_enter_rt_sigaction
sys_enter_rt_sigaction
sys_enter_rt_sigaction
sys_enter_rt_sigaction
sys_enter_rt_sigaction
sys_enter_rt_sigaction
sys_enter_rt_sigaction
sys_enter_rt_sigaction
sys_enter_rt_sigaction
sys_enter_rt_sigaction
sys_enter_rt_sigaction
sys_enter_rt_sigaction
sys_enter_rt_sigaction
sys_enter_rt_sigaction
sys_enter_rt_sigaction
sys_enter_rt_sigaction
sys_enter_rt_sigaction
sys_enter_rt_sigaction
sys_enter_rt_sigaction
sys_enter_rt_sigaction
sys_enter_rt_sigaction
sys_enter_rt_sigaction
sys_enter_rt_sigaction
sys_enter_rt_sigaction
sys_enter_rt_sigaction
sys_enter_rt_sigaction
sys_enter_rt_sigaction
sys_enter_rt_sigaction
sys_enter_rt_sigaction
sys_enter_rt_sigaction
sys_enter_rt_sigaction
sys_enter_rt_sigaction
sys_enter_rt_sigaction
sys_enter_rt_sigaction
sys_enter_rt_sigaction
sys_enter_rt_sigaction
sys_enter_rt_sigaction
sys_enter_rt_sigaction
sys_enter_rt_sigaction
sys_enter_rt_sigaction
sys_enter_rt_sigaction
sys_enter_rt_sigaction
sys_enter_rt_sigaction
sys_enter_rt_sigaction
sys_enter_rt_sigaction
sys_enter_rt_sigaction
sys_enter_rt_sigaction
sys_enter_rt_sigaction
sys_enter_rt_sigaction
sys_enter_rt_sigaction
sys_enter_rt_sigaction
sys_enter_rt_sigaction
sys_enter_rt_sigaction
sys_enter_rt_sigaction
sys_enter_rt_sigaction
sys_enter_rt_sigaction
sys_enter_rt_sigaction
sys_enter_rt_sigaction
sys_enter_rt_sigaction
sys_enter_rt_sigaction
sys_enter_rt_sigprocmask
sys_enter_clone
sys_enter_rt_sigprocmask
sys_enter_gettid
sys_enter_sigaltstack
sys_enter_sigaltstack
sys_enter_gettid
sys_enter_rt_sigprocmask
sys_enter_rt_sigprocmask
sys_enter_clone
sys_enter_rt_sigprocmask
sys_enter_gettid
sys_enter_sigaltstack
sys_enter_sigaltstack
sys_enter_rt_sigprocmask
sys_enter_gettid
sys_enter_clone
sys_enter_rt_sigprocmask
sys_enter_rt_sigprocmask
sys_enter_futex
sys_enter_gettid
sys_enter_sigaltstack
sys_enter_rt_sigprocmask
sys_enter_clone
sys_enter_sigaltstack
sys_enter_gettid
sys_enter_rt_sigprocmask
sys_enter_futex
sys_enter_futex
sys_enter_rt_sigprocmask
sys_enter_futex
sys_enter_gettid
sys_enter_sigaltstack
sys_enter_sigaltstack
sys_enter_gettid
sys_enter_rt_sigprocmask
sys_enter_futex
sys_enter_futex
sys_enter_mmap
sys_enter_futex
sys_enter_futex
sys_enter_futex
sys_enter_openat
sys_enter_read
sys_enter_read
sys_enter_close
sys_enter_socket
sys_enter_close
sys_enter_socket
sys_enter_setsockopt
sys_enter_bind
sys_enter_socket
sys_enter_setsockopt
sys_enter_bind
sys_enter_close
sys_enter_close
sys_enter_getpid
sys_enter_getppid
sys_enter_mmap
sys_enter_mmap
sys_enter_getppid
sys_enter_openat
sys_enter_pipe2
sys_enter_getpid
sys_enter_clone
sys_enter_setsid
sys_enter_close
sys_enter_read
sys_enter_chdir
sys_enter_execve
sys_enter_close
sys_enter_mmap
sys_enter_exit_group
sys_enter_mmap
sys_enter_mprotect
sys_enter_mmap
sys_enter_mmap
sys_enter_mprotect
sys_enter_mmap
sys_enter_mprotect
sys_enter_mmap
sys_enter_mprotect
sys_enter_mmap
sys_enter_mmap
sys_enter_close
sys_enter_munmap
sys_enter_sched_getaffinity
sys_enter_mmap
sys_enter_munmap
sys_enter_mmap
sys_enter_mmap
sys_enter_mmap
sys_enter_mmap
sys_enter_mmap
sys_enter_mmap
sys_enter_rt_sigprocmask
sys_enter_sigaltstack
sys_enter_sigaltstack
sys_enter_gettid
sys_enter_rt_sigprocmask
sys_enter_rt_sigaction
sys_enter_rt_sigaction
sys_enter_rt_sigaction
sys_enter_rt_sigaction
sys_enter_rt_sigaction
sys_enter_rt_sigaction
sys_enter_rt_sigaction
sys_enter_rt_sigaction
sys_enter_rt_sigaction
sys_enter_rt_sigaction
sys_enter_rt_sigaction
sys_enter_rt_sigaction
sys_enter_rt_sigaction
sys_enter_rt_sigaction
sys_enter_rt_sigaction
sys_enter_rt_sigaction
sys_enter_rt_sigaction
sys_enter_rt_sigaction
sys_enter_rt_sigaction
sys_enter_rt_sigaction
sys_enter_rt_sigaction
sys_enter_rt_sigaction
sys_enter_rt_sigaction
sys_enter_rt_sigaction
sys_enter_rt_sigaction
sys_enter_rt_sigaction
sys_enter_rt_sigaction
sys_enter_rt_sigaction
sys_enter_rt_sigaction
sys_enter_rt_sigaction
sys_enter_rt_sigaction
sys_enter_rt_sigaction
sys_enter_rt_sigaction
sys_enter_rt_sigaction
sys_enter_rt_sigaction
sys_enter_rt_sigaction
sys_enter_rt_sigaction
sys_enter_rt_sigaction
sys_enter_rt_sigaction
sys_enter_rt_sigaction
sys_enter_rt_sigaction
sys_enter_rt_sigaction
sys_enter_rt_sigaction
sys_enter_rt_sigaction
sys_enter_rt_sigaction
sys_enter_rt_sigaction
sys_enter_rt_sigaction
sys_enter_rt_sigaction
sys_enter_rt_sigaction
sys_enter_rt_sigaction
sys_enter_rt_sigaction
sys_enter_rt_sigaction
sys_enter_rt_sigaction
sys_enter_rt_sigaction
sys_enter_rt_sigaction
sys_enter_rt_sigaction
sys_enter_rt_sigaction
sys_enter_rt_sigaction
sys_enter_rt_sigaction
sys_enter_rt_sigaction
sys_enter_rt_sigaction
sys_enter_rt_sigaction
sys_enter_rt_sigaction
sys_enter_rt_sigaction
sys_enter_rt_sigaction
sys_enter_rt_sigaction
sys_enter_rt_sigaction
sys_enter_rt_sigaction
sys_enter_rt_sigaction
sys_enter_rt_sigaction
sys_enter_rt_sigaction
sys_enter_rt_sigaction
sys_enter_rt_sigaction
sys_enter_rt_sigaction
sys_enter_rt_sigaction
sys_enter_rt_sigaction
sys_enter_rt_sigaction
sys_enter_rt_sigaction
sys_enter_rt_sigaction
sys_enter_rt_sigaction
sys_enter_rt_sigaction
sys_enter_rt_sigaction
sys_enter_rt_sigaction
sys_enter_rt_sigaction
sys_enter_rt_sigaction
sys_enter_rt_sigaction
sys_enter_rt_sigaction
sys_enter_rt_sigaction
sys_enter_rt_sigaction
sys_enter_rt_sigaction
sys_enter_rt_sigaction
sys_enter_rt_sigaction
sys_enter_rt_sigaction
sys_enter_rt_sigaction
sys_enter_rt_sigaction
sys_enter_rt_sigaction
sys_enter_rt_sigaction
sys_enter_rt_sigaction
sys_enter_rt_sigaction
sys_enter_rt_sigaction
sys_enter_rt_sigaction
sys_enter_rt_sigaction
sys_enter_rt_sigaction
sys_enter_rt_sigaction
sys_enter_rt_sigaction
sys_enter_rt_sigaction
sys_enter_rt_sigaction
sys_enter_rt_sigaction
sys_enter_rt_sigaction
sys_enter_rt_sigaction
sys_enter_rt_sigaction
sys_enter_rt_sigaction
sys_enter_rt_sigaction
sys_enter_rt_sigaction
sys_enter_rt_sigprocmask
sys_enter_clone
sys_enter_rt_sigprocmask
sys_enter_gettid
sys_enter_sigaltstack
sys_enter_sigaltstack
sys_enter_gettid
sys_enter_rt_sigprocmask
sys_enter_rt_sigprocmask
sys_enter_clone
sys_enter_rt_sigprocmask
sys_enter_gettid
sys_enter_sigaltstack
sys_enter_sigaltstack
sys_enter_rt_sigprocmask
sys_enter_clone
sys_enter_gettid
sys_enter_rt_sigprocmask
sys_enter_rt_sigprocmask
sys_enter_futex
sys_enter_gettid
sys_enter_sigaltstack
sys_enter_sigaltstack
sys_enter_gettid
sys_enter_rt_sigprocmask
sys_enter_futex
sys_enter_futex
sys_enter_rt_sigprocmask
sys_enter_clone
sys_enter_rt_sigprocmask
sys_enter_futex
sys_enter_gettid
sys_enter_sigaltstack
sys_enter_sigaltstack
sys_enter_gettid
sys_enter_rt_sigprocmask
sys_enter_futex
sys_enter_futex
sys_enter_mmap
sys_enter_futex
sys_enter_futex
sys_enter_futex
sys_enter_openat
sys_enter_futex
sys_enter_futex
sys_enter_read
sys_enter_read
sys_enter_close
sys_enter_socket
sys_enter_close
sys_enter_socket
sys_enter_setsockopt
sys_enter_bind
sys_enter_socket
sys_enter_setsockopt
sys_enter_bind
sys_enter_close
sys_enter_close
sys_enter_mmap
sys_enter_mmap
sys_enter_getpid
sys_enter_getppid
sys_enter_mmap
sys_enter_mmap
sys_enter_getppid
sys_enter_openat
sys_enter_pipe2
sys_enter_getpid
sys_enter_clone
sys_enter_setsid
sys_enter_close
sys_enter_read
sys_enter_chdir
sys_enter_execve
sys_enter_close
sys_enter_exit_group
sys_enter_mmap
sys_enter_mmap
sys_enter_mprotect
sys_enter_mmap
sys_enter_mmap
sys_enter_mprotect
sys_enter_mmap
sys_enter_mprotect
sys_enter_mmap
sys_enter_mprotect
sys_enter_mmap
sys_enter_mmap
sys_enter_close
sys_enter_munmap
sys_enter_sched_getaffinity
sys_enter_mmap
sys_enter_munmap
sys_enter_mmap
sys_enter_mmap
sys_enter_mmap
sys_enter_mmap
sys_enter_mmap
sys_enter_mmap
sys_enter_rt_sigprocmask
sys_enter_sigaltstack
sys_enter_sigaltstack
sys_enter_gettid
sys_enter_rt_sigprocmask
sys_enter_rt_sigaction
sys_enter_rt_sigaction
sys_enter_rt_sigaction
sys_enter_rt_sigaction
sys_enter_rt_sigaction
sys_enter_rt_sigaction
sys_enter_rt_sigaction
sys_enter_rt_sigaction
sys_enter_rt_sigaction
sys_enter_rt_sigaction
sys_enter_rt_sigaction
sys_enter_rt_sigaction
sys_enter_rt_sigaction
sys_enter_rt_sigaction
sys_enter_rt_sigaction
sys_enter_rt_sigaction
sys_enter_rt_sigaction
sys_enter_rt_sigaction
sys_enter_rt_sigaction
sys_enter_rt_sigaction
sys_enter_rt_sigaction
sys_enter_rt_sigaction
sys_enter_rt_sigaction
sys_enter_rt_sigaction
sys_enter_rt_sigaction
sys_enter_rt_sigaction
sys_enter_rt_sigaction
sys_enter_rt_sigaction
sys_enter_rt_sigaction
sys_enter_rt_sigaction
sys_enter_rt_sigaction
sys_enter_rt_sigaction
sys_enter_rt_sigaction
sys_enter_rt_sigaction
sys_enter_rt_sigaction
sys_enter_rt_sigaction
sys_enter_rt_sigaction
sys_enter_rt_sigaction
sys_enter_rt_sigaction
sys_enter_rt_sigaction
sys_enter_rt_sigaction
sys_enter_rt_sigaction
sys_enter_rt_sigaction
sys_enter_rt_sigaction
sys_enter_rt_sigaction
sys_enter_rt_sigaction
sys_enter_rt_sigaction
sys_enter_rt_sigaction
sys_enter_rt_sigaction
sys_enter_rt_sigaction
sys_enter_rt_sigaction
sys_enter_rt_sigaction
sys_enter_rt_sigaction
sys_enter_rt_sigaction
sys_enter_rt_sigaction
sys_enter_rt_sigaction
sys_enter_rt_sigaction
sys_enter_rt_sigaction
sys_enter_rt_sigaction
sys_enter_rt_sigaction
sys_enter_rt_sigaction
sys_enter_rt_sigaction
sys_enter_rt_sigaction
sys_enter_rt_sigaction
sys_enter_rt_sigaction
sys_enter_rt_sigaction
sys_enter_rt_sigaction
sys_enter_rt_sigaction
sys_enter_rt_sigaction
sys_enter_rt_sigaction
sys_enter_rt_sigaction
sys_enter_rt_sigaction
sys_enter_rt_sigaction
sys_enter_rt_sigaction
sys_enter_rt_sigaction
sys_enter_rt_sigaction
sys_enter_rt_sigaction
sys_enter_rt_sigaction
sys_enter_rt_sigaction
sys_enter_rt_sigaction
sys_enter_rt_sigaction
sys_enter_rt_sigaction
sys_enter_rt_sigaction
sys_enter_rt_sigaction
sys_enter_rt_sigaction
sys_enter_rt_sigaction
sys_enter_rt_sigaction
sys_enter_rt_sigaction
sys_enter_rt_sigaction
sys_enter_rt_sigaction
sys_enter_rt_sigaction
sys_enter_rt_sigaction
sys_enter_rt_sigaction
sys_enter_rt_sigaction
sys_enter_rt_sigaction
sys_enter_rt_sigaction
sys_enter_rt_sigaction
sys_enter_rt_sigaction
sys_enter_rt_sigaction
sys_enter_rt_sigaction
sys_enter_rt_sigaction
sys_enter_rt_sigaction
sys_enter_rt_sigaction
sys_enter_rt_sigaction
sys_enter_rt_sigaction
sys_enter_rt_sigaction
sys_enter_rt_sigaction
sys_enter_rt_sigaction
sys_enter_rt_sigaction
sys_enter_rt_sigaction
sys_enter_rt_sigaction
sys_enter_rt_sigaction
sys_enter_rt_sigaction
sys_enter_rt_sigaction
sys_enter_rt_sigprocmask
sys_enter_clone
sys_enter_rt_sigprocmask
sys_enter_gettid
sys_enter_sigaltstack
sys_enter_sigaltstack
sys_enter_gettid
sys_enter_rt_sigprocmask
sys_enter_rt_sigprocmask
sys_enter_clone
sys_enter_rt_sigprocmask
sys_enter_gettid
sys_enter_sigaltstack
sys_enter_sigaltstack
sys_enter_gettid
sys_enter_rt_sigprocmask
sys_enter_clone
sys_enter_rt_sigprocmask
sys_enter_rt_sigprocmask
sys_enter_sched_yield
sys_enter_futex
sys_enter_rt_sigprocmask
sys_enter_clone
sys_enter_futex
sys_enter_gettid
sys_enter_rt_sigprocmask
sys_enter_sigaltstack
sys_enter_sigaltstack
sys_enter_gettid
sys_enter_gettid
sys_enter_sigaltstack
sys_enter_rt_sigprocmask
sys_enter_sigaltstack
sys_enter_gettid
sys_enter_rt_sigprocmask
sys_enter_futex
sys_enter_futex
sys_enter_futex
sys_enter_futex
sys_enter_futex
sys_enter_mmap
sys_enter_futex
sys_enter_futex
sys_enter_futex
sys_enter_openat
sys_enter_read
sys_enter_read
sys_enter_close
sys_enter_socket
sys_enter_close
sys_enter_socket
sys_enter_setsockopt
sys_enter_bind
sys_enter_socket
sys_enter_setsockopt
sys_enter_bind
sys_enter_close
sys_enter_close
sys_enter_getpid
sys_enter_getppid
sys_enter_mmap
sys_enter_mmap
sys_enter_getppid
sys_enter_openat
sys_enter_pipe2
sys_enter_getpid
sys_enter_clone
sys_enter_setsid
sys_enter_close
sys_enter_read
sys_enter_chdir
sys_enter_execve
sys_enter_close
sys_enter_exit_group
sys_enter_mmap
sys_enter_mmap
sys_enter_mprotect
sys_enter_mmap
sys_enter_mmap
sys_enter_mprotect
sys_enter_mmap
sys_enter_mprotect
sys_enter_mmap
sys_enter_mprotect
sys_enter_mmap
sys_enter_mmap
sys_enter_close
sys_enter_munmap
sys_enter_sched_getaffinity
sys_enter_mmap
sys_enter_munmap
sys_enter_mmap
sys_enter_mmap
sys_enter_mmap
sys_enter_mmap
sys_enter_mmap
sys_enter_mmap
sys_enter_rt_sigprocmask
sys_enter_sigaltstack
sys_enter_sigaltstack
sys_enter_gettid
sys_enter_rt_sigprocmask
sys_enter_rt_sigaction
sys_enter_rt_sigaction
sys_enter_rt_sigaction
sys_enter_rt_sigaction
sys_enter_rt_sigaction
sys_enter_rt_sigaction
sys_enter_rt_sigaction
sys_enter_rt_sigaction
sys_enter_rt_sigaction
sys_enter_rt_sigaction
sys_enter_rt_sigaction
sys_enter_rt_sigaction
sys_enter_rt_sigaction
sys_enter_rt_sigaction
sys_enter_rt_sigaction
sys_enter_rt_sigaction
sys_enter_rt_sigaction
sys_enter_rt_sigaction
sys_enter_rt_sigaction
sys_enter_rt_sigaction
sys_enter_rt_sigaction
sys_enter_rt_sigaction
sys_enter_rt_sigaction
sys_enter_rt_sigaction
sys_enter_rt_sigaction
sys_enter_rt_sigaction
sys_enter_rt_sigaction
sys_enter_rt_sigaction
sys_enter_rt_sigaction
sys_enter_rt_sigaction
sys_enter_rt_sigaction
sys_enter_rt_sigaction
sys_enter_rt_sigaction
sys_enter_rt_sigaction
sys_enter_rt_sigaction
sys_enter_rt_sigaction
sys_enter_rt_sigaction
sys_enter_rt_sigaction
sys_enter_rt_sigaction
sys_enter_rt_sigaction
sys_enter_rt_sigaction
sys_enter_rt_sigaction
sys_enter_rt_sigaction
sys_enter_rt_sigaction
sys_enter_rt_sigaction
sys_enter_rt_sigaction
sys_enter_rt_sigaction
sys_enter_rt_sigaction
sys_enter_rt_sigaction
sys_enter_rt_sigaction
sys_enter_rt_sigaction
sys_enter_rt_sigaction
sys_enter_rt_sigaction
sys_enter_rt_sigaction
sys_enter_rt_sigaction
sys_enter_rt_sigaction
sys_enter_rt_sigaction
sys_enter_rt_sigaction
sys_enter_rt_sigaction
sys_enter_rt_sigaction
sys_enter_rt_sigaction
sys_enter_rt_sigaction
sys_enter_rt_sigaction
sys_enter_rt_sigaction
sys_enter_rt_sigaction
sys_enter_rt_sigaction
sys_enter_rt_sigaction
sys_enter_rt_sigaction
sys_enter_rt_sigaction
sys_enter_rt_sigaction
sys_enter_rt_sigaction
sys_enter_rt_sigaction
sys_enter_rt_sigaction
sys_enter_rt_sigaction
sys_enter_rt_sigaction
sys_enter_rt_sigaction
sys_enter_rt_sigaction
sys_enter_rt_sigaction
sys_enter_rt_sigaction
sys_enter_rt_sigaction
sys_enter_rt_sigaction
sys_enter_rt_sigaction
sys_enter_rt_sigaction
sys_enter_rt_sigaction
sys_enter_rt_sigaction
sys_enter_rt_sigaction
sys_enter_rt_sigaction
sys_enter_rt_sigaction
sys_enter_rt_sigaction
sys_enter_rt_sigaction
sys_enter_rt_sigaction
sys_enter_rt_sigaction
sys_enter_rt_sigaction
sys_enter_rt_sigaction
sys_enter_rt_sigaction
sys_enter_rt_sigaction
sys_enter_rt_sigaction
sys_enter_rt_sigaction
sys_enter_rt_sigaction
sys_enter_rt_sigaction
sys_enter_rt_sigaction
sys_enter_rt_sigaction
sys_enter_rt_sigaction
sys_enter_rt_sigaction
sys_enter_rt_sigaction
sys_enter_rt_sigaction
sys_enter_rt_sigaction
sys_enter_rt_sigaction
sys_enter_rt_sigaction
sys_enter_rt_sigaction
sys_enter_rt_sigaction
sys_enter_rt_sigaction
sys_enter_rt_sigaction
sys_enter_rt_sigaction
sys_enter_rt_sigprocmask
sys_enter_clone
sys_enter_rt_sigprocmask
sys_enter_gettid
sys_enter_sigaltstack
sys_enter_sigaltstack
sys_enter_gettid
sys_enter_rt_sigprocmask
sys_enter_rt_sigprocmask
sys_enter_clone
sys_enter_rt_sigprocmask
sys_enter_gettid
sys_enter_sigaltstack
sys_enter_sigaltstack
sys_enter_gettid
sys_enter_rt_sigprocmask
sys_enter_rt_sigprocmask
sys_enter_clone
sys_enter_rt_sigprocmask
sys_enter_clone
sys_enter_rt_sigprocmask
sys_enter_futex
sys_enter_gettid
sys_enter_rt_sigprocmask
sys_enter_gettid
sys_enter_sigaltstack
sys_enter_sigaltstack
sys_enter_sigaltstack
sys_enter_sigaltstack
sys_enter_gettid
sys_enter_rt_sigprocmask
sys_enter_gettid
sys_enter_rt_sigprocmask
sys_enter_futex
sys_enter_futex
sys_enter_futex
sys_enter_futex
sys_enter_futex
sys_enter_mmap
sys_enter_futex
sys_enter_futex
sys_enter_futex
sys_enter_openat
sys_enter_read
sys_enter_read
sys_enter_close
sys_enter_socket
sys_enter_close
sys_enter_socket
sys_enter_setsockopt
sys_enter_bind
sys_enter_socket
sys_enter_setsockopt
sys_enter_bind
sys_enter_close
sys_enter_close
sys_enter_getpid
sys_enter_getppid
sys_enter_mmap
sys_enter_mmap
sys_enter_getppid
sys_enter_openat
sys_enter_pipe2
sys_enter_getpid
sys_enter_clone
sys_enter_setsid
sys_enter_close
sys_enter_chdir
sys_enter_read
sys_enter_execve
sys_enter_close
sys_enter_mmap
sys_enter_exit_group
sys_enter_mmap
sys_enter_mprotect
sys_enter_mmap
sys_enter_mmap
sys_enter_mprotect
sys_enter_mmap
sys_enter_mprotect
sys_enter_mmap
sys_enter_mprotect
sys_enter_mmap
sys_enter_mmap
sys_enter_close
sys_enter_munmap
sys_enter_sched_getaffinity
sys_enter_mmap
sys_enter_munmap
sys_enter_mmap
sys_enter_mmap
sys_enter_mmap
sys_enter_mmap
sys_enter_mmap
sys_enter_mmap
sys_enter_rt_sigprocmask
sys_enter_sigaltstack
sys_enter_sigaltstack
sys_enter_gettid
sys_enter_rt_sigprocmask
sys_enter_rt_sigaction
sys_enter_rt_sigaction
sys_enter_rt_sigaction
sys_enter_rt_sigaction
sys_enter_rt_sigaction
sys_enter_rt_sigaction
sys_enter_rt_sigaction
sys_enter_rt_sigaction
sys_enter_rt_sigaction
sys_enter_rt_sigaction
sys_enter_rt_sigaction
sys_enter_rt_sigaction
sys_enter_rt_sigaction
sys_enter_rt_sigaction
sys_enter_rt_sigaction
sys_enter_rt_sigaction
sys_enter_rt_sigaction
sys_enter_rt_sigaction
sys_enter_rt_sigaction
sys_enter_rt_sigaction
sys_enter_rt_sigaction
sys_enter_rt_sigaction
sys_enter_rt_sigaction
sys_enter_rt_sigaction
sys_enter_rt_sigaction
sys_enter_rt_sigaction
sys_enter_rt_sigaction
sys_enter_rt_sigaction
sys_enter_rt_sigaction
sys_enter_rt_sigaction
sys_enter_rt_sigaction
sys_enter_rt_sigaction
sys_enter_rt_sigaction
sys_enter_rt_sigaction
sys_enter_rt_sigaction
sys_enter_rt_sigaction
sys_enter_rt_sigaction
sys_enter_rt_sigaction
sys_enter_rt_sigaction
sys_enter_rt_sigaction
sys_enter_rt_sigaction
sys_enter_rt_sigaction
sys_enter_rt_sigaction
sys_enter_rt_sigaction
sys_enter_rt_sigaction
sys_enter_rt_sigaction
sys_enter_rt_sigaction
sys_enter_rt_sigaction
sys_enter_rt_sigaction
sys_enter_rt_sigaction
sys_enter_rt_sigaction
sys_enter_rt_sigaction
sys_enter_rt_sigaction
sys_enter_rt_sigaction
sys_enter_rt_sigaction
sys_enter_rt_sigaction
sys_enter_rt_sigaction
sys_enter_rt_sigaction
sys_enter_rt_sigaction
sys_enter_rt_sigaction
sys_enter_rt_sigaction
sys_enter_rt_sigaction
sys_enter_rt_sigaction
sys_enter_rt_sigaction
sys_enter_rt_sigaction
sys_enter_rt_sigaction
sys_enter_rt_sigaction
sys_enter_rt_sigaction
sys_enter_rt_sigaction
sys_enter_rt_sigaction
sys_enter_rt_sigaction
sys_enter_rt_sigaction
sys_enter_rt_sigaction
sys_enter_rt_sigaction
sys_enter_rt_sigaction
sys_enter_rt_sigaction
sys_enter_rt_sigaction
sys_enter_rt_sigaction
sys_enter_rt_sigaction
sys_enter_rt_sigaction
sys_enter_rt_sigaction
sys_enter_rt_sigaction
sys_enter_rt_sigaction
sys_enter_rt_sigaction
sys_enter_rt_sigaction
sys_enter_rt_sigaction
sys_enter_rt_sigaction
sys_enter_rt_sigaction
sys_enter_rt_sigaction
sys_enter_rt_sigaction
sys_enter_rt_sigaction
sys_enter_rt_sigaction
sys_enter_rt_sigaction
sys_enter_rt_sigaction
sys_enter_rt_sigaction
sys_enter_rt_sigaction
sys_enter_rt_sigaction
sys_enter_rt_sigaction
sys_enter_rt_sigaction
sys_enter_rt_sigaction
sys_enter_rt_sigaction
sys_enter_rt_sigaction
sys_enter_rt_sigaction
sys_enter_rt_sigaction
sys_enter_rt_sigaction
sys_enter_rt_sigaction
sys_enter_rt_sigaction
sys_enter_rt_sigaction
sys_enter_rt_sigaction
sys_enter_rt_sigaction
sys_enter_rt_sigaction
sys_enter_rt_sigaction
sys_enter_rt_sigaction
sys_enter_rt_sigaction
sys_enter_rt_sigprocmask
sys_enter_clone
sys_enter_rt_sigprocmask
sys_enter_gettid
sys_enter_sigaltstack
sys_enter_sigaltstack
sys_enter_gettid
sys_enter_rt_sigprocmask
sys_enter_rt_sigprocmask
sys_enter_clone
sys_enter_rt_sigprocmask
sys_enter_gettid
sys_enter_rt_sigprocmask
sys_enter_clone
sys_enter_sigaltstack
sys_enter_sigaltstack
sys_enter_gettid
sys_enter_rt_sigprocmask
sys_enter_rt_sigprocmask
sys_enter_futex
sys_enter_gettid
sys_enter_sigaltstack
sys_enter_sigaltstack
sys_enter_gettid
sys_enter_rt_sigprocmask
sys_enter_rt_sigprocmask
sys_enter_clone
sys_enter_futex
sys_enter_futex
sys_enter_rt_sigprocmask
sys_enter_gettid
sys_enter_futex
sys_enter_sigaltstack
sys_enter_sigaltstack
sys_enter_gettid
sys_enter_rt_sigprocmask
sys_enter_futex
sys_enter_futex
sys_enter_mmap
sys_enter_futex
sys_enter_futex
sys_enter_futex
sys_enter_openat
sys_enter_read
sys_enter_read
sys_enter_close
sys_enter_socket
sys_enter_close
sys_enter_socket
sys_enter_setsockopt
sys_enter_bind
sys_enter_socket
sys_enter_setsockopt
sys_enter_bind
sys_enter_close
sys_enter_close
sys_enter_getpid
sys_enter_getppid
sys_enter_mmap
sys_enter_mmap
sys_enter_getppid
sys_enter_openat
sys_enter_pipe2
sys_enter_getpid
sys_enter_clone
sys_enter_setsid
sys_enter_close
sys_enter_read
sys_enter_chdir
sys_enter_execve
sys_enter_close
sys_enter_exit_group
sys_enter_mmap
sys_enter_mmap
sys_enter_mprotect
sys_enter_mmap
sys_enter_mmap
sys_enter_mprotect
sys_enter_mmap
sys_enter_mprotect
sys_enter_mmap
sys_enter_mprotect
sys_enter_mmap
sys_enter_mmap
sys_enter_close
sys_enter_munmap
sys_enter_sched_getaffinity
sys_enter_mmap
sys_enter_munmap
sys_enter_mmap
sys_enter_mmap
sys_enter_mmap
sys_enter_mmap
sys_enter_mmap
sys_enter_mmap
sys_enter_rt_sigprocmask
sys_enter_sigaltstack
sys_enter_sigaltstack
sys_enter_gettid
sys_enter_rt_sigprocmask
sys_enter_rt_sigaction
sys_enter_rt_sigaction
sys_enter_rt_sigaction
sys_enter_rt_sigaction
sys_enter_rt_sigaction
sys_enter_rt_sigaction
sys_enter_rt_sigaction
sys_enter_rt_sigaction
sys_enter_rt_sigaction
sys_enter_rt_sigaction
sys_enter_rt_sigaction
sys_enter_rt_sigaction
sys_enter_rt_sigaction
sys_enter_rt_sigaction
sys_enter_rt_sigaction
sys_enter_rt_sigaction
sys_enter_rt_sigaction
sys_enter_rt_sigaction
sys_enter_rt_sigaction
sys_enter_rt_sigaction
sys_enter_rt_sigaction
sys_enter_rt_sigaction
sys_enter_rt_sigaction
sys_enter_rt_sigaction
sys_enter_rt_sigaction
sys_enter_rt_sigaction
sys_enter_rt_sigaction
sys_enter_rt_sigaction
sys_enter_rt_sigaction
sys_enter_rt_sigaction
sys_enter_rt_sigaction
sys_enter_rt_sigaction
sys_enter_rt_sigaction
sys_enter_rt_sigaction
sys_enter_rt_sigaction
sys_enter_rt_sigaction
sys_enter_rt_sigaction
sys_enter_rt_sigaction
sys_enter_rt_sigaction
sys_enter_rt_sigaction
sys_enter_rt_sigaction
sys_enter_rt_sigaction
sys_enter_rt_sigaction
sys_enter_rt_sigaction
sys_enter_rt_sigaction
sys_enter_rt_sigaction
sys_enter_rt_sigaction
sys_enter_rt_sigaction
sys_enter_rt_sigaction
sys_enter_rt_sigaction
sys_enter_rt_sigaction
sys_enter_rt_sigaction
sys_enter_rt_sigaction
sys_enter_rt_sigaction
sys_enter_rt_sigaction
sys_enter_rt_sigaction
sys_enter_rt_sigaction
sys_enter_rt_sigaction
sys_enter_rt_sigaction
sys_enter_rt_sigaction
sys_enter_rt_sigaction
sys_enter_rt_sigaction
sys_enter_rt_sigaction
sys_enter_rt_sigaction
sys_enter_rt_sigaction
sys_enter_rt_sigaction
sys_enter_rt_sigaction
sys_enter_rt_sigaction
sys_enter_rt_sigaction
sys_enter_rt_sigaction
sys_enter_rt_sigaction
sys_enter_rt_sigaction
sys_enter_rt_sigaction
sys_enter_rt_sigaction
sys_enter_rt_sigaction
sys_enter_rt_sigaction
sys_enter_rt_sigaction
sys_enter_rt_sigaction
sys_enter_rt_sigaction
sys_enter_rt_sigaction
sys_enter_rt_sigaction
sys_enter_rt_sigaction
sys_enter_rt_sigaction
sys_enter_rt_sigaction
sys_enter_rt_sigaction
sys_enter_rt_sigaction
sys_enter_rt_sigaction
sys_enter_rt_sigaction
sys_enter_rt_sigaction
sys_enter_rt_sigaction
sys_enter_rt_sigaction
sys_enter_rt_sigaction
sys_enter_rt_sigaction
sys_enter_rt_sigaction
sys_enter_rt_sigaction
sys_enter_rt_sigaction
sys_enter_rt_sigaction
sys_enter_rt_sigaction
sys_enter_rt_sigaction
sys_enter_rt_sigaction
sys_enter_rt_sigaction
sys_enter_rt_sigaction
sys_enter_rt_sigaction
sys_enter_rt_sigaction
sys_enter_rt_sigaction
sys_enter_rt_sigaction
sys_enter_rt_sigaction
sys_enter_rt_sigaction
sys_enter_rt_sigaction
sys_enter_rt_sigaction
sys_enter_rt_sigaction
sys_enter_rt_sigaction
sys_enter_rt_sigaction
sys_enter_rt_sigaction
sys_enter_rt_sigprocmask
sys_enter_clone
sys_enter_rt_sigprocmask
sys_enter_gettid
sys_enter_sigaltstack
sys_enter_sigaltstack
sys_enter_gettid
sys_enter_rt_sigprocmask
sys_enter_rt_sigprocmask
sys_enter_clone
sys_enter_rt_sigprocmask
sys_enter_gettid
sys_enter_sigaltstack
sys_enter_sigaltstack
sys_enter_gettid
sys_enter_rt_sigprocmask
sys_enter_rt_sigprocmask
sys_enter_clone
sys_enter_rt_sigprocmask
sys_enter_clone
sys_enter_rt_sigprocmask
sys_enter_rt_sigprocmask
sys_enter_futex
sys_enter_gettid
sys_enter_sigaltstack
sys_enter_sigaltstack
sys_enter_gettid
sys_enter_rt_sigprocmask
sys_enter_futex
sys_enter_futex
sys_enter_futex
sys_enter_gettid
sys_enter_sigaltstack
sys_enter_sigaltstack
sys_enter_gettid
sys_enter_rt_sigprocmask
sys_enter_futex
sys_enter_futex
sys_enter_mmap
sys_enter_futex
sys_enter_futex
sys_enter_futex
sys_enter_openat
sys_enter_read
sys_enter_read
sys_enter_close
sys_enter_socket
sys_enter_close
sys_enter_socket
sys_enter_setsockopt
sys_enter_bind
sys_enter_socket
sys_enter_setsockopt
sys_enter_bind
sys_enter_close
sys_enter_close
sys_enter_getpid
sys_enter_getppid
sys_enter_mmap
sys_enter_mmap
sys_enter_getppid
sys_enter_openat
sys_enter_pipe2
sys_enter_getpid
sys_enter_clone
sys_enter_setsid
sys_enter_close
sys_enter_read
sys_enter_chdir
sys_enter_execve
sys_enter_close
sys_enter_exit_group
sys_enter_mmap
sys_enter_mmap
sys_enter_mprotect
sys_enter_mmap
sys_enter_mmap
sys_enter_mprotect
sys_enter_mmap
sys_enter_mprotect
sys_enter_mmap
sys_enter_mprotect
sys_enter_mmap
sys_enter_mmap
sys_enter_close
sys_enter_munmap
sys_enter_sched_getaffinity
sys_enter_mmap
sys_enter_munmap
sys_enter_mmap
sys_enter_mmap
sys_enter_mmap
sys_enter_mmap
sys_enter_mmap
sys_enter_mmap
sys_enter_rt_sigprocmask
sys_enter_sigaltstack
sys_enter_sigaltstack
sys_enter_gettid
sys_enter_rt_sigprocmask
sys_enter_rt_sigaction
sys_enter_rt_sigaction
sys_enter_rt_sigaction
sys_enter_rt_sigaction
sys_enter_rt_sigaction
sys_enter_rt_sigaction
sys_enter_rt_sigaction
sys_enter_rt_sigaction
sys_enter_rt_sigaction
sys_enter_rt_sigaction
sys_enter_rt_sigaction
sys_enter_rt_sigaction
sys_enter_rt_sigaction
sys_enter_rt_sigaction
sys_enter_rt_sigaction
sys_enter_rt_sigaction
sys_enter_rt_sigaction
sys_enter_rt_sigaction
sys_enter_rt_sigaction
sys_enter_rt_sigaction
sys_enter_rt_sigaction
sys_enter_rt_sigaction
sys_enter_rt_sigaction
sys_enter_rt_sigaction
sys_enter_rt_sigaction
sys_enter_rt_sigaction
sys_enter_rt_sigaction
sys_enter_rt_sigaction
sys_enter_rt_sigaction
sys_enter_rt_sigaction
sys_enter_rt_sigaction
sys_enter_rt_sigaction
sys_enter_rt_sigaction
sys_enter_rt_sigaction
sys_enter_rt_sigaction
sys_enter_rt_sigaction
sys_enter_rt_sigaction
sys_enter_rt_sigaction
sys_enter_rt_sigaction
sys_enter_rt_sigaction
sys_enter_rt_sigaction
sys_enter_rt_sigaction
sys_enter_rt_sigaction
sys_enter_rt_sigaction
sys_enter_rt_sigaction
sys_enter_rt_sigaction
sys_enter_rt_sigaction
sys_enter_rt_sigaction
sys_enter_rt_sigaction
sys_enter_rt_sigaction
sys_enter_rt_sigaction
sys_enter_rt_sigaction
sys_enter_rt_sigaction
sys_enter_rt_sigaction
sys_enter_rt_sigaction
sys_enter_rt_sigaction
sys_enter_rt_sigaction
sys_enter_rt_sigaction
sys_enter_rt_sigaction
sys_enter_rt_sigaction
sys_enter_rt_sigaction
sys_enter_rt_sigaction
sys_enter_rt_sigaction
sys_enter_rt_sigaction
sys_enter_rt_sigaction
sys_enter_rt_sigaction
sys_enter_rt_sigaction
sys_enter_rt_sigaction
sys_enter_rt_sigaction
sys_enter_rt_sigaction
sys_enter_rt_sigaction
sys_enter_rt_sigaction
sys_enter_rt_sigaction
sys_enter_rt_sigaction
sys_enter_rt_sigaction
sys_enter_rt_sigaction
sys_enter_rt_sigaction
sys_enter_rt_sigaction
sys_enter_rt_sigaction
sys_enter_rt_sigaction
sys_enter_rt_sigaction
sys_enter_rt_sigaction
sys_enter_rt_sigaction
sys_enter_rt_sigaction
sys_enter_rt_sigaction
sys_enter_rt_sigaction
sys_enter_rt_sigaction
sys_enter_rt_sigaction
sys_enter_rt_sigaction
sys_enter_rt_sigaction
sys_enter_rt_sigaction
sys_enter_rt_sigaction
sys_enter_rt_sigaction
sys_enter_rt_sigaction
sys_enter_rt_sigaction
sys_enter_rt_sigaction
sys_enter_rt_sigaction
sys_enter_rt_sigaction
sys_enter_rt_sigaction
sys_enter_rt_sigaction
sys_enter_rt_sigaction
sys_enter_rt_sigaction
sys_enter_rt_sigaction
sys_enter_rt_sigaction
sys_enter_rt_sigaction
sys_enter_rt_sigaction
sys_enter_rt_sigaction
sys_enter_rt_sigaction
sys_enter_rt_sigaction
sys_enter_rt_sigaction
sys_enter_rt_sigaction
sys_enter_rt_sigaction
sys_enter_rt_sigaction
sys_enter_rt_sigaction
sys_enter_rt_sigprocmask
sys_enter_clone
sys_enter_rt_sigprocmask
sys_enter_gettid
sys_enter_sigaltstack
sys_enter_sigaltstack
sys_enter_gettid
sys_enter_rt_sigprocmask
sys_enter_rt_sigprocmask
sys_enter_clone
sys_enter_rt_sigprocmask
sys_enter_gettid
sys_enter_sigaltstack
sys_enter_sigaltstack
sys_enter_gettid
sys_enter_rt_sigprocmask
sys_enter_rt_sigprocmask
sys_enter_clone
sys_enter_rt_sigprocmask
sys_enter_futex
sys_enter_gettid
sys_enter_sigaltstack
sys_enter_sigaltstack
sys_enter_gettid
sys_enter_rt_sigprocmask
sys_enter_futex
sys_enter_rt_sigprocmask
sys_enter_clone
sys_enter_rt_sigprocmask
sys_enter_futex
sys_enter_futex
sys_enter_gettid
sys_enter_sigaltstack
sys_enter_sigaltstack
sys_enter_gettid
sys_enter_rt_sigprocmask
sys_enter_futex
sys_enter_futex
sys_enter_mmap
sys_enter_futex
sys_enter_futex
sys_enter_futex
sys_enter_openat
sys_enter_read
sys_enter_read
sys_enter_close
sys_enter_socket
sys_enter_close
sys_enter_socket
sys_enter_setsockopt
sys_enter_bind
sys_enter_socket
sys_enter_setsockopt
sys_enter_bind
sys_enter_close
sys_enter_close
sys_enter_getpid
sys_enter_getppid
sys_enter_mmap
sys_enter_mmap
sys_enter_getppid
sys_enter_openat
sys_enter_pipe2
sys_enter_getpid
sys_enter_clone
sys_enter_setsid
sys_enter_close
sys_enter_read
sys_enter_chdir
sys_enter_execve
sys_enter_close
sys_enter_exit_group
sys_enter_mmap
sys_enter_mmap
sys_enter_mprotect
sys_enter_mmap
sys_enter_mmap
sys_enter_mprotect
sys_enter_mmap
sys_enter_mprotect
sys_enter_mmap
sys_enter_mprotect
sys_enter_mmap
sys_enter_mmap
sys_enter_close
sys_enter_munmap
sys_enter_sched_getaffinity
sys_enter_mmap
sys_enter_munmap
sys_enter_mmap
sys_enter_mmap
sys_enter_mmap
sys_enter_mmap
sys_enter_mmap
sys_enter_mmap
sys_enter_rt_sigprocmask
sys_enter_sigaltstack
sys_enter_sigaltstack
sys_enter_gettid
sys_enter_rt_sigprocmask
sys_enter_rt_sigaction
sys_enter_rt_sigaction
sys_enter_rt_sigaction
sys_enter_rt_sigaction
sys_enter_rt_sigaction
sys_enter_rt_sigaction
sys_enter_rt_sigaction
sys_enter_rt_sigaction
sys_enter_rt_sigaction
sys_enter_rt_sigaction
sys_enter_rt_sigaction
sys_enter_rt_sigaction
sys_enter_rt_sigaction
sys_enter_rt_sigaction
sys_enter_rt_sigaction
sys_enter_rt_sigaction
sys_enter_rt_sigaction
sys_enter_rt_sigaction
sys_enter_rt_sigaction
sys_enter_rt_sigaction
sys_enter_rt_sigaction
sys_enter_rt_sigaction
sys_enter_rt_sigaction
sys_enter_rt_sigaction
sys_enter_rt_sigaction
sys_enter_rt_sigaction
sys_enter_rt_sigaction
sys_enter_rt_sigaction
sys_enter_rt_sigaction
sys_enter_rt_sigaction
sys_enter_rt_sigaction
sys_enter_rt_sigaction
sys_enter_rt_sigaction
sys_enter_rt_sigaction
sys_enter_rt_sigaction
sys_enter_rt_sigaction
sys_enter_rt_sigaction
sys_enter_rt_sigaction
sys_enter_rt_sigaction
sys_enter_rt_sigaction
sys_enter_rt_sigaction
sys_enter_rt_sigaction
sys_enter_rt_sigaction
sys_enter_rt_sigaction
sys_enter_rt_sigaction
sys_enter_rt_sigaction
sys_enter_rt_sigaction
sys_enter_rt_sigaction
sys_enter_rt_sigaction
sys_enter_rt_sigaction
sys_enter_rt_sigaction
sys_enter_rt_sigaction
sys_enter_rt_sigaction
sys_enter_rt_sigaction
sys_enter_rt_sigaction
sys_enter_rt_sigaction
sys_enter_rt_sigaction
sys_enter_rt_sigaction
sys_enter_rt_sigaction
sys_enter_rt_sigaction
sys_enter_rt_sigaction
sys_enter_rt_sigaction
sys_enter_rt_sigaction
sys_enter_rt_sigaction
sys_enter_rt_sigaction
sys_enter_rt_sigaction
sys_enter_rt_sigaction
sys_enter_rt_sigaction
sys_enter_rt_sigaction
sys_enter_rt_sigaction
sys_enter_rt_sigaction
sys_enter_rt_sigaction
sys_enter_rt_sigaction
sys_enter_rt_sigaction
sys_enter_rt_sigaction
sys_enter_rt_sigaction
sys_enter_rt_sigaction
sys_enter_rt_sigaction
sys_enter_rt_sigaction
sys_enter_rt_sigaction
sys_enter_rt_sigaction
sys_enter_rt_sigaction
sys_enter_rt_sigaction
sys_enter_rt_sigaction
sys_enter_rt_sigaction
sys_enter_rt_sigaction
sys_enter_rt_sigaction
sys_enter_rt_sigaction
sys_enter_rt_sigaction
sys_enter_rt_sigaction
sys_enter_rt_sigaction
sys_enter_rt_sigaction
sys_enter_rt_sigaction
sys_enter_rt_sigaction
sys_enter_rt_sigaction
sys_enter_rt_sigaction
sys_enter_rt_sigaction
sys_enter_rt_sigaction
sys_enter_rt_sigaction
sys_enter_rt_sigaction
sys_enter_rt_sigaction
sys_enter_rt_sigaction
sys_enter_rt_sigaction
sys_enter_rt_sigaction
sys_enter_rt_sigaction
sys_enter_rt_sigaction
sys_enter_rt_sigaction
sys_enter_rt_sigaction
sys_enter_rt_sigaction
sys_enter_rt_sigaction
sys_enter_rt_sigaction
sys_enter_rt_sigaction
sys_enter_rt_sigaction
sys_enter_rt_sigaction
sys_enter_rt_sigprocmask
sys_enter_clone
sys_enter_rt_sigprocmask
sys_enter_gettid
sys_enter_sigaltstack
sys_enter_sigaltstack
sys_enter_gettid
sys_enter_rt_sigprocmask
sys_enter_rt_sigprocmask
sys_enter_clone
sys_enter_rt_sigprocmask
sys_enter_gettid
sys_enter_rt_sigprocmask
sys_enter_clone
sys_enter_rt_sigprocmask
sys_enter_futex
sys_enter_sigaltstack
sys_enter_sigaltstack
sys_enter_gettid
sys_enter_rt_sigprocmask
sys_enter_rt_sigprocmask
sys_enter_gettid
sys_enter_clone
sys_enter_sigaltstack
sys_enter_sigaltstack
sys_enter_gettid
sys_enter_rt_sigprocmask
sys_enter_futex
sys_enter_futex
sys_enter_rt_sigprocmask
sys_enter_futex
sys_enter_gettid
sys_enter_sigaltstack
sys_enter_sigaltstack
sys_enter_gettid
sys_enter_rt_sigprocmask
sys_enter_futex
sys_enter_futex
sys_enter_mmap
sys_enter_futex
sys_enter_futex
sys_enter_futex
sys_enter_openat
sys_enter_read
sys_enter_read
sys_enter_close
sys_enter_socket
sys_enter_close
sys_enter_socket
sys_enter_setsockopt
sys_enter_bind
sys_enter_socket
sys_enter_setsockopt
sys_enter_bind
sys_enter_close
sys_enter_close
sys_enter_getpid
sys_enter_getppid
sys_enter_mmap
sys_enter_mmap
sys_enter_getppid
sys_enter_openat
sys_enter_pipe2
sys_enter_getpid
sys_enter_clone
sys_enter_setsid
sys_enter_close
sys_enter_read
sys_enter_chdir
sys_enter_execve
sys_enter_close
sys_enter_exit_group
sys_enter_mmap
sys_enter_mmap
sys_enter_mprotect
sys_enter_mmap
sys_enter_mmap
sys_enter_mprotect
sys_enter_mmap
sys_enter_mprotect
sys_enter_mmap
sys_enter_mprotect
sys_enter_mmap
sys_enter_mmap
sys_enter_close
sys_enter_munmap
sys_enter_sched_getaffinity
sys_enter_mmap
sys_enter_munmap
sys_enter_mmap
sys_enter_mmap
sys_enter_mmap
sys_enter_mmap
sys_enter_mmap
sys_enter_mmap
sys_enter_rt_sigprocmask
sys_enter_sigaltstack
sys_enter_sigaltstack
sys_enter_gettid
sys_enter_rt_sigprocmask
sys_enter_rt_sigaction
sys_enter_rt_sigaction
sys_enter_rt_sigaction
sys_enter_rt_sigaction
sys_enter_rt_sigaction
sys_enter_rt_sigaction
sys_enter_rt_sigaction
sys_enter_rt_sigaction
sys_enter_rt_sigaction
sys_enter_rt_sigaction
sys_enter_rt_sigaction
sys_enter_rt_sigaction
sys_enter_rt_sigaction
sys_enter_rt_sigaction
sys_enter_rt_sigaction
sys_enter_rt_sigaction
sys_enter_rt_sigaction
sys_enter_rt_sigaction
sys_enter_rt_sigaction
sys_enter_rt_sigaction
sys_enter_rt_sigaction
sys_enter_rt_sigaction
sys_enter_rt_sigaction
sys_enter_rt_sigaction
sys_enter_rt_sigaction
sys_enter_rt_sigaction
sys_enter_rt_sigaction
sys_enter_rt_sigaction
sys_enter_rt_sigaction
sys_enter_rt_sigaction
sys_enter_rt_sigaction
sys_enter_rt_sigaction
sys_enter_rt_sigaction
sys_enter_rt_sigaction
sys_enter_rt_sigaction
sys_enter_rt_sigaction
sys_enter_rt_sigaction
sys_enter_rt_sigaction
sys_enter_rt_sigaction
sys_enter_rt_sigaction
sys_enter_rt_sigaction
sys_enter_rt_sigaction
sys_enter_rt_sigaction
sys_enter_rt_sigaction
sys_enter_rt_sigaction
sys_enter_rt_sigaction
sys_enter_rt_sigaction
sys_enter_rt_sigaction
sys_enter_rt_sigaction
sys_enter_rt_sigaction
sys_enter_rt_sigaction
sys_enter_rt_sigaction
sys_enter_rt_sigaction
sys_enter_rt_sigaction
sys_enter_rt_sigaction
sys_enter_rt_sigaction
sys_enter_rt_sigaction
sys_enter_rt_sigaction
sys_enter_rt_sigaction
sys_enter_rt_sigaction
sys_enter_rt_sigaction
sys_enter_rt_sigaction
sys_enter_rt_sigaction
sys_enter_rt_sigaction
sys_enter_rt_sigaction
sys_enter_rt_sigaction
sys_enter_rt_sigaction
sys_enter_rt_sigaction
sys_enter_rt_sigaction
sys_enter_rt_sigaction
sys_enter_rt_sigaction
sys_enter_rt_sigaction
sys_enter_rt_sigaction
sys_enter_rt_sigaction
sys_enter_rt_sigaction
sys_enter_rt_sigaction
sys_enter_rt_sigaction
sys_enter_rt_sigaction
sys_enter_rt_sigaction
sys_enter_rt_sigaction
sys_enter_rt_sigaction
sys_enter_rt_sigaction
sys_enter_rt_sigaction
sys_enter_rt_sigaction
sys_enter_rt_sigaction
sys_enter_rt_sigaction
sys_enter_rt_sigaction
sys_enter_rt_sigaction
sys_enter_rt_sigaction
sys_enter_rt_sigaction
sys_enter_rt_sigaction
sys_enter_rt_sigaction
sys_enter_rt_sigaction
sys_enter_rt_sigaction
sys_enter_rt_sigaction
sys_enter_rt_sigaction
sys_enter_rt_sigaction
sys_enter_rt_sigaction
sys_enter_rt_sigaction
sys_enter_rt_sigaction
sys_enter_rt_sigaction
sys_enter_rt_sigaction
sys_enter_rt_sigaction
sys_enter_rt_sigaction
sys_enter_rt_sigaction
sys_enter_rt_sigaction
sys_enter_rt_sigaction
sys_enter_rt_sigaction
sys_enter_rt_sigaction
sys_enter_rt_sigaction
sys_enter_rt_sigaction
sys_enter_rt_sigaction
sys_enter_rt_sigaction
sys_enter_rt_sigaction
sys_enter_rt_sigprocmask
sys_enter_clone
sys_enter_rt_sigprocmask
sys_enter_rt_sigprocmask
sys_enter_clone
sys_enter_rt_sigprocmask
sys_enter_rt_sigprocmask
sys_enter_clone
sys_enter_rt_sigprocmask
sys_enter_futex
sys_enter_gettid
sys_enter_sigaltstack
sys_enter_sigaltstack
sys_enter_gettid
sys_enter_rt_sigprocmask
sys_enter_futex
sys_enter_gettid
sys_enter_sigaltstack
sys_enter_sigaltstack
sys_enter_gettid
sys_enter_rt_sigprocmask
sys_enter_rt_sigprocmask
sys_enter_clone
sys_enter_rt_sigprocmask
sys_enter_futex
sys_enter_gettid
sys_enter_sigaltstack
sys_enter_sigaltstack
sys_enter_gettid
sys_enter_rt_sigprocmask
sys_enter_futex
sys_enter_futex
sys_enter_gettid
sys_enter_mmap
sys_enter_sigaltstack
sys_enter_sigaltstack
sys_enter_gettid
sys_enter_rt_sigprocmask
sys_enter_futex
sys_enter_futex
sys_enter_futex
sys_enter_futex
sys_enter_openat
sys_enter_futex
sys_enter_futex
sys_enter_read
sys_enter_read
sys_enter_close
sys_enter_socket
sys_enter_close
sys_enter_socket
sys_enter_setsockopt
sys_enter_bind
sys_enter_socket
sys_enter_setsockopt
sys_enter_bind
sys_enter_close
sys_enter_close
sys_enter_mmap
sys_enter_getpid
sys_enter_getppid
sys_enter_mmap
sys_enter_mmap
sys_enter_getppid
sys_enter_openat
sys_enter_pipe2
sys_enter_getpid
sys_enter_clone
sys_enter_setsid
sys_enter_close
sys_enter_read
sys_enter_chdir
sys_enter_execve
sys_enter_close
sys_enter_exit_group
sys_enter_mmap
sys_enter_mmap
sys_enter_mprotect
sys_enter_mmap
sys_enter_mmap
sys_enter_mprotect
sys_enter_mmap
sys_enter_mprotect
sys_enter_mmap
sys_enter_mprotect
sys_enter_mmap
sys_enter_mmap
sys_enter_close
sys_enter_munmap
sys_enter_sched_getaffinity
sys_enter_mmap
sys_enter_munmap
sys_enter_mmap
sys_enter_mmap
sys_enter_mmap
sys_enter_mmap
sys_enter_mmap
sys_enter_mmap
sys_enter_rt_sigprocmask
sys_enter_sigaltstack
sys_enter_sigaltstack
sys_enter_gettid
sys_enter_rt_sigprocmask
sys_enter_rt_sigaction
sys_enter_rt_sigaction
sys_enter_rt_sigaction
sys_enter_rt_sigaction
sys_enter_rt_sigaction
sys_enter_rt_sigaction
sys_enter_rt_sigaction
sys_enter_rt_sigaction
sys_enter_rt_sigaction
sys_enter_rt_sigaction
sys_enter_rt_sigaction
sys_enter_rt_sigaction
sys_enter_rt_sigaction
sys_enter_rt_sigaction
sys_enter_rt_sigaction
sys_enter_rt_sigaction
sys_enter_rt_sigaction
sys_enter_rt_sigaction
sys_enter_rt_sigaction
sys_enter_rt_sigaction
sys_enter_rt_sigaction
sys_enter_rt_sigaction
sys_enter_rt_sigaction
sys_enter_rt_sigaction
sys_enter_rt_sigaction
sys_enter_rt_sigaction
sys_enter_rt_sigaction
sys_enter_rt_sigaction
sys_enter_rt_sigaction
sys_enter_rt_sigaction
sys_enter_rt_sigaction
sys_enter_rt_sigaction
sys_enter_rt_sigaction
sys_enter_rt_sigaction
sys_enter_rt_sigaction
sys_enter_rt_sigaction
sys_enter_rt_sigaction
sys_enter_rt_sigaction
sys_enter_rt_sigaction
sys_enter_rt_sigaction
sys_enter_rt_sigaction
sys_enter_rt_sigaction
sys_enter_rt_sigaction
sys_enter_rt_sigaction
sys_enter_rt_sigaction
sys_enter_rt_sigaction
sys_enter_rt_sigaction
sys_enter_rt_sigaction
sys_enter_rt_sigaction
sys_enter_rt_sigaction
sys_enter_rt_sigaction
sys_enter_rt_sigaction
sys_enter_rt_sigaction
sys_enter_rt_sigaction
sys_enter_rt_sigaction
sys_enter_rt_sigaction
sys_enter_rt_sigaction
sys_enter_rt_sigaction
sys_enter_rt_sigaction
sys_enter_rt_sigaction
sys_enter_rt_sigaction
sys_enter_rt_sigaction
sys_enter_rt_sigaction
sys_enter_rt_sigaction
sys_enter_rt_sigaction
sys_enter_rt_sigaction
sys_enter_rt_sigaction
sys_enter_rt_sigaction
sys_enter_rt_sigaction
sys_enter_rt_sigaction
sys_enter_rt_sigaction
sys_enter_rt_sigaction
sys_enter_rt_sigaction
sys_enter_rt_sigaction
sys_enter_rt_sigaction
sys_enter_rt_sigaction
sys_enter_rt_sigaction
sys_enter_rt_sigaction
sys_enter_rt_sigaction
sys_enter_rt_sigaction
sys_enter_rt_sigaction
sys_enter_rt_sigaction
sys_enter_rt_sigaction
sys_enter_rt_sigaction
sys_enter_rt_sigaction
sys_enter_rt_sigaction
sys_enter_rt_sigaction
sys_enter_rt_sigaction
sys_enter_rt_sigaction
sys_enter_rt_sigaction
sys_enter_rt_sigaction
sys_enter_rt_sigaction
sys_enter_rt_sigaction
sys_enter_rt_sigaction
sys_enter_rt_sigaction
sys_enter_rt_sigaction
sys_enter_rt_sigaction
sys_enter_rt_sigaction
sys_enter_rt_sigaction
sys_enter_rt_sigaction
sys_enter_rt_sigaction
sys_enter_rt_sigaction
sys_enter_rt_sigaction
sys_enter_rt_sigaction
sys_enter_rt_sigaction
sys_enter_rt_sigaction
sys_enter_rt_sigaction
sys_enter_rt_sigaction
sys_enter_rt_sigaction
sys_enter_rt_sigaction
sys_enter_rt_sigaction
sys_enter_rt_sigaction
sys_enter_rt_sigaction
sys_enter_rt_sigaction
sys_enter_rt_sigprocmask
sys_enter_clone
sys_enter_rt_sigprocmask
sys_enter_gettid
sys_enter_sigaltstack
sys_enter_sigaltstack
sys_enter_gettid
sys_enter_rt_sigprocmask
sys_enter_rt_sigprocmask
sys_enter_clone
sys_enter_rt_sigprocmask
sys_enter_gettid
sys_enter_sigaltstack
sys_enter_sigaltstack
sys_enter_gettid
sys_enter_rt_sigprocmask
sys_enter_rt_sigprocmask
sys_enter_clone
sys_enter_rt_sigprocmask
sys_enter_sched_yield
sys_enter_futex
sys_enter_futex
sys_enter_gettid
sys_enter_sigaltstack
sys_enter_sigaltstack
sys_enter_gettid
sys_enter_rt_sigprocmask
sys_enter_futex
sys_enter_futex
sys_enter_rt_sigprocmask
sys_enter_clone
sys_enter_rt_sigprocmask
sys_enter_futex
sys_enter_gettid
sys_enter_sigaltstack
sys_enter_sigaltstack
sys_enter_gettid
sys_enter_rt_sigprocmask
sys_enter_futex
sys_enter_futex
sys_enter_mmap
sys_enter_futex
sys_enter_futex
sys_enter_futex
sys_enter_openat
sys_enter_read
sys_enter_read
sys_enter_close
sys_enter_socket
sys_enter_close
sys_enter_socket
sys_enter_setsockopt
sys_enter_bind
sys_enter_socket
sys_enter_setsockopt
sys_enter_bind
sys_enter_close
sys_enter_close
sys_enter_getpid
sys_enter_getppid
sys_enter_mmap
sys_enter_mmap
sys_enter_getppid
sys_enter_openat
sys_enter_pipe2
sys_enter_getpid
sys_enter_clone
sys_enter_setsid
sys_enter_close
sys_enter_read
sys_enter_chdir
sys_enter_execve
sys_enter_close
sys_enter_mmap
sys_enter_mmap
sys_enter_exit_group
sys_enter_mprotect
sys_enter_mmap
sys_enter_mmap
sys_enter_mprotect
sys_enter_mmap
sys_enter_mprotect
sys_enter_mmap
sys_enter_mprotect
sys_enter_mmap
sys_enter_mmap
sys_enter_close
sys_enter_munmap
sys_enter_sched_getaffinity
sys_enter_mmap
sys_enter_munmap
sys_enter_mmap
sys_enter_mmap
sys_enter_mmap
sys_enter_mmap
sys_enter_mmap
sys_enter_mmap
sys_enter_rt_sigprocmask
sys_enter_sigaltstack
sys_enter_sigaltstack
sys_enter_gettid
sys_enter_rt_sigprocmask
sys_enter_rt_sigaction
sys_enter_rt_sigaction
sys_enter_rt_sigaction
sys_enter_rt_sigaction
sys_enter_rt_sigaction
sys_enter_rt_sigaction
sys_enter_rt_sigaction
sys_enter_rt_sigaction
sys_enter_rt_sigaction
sys_enter_rt_sigaction
sys_enter_rt_sigaction
sys_enter_rt_sigaction
sys_enter_rt_sigaction
sys_enter_rt_sigaction
sys_enter_rt_sigaction
sys_enter_rt_sigaction
sys_enter_rt_sigaction
sys_enter_rt_sigaction
sys_enter_rt_sigaction
sys_enter_rt_sigaction
sys_enter_rt_sigaction
sys_enter_rt_sigaction
sys_enter_rt_sigaction
sys_enter_rt_sigaction
sys_enter_rt_sigaction
sys_enter_rt_sigaction
sys_enter_rt_sigaction
sys_enter_rt_sigaction
sys_enter_rt_sigaction
sys_enter_rt_sigaction
sys_enter_rt_sigaction
sys_enter_rt_sigaction
sys_enter_rt_sigaction
sys_enter_rt_sigaction
sys_enter_rt_sigaction
sys_enter_rt_sigaction
sys_enter_rt_sigaction
sys_enter_rt_sigaction
sys_enter_rt_sigaction
sys_enter_rt_sigaction
sys_enter_rt_sigaction
sys_enter_rt_sigaction
sys_enter_rt_sigaction
sys_enter_rt_sigaction
sys_enter_rt_sigaction
sys_enter_rt_sigaction
sys_enter_rt_sigaction
sys_enter_rt_sigaction
sys_enter_rt_sigaction
sys_enter_rt_sigaction
sys_enter_rt_sigaction
sys_enter_rt_sigaction
sys_enter_rt_sigaction
sys_enter_rt_sigaction
sys_enter_rt_sigaction
sys_enter_rt_sigaction
sys_enter_rt_sigaction
sys_enter_rt_sigaction
sys_enter_rt_sigaction
sys_enter_rt_sigaction
sys_enter_rt_sigaction
sys_enter_rt_sigaction
sys_enter_rt_sigaction
sys_enter_rt_sigaction
sys_enter_rt_sigaction
sys_enter_rt_sigaction
sys_enter_rt_sigaction
sys_enter_rt_sigaction
sys_enter_rt_sigaction
sys_enter_rt_sigaction
sys_enter_rt_sigaction
sys_enter_rt_sigaction
sys_enter_rt_sigaction
sys_enter_rt_sigaction
sys_enter_rt_sigaction
sys_enter_rt_sigaction
sys_enter_rt_sigaction
sys_enter_rt_sigaction
sys_enter_rt_sigaction
sys_enter_rt_sigaction
sys_enter_rt_sigaction
sys_enter_rt_sigaction
sys_enter_rt_sigaction
sys_enter_rt_sigaction
sys_enter_rt_sigaction
sys_enter_rt_sigaction
sys_enter_rt_sigaction
sys_enter_rt_sigaction
sys_enter_rt_sigaction
sys_enter_rt_sigaction
sys_enter_rt_sigaction
sys_enter_rt_sigaction
sys_enter_rt_sigaction
sys_enter_rt_sigaction
sys_enter_rt_sigaction
sys_enter_rt_sigaction
sys_enter_rt_sigaction
sys_enter_rt_sigaction
sys_enter_rt_sigaction
sys_enter_rt_sigaction
sys_enter_rt_sigaction
sys_enter_rt_sigaction
sys_enter_rt_sigaction
sys_enter_rt_sigaction
sys_enter_rt_sigaction
sys_enter_rt_sigaction
sys_enter_rt_sigaction
sys_enter_rt_sigaction
sys_enter_rt_sigaction
sys_enter_rt_sigaction
sys_enter_rt_sigaction
sys_enter_rt_sigaction
sys_enter_rt_sigaction
sys_enter_rt_sigaction
sys_enter_rt_sigprocmask
sys_enter_clone
sys_enter_rt_sigprocmask
sys_enter_gettid
sys_enter_sigaltstack
sys_enter_sigaltstack
sys_enter_gettid
sys_enter_rt_sigprocmask
sys_enter_rt_sigprocmask
sys_enter_clone
sys_enter_rt_sigprocmask
sys_enter_gettid
sys_enter_rt_sigprocmask
sys_enter_clone
sys_enter_sigaltstack
sys_enter_sigaltstack
sys_enter_gettid
sys_enter_rt_sigprocmask
sys_enter_rt_sigprocmask
sys_enter_futex
sys_enter_gettid
sys_enter_sigaltstack
sys_enter_sigaltstack
sys_enter_gettid
sys_enter_rt_sigprocmask
sys_enter_futex
sys_enter_futex
sys_enter_rt_sigprocmask
sys_enter_clone
sys_enter_rt_sigprocmask
sys_enter_futex
sys_enter_gettid
sys_enter_sigaltstack
sys_enter_sigaltstack
sys_enter_gettid
sys_enter_rt_sigprocmask
sys_enter_futex
sys_enter_futex
sys_enter_mmap
sys_enter_futex
sys_enter_futex
sys_enter_futex
sys_enter_openat
sys_enter_read
sys_enter_read
sys_enter_close
sys_enter_socket
sys_enter_close
sys_enter_socket
sys_enter_setsockopt
sys_enter_bind
sys_enter_socket
sys_enter_setsockopt
sys_enter_bind
sys_enter_close
sys_enter_close
sys_enter_getpid
sys_enter_getppid
sys_enter_mmap
sys_enter_mmap
sys_enter_getppid
sys_enter_openat
sys_enter_pipe2
sys_enter_getpid
sys_enter_clone
sys_enter_setsid
sys_enter_close
sys_enter_read
sys_enter_chdir
sys_enter_execve
sys_enter_close
sys_enter_mmap
sys_enter_exit_group
sys_enter_mmap
sys_enter_mprotect
sys_enter_mmap
sys_enter_mmap
sys_enter_mprotect
sys_enter_mmap
sys_enter_mprotect
sys_enter_mmap
sys_enter_mprotect
sys_enter_mmap
sys_enter_mmap
sys_enter_close
sys_enter_munmap
sys_enter_sched_getaffinity
sys_enter_mmap
sys_enter_munmap
sys_enter_mmap
sys_enter_mmap
sys_enter_mmap
sys_enter_mmap
sys_enter_mmap
sys_enter_mmap
sys_enter_rt_sigprocmask
sys_enter_sigaltstack
sys_enter_sigaltstack
sys_enter_gettid
sys_enter_rt_sigprocmask
sys_enter_rt_sigaction
sys_enter_rt_sigaction
sys_enter_rt_sigaction
sys_enter_rt_sigaction
sys_enter_rt_sigaction
sys_enter_rt_sigaction
sys_enter_rt_sigaction
sys_enter_rt_sigaction
sys_enter_rt_sigaction
sys_enter_rt_sigaction
sys_enter_rt_sigaction
sys_enter_rt_sigaction
sys_enter_rt_sigaction
sys_enter_rt_sigaction
sys_enter_rt_sigaction
sys_enter_rt_sigaction
sys_enter_rt_sigaction
sys_enter_rt_sigaction
sys_enter_rt_sigaction
sys_enter_rt_sigaction
sys_enter_rt_sigaction
sys_enter_rt_sigaction
sys_enter_rt_sigaction
sys_enter_rt_sigaction
sys_enter_rt_sigaction
sys_enter_rt_sigaction
sys_enter_rt_sigaction
sys_enter_rt_sigaction
sys_enter_rt_sigaction
sys_enter_rt_sigaction
sys_enter_rt_sigaction
sys_enter_rt_sigaction
sys_enter_rt_sigaction
sys_enter_rt_sigaction
sys_enter_rt_sigaction
sys_enter_rt_sigaction
sys_enter_rt_sigaction
sys_enter_rt_sigaction
sys_enter_rt_sigaction
sys_enter_rt_sigaction
sys_enter_rt_sigaction
sys_enter_rt_sigaction
sys_enter_rt_sigaction
sys_enter_rt_sigaction
sys_enter_rt_sigaction
sys_enter_rt_sigaction
sys_enter_rt_sigaction
sys_enter_rt_sigaction
sys_enter_rt_sigaction
sys_enter_rt_sigaction
sys_enter_rt_sigaction
sys_enter_rt_sigaction
sys_enter_rt_sigaction
sys_enter_rt_sigaction
sys_enter_rt_sigaction
sys_enter_rt_sigaction
sys_enter_rt_sigaction
sys_enter_rt_sigaction
sys_enter_rt_sigaction
sys_enter_rt_sigaction
sys_enter_rt_sigaction
sys_enter_rt_sigaction
sys_enter_rt_sigaction
sys_enter_rt_sigaction
sys_enter_rt_sigaction
sys_enter_rt_sigaction
sys_enter_rt_sigaction
sys_enter_rt_sigaction
sys_enter_rt_sigaction
sys_enter_rt_sigaction
sys_enter_rt_sigaction
sys_enter_rt_sigaction
sys_enter_rt_sigaction
sys_enter_rt_sigaction
sys_enter_rt_sigaction
sys_enter_rt_sigaction
sys_enter_rt_sigaction
sys_enter_rt_sigaction
sys_enter_rt_sigaction
sys_enter_rt_sigaction
sys_enter_rt_sigaction
sys_enter_rt_sigaction
sys_enter_rt_sigaction
sys_enter_rt_sigaction
sys_enter_rt_sigaction
sys_enter_rt_sigaction
sys_enter_rt_sigaction
sys_enter_rt_sigaction
sys_enter_rt_sigaction
sys_enter_rt_sigaction
sys_enter_rt_sigaction
sys_enter_rt_sigaction
sys_enter_rt_sigaction
sys_enter_rt_sigaction
sys_enter_rt_sigaction
sys_enter_rt_sigaction
sys_enter_rt_sigaction
sys_enter_rt_sigaction
sys_enter_rt_sigaction
sys_enter_rt_sigaction
sys_enter_rt_sigaction
sys_enter_rt_sigaction
sys_enter_rt_sigaction
sys_enter_rt_sigaction
sys_enter_rt_sigaction
sys_enter_rt_sigaction
sys_enter_rt_sigaction
sys_enter_rt_sigaction
sys_enter_rt_sigaction
sys_enter_rt_sigaction
sys_enter_rt_sigaction
sys_enter_rt_sigaction
sys_enter_rt_sigaction
sys_enter_rt_sigaction
sys_enter_rt_sigprocmask
sys_enter_clone
sys_enter_rt_sigprocmask
sys_enter_gettid
sys_enter_sigaltstack
sys_enter_sigaltstack
sys_enter_gettid
sys_enter_rt_sigprocmask
sys_enter_rt_sigprocmask
sys_enter_clone
sys_enter_rt_sigprocmask
sys_enter_gettid
sys_enter_sigaltstack
sys_enter_sigaltstack
sys_enter_gettid
sys_enter_rt_sigprocmask
sys_enter_clone
sys_enter_rt_sigprocmask
sys_enter_rt_sigprocmask
sys_enter_futex
sys_enter_gettid
sys_enter_sigaltstack
sys_enter_sigaltstack
sys_enter_gettid
sys_enter_rt_sigprocmask
sys_enter_futex
sys_enter_futex
sys_enter_rt_sigprocmask
sys_enter_clone
sys_enter_rt_sigprocmask
sys_enter_gettid
sys_enter_futex
sys_enter_sigaltstack
sys_enter_sigaltstack
sys_enter_gettid
sys_enter_rt_sigprocmask
sys_enter_futex
sys_enter_futex
sys_enter_mmap
sys_enter_futex
sys_enter_futex
sys_enter_futex
sys_enter_openat
sys_enter_read
sys_enter_read
sys_enter_close
sys_enter_socket
sys_enter_close
sys_enter_socket
sys_enter_setsockopt
sys_enter_bind
sys_enter_socket
sys_enter_setsockopt
sys_enter_bind
sys_enter_close
sys_enter_close
sys_enter_getpid
sys_enter_getppid
sys_enter_mmap
sys_enter_mmap
sys_enter_getppid
sys_enter_openat
sys_enter_pipe2
sys_enter_getpid
sys_enter_clone
sys_enter_setsid
sys_enter_close
sys_enter_read
sys_enter_chdir
sys_enter_execve
sys_enter_close
sys_enter_exit_group
sys_enter_mmap
sys_enter_mmap
sys_enter_mprotect
sys_enter_mmap
sys_enter_mmap
sys_enter_mprotect
sys_enter_mmap
sys_enter_mprotect
sys_enter_mmap
sys_enter_mprotect
sys_enter_mmap
sys_enter_mmap
sys_enter_close
sys_enter_munmap
sys_enter_sched_getaffinity
sys_enter_mmap
sys_enter_munmap
sys_enter_mmap
sys_enter_mmap
sys_enter_mmap
sys_enter_mmap
sys_enter_mmap
sys_enter_mmap
sys_enter_rt_sigprocmask
sys_enter_sigaltstack
sys_enter_sigaltstack
sys_enter_gettid
sys_enter_rt_sigprocmask
sys_enter_rt_sigaction
sys_enter_rt_sigaction
sys_enter_rt_sigaction
sys_enter_rt_sigaction
sys_enter_rt_sigaction
sys_enter_rt_sigaction
sys_enter_rt_sigaction
sys_enter_rt_sigaction
sys_enter_rt_sigaction
sys_enter_rt_sigaction
sys_enter_rt_sigaction
sys_enter_rt_sigaction
sys_enter_rt_sigaction
sys_enter_rt_sigaction
sys_enter_rt_sigaction
sys_enter_rt_sigaction
sys_enter_rt_sigaction
sys_enter_rt_sigaction
sys_enter_rt_sigaction
sys_enter_rt_sigaction
sys_enter_rt_sigaction
sys_enter_rt_sigaction
sys_enter_rt_sigaction
sys_enter_rt_sigaction
sys_enter_rt_sigaction
sys_enter_rt_sigaction
sys_enter_rt_sigaction
sys_enter_rt_sigaction
sys_enter_rt_sigaction
sys_enter_rt_sigaction
sys_enter_rt_sigaction
sys_enter_rt_sigaction
sys_enter_rt_sigaction
sys_enter_rt_sigaction
sys_enter_rt_sigaction
sys_enter_rt_sigaction
sys_enter_rt_sigaction
sys_enter_rt_sigaction
sys_enter_rt_sigaction
sys_enter_rt_sigaction
sys_enter_rt_sigaction
sys_enter_rt_sigaction
sys_enter_rt_sigaction
sys_enter_rt_sigaction
sys_enter_rt_sigaction
sys_enter_rt_sigaction
sys_enter_rt_sigaction
sys_enter_rt_sigaction
sys_enter_rt_sigaction
sys_enter_rt_sigaction
sys_enter_rt_sigaction
sys_enter_rt_sigaction
sys_enter_rt_sigaction
sys_enter_rt_sigaction
sys_enter_rt_sigaction
sys_enter_rt_sigaction
sys_enter_rt_sigaction
sys_enter_rt_sigaction
sys_enter_rt_sigaction
sys_enter_rt_sigaction
sys_enter_rt_sigaction
sys_enter_rt_sigaction
sys_enter_rt_sigaction
sys_enter_rt_sigaction
sys_enter_rt_sigaction
sys_enter_rt_sigaction
sys_enter_rt_sigaction
sys_enter_rt_sigaction
sys_enter_rt_sigaction
sys_enter_rt_sigaction
sys_enter_rt_sigaction
sys_enter_rt_sigaction
sys_enter_rt_sigaction
sys_enter_rt_sigaction
sys_enter_rt_sigaction
sys_enter_rt_sigaction
sys_enter_rt_sigaction
sys_enter_rt_sigaction
sys_enter_rt_sigaction
sys_enter_rt_sigaction
sys_enter_rt_sigaction
sys_enter_rt_sigaction
sys_enter_rt_sigaction
sys_enter_rt_sigaction
sys_enter_rt_sigaction
sys_enter_rt_sigaction
sys_enter_rt_sigaction
sys_enter_rt_sigaction
sys_enter_rt_sigaction
sys_enter_rt_sigaction
sys_enter_rt_sigaction
sys_enter_rt_sigaction
sys_enter_rt_sigaction
sys_enter_rt_sigaction
sys_enter_rt_sigaction
sys_enter_rt_sigaction
sys_enter_rt_sigaction
sys_enter_rt_sigaction
sys_enter_rt_sigaction
sys_enter_rt_sigaction
sys_enter_rt_sigaction
sys_enter_rt_sigaction
sys_enter_rt_sigaction
sys_enter_rt_sigaction
sys_enter_rt_sigaction
sys_enter_rt_sigaction
sys_enter_rt_sigaction
sys_enter_rt_sigaction
sys_enter_rt_sigaction
sys_enter_rt_sigaction
sys_enter_rt_sigaction
sys_enter_rt_sigaction
sys_enter_rt_sigaction
sys_enter_rt_sigaction
sys_enter_rt_sigprocmask
sys_enter_clone
sys_enter_rt_sigprocmask
sys_enter_gettid
sys_enter_sigaltstack
sys_enter_sigaltstack
sys_enter_gettid
sys_enter_rt_sigprocmask
sys_enter_rt_sigprocmask
sys_enter_clone
sys_enter_rt_sigprocmask
sys_enter_gettid
sys_enter_sigaltstack
sys_enter_sigaltstack
sys_enter_rt_sigprocmask
sys_enter_clone
sys_enter_gettid
sys_enter_rt_sigprocmask
sys_enter_rt_sigprocmask
sys_enter_futex
sys_enter_rt_sigprocmask
sys_enter_clone
sys_enter_gettid
sys_enter_sigaltstack
sys_enter_sigaltstack
sys_enter_gettid
sys_enter_rt_sigprocmask
sys_enter_futex
sys_enter_rt_sigprocmask
sys_enter_futex
sys_enter_gettid
sys_enter_sigaltstack
sys_enter_sigaltstack
sys_enter_gettid
sys_enter_rt_sigprocmask
sys_enter_futex
sys_enter_futex
sys_enter_mmap
sys_enter_futex
sys_enter_futex
sys_enter_futex
sys_enter_openat
sys_enter_read
sys_enter_read
sys_enter_close
sys_enter_socket
sys_enter_close
sys_enter_socket
sys_enter_setsockopt
sys_enter_bind
sys_enter_socket
sys_enter_setsockopt
sys_enter_futex
sys_enter_bind
sys_enter_close
sys_enter_close
sys_enter_getpid
sys_enter_getppid
sys_enter_mmap
sys_enter_mmap
sys_enter_getppid
sys_enter_openat
sys_enter_pipe2
sys_enter_getpid
sys_enter_clone
sys_enter_close
sys_enter_read
sys_enter_setsid
sys_enter_chdir
sys_enter_execve
sys_enter_close
sys_enter_exit_group
sys_enter_mmap
sys_enter_mmap
sys_enter_mprotect
sys_enter_mmap
sys_enter_mmap
sys_enter_mprotect
sys_enter_mmap
sys_enter_mprotect
sys_enter_mmap
sys_enter_mprotect
sys_enter_mmap
sys_enter_mmap
sys_enter_close
sys_enter_munmap
sys_enter_sched_getaffinity
sys_enter_mmap
sys_enter_munmap
sys_enter_mmap
sys_enter_mmap
sys_enter_mmap
sys_enter_mmap
sys_enter_mmap
sys_enter_mmap
sys_enter_rt_sigprocmask
sys_enter_sigaltstack
sys_enter_sigaltstack
sys_enter_gettid
sys_enter_rt_sigprocmask
sys_enter_rt_sigaction
sys_enter_rt_sigaction
sys_enter_rt_sigaction
sys_enter_rt_sigaction
sys_enter_rt_sigaction
sys_enter_rt_sigaction
sys_enter_rt_sigaction
sys_enter_rt_sigaction
sys_enter_rt_sigaction
sys_enter_rt_sigaction
sys_enter_rt_sigaction
sys_enter_rt_sigaction
sys_enter_rt_sigaction
sys_enter_rt_sigaction
sys_enter_rt_sigaction
sys_enter_rt_sigaction
sys_enter_rt_sigaction
sys_enter_rt_sigaction
sys_enter_rt_sigaction
sys_enter_rt_sigaction
sys_enter_rt_sigaction
sys_enter_rt_sigaction
sys_enter_rt_sigaction
sys_enter_rt_sigaction
sys_enter_rt_sigaction
sys_enter_rt_sigaction
sys_enter_rt_sigaction
sys_enter_rt_sigaction
sys_enter_rt_sigaction
sys_enter_rt_sigaction
sys_enter_rt_sigaction
sys_enter_rt_sigaction
sys_enter_rt_sigaction
sys_enter_rt_sigaction
sys_enter_rt_sigaction
sys_enter_rt_sigaction
sys_enter_rt_sigaction
sys_enter_rt_sigaction
sys_enter_rt_sigaction
sys_enter_rt_sigaction
sys_enter_rt_sigaction
sys_enter_rt_sigaction
sys_enter_rt_sigaction
sys_enter_rt_sigaction
sys_enter_rt_sigaction
sys_enter_rt_sigaction
sys_enter_rt_sigaction
sys_enter_rt_sigaction
sys_enter_rt_sigaction
sys_enter_rt_sigaction
sys_enter_rt_sigaction
sys_enter_rt_sigaction
sys_enter_rt_sigaction
sys_enter_rt_sigaction
sys_enter_rt_sigaction
sys_enter_rt_sigaction
sys_enter_rt_sigaction
sys_enter_rt_sigaction
sys_enter_rt_sigaction
sys_enter_rt_sigaction
sys_enter_rt_sigaction
sys_enter_rt_sigaction
sys_enter_rt_sigaction
sys_enter_rt_sigaction
sys_enter_rt_sigaction
sys_enter_rt_sigaction
sys_enter_rt_sigaction
sys_enter_rt_sigaction
sys_enter_rt_sigaction
sys_enter_rt_sigaction
sys_enter_rt_sigaction
sys_enter_rt_sigaction
sys_enter_rt_sigaction
sys_enter_rt_sigaction
sys_enter_rt_sigaction
sys_enter_rt_sigaction
sys_enter_rt_sigaction
sys_enter_rt_sigaction
sys_enter_rt_sigaction
sys_enter_rt_sigaction
sys_enter_rt_sigaction
sys_enter_rt_sigaction
sys_enter_rt_sigaction
sys_enter_rt_sigaction
sys_enter_rt_sigaction
sys_enter_rt_sigaction
sys_enter_rt_sigaction
sys_enter_rt_sigaction
sys_enter_rt_sigaction
sys_enter_rt_sigaction
sys_enter_rt_sigaction
sys_enter_rt_sigaction
sys_enter_rt_sigaction
sys_enter_rt_sigaction
sys_enter_rt_sigaction
sys_enter_rt_sigaction
sys_enter_rt_sigaction
sys_enter_rt_sigaction
sys_enter_rt_sigaction
sys_enter_rt_sigaction
sys_enter_rt_sigaction
sys_enter_rt_sigaction
sys_enter_rt_sigaction
sys_enter_rt_sigaction
sys_enter_rt_sigaction
sys_enter_rt_sigaction
sys_enter_rt_sigaction
sys_enter_rt_sigaction
sys_enter_rt_sigaction
sys_enter_rt_sigaction
sys_enter_rt_sigaction
sys_enter_rt_sigaction
sys_enter_rt_sigaction
sys_enter_rt_sigaction
sys_enter_rt_sigprocmask
sys_enter_clone
sys_enter_rt_sigprocmask
sys_enter_gettid
sys_enter_sigaltstack
sys_enter_sigaltstack
sys_enter_gettid
sys_enter_rt_sigprocmask
sys_enter_rt_sigprocmask
sys_enter_clone
sys_enter_rt_sigprocmask
sys_enter_gettid
sys_enter_sigaltstack
sys_enter_sigaltstack
sys_enter_gettid
sys_enter_rt_sigprocmask
sys_enter_rt_sigprocmask
sys_enter_clone
sys_enter_rt_sigprocmask
sys_enter_clone
sys_enter_rt_sigprocmask
sys_enter_futex
sys_enter_gettid
sys_enter_rt_sigprocmask
sys_enter_gettid
sys_enter_sigaltstack
sys_enter_sigaltstack
sys_enter_sigaltstack
sys_enter_sigaltstack
sys_enter_gettid
sys_enter_rt_sigprocmask
sys_enter_gettid
sys_enter_rt_sigprocmask
sys_enter_futex
sys_enter_futex
sys_enter_futex
sys_enter_futex
sys_enter_futex
sys_enter_mmap
sys_enter_futex
sys_enter_futex
sys_enter_futex
sys_enter_openat
sys_enter_read
sys_enter_read
sys_enter_close
sys_enter_socket
sys_enter_close
sys_enter_socket
sys_enter_setsockopt
sys_enter_bind
sys_enter_socket
sys_enter_setsockopt
sys_enter_bind
sys_enter_close
sys_enter_close
sys_enter_getpid
sys_enter_getppid
sys_enter_mmap
sys_enter_mmap
sys_enter_getppid
sys_enter_openat
sys_enter_pipe2
sys_enter_getpid
sys_enter_clone
sys_enter_setsid
sys_enter_close
sys_enter_read
sys_enter_chdir
sys_enter_execve
sys_enter_close
sys_enter_mmap
sys_enter_exit_group
sys_enter_mmap
sys_enter_mprotect
sys_enter_mmap
sys_enter_mmap
sys_enter_mprotect
sys_enter_mmap
sys_enter_mprotect
sys_enter_mmap
sys_enter_mprotect
sys_enter_mmap
sys_enter_mmap
sys_enter_close
sys_enter_munmap
sys_enter_sched_getaffinity
sys_enter_mmap
sys_enter_munmap
sys_enter_mmap
sys_enter_mmap
sys_enter_mmap
sys_enter_mmap
sys_enter_mmap
sys_enter_mmap
sys_enter_rt_sigprocmask
sys_enter_sigaltstack
sys_enter_sigaltstack
sys_enter_gettid
sys_enter_rt_sigprocmask
sys_enter_rt_sigaction
sys_enter_rt_sigaction
sys_enter_rt_sigaction
sys_enter_rt_sigaction
sys_enter_rt_sigaction
sys_enter_rt_sigaction
sys_enter_rt_sigaction
sys_enter_rt_sigaction
sys_enter_rt_sigaction
sys_enter_rt_sigaction
sys_enter_rt_sigaction
sys_enter_rt_sigaction
sys_enter_rt_sigaction
sys_enter_rt_sigaction
sys_enter_rt_sigaction
sys_enter_rt_sigaction
sys_enter_rt_sigaction
sys_enter_rt_sigaction
sys_enter_rt_sigaction
sys_enter_rt_sigaction
sys_enter_rt_sigaction
sys_enter_rt_sigaction
sys_enter_rt_sigaction
sys_enter_rt_sigaction
sys_enter_rt_sigaction
sys_enter_rt_sigaction
sys_enter_rt_sigaction
sys_enter_rt_sigaction
sys_enter_rt_sigaction
sys_enter_rt_sigaction
sys_enter_rt_sigaction
sys_enter_rt_sigaction
sys_enter_rt_sigaction
sys_enter_rt_sigaction
sys_enter_rt_sigaction
sys_enter_rt_sigaction
sys_enter_rt_sigaction
sys_enter_rt_sigaction
sys_enter_rt_sigaction
sys_enter_rt_sigaction
sys_enter_rt_sigaction
sys_enter_rt_sigaction
sys_enter_rt_sigaction
sys_enter_rt_sigaction
sys_enter_rt_sigaction
sys_enter_rt_sigaction
sys_enter_rt_sigaction
sys_enter_rt_sigaction
sys_enter_rt_sigaction
sys_enter_rt_sigaction
sys_enter_rt_sigaction
sys_enter_rt_sigaction
sys_enter_rt_sigaction
sys_enter_rt_sigaction
sys_enter_rt_sigaction
sys_enter_rt_sigaction
sys_enter_rt_sigaction
sys_enter_rt_sigaction
sys_enter_rt_sigaction
sys_enter_rt_sigaction
sys_enter_rt_sigaction
sys_enter_rt_sigaction
sys_enter_rt_sigaction
sys_enter_rt_sigaction
sys_enter_rt_sigaction
sys_enter_rt_sigaction
sys_enter_rt_sigaction
sys_enter_rt_sigaction
sys_enter_rt_sigaction
sys_enter_rt_sigaction
sys_enter_rt_sigaction
sys_enter_rt_sigaction
sys_enter_rt_sigaction
sys_enter_rt_sigaction
sys_enter_rt_sigaction
sys_enter_rt_sigaction
sys_enter_rt_sigaction
sys_enter_rt_sigaction
sys_enter_rt_sigaction
sys_enter_rt_sigaction
sys_enter_rt_sigaction
sys_enter_rt_sigaction
sys_enter_rt_sigaction
sys_enter_rt_sigaction
sys_enter_rt_sigaction
sys_enter_rt_sigaction
sys_enter_rt_sigaction
sys_enter_rt_sigaction
sys_enter_rt_sigaction
sys_enter_rt_sigaction
sys_enter_rt_sigaction
sys_enter_rt_sigaction
sys_enter_rt_sigaction
sys_enter_rt_sigaction
sys_enter_rt_sigaction
sys_enter_rt_sigaction
sys_enter_rt_sigaction
sys_enter_rt_sigaction
sys_enter_rt_sigaction
sys_enter_rt_sigaction
sys_enter_rt_sigaction
sys_enter_rt_sigaction
sys_enter_rt_sigaction
sys_enter_rt_sigaction
sys_enter_rt_sigaction
sys_enter_rt_sigaction
sys_enter_rt_sigaction
sys_enter_rt_sigaction
sys_enter_rt_sigaction
sys_enter_rt_sigaction
sys_enter_rt_sigaction
sys_enter_rt_sigaction
sys_enter_rt_sigaction
sys_enter_rt_sigaction
sys_enter_rt_sigprocmask
sys_enter_clone
sys_enter_rt_sigprocmask
sys_enter_gettid
sys_enter_sigaltstack
sys_enter_sigaltstack
sys_enter_gettid
sys_enter_rt_sigprocmask
sys_enter_rt_sigprocmask
sys_enter_clone
sys_enter_rt_sigprocmask
sys_enter_gettid
sys_enter_sigaltstack
sys_enter_sigaltstack
sys_enter_gettid
sys_enter_rt_sigprocmask
sys_enter_rt_sigprocmask
sys_enter_clone
sys_enter_rt_sigprocmask
sys_enter_clone
sys_enter_rt_sigprocmask
sys_enter_futex
sys_enter_gettid
sys_enter_sigaltstack
sys_enter_sigaltstack
sys_enter_gettid
sys_enter_rt_sigprocmask
sys_enter_futex
sys_enter_futex
sys_enter_rt_sigprocmask
sys_enter_gettid
sys_enter_sigaltstack
sys_enter_sigaltstack
sys_enter_gettid
sys_enter_rt_sigprocmask
sys_enter_futex
sys_enter_futex
sys_enter_futex
sys_enter_mmap
sys_enter_futex
sys_enter_futex
sys_enter_futex
sys_enter_openat
sys_enter_read
sys_enter_read
sys_enter_close
sys_enter_socket
sys_enter_close
sys_enter_socket
sys_enter_setsockopt
sys_enter_bind
sys_enter_socket
sys_enter_setsockopt
sys_enter_bind
sys_enter_close
sys_enter_close
sys_enter_getpid
sys_enter_getppid
sys_enter_mmap
sys_enter_mmap
sys_enter_getppid
sys_enter_openat
sys_enter_pipe2
sys_enter_getpid
sys_enter_clone
sys_enter_setsid
sys_enter_chdir
sys_enter_close
sys_enter_read
sys_enter_execve
sys_enter_close
sys_enter_exit_group
sys_enter_mmap
sys_enter_mmap
sys_enter_mprotect
sys_enter_mmap
sys_enter_mmap
sys_enter_mprotect
sys_enter_mmap
sys_enter_mprotect
sys_enter_mmap
sys_enter_mprotect
sys_enter_mmap
sys_enter_mmap
sys_enter_close
sys_enter_munmap
sys_enter_sched_getaffinity
sys_enter_mmap
sys_enter_munmap
sys_enter_mmap
sys_enter_mmap
sys_enter_mmap
sys_enter_mmap
sys_enter_mmap
sys_enter_mmap
sys_enter_rt_sigprocmask
sys_enter_sigaltstack
sys_enter_sigaltstack
sys_enter_gettid
sys_enter_rt_sigprocmask
sys_enter_rt_sigaction
sys_enter_rt_sigaction
sys_enter_rt_sigaction
sys_enter_rt_sigaction
sys_enter_rt_sigaction
sys_enter_rt_sigaction
sys_enter_rt_sigaction
sys_enter_rt_sigaction
sys_enter_rt_sigaction
sys_enter_rt_sigaction
sys_enter_rt_sigaction
sys_enter_rt_sigaction
sys_enter_rt_sigaction
sys_enter_rt_sigaction
sys_enter_rt_sigaction
sys_enter_rt_sigaction
sys_enter_rt_sigaction
sys_enter_rt_sigaction
sys_enter_rt_sigaction
sys_enter_rt_sigaction
sys_enter_rt_sigaction
sys_enter_rt_sigaction
sys_enter_rt_sigaction
sys_enter_rt_sigaction
sys_enter_rt_sigaction
sys_enter_rt_sigaction
sys_enter_rt_sigaction
sys_enter_rt_sigaction
sys_enter_rt_sigaction
sys_enter_rt_sigaction
sys_enter_rt_sigaction
sys_enter_rt_sigaction
sys_enter_rt_sigaction
sys_enter_rt_sigaction
sys_enter_rt_sigaction
sys_enter_rt_sigaction
sys_enter_rt_sigaction
sys_enter_rt_sigaction
sys_enter_rt_sigaction
sys_enter_rt_sigaction
sys_enter_rt_sigaction
sys_enter_rt_sigaction
sys_enter_rt_sigaction
sys_enter_rt_sigaction
sys_enter_rt_sigaction
sys_enter_rt_sigaction
sys_enter_rt_sigaction
sys_enter_rt_sigaction
sys_enter_rt_sigaction
sys_enter_rt_sigaction
sys_enter_rt_sigaction
sys_enter_rt_sigaction
sys_enter_rt_sigaction
sys_enter_rt_sigaction
sys_enter_rt_sigaction
sys_enter_rt_sigaction
sys_enter_rt_sigaction
sys_enter_rt_sigaction
sys_enter_rt_sigaction
sys_enter_rt_sigaction
sys_enter_rt_sigaction
sys_enter_rt_sigaction
sys_enter_rt_sigaction
sys_enter_rt_sigaction
sys_enter_rt_sigaction
sys_enter_rt_sigaction
sys_enter_rt_sigaction
sys_enter_rt_sigaction
sys_enter_rt_sigaction
sys_enter_rt_sigaction
sys_enter_rt_sigaction
sys_enter_rt_sigaction
sys_enter_rt_sigaction
sys_enter_rt_sigaction
sys_enter_rt_sigaction
sys_enter_rt_sigaction
sys_enter_rt_sigaction
sys_enter_rt_sigaction
sys_enter_rt_sigaction
sys_enter_rt_sigaction
sys_enter_rt_sigaction
sys_enter_rt_sigaction
sys_enter_rt_sigaction
sys_enter_rt_sigaction
sys_enter_rt_sigaction
sys_enter_rt_sigaction
sys_enter_rt_sigaction
sys_enter_rt_sigaction
sys_enter_rt_sigaction
sys_enter_rt_sigaction
sys_enter_rt_sigaction
sys_enter_rt_sigaction
sys_enter_rt_sigaction
sys_enter_rt_sigaction
sys_enter_rt_sigaction
sys_enter_rt_sigaction
sys_enter_rt_sigaction
sys_enter_rt_sigaction
sys_enter_rt_sigaction
sys_enter_rt_sigaction
sys_enter_rt_sigaction
sys_enter_rt_sigaction
sys_enter_rt_sigaction
sys_enter_rt_sigaction
sys_enter_rt_sigaction
sys_enter_rt_sigaction
sys_enter_rt_sigaction
sys_enter_rt_sigaction
sys_enter_rt_sigaction
sys_enter_rt_sigaction
sys_enter_rt_sigaction
sys_enter_rt_sigaction
sys_enter_rt_sigaction
sys_enter_rt_sigaction
sys_enter_rt_sigprocmask
sys_enter_clone
sys_enter_rt_sigprocmask
sys_enter_gettid
sys_enter_sigaltstack
sys_enter_sigaltstack
sys_enter_gettid
sys_enter_rt_sigprocmask
sys_enter_rt_sigprocmask
sys_enter_clone
sys_enter_rt_sigprocmask
sys_enter_gettid
sys_enter_sigaltstack
sys_enter_sigaltstack
sys_enter_gettid
sys_enter_rt_sigprocmask
sys_enter_rt_sigprocmask
sys_enter_clone
sys_enter_rt_sigprocmask
sys_enter_clone
sys_enter_rt_sigprocmask
sys_enter_rt_sigprocmask
sys_enter_futex
sys_enter_gettid
sys_enter_sigaltstack
sys_enter_sigaltstack
sys_enter_gettid
sys_enter_rt_sigprocmask
sys_enter_futex
sys_enter_futex
sys_enter_gettid
sys_enter_futex
sys_enter_sigaltstack
sys_enter_sigaltstack
sys_enter_gettid
sys_enter_rt_sigprocmask
sys_enter_futex
sys_enter_futex
sys_enter_mmap
sys_enter_futex
sys_enter_futex
sys_enter_futex
sys_enter_openat
sys_enter_read
sys_enter_read
sys_enter_close
sys_enter_socket
sys_enter_close
sys_enter_socket
sys_enter_setsockopt
sys_enter_bind
sys_enter_socket
sys_enter_setsockopt
sys_enter_bind
sys_enter_close
sys_enter_close
sys_enter_getpid
sys_enter_getppid
sys_enter_mmap
sys_enter_mmap
sys_enter_getppid
sys_enter_openat
sys_enter_pipe2
sys_enter_getpid
sys_enter_clone
sys_enter_setsid
sys_enter_close
sys_enter_read
sys_enter_chdir
sys_enter_execve
sys_enter_close
sys_enter_exit_group
sys_enter_mmap
sys_enter_mmap
sys_enter_mprotect
sys_enter_mmap
sys_enter_mmap
sys_enter_mprotect
sys_enter_mmap
sys_enter_mprotect
sys_enter_mmap
sys_enter_mprotect
sys_enter_mmap
sys_enter_mmap
sys_enter_close
sys_enter_munmap
sys_enter_sched_getaffinity
sys_enter_mmap
sys_enter_munmap
sys_enter_mmap
sys_enter_mmap
sys_enter_mmap
sys_enter_mmap
sys_enter_mmap
sys_enter_mmap
sys_enter_rt_sigprocmask
sys_enter_sigaltstack
sys_enter_sigaltstack
sys_enter_gettid
sys_enter_rt_sigprocmask
sys_enter_rt_sigaction
sys_enter_rt_sigaction
sys_enter_rt_sigaction
sys_enter_rt_sigaction
sys_enter_rt_sigaction
sys_enter_rt_sigaction
sys_enter_rt_sigaction
sys_enter_rt_sigaction
sys_enter_rt_sigaction
sys_enter_rt_sigaction
sys_enter_rt_sigaction
sys_enter_rt_sigaction
sys_enter_rt_sigaction
sys_enter_rt_sigaction
sys_enter_rt_sigaction
sys_enter_rt_sigaction
sys_enter_rt_sigaction
sys_enter_rt_sigaction
sys_enter_rt_sigaction
sys_enter_rt_sigaction
sys_enter_rt_sigaction
sys_enter_rt_sigaction
sys_enter_rt_sigaction
sys_enter_rt_sigaction
sys_enter_rt_sigaction
sys_enter_rt_sigaction
sys_enter_rt_sigaction
sys_enter_rt_sigaction
sys_enter_rt_sigaction
sys_enter_rt_sigaction
sys_enter_rt_sigaction
sys_enter_rt_sigaction
sys_enter_rt_sigaction
sys_enter_rt_sigaction
sys_enter_rt_sigaction
sys_enter_rt_sigaction
sys_enter_rt_sigaction
sys_enter_rt_sigaction
sys_enter_rt_sigaction
sys_enter_rt_sigaction
sys_enter_rt_sigaction
sys_enter_rt_sigaction
sys_enter_rt_sigaction
sys_enter_rt_sigaction
sys_enter_rt_sigaction
sys_enter_rt_sigaction
sys_enter_rt_sigaction
sys_enter_rt_sigaction
sys_enter_rt_sigaction
sys_enter_rt_sigaction
sys_enter_rt_sigaction
sys_enter_rt_sigaction
sys_enter_rt_sigaction
sys_enter_rt_sigaction
sys_enter_rt_sigaction
sys_enter_rt_sigaction
sys_enter_rt_sigaction
sys_enter_rt_sigaction
sys_enter_rt_sigaction
sys_enter_rt_sigaction
sys_enter_rt_sigaction
sys_enter_rt_sigaction
sys_enter_rt_sigaction
sys_enter_rt_sigaction
sys_enter_rt_sigaction
sys_enter_rt_sigaction
sys_enter_rt_sigaction
sys_enter_rt_sigaction
sys_enter_rt_sigaction
sys_enter_rt_sigaction
sys_enter_rt_sigaction
sys_enter_rt_sigaction
sys_enter_rt_sigaction
sys_enter_rt_sigaction
sys_enter_rt_sigaction
sys_enter_rt_sigaction
sys_enter_rt_sigaction
sys_enter_rt_sigaction
sys_enter_rt_sigaction
sys_enter_rt_sigaction
sys_enter_rt_sigaction
sys_enter_rt_sigaction
sys_enter_rt_sigaction
sys_enter_rt_sigaction
sys_enter_rt_sigaction
sys_enter_rt_sigaction
sys_enter_rt_sigaction
sys_enter_rt_sigaction
sys_enter_rt_sigaction
sys_enter_rt_sigaction
sys_enter_rt_sigaction
sys_enter_rt_sigaction
sys_enter_rt_sigaction
sys_enter_rt_sigaction
sys_enter_rt_sigaction
sys_enter_rt_sigaction
sys_enter_rt_sigaction
sys_enter_rt_sigaction
sys_enter_rt_sigaction
sys_enter_rt_sigaction
sys_enter_rt_sigaction
sys_enter_rt_sigaction
sys_enter_rt_sigaction
sys_enter_rt_sigaction
sys_enter_rt_sigaction
sys_enter_rt_sigaction
sys_enter_rt_sigaction
sys_enter_rt_sigaction
sys_enter_rt_sigaction
sys_enter_rt_sigaction
sys_enter_rt_sigaction
sys_enter_rt_sigaction
sys_enter_rt_sigaction
sys_enter_rt_sigaction
sys_enter_rt_sigprocmask
sys_enter_clone
sys_enter_rt_sigprocmask
sys_enter_gettid
sys_enter_sigaltstack
sys_enter_sigaltstack
sys_enter_gettid
sys_enter_rt_sigprocmask
sys_enter_rt_sigprocmask
sys_enter_clone
sys_enter_rt_sigprocmask
sys_enter_gettid
sys_enter_sigaltstack
sys_enter_sigaltstack
sys_enter_gettid
sys_enter_rt_sigprocmask
sys_enter_clone
sys_enter_rt_sigprocmask
sys_enter_rt_sigprocmask
sys_enter_sched_yield
sys_enter_gettid
sys_enter_futex
sys_enter_futex
sys_enter_sigaltstack
sys_enter_sigaltstack
sys_enter_gettid
sys_enter_rt_sigprocmask
sys_enter_futex
sys_enter_rt_sigprocmask
sys_enter_clone
sys_enter_futex
sys_enter_rt_sigprocmask
sys_enter_futex
sys_enter_gettid
sys_enter_sigaltstack
sys_enter_sigaltstack
sys_enter_gettid
sys_enter_rt_sigprocmask
sys_enter_futex
sys_enter_futex
sys_enter_mmap
sys_enter_futex
sys_enter_futex
sys_enter_futex
sys_enter_openat
sys_enter_read
sys_enter_read
sys_enter_close
sys_enter_socket
sys_enter_close
sys_enter_socket
sys_enter_setsockopt
sys_enter_bind
sys_enter_socket
sys_enter_setsockopt
sys_enter_bind
sys_enter_close
sys_enter_close
sys_enter_getpid
sys_enter_getppid
sys_enter_mmap
sys_enter_mmap
sys_enter_getppid
sys_enter_openat
sys_enter_pipe2
sys_enter_getpid
sys_enter_clone
sys_enter_setsid
sys_enter_close
sys_enter_read
sys_enter_chdir
sys_enter_execve
sys_enter_close
sys_enter_exit_group
sys_enter_mmap
sys_enter_mmap
sys_enter_mprotect
sys_enter_mmap
sys_enter_mmap
sys_enter_mprotect
sys_enter_mmap
sys_enter_mprotect
sys_enter_mmap
sys_enter_mprotect
sys_enter_mmap
sys_enter_mmap
sys_enter_close
sys_enter_munmap
sys_enter_sched_getaffinity
sys_enter_mmap
sys_enter_munmap
sys_enter_mmap
sys_enter_mmap
sys_enter_mmap
sys_enter_mmap
sys_enter_mmap
sys_enter_mmap
sys_enter_rt_sigprocmask
sys_enter_sigaltstack
sys_enter_sigaltstack
sys_enter_gettid
sys_enter_rt_sigprocmask
sys_enter_rt_sigaction
sys_enter_rt_sigaction
sys_enter_rt_sigaction
sys_enter_rt_sigaction
sys_enter_rt_sigaction
sys_enter_rt_sigaction
sys_enter_rt_sigaction
sys_enter_rt_sigaction
sys_enter_rt_sigaction
sys_enter_rt_sigaction
sys_enter_rt_sigaction
sys_enter_rt_sigaction
sys_enter_rt_sigaction
sys_enter_rt_sigaction
sys_enter_rt_sigaction
sys_enter_rt_sigaction
sys_enter_rt_sigaction
sys_enter_rt_sigaction
sys_enter_rt_sigaction
sys_enter_rt_sigaction
sys_enter_rt_sigaction
sys_enter_rt_sigaction
sys_enter_rt_sigaction
sys_enter_rt_sigaction
sys_enter_rt_sigaction
sys_enter_rt_sigaction
sys_enter_rt_sigaction
sys_enter_rt_sigaction
sys_enter_rt_sigaction
sys_enter_rt_sigaction
sys_enter_rt_sigaction
sys_enter_rt_sigaction
sys_enter_rt_sigaction
sys_enter_rt_sigaction
sys_enter_rt_sigaction
sys_enter_rt_sigaction
sys_enter_rt_sigaction
sys_enter_rt_sigaction
sys_enter_rt_sigaction
sys_enter_rt_sigaction
sys_enter_rt_sigaction
sys_enter_rt_sigaction
sys_enter_rt_sigaction
sys_enter_rt_sigaction
sys_enter_rt_sigaction
sys_enter_rt_sigaction
sys_enter_rt_sigaction
sys_enter_rt_sigaction
sys_enter_rt_sigaction
sys_enter_rt_sigaction
sys_enter_rt_sigaction
sys_enter_rt_sigaction
sys_enter_rt_sigaction
sys_enter_rt_sigaction
sys_enter_rt_sigaction
sys_enter_rt_sigaction
sys_enter_rt_sigaction
sys_enter_rt_sigaction
sys_enter_rt_sigaction
sys_enter_rt_sigaction
sys_enter_rt_sigaction
sys_enter_rt_sigaction
sys_enter_rt_sigaction
sys_enter_rt_sigaction
sys_enter_rt_sigaction
sys_enter_rt_sigaction
sys_enter_rt_sigaction
sys_enter_rt_sigaction
sys_enter_rt_sigaction
sys_enter_rt_sigaction
sys_enter_rt_sigaction
sys_enter_rt_sigaction
sys_enter_rt_sigaction
sys_enter_rt_sigaction
sys_enter_rt_sigaction
sys_enter_rt_sigaction
sys_enter_rt_sigaction
sys_enter_rt_sigaction
sys_enter_rt_sigaction
sys_enter_rt_sigaction
sys_enter_rt_sigaction
sys_enter_rt_sigaction
sys_enter_rt_sigaction
sys_enter_rt_sigaction
sys_enter_rt_sigaction
sys_enter_rt_sigaction
sys_enter_rt_sigaction
sys_enter_rt_sigaction
sys_enter_rt_sigaction
sys_enter_rt_sigaction
sys_enter_rt_sigaction
sys_enter_rt_sigaction
sys_enter_rt_sigaction
sys_enter_rt_sigaction
sys_enter_rt_sigaction
sys_enter_rt_sigaction
sys_enter_rt_sigaction
sys_enter_rt_sigaction
sys_enter_rt_sigaction
sys_enter_rt_sigaction
sys_enter_rt_sigaction
sys_enter_rt_sigaction
sys_enter_rt_sigaction
sys_enter_rt_sigaction
sys_enter_rt_sigaction
sys_enter_rt_sigaction
sys_enter_rt_sigaction
sys_enter_rt_sigaction
sys_enter_rt_sigaction
sys_enter_rt_sigaction
sys_enter_rt_sigaction
sys_enter_rt_sigaction
sys_enter_rt_sigaction
sys_enter_rt_sigaction
sys_enter_rt_sigprocmask
sys_enter_clone
sys_enter_rt_sigprocmask
sys_enter_gettid
sys_enter_sigaltstack
sys_enter_sigaltstack
sys_enter_gettid
sys_enter_rt_sigprocmask
sys_enter_rt_sigprocmask
sys_enter_clone
sys_enter_rt_sigprocmask
sys_enter_gettid
sys_enter_sigaltstack
sys_enter_sigaltstack
sys_enter_rt_sigprocmask
sys_enter_clone
sys_enter_gettid
sys_enter_rt_sigprocmask
sys_enter_rt_sigprocmask
sys_enter_sched_yield
sys_enter_gettid
sys_enter_futex
sys_enter_futex
sys_enter_sigaltstack
sys_enter_sigaltstack
sys_enter_rt_sigprocmask
sys_enter_gettid
sys_enter_rt_sigprocmask
sys_enter_futex
sys_enter_clone
sys_enter_futex
sys_enter_rt_sigprocmask
sys_enter_gettid
sys_enter_futex
sys_enter_sigaltstack
sys_enter_sigaltstack
sys_enter_gettid
sys_enter_rt_sigprocmask
sys_enter_futex
sys_enter_futex
sys_enter_mmap
sys_enter_futex
sys_enter_futex
sys_enter_futex
sys_enter_openat
sys_enter_futex
sys_enter_futex
sys_enter_read
sys_enter_read
sys_enter_close
sys_enter_socket
sys_enter_close
sys_enter_socket
sys_enter_setsockopt
sys_enter_bind
sys_enter_socket
sys_enter_setsockopt
sys_enter_bind
sys_enter_close
sys_enter_close
sys_enter_getpid
sys_enter_getppid
sys_enter_mmap
sys_enter_mmap
sys_enter_getppid
sys_enter_openat
sys_enter_pipe2
sys_enter_getpid
sys_enter_clone
sys_enter_setsid
sys_enter_close
sys_enter_read
sys_enter_chdir
sys_enter_execve
sys_enter_close
sys_enter_exit_group
sys_enter_mmap
sys_enter_mmap
sys_enter_mprotect
sys_enter_mmap
sys_enter_mmap
sys_enter_mprotect
sys_enter_mmap
sys_enter_mprotect
sys_enter_mmap
sys_enter_mprotect
sys_enter_mmap
sys_enter_mmap
sys_enter_close
sys_enter_munmap
sys_enter_sched_getaffinity
sys_enter_mmap
sys_enter_munmap
sys_enter_mmap
sys_enter_mmap
sys_enter_mmap
sys_enter_mmap
sys_enter_mmap
sys_enter_mmap
sys_enter_rt_sigprocmask
sys_enter_sigaltstack
sys_enter_sigaltstack
sys_enter_gettid
sys_enter_rt_sigprocmask
sys_enter_rt_sigaction
sys_enter_rt_sigaction
sys_enter_rt_sigaction
sys_enter_rt_sigaction
sys_enter_rt_sigaction
sys_enter_rt_sigaction
sys_enter_rt_sigaction
sys_enter_rt_sigaction
sys_enter_rt_sigaction
sys_enter_rt_sigaction
sys_enter_rt_sigaction
sys_enter_rt_sigaction
sys_enter_rt_sigaction
sys_enter_rt_sigaction
sys_enter_rt_sigaction
sys_enter_rt_sigaction
sys_enter_rt_sigaction
sys_enter_rt_sigaction
sys_enter_rt_sigaction
sys_enter_rt_sigaction
sys_enter_rt_sigaction
sys_enter_rt_sigaction
sys_enter_rt_sigaction
sys_enter_rt_sigaction
sys_enter_rt_sigaction
sys_enter_rt_sigaction
sys_enter_rt_sigaction
sys_enter_rt_sigaction
sys_enter_rt_sigaction
sys_enter_rt_sigaction
sys_enter_rt_sigaction
sys_enter_rt_sigaction
sys_enter_rt_sigaction
sys_enter_rt_sigaction
sys_enter_rt_sigaction
sys_enter_rt_sigaction
sys_enter_rt_sigaction
sys_enter_rt_sigaction
sys_enter_rt_sigaction
sys_enter_rt_sigaction
sys_enter_rt_sigaction
sys_enter_rt_sigaction
sys_enter_rt_sigaction
sys_enter_rt_sigaction
sys_enter_rt_sigaction
sys_enter_rt_sigaction
sys_enter_rt_sigaction
sys_enter_rt_sigaction
sys_enter_rt_sigaction
sys_enter_rt_sigaction
sys_enter_rt_sigaction
sys_enter_rt_sigaction
sys_enter_rt_sigaction
sys_enter_rt_sigaction
sys_enter_rt_sigaction
sys_enter_rt_sigaction
sys_enter_rt_sigaction
sys_enter_rt_sigaction
sys_enter_rt_sigaction
sys_enter_rt_sigaction
sys_enter_rt_sigaction
sys_enter_rt_sigaction
sys_enter_rt_sigaction
sys_enter_rt_sigaction
sys_enter_rt_sigaction
sys_enter_rt_sigaction
sys_enter_rt_sigaction
sys_enter_rt_sigaction
sys_enter_rt_sigaction
sys_enter_rt_sigaction
sys_enter_rt_sigaction
sys_enter_rt_sigaction
sys_enter_rt_sigaction
sys_enter_rt_sigaction
sys_enter_rt_sigaction
sys_enter_rt_sigaction
sys_enter_rt_sigaction
sys_enter_rt_sigaction
sys_enter_rt_sigaction
sys_enter_rt_sigaction
sys_enter_rt_sigaction
sys_enter_rt_sigaction
sys_enter_rt_sigaction
sys_enter_rt_sigaction
sys_enter_rt_sigaction
sys_enter_rt_sigaction
sys_enter_rt_sigaction
sys_enter_rt_sigaction
sys_enter_rt_sigaction
sys_enter_rt_sigaction
sys_enter_rt_sigaction
sys_enter_rt_sigaction
sys_enter_rt_sigaction
sys_enter_rt_sigaction
sys_enter_rt_sigaction
sys_enter_rt_sigaction
sys_enter_rt_sigaction
sys_enter_rt_sigaction
sys_enter_rt_sigaction
sys_enter_rt_sigaction
sys_enter_rt_sigaction
sys_enter_rt_sigaction
sys_enter_rt_sigaction
sys_enter_rt_sigaction
sys_enter_rt_sigaction
sys_enter_rt_sigaction
sys_enter_rt_sigaction
sys_enter_rt_sigaction
sys_enter_rt_sigaction
sys_enter_rt_sigaction
sys_enter_rt_sigaction
sys_enter_rt_sigaction
sys_enter_rt_sigaction
sys_enter_rt_sigaction
sys_enter_rt_sigprocmask
sys_enter_clone
sys_enter_rt_sigprocmask
sys_enter_gettid
sys_enter_sigaltstack
sys_enter_sigaltstack
sys_enter_gettid
sys_enter_rt_sigprocmask
sys_enter_rt_sigprocmask
sys_enter_clone
sys_enter_rt_sigprocmask
sys_enter_gettid
sys_enter_sigaltstack
sys_enter_sigaltstack
sys_enter_gettid
sys_enter_rt_sigprocmask
sys_enter_rt_sigprocmask
sys_enter_clone
sys_enter_rt_sigprocmask
sys_enter_rt_sigprocmask
sys_enter_clone
sys_enter_rt_sigprocmask
sys_enter_futex
sys_enter_gettid
sys_enter_sigaltstack
sys_enter_sigaltstack
sys_enter_gettid
sys_enter_sigaltstack
sys_enter_sigaltstack
sys_enter_gettid
sys_enter_rt_sigprocmask
sys_enter_gettid
sys_enter_rt_sigprocmask
sys_enter_futex
sys_enter_futex
sys_enter_futex
sys_enter_futex
sys_enter_futex
sys_enter_mmap
sys_enter_futex
sys_enter_futex
sys_enter_futex
sys_enter_openat
sys_enter_futex
sys_enter_futex
sys_enter_read
sys_enter_read
sys_enter_close
sys_enter_socket
sys_enter_close
sys_enter_socket
sys_enter_setsockopt
sys_enter_bind
sys_enter_socket
sys_enter_setsockopt
sys_enter_bind
sys_enter_close
sys_enter_close
sys_enter_getpid
sys_enter_getppid
sys_enter_mmap
sys_enter_mmap
sys_enter_getppid
sys_enter_openat
sys_enter_pipe2
sys_enter_getpid
sys_enter_clone
sys_enter_setsid
sys_enter_close
sys_enter_read
sys_enter_chdir
sys_enter_execve
sys_enter_close
sys_enter_exit_group
sys_enter_mmap
sys_enter_mmap
sys_enter_mprotect
sys_enter_mmap
sys_enter_mmap
sys_enter_mprotect
sys_enter_mmap
sys_enter_mprotect
sys_enter_mmap
sys_enter_mprotect
sys_enter_mmap
sys_enter_mmap
sys_enter_close
sys_enter_munmap
sys_enter_sched_getaffinity
sys_enter_mmap
sys_enter_munmap
sys_enter_mmap
sys_enter_mmap
sys_enter_mmap
sys_enter_mmap
sys_enter_mmap
sys_enter_mmap
sys_enter_rt_sigprocmask
sys_enter_sigaltstack
sys_enter_sigaltstack
sys_enter_gettid
sys_enter_rt_sigprocmask
sys_enter_rt_sigaction
sys_enter_rt_sigaction
sys_enter_rt_sigaction
sys_enter_rt_sigaction
sys_enter_rt_sigaction
sys_enter_rt_sigaction
sys_enter_rt_sigaction
sys_enter_rt_sigaction
sys_enter_rt_sigaction
sys_enter_rt_sigaction
sys_enter_rt_sigaction
sys_enter_rt_sigaction
sys_enter_rt_sigaction
sys_enter_rt_sigaction
sys_enter_rt_sigaction
sys_enter_rt_sigaction
sys_enter_rt_sigaction
sys_enter_rt_sigaction
sys_enter_rt_sigaction
sys_enter_rt_sigaction
sys_enter_rt_sigaction
sys_enter_rt_sigaction
sys_enter_rt_sigaction
sys_enter_rt_sigaction
sys_enter_rt_sigaction
sys_enter_rt_sigaction
sys_enter_rt_sigaction
sys_enter_rt_sigaction
sys_enter_rt_sigaction
sys_enter_rt_sigaction
sys_enter_rt_sigaction
sys_enter_rt_sigaction
sys_enter_rt_sigaction
sys_enter_rt_sigaction
sys_enter_rt_sigaction
sys_enter_rt_sigaction
sys_enter_rt_sigaction
sys_enter_rt_sigaction
sys_enter_rt_sigaction
sys_enter_rt_sigaction
sys_enter_rt_sigaction
sys_enter_rt_sigaction
sys_enter_rt_sigaction
sys_enter_rt_sigaction
sys_enter_rt_sigaction
sys_enter_rt_sigaction
sys_enter_rt_sigaction
sys_enter_rt_sigaction
sys_enter_rt_sigaction
sys_enter_rt_sigaction
sys_enter_rt_sigaction
sys_enter_rt_sigaction
sys_enter_rt_sigaction
sys_enter_rt_sigaction
sys_enter_rt_sigaction
sys_enter_rt_sigaction
sys_enter_rt_sigaction
sys_enter_rt_sigaction
sys_enter_rt_sigaction
sys_enter_rt_sigaction
sys_enter_rt_sigaction
sys_enter_rt_sigaction
sys_enter_rt_sigaction
sys_enter_rt_sigaction
sys_enter_rt_sigaction
sys_enter_rt_sigaction
sys_enter_rt_sigaction
sys_enter_rt_sigaction
sys_enter_rt_sigaction
sys_enter_rt_sigaction
sys_enter_rt_sigaction
sys_enter_rt_sigaction
sys_enter_rt_sigaction
sys_enter_rt_sigaction
sys_enter_rt_sigaction
sys_enter_rt_sigaction
sys_enter_rt_sigaction
sys_enter_rt_sigaction
sys_enter_rt_sigaction
sys_enter_rt_sigaction
sys_enter_rt_sigaction
sys_enter_rt_sigaction
sys_enter_rt_sigaction
sys_enter_rt_sigaction
sys_enter_rt_sigaction
sys_enter_rt_sigaction
sys_enter_rt_sigaction
sys_enter_rt_sigaction
sys_enter_rt_sigaction
sys_enter_rt_sigaction
sys_enter_rt_sigaction
sys_enter_rt_sigaction
sys_enter_rt_sigaction
sys_enter_rt_sigaction
sys_enter_rt_sigaction
sys_enter_rt_sigaction
sys_enter_rt_sigaction
sys_enter_rt_sigaction
sys_enter_rt_sigaction
sys_enter_rt_sigaction
sys_enter_rt_sigaction
sys_enter_rt_sigaction
sys_enter_rt_sigaction
sys_enter_rt_sigaction
sys_enter_rt_sigaction
sys_enter_rt_sigaction
sys_enter_rt_sigaction
sys_enter_rt_sigaction
sys_enter_rt_sigaction
sys_enter_rt_sigaction
sys_enter_rt_sigaction
sys_enter_rt_sigaction
sys_enter_rt_sigaction
sys_enter_rt_sigaction
sys_enter_rt_sigprocmask
sys_enter_clone
sys_enter_rt_sigprocmask
sys_enter_gettid
sys_enter_sigaltstack
sys_enter_sigaltstack
sys_enter_gettid
sys_enter_rt_sigprocmask
sys_enter_rt_sigprocmask
sys_enter_clone
sys_enter_rt_sigprocmask
sys_enter_gettid
sys_enter_sigaltstack
sys_enter_sigaltstack
sys_enter_gettid
sys_enter_rt_sigprocmask
sys_enter_rt_sigprocmask
sys_enter_clone
sys_enter_rt_sigprocmask
sys_enter_clone
sys_enter_rt_sigprocmask
sys_enter_futex
sys_enter_gettid
sys_enter_rt_sigprocmask
sys_enter_sigaltstack
sys_enter_sigaltstack
sys_enter_gettid
sys_enter_rt_sigprocmask
sys_enter_gettid
sys_enter_futex
sys_enter_sigaltstack
sys_enter_sigaltstack
sys_enter_gettid
sys_enter_rt_sigprocmask
sys_enter_futex
sys_enter_futex
sys_enter_futex
sys_enter_futex
sys_enter_mmap
sys_enter_futex
sys_enter_futex
sys_enter_futex
sys_enter_openat
sys_enter_read
sys_enter_read
sys_enter_close
sys_enter_socket
sys_enter_close
sys_enter_socket
sys_enter_setsockopt
sys_enter_bind
sys_enter_socket
sys_enter_setsockopt
sys_enter_bind
sys_enter_close
sys_enter_close
sys_enter_getpid
sys_enter_getppid
sys_enter_mmap
sys_enter_mmap
sys_enter_getppid
sys_enter_openat
sys_enter_pipe2
sys_enter_getpid
sys_enter_clone
sys_enter_setsid
sys_enter_close
sys_enter_read
sys_enter_chdir
sys_enter_execve
sys_enter_close
sys_enter_exit_group
sys_enter_mmap
sys_enter_mmap
sys_enter_mprotect
sys_enter_mmap
sys_enter_mmap
sys_enter_mprotect
sys_enter_mmap
sys_enter_mprotect
sys_enter_mmap
sys_enter_mprotect
sys_enter_mmap
sys_enter_mmap
sys_enter_close
sys_enter_munmap
sys_enter_sched_getaffinity
sys_enter_mmap
sys_enter_munmap
sys_enter_mmap
sys_enter_mmap
sys_enter_mmap
sys_enter_mmap
sys_enter_mmap
sys_enter_mmap
sys_enter_rt_sigprocmask
sys_enter_sigaltstack
sys_enter_sigaltstack
sys_enter_gettid
sys_enter_rt_sigprocmask
sys_enter_rt_sigaction
sys_enter_rt_sigaction
sys_enter_rt_sigaction
sys_enter_rt_sigaction
sys_enter_rt_sigaction
sys_enter_rt_sigaction
sys_enter_rt_sigaction
sys_enter_rt_sigaction
sys_enter_rt_sigaction
sys_enter_rt_sigaction
sys_enter_rt_sigaction
sys_enter_rt_sigaction
sys_enter_rt_sigaction
sys_enter_rt_sigaction
sys_enter_rt_sigaction
sys_enter_rt_sigaction
sys_enter_rt_sigaction
sys_enter_rt_sigaction
sys_enter_rt_sigaction
sys_enter_rt_sigaction
sys_enter_rt_sigaction
sys_enter_rt_sigaction
sys_enter_rt_sigaction
sys_enter_rt_sigaction
sys_enter_rt_sigaction
sys_enter_rt_sigaction
sys_enter_rt_sigaction
sys_enter_rt_sigaction
sys_enter_rt_sigaction
sys_enter_rt_sigaction
sys_enter_rt_sigaction
sys_enter_rt_sigaction
sys_enter_rt_sigaction
sys_enter_rt_sigaction
sys_enter_rt_sigaction
sys_enter_rt_sigaction
sys_enter_rt_sigaction
sys_enter_rt_sigaction
sys_enter_rt_sigaction
sys_enter_rt_sigaction
sys_enter_rt_sigaction
sys_enter_rt_sigaction
sys_enter_rt_sigaction
sys_enter_rt_sigaction
sys_enter_rt_sigaction
sys_enter_rt_sigaction
sys_enter_rt_sigaction
sys_enter_rt_sigaction
sys_enter_rt_sigaction
sys_enter_rt_sigaction
sys_enter_rt_sigaction
sys_enter_rt_sigaction
sys_enter_rt_sigaction
sys_enter_rt_sigaction
sys_enter_rt_sigaction
sys_enter_rt_sigaction
sys_enter_rt_sigaction
sys_enter_rt_sigaction
sys_enter_rt_sigaction
sys_enter_rt_sigaction
sys_enter_rt_sigaction
sys_enter_rt_sigaction
sys_enter_rt_sigaction
sys_enter_rt_sigaction
sys_enter_rt_sigaction
sys_enter_rt_sigaction
sys_enter_rt_sigaction
sys_enter_rt_sigaction
sys_enter_rt_sigaction
sys_enter_rt_sigaction
sys_enter_rt_sigaction
sys_enter_rt_sigaction
sys_enter_rt_sigaction
sys_enter_rt_sigaction
sys_enter_rt_sigaction
sys_enter_rt_sigaction
sys_enter_rt_sigaction
sys_enter_rt_sigaction
sys_enter_rt_sigaction
sys_enter_rt_sigaction
sys_enter_rt_sigaction
sys_enter_rt_sigaction
sys_enter_rt_sigaction
sys_enter_rt_sigaction
sys_enter_rt_sigaction
sys_enter_rt_sigaction
sys_enter_rt_sigaction
sys_enter_rt_sigaction
sys_enter_rt_sigaction
sys_enter_rt_sigaction
sys_enter_rt_sigaction
sys_enter_rt_sigaction
sys_enter_rt_sigaction
sys_enter_rt_sigaction
sys_enter_rt_sigaction
sys_enter_rt_sigaction
sys_enter_rt_sigaction
sys_enter_rt_sigaction
sys_enter_rt_sigaction
sys_enter_rt_sigaction
sys_enter_rt_sigaction
sys_enter_rt_sigaction
sys_enter_rt_sigaction
sys_enter_rt_sigaction
sys_enter_rt_sigaction
sys_enter_rt_sigaction
sys_enter_rt_sigaction
sys_enter_rt_sigaction
sys_enter_rt_sigaction
sys_enter_rt_sigaction
sys_enter_rt_sigaction
sys_enter_rt_sigaction
sys_enter_rt_sigaction
sys_enter_rt_sigaction
sys_enter_rt_sigprocmask
sys_enter_clone
sys_enter_rt_sigprocmask
sys_enter_gettid
sys_enter_sigaltstack
sys_enter_sigaltstack
sys_enter_gettid
sys_enter_rt_sigprocmask
sys_enter_rt_sigprocmask
sys_enter_clone
sys_enter_rt_sigprocmask
sys_enter_gettid
sys_enter_sigaltstack
sys_enter_sigaltstack
sys_enter_gettid
sys_enter_rt_sigprocmask
sys_enter_rt_sigprocmask
sys_enter_clone
sys_enter_rt_sigprocmask
sys_enter_futex
sys_enter_gettid
sys_enter_sigaltstack
sys_enter_sigaltstack
sys_enter_gettid
sys_enter_rt_sigprocmask
sys_enter_futex
sys_enter_futex
sys_enter_rt_sigprocmask
sys_enter_clone
sys_enter_rt_sigprocmask
sys_enter_futex
sys_enter_gettid
sys_enter_sigaltstack
sys_enter_sigaltstack
sys_enter_gettid
sys_enter_rt_sigprocmask
sys_enter_futex
sys_enter_futex
sys_enter_mmap
sys_enter_futex
sys_enter_futex
sys_enter_futex
sys_enter_openat
sys_enter_read
sys_enter_read
sys_enter_close
sys_enter_socket
sys_enter_close
sys_enter_socket
sys_enter_setsockopt
sys_enter_bind
sys_enter_socket
sys_enter_setsockopt
sys_enter_bind
sys_enter_close
sys_enter_close
sys_enter_getpid
sys_enter_getppid
sys_enter_mmap
sys_enter_mmap
sys_enter_getppid
sys_enter_openat
sys_enter_pipe2
sys_enter_getpid
sys_enter_clone
sys_enter_close
sys_enter_read
sys_enter_setsid
sys_enter_chdir
sys_enter_execve
sys_enter_close
sys_enter_exit_group
sys_enter_mmap
sys_enter_mmap
sys_enter_mprotect
sys_enter_mmap
sys_enter_mmap
sys_enter_mprotect
sys_enter_mmap
sys_enter_mprotect
sys_enter_mmap
sys_enter_mprotect
sys_enter_mmap
sys_enter_mmap
sys_enter_close
sys_enter_munmap
sys_enter_sched_getaffinity
sys_enter_mmap
sys_enter_munmap
sys_enter_mmap
sys_enter_mmap
sys_enter_mmap
sys_enter_mmap
sys_enter_mmap
sys_enter_mmap
sys_enter_rt_sigprocmask
sys_enter_sigaltstack
sys_enter_sigaltstack
sys_enter_gettid
sys_enter_rt_sigprocmask
sys_enter_rt_sigaction
sys_enter_rt_sigaction
sys_enter_rt_sigaction
sys_enter_rt_sigaction
sys_enter_rt_sigaction
sys_enter_rt_sigaction
sys_enter_rt_sigaction
sys_enter_rt_sigaction
sys_enter_rt_sigaction
sys_enter_rt_sigaction
sys_enter_rt_sigaction
sys_enter_rt_sigaction
sys_enter_rt_sigaction
sys_enter_rt_sigaction
sys_enter_rt_sigaction
sys_enter_rt_sigaction
sys_enter_rt_sigaction
sys_enter_rt_sigaction
sys_enter_rt_sigaction
sys_enter_rt_sigaction
sys_enter_rt_sigaction
sys_enter_rt_sigaction
sys_enter_rt_sigaction
sys_enter_rt_sigaction
sys_enter_rt_sigaction
sys_enter_rt_sigaction
sys_enter_rt_sigaction
sys_enter_rt_sigaction
sys_enter_rt_sigaction
sys_enter_rt_sigaction
sys_enter_rt_sigaction
sys_enter_rt_sigaction
sys_enter_rt_sigaction
sys_enter_rt_sigaction
sys_enter_rt_sigaction
sys_enter_rt_sigaction
sys_enter_rt_sigaction
sys_enter_rt_sigaction
sys_enter_rt_sigaction
sys_enter_rt_sigaction
sys_enter_rt_sigaction
sys_enter_rt_sigaction
sys_enter_rt_sigaction
sys_enter_rt_sigaction
sys_enter_rt_sigaction
sys_enter_rt_sigaction
sys_enter_rt_sigaction
sys_enter_rt_sigaction
sys_enter_rt_sigaction
sys_enter_rt_sigaction
sys_enter_rt_sigaction
sys_enter_rt_sigaction
sys_enter_rt_sigaction
sys_enter_rt_sigaction
sys_enter_rt_sigaction
sys_enter_rt_sigaction
sys_enter_rt_sigaction
sys_enter_rt_sigaction
sys_enter_rt_sigaction
sys_enter_rt_sigaction
sys_enter_rt_sigaction
sys_enter_rt_sigaction
sys_enter_rt_sigaction
sys_enter_rt_sigaction
sys_enter_rt_sigaction
sys_enter_rt_sigaction
sys_enter_rt_sigaction
sys_enter_rt_sigaction
sys_enter_rt_sigaction
sys_enter_rt_sigaction
sys_enter_rt_sigaction
sys_enter_rt_sigaction
sys_enter_rt_sigaction
sys_enter_rt_sigaction
sys_enter_rt_sigaction
sys_enter_rt_sigaction
sys_enter_rt_sigaction
sys_enter_rt_sigaction
sys_enter_rt_sigaction
sys_enter_rt_sigaction
sys_enter_rt_sigaction
sys_enter_rt_sigaction
sys_enter_rt_sigaction
sys_enter_rt_sigaction
sys_enter_rt_sigaction
sys_enter_rt_sigaction
sys_enter_rt_sigaction
sys_enter_rt_sigaction
sys_enter_rt_sigaction
sys_enter_rt_sigaction
sys_enter_rt_sigaction
sys_enter_rt_sigaction
sys_enter_rt_sigaction
sys_enter_rt_sigaction
sys_enter_rt_sigaction
sys_enter_rt_sigaction
sys_enter_rt_sigaction
sys_enter_rt_sigaction
sys_enter_rt_sigaction
sys_enter_rt_sigaction
sys_enter_rt_sigaction
sys_enter_rt_sigaction
sys_enter_rt_sigaction
sys_enter_rt_sigaction
sys_enter_rt_sigaction
sys_enter_rt_sigaction
sys_enter_rt_sigaction
sys_enter_rt_sigaction
sys_enter_rt_sigaction
sys_enter_rt_sigaction
sys_enter_rt_sigaction
sys_enter_rt_sigaction
sys_enter_rt_sigaction
sys_enter_rt_sigaction
sys_enter_rt_sigprocmask
sys_enter_clone
sys_enter_rt_sigprocmask
sys_enter_gettid
sys_enter_sigaltstack
sys_enter_sigaltstack
sys_enter_gettid
sys_enter_rt_sigprocmask
sys_enter_rt_sigprocmask
sys_enter_clone
sys_enter_rt_sigprocmask
sys_enter_gettid
sys_enter_sigaltstack
sys_enter_sigaltstack
sys_enter_rt_sigprocmask
sys_enter_clone
sys_enter_gettid
sys_enter_rt_sigprocmask
sys_enter_rt_sigprocmask
sys_enter_sched_yield
sys_enter_gettid
sys_enter_futex
sys_enter_sigaltstack
sys_enter_rt_sigprocmask
sys_enter_futex
sys_enter_sigaltstack
sys_enter_clone
sys_enter_gettid
sys_enter_rt_sigprocmask
sys_enter_futex
sys_enter_rt_sigprocmask
sys_enter_gettid
sys_enter_futex
sys_enter_futex
sys_enter_mmap
sys_enter_sigaltstack
sys_enter_sigaltstack
sys_enter_gettid
sys_enter_rt_sigprocmask
sys_enter_futex
sys_enter_futex
sys_enter_futex
sys_enter_openat
sys_enter_read
sys_enter_read
sys_enter_close
sys_enter_socket
sys_enter_close
sys_enter_socket
sys_enter_setsockopt
sys_enter_bind
sys_enter_socket
sys_enter_setsockopt
sys_enter_bind
sys_enter_close
sys_enter_close
sys_enter_getpid
sys_enter_getppid
sys_enter_mmap
sys_enter_mmap
sys_enter_getppid
sys_enter_openat
sys_enter_pipe2
sys_enter_getpid
sys_enter_clone
sys_enter_close
sys_enter_read
sys_enter_setsid
sys_enter_chdir
sys_enter_execve
sys_enter_close
sys_enter_exit_group
sys_enter_mmap
sys_enter_mmap
sys_enter_mprotect
sys_enter_mmap
sys_enter_mmap
sys_enter_mprotect
sys_enter_mmap
sys_enter_mprotect
sys_enter_mmap
sys_enter_mprotect
sys_enter_mmap
sys_enter_mmap
sys_enter_close
sys_enter_munmap
sys_enter_sched_getaffinity
sys_enter_mmap
sys_enter_munmap
sys_enter_mmap
sys_enter_mmap
sys_enter_mmap
sys_enter_mmap
sys_enter_mmap
sys_enter_mmap
sys_enter_rt_sigprocmask
sys_enter_sigaltstack
sys_enter_sigaltstack
sys_enter_gettid
sys_enter_rt_sigprocmask
sys_enter_rt_sigaction
sys_enter_rt_sigaction
sys_enter_rt_sigaction
sys_enter_rt_sigaction
sys_enter_rt_sigaction
sys_enter_rt_sigaction
sys_enter_rt_sigaction
sys_enter_rt_sigaction
sys_enter_rt_sigaction
sys_enter_rt_sigaction
sys_enter_rt_sigaction
sys_enter_rt_sigaction
sys_enter_rt_sigaction
sys_enter_rt_sigaction
sys_enter_rt_sigaction
sys_enter_rt_sigaction
sys_enter_rt_sigaction
sys_enter_rt_sigaction
sys_enter_rt_sigaction
sys_enter_rt_sigaction
sys_enter_rt_sigaction
sys_enter_rt_sigaction
sys_enter_rt_sigaction
sys_enter_rt_sigaction
sys_enter_rt_sigaction
sys_enter_rt_sigaction
sys_enter_rt_sigaction
sys_enter_rt_sigaction
sys_enter_rt_sigaction
sys_enter_rt_sigaction
sys_enter_rt_sigaction
sys_enter_rt_sigaction
sys_enter_rt_sigaction
sys_enter_rt_sigaction
sys_enter_rt_sigaction
sys_enter_rt_sigaction
sys_enter_rt_sigaction
sys_enter_rt_sigaction
sys_enter_rt_sigaction
sys_enter_rt_sigaction
sys_enter_rt_sigaction
sys_enter_rt_sigaction
sys_enter_rt_sigaction
sys_enter_rt_sigaction
sys_enter_rt_sigaction
sys_enter_rt_sigaction
sys_enter_rt_sigaction
sys_enter_rt_sigaction
sys_enter_rt_sigaction
sys_enter_rt_sigaction
sys_enter_rt_sigaction
sys_enter_rt_sigaction
sys_enter_rt_sigaction
sys_enter_rt_sigaction
sys_enter_rt_sigaction
sys_enter_rt_sigaction
sys_enter_rt_sigaction
sys_enter_rt_sigaction
sys_enter_rt_sigaction
sys_enter_rt_sigaction
sys_enter_rt_sigaction
sys_enter_rt_sigaction
sys_enter_rt_sigaction
sys_enter_rt_sigaction
sys_enter_rt_sigaction
sys_enter_rt_sigaction
sys_enter_rt_sigaction
sys_enter_rt_sigaction
sys_enter_rt_sigaction
sys_enter_rt_sigaction
sys_enter_rt_sigaction
sys_enter_rt_sigaction
sys_enter_rt_sigaction
sys_enter_rt_sigaction
sys_enter_rt_sigaction
sys_enter_rt_sigaction
sys_enter_rt_sigaction
sys_enter_rt_sigaction
sys_enter_rt_sigaction
sys_enter_rt_sigaction
sys_enter_rt_sigaction
sys_enter_rt_sigaction
sys_enter_rt_sigaction
sys_enter_rt_sigaction
sys_enter_rt_sigaction
sys_enter_rt_sigaction
sys_enter_rt_sigaction
sys_enter_rt_sigaction
sys_enter_rt_sigaction
sys_enter_rt_sigaction
sys_enter_rt_sigaction
sys_enter_rt_sigaction
sys_enter_rt_sigaction
sys_enter_rt_sigaction
sys_enter_rt_sigaction
sys_enter_rt_sigaction
sys_enter_rt_sigaction
sys_enter_rt_sigaction
sys_enter_rt_sigaction
sys_enter_rt_sigaction
sys_enter_rt_sigaction
sys_enter_rt_sigaction
sys_enter_rt_sigaction
sys_enter_rt_sigaction
sys_enter_rt_sigaction
sys_enter_rt_sigaction
sys_enter_rt_sigaction
sys_enter_rt_sigaction
sys_enter_rt_sigaction
sys_enter_rt_sigaction
sys_enter_rt_sigaction
sys_enter_rt_sigaction
sys_enter_rt_sigaction
sys_enter_rt_sigaction
sys_enter_rt_sigprocmask
sys_enter_clone
sys_enter_rt_sigprocmask
sys_enter_gettid
sys_enter_sigaltstack
sys_enter_sigaltstack
sys_enter_gettid
sys_enter_rt_sigprocmask
sys_enter_rt_sigprocmask
sys_enter_clone
sys_enter_rt_sigprocmask
sys_enter_gettid
sys_enter_sigaltstack
sys_enter_sigaltstack
sys_enter_rt_sigprocmask
sys_enter_clone
sys_enter_gettid
sys_enter_rt_sigprocmask
sys_enter_rt_sigprocmask
sys_enter_clone
sys_enter_rt_sigprocmask
sys_enter_futex
sys_enter_gettid
sys_enter_sigaltstack
sys_enter_sigaltstack
sys_enter_gettid
sys_enter_rt_sigprocmask
sys_enter_rt_sigprocmask
sys_enter_gettid
sys_enter_futex
sys_enter_futex
sys_enter_sigaltstack
sys_enter_sigaltstack
sys_enter_gettid
sys_enter_futex
sys_enter_rt_sigprocmask
sys_enter_futex
sys_enter_futex
sys_enter_mmap
sys_enter_futex
sys_enter_futex
sys_enter_futex
sys_enter_openat
sys_enter_read
sys_enter_read
sys_enter_close
sys_enter_socket
sys_enter_close
sys_enter_socket
sys_enter_setsockopt
sys_enter_bind
sys_enter_socket
sys_enter_setsockopt
sys_enter_bind
sys_enter_close
sys_enter_close
sys_enter_getpid
sys_enter_getppid
sys_enter_mmap
sys_enter_mmap
sys_enter_getppid
sys_enter_openat
sys_enter_pipe2
sys_enter_getpid
sys_enter_clone
sys_enter_setsid
sys_enter_close
sys_enter_read
sys_enter_chdir
sys_enter_execve
sys_enter_close
sys_enter_mmap
sys_enter_mmap
sys_enter_exit_group
sys_enter_mprotect
sys_enter_mmap
sys_enter_mmap
sys_enter_mprotect
sys_enter_mmap
sys_enter_mprotect
sys_enter_mmap
sys_enter_mprotect
sys_enter_mmap
sys_enter_mmap
sys_enter_close
sys_enter_munmap
sys_enter_sched_getaffinity
sys_enter_mmap
sys_enter_munmap
sys_enter_mmap
sys_enter_mmap
sys_enter_mmap
sys_enter_mmap
sys_enter_mmap
sys_enter_mmap
sys_enter_rt_sigprocmask
sys_enter_sigaltstack
sys_enter_sigaltstack
sys_enter_gettid
sys_enter_rt_sigprocmask
sys_enter_rt_sigaction
sys_enter_rt_sigaction
sys_enter_rt_sigaction
sys_enter_rt_sigaction
sys_enter_rt_sigaction
sys_enter_rt_sigaction
sys_enter_rt_sigaction
sys_enter_rt_sigaction
sys_enter_rt_sigaction
sys_enter_rt_sigaction
sys_enter_rt_sigaction
sys_enter_rt_sigaction
sys_enter_rt_sigaction
sys_enter_rt_sigaction
sys_enter_rt_sigaction
sys_enter_rt_sigaction
sys_enter_rt_sigaction
sys_enter_rt_sigaction
sys_enter_rt_sigaction
sys_enter_rt_sigaction
sys_enter_rt_sigaction
sys_enter_rt_sigaction
sys_enter_rt_sigaction
sys_enter_rt_sigaction
sys_enter_rt_sigaction
sys_enter_rt_sigaction
sys_enter_rt_sigaction
sys_enter_rt_sigaction
sys_enter_rt_sigaction
sys_enter_rt_sigaction
sys_enter_rt_sigaction
sys_enter_rt_sigaction
sys_enter_rt_sigaction
sys_enter_rt_sigaction
sys_enter_rt_sigaction
sys_enter_rt_sigaction
sys_enter_rt_sigaction
sys_enter_rt_sigaction
sys_enter_rt_sigaction
sys_enter_rt_sigaction
sys_enter_rt_sigaction
sys_enter_rt_sigaction
sys_enter_rt_sigaction
sys_enter_rt_sigaction
sys_enter_rt_sigaction
sys_enter_rt_sigaction
sys_enter_rt_sigaction
sys_enter_rt_sigaction
sys_enter_rt_sigaction
sys_enter_rt_sigaction
sys_enter_rt_sigaction
sys_enter_rt_sigaction
sys_enter_rt_sigaction
sys_enter_rt_sigaction
sys_enter_rt_sigaction
sys_enter_rt_sigaction
sys_enter_rt_sigaction
sys_enter_rt_sigaction
sys_enter_rt_sigaction
sys_enter_rt_sigaction
sys_enter_rt_sigaction
sys_enter_rt_sigaction
sys_enter_rt_sigaction
sys_enter_rt_sigaction
sys_enter_rt_sigaction
sys_enter_rt_sigaction
sys_enter_rt_sigaction
sys_enter_rt_sigaction
sys_enter_rt_sigaction
sys_enter_rt_sigaction
sys_enter_rt_sigaction
sys_enter_rt_sigaction
sys_enter_rt_sigaction
sys_enter_rt_sigaction
sys_enter_rt_sigaction
sys_enter_rt_sigaction
sys_enter_rt_sigaction
sys_enter_rt_sigaction
sys_enter_rt_sigaction
sys_enter_rt_sigaction
sys_enter_rt_sigaction
sys_enter_rt_sigaction
sys_enter_rt_sigaction
sys_enter_rt_sigaction
sys_enter_rt_sigaction
sys_enter_rt_sigaction
sys_enter_rt_sigaction
sys_enter_rt_sigaction
sys_enter_rt_sigaction
sys_enter_rt_sigaction
sys_enter_rt_sigaction
sys_enter_rt_sigaction
sys_enter_rt_sigaction
sys_enter_rt_sigaction
sys_enter_rt_sigaction
sys_enter_rt_sigaction
sys_enter_rt_sigaction
sys_enter_rt_sigaction
sys_enter_rt_sigaction
sys_enter_rt_sigaction
sys_enter_rt_sigaction
sys_enter_rt_sigaction
sys_enter_rt_sigaction
sys_enter_rt_sigaction
sys_enter_rt_sigaction
sys_enter_rt_sigaction
sys_enter_rt_sigaction
sys_enter_rt_sigaction
sys_enter_rt_sigaction
sys_enter_rt_sigaction
sys_enter_rt_sigaction
sys_enter_rt_sigaction
sys_enter_rt_sigaction
sys_enter_rt_sigaction
sys_enter_rt_sigprocmask
sys_enter_clone
sys_enter_rt_sigprocmask
sys_enter_gettid
sys_enter_sigaltstack
sys_enter_sigaltstack
sys_enter_gettid
sys_enter_rt_sigprocmask
sys_enter_rt_sigprocmask
sys_enter_clone
sys_enter_rt_sigprocmask
sys_enter_gettid
sys_enter_sigaltstack
sys_enter_sigaltstack
sys_enter_gettid
sys_enter_rt_sigprocmask
sys_enter_rt_sigprocmask
sys_enter_clone
sys_enter_rt_sigprocmask
sys_enter_clone
sys_enter_rt_sigprocmask
sys_enter_rt_sigprocmask
sys_enter_futex
sys_enter_gettid
sys_enter_sigaltstack
sys_enter_sigaltstack
sys_enter_gettid
sys_enter_rt_sigprocmask
sys_enter_futex
sys_enter_gettid
sys_enter_futex
sys_enter_futex
sys_enter_sigaltstack
sys_enter_sigaltstack
sys_enter_gettid
sys_enter_rt_sigprocmask
sys_enter_futex
sys_enter_futex
sys_enter_mmap
sys_enter_futex
sys_enter_futex
sys_enter_futex
sys_enter_openat
sys_enter_read
sys_enter_read
sys_enter_close
sys_enter_socket
sys_enter_close
sys_enter_socket
sys_enter_setsockopt
sys_enter_bind
sys_enter_socket
sys_enter_setsockopt
sys_enter_bind
sys_enter_close
sys_enter_close
sys_enter_getpid
sys_enter_getppid
sys_enter_mmap
sys_enter_mmap
sys_enter_getppid
sys_enter_openat
sys_enter_pipe2
sys_enter_getpid
sys_enter_clone
sys_enter_setsid
sys_enter_close
sys_enter_chdir
sys_enter_read
sys_enter_execve
sys_enter_close
sys_enter_mmap
sys_enter_exit_group
sys_enter_mmap
sys_enter_mprotect
sys_enter_mmap
sys_enter_mmap
sys_enter_mprotect
sys_enter_mmap
sys_enter_mprotect
sys_enter_mmap
sys_enter_mprotect
sys_enter_mmap
sys_enter_mmap
sys_enter_close
sys_enter_munmap
sys_enter_sched_getaffinity
sys_enter_mmap
sys_enter_munmap
sys_enter_mmap
sys_enter_mmap
sys_enter_mmap
sys_enter_mmap
sys_enter_mmap
sys_enter_mmap
sys_enter_rt_sigprocmask
sys_enter_sigaltstack
sys_enter_sigaltstack
sys_enter_gettid
sys_enter_rt_sigprocmask
sys_enter_rt_sigaction
sys_enter_rt_sigaction
sys_enter_rt_sigaction
sys_enter_rt_sigaction
sys_enter_rt_sigaction
sys_enter_rt_sigaction
sys_enter_rt_sigaction
sys_enter_rt_sigaction
sys_enter_rt_sigaction
sys_enter_rt_sigaction
sys_enter_rt_sigaction
sys_enter_rt_sigaction
sys_enter_rt_sigaction
sys_enter_rt_sigaction
sys_enter_rt_sigaction
sys_enter_rt_sigaction
sys_enter_rt_sigaction
sys_enter_rt_sigaction
sys_enter_rt_sigaction
sys_enter_rt_sigaction
sys_enter_rt_sigaction
sys_enter_rt_sigaction
sys_enter_rt_sigaction
sys_enter_rt_sigaction
sys_enter_rt_sigaction
sys_enter_rt_sigaction
sys_enter_rt_sigaction
sys_enter_rt_sigaction
sys_enter_rt_sigaction
sys_enter_rt_sigaction
sys_enter_rt_sigaction
sys_enter_rt_sigaction
sys_enter_rt_sigaction
sys_enter_rt_sigaction
sys_enter_rt_sigaction
sys_enter_rt_sigaction
sys_enter_rt_sigaction
sys_enter_rt_sigaction
sys_enter_rt_sigaction
sys_enter_rt_sigaction
sys_enter_rt_sigaction
sys_enter_rt_sigaction
sys_enter_rt_sigaction
sys_enter_rt_sigaction
sys_enter_rt_sigaction
sys_enter_rt_sigaction
sys_enter_rt_sigaction
sys_enter_rt_sigaction
sys_enter_rt_sigaction
sys_enter_rt_sigaction
sys_enter_rt_sigaction
sys_enter_rt_sigaction
sys_enter_rt_sigaction
sys_enter_rt_sigaction
sys_enter_rt_sigaction
sys_enter_rt_sigaction
sys_enter_rt_sigaction
sys_enter_rt_sigaction
sys_enter_rt_sigaction
sys_enter_rt_sigaction
sys_enter_rt_sigaction
sys_enter_rt_sigaction
sys_enter_rt_sigaction
sys_enter_rt_sigaction
sys_enter_rt_sigaction
sys_enter_rt_sigaction
sys_enter_rt_sigaction
sys_enter_rt_sigaction
sys_enter_rt_sigaction
sys_enter_rt_sigaction
sys_enter_rt_sigaction
sys_enter_rt_sigaction
sys_enter_rt_sigaction
sys_enter_rt_sigaction
sys_enter_rt_sigaction
sys_enter_rt_sigaction
sys_enter_rt_sigaction
sys_enter_rt_sigaction
sys_enter_rt_sigaction
sys_enter_rt_sigaction
sys_enter_rt_sigaction
sys_enter_rt_sigaction
sys_enter_rt_sigaction
sys_enter_rt_sigaction
sys_enter_rt_sigaction
sys_enter_rt_sigaction
sys_enter_rt_sigaction
sys_enter_rt_sigaction
sys_enter_rt_sigaction
sys_enter_rt_sigaction
sys_enter_rt_sigaction
sys_enter_rt_sigaction
sys_enter_rt_sigaction
sys_enter_rt_sigaction
sys_enter_rt_sigaction
sys_enter_rt_sigaction
sys_enter_rt_sigaction
sys_enter_rt_sigaction
sys_enter_rt_sigaction
sys_enter_rt_sigaction
sys_enter_rt_sigaction
sys_enter_rt_sigaction
sys_enter_rt_sigaction
sys_enter_rt_sigaction
sys_enter_rt_sigaction
sys_enter_rt_sigaction
sys_enter_rt_sigaction
sys_enter_rt_sigaction
sys_enter_rt_sigaction
sys_enter_rt_sigaction
sys_enter_rt_sigaction
sys_enter_rt_sigaction
sys_enter_rt_sigaction
sys_enter_rt_sigaction
sys_enter_rt_sigprocmask
sys_enter_clone
sys_enter_rt_sigprocmask
sys_enter_gettid
sys_enter_sigaltstack
sys_enter_sigaltstack
sys_enter_gettid
sys_enter_rt_sigprocmask
sys_enter_rt_sigprocmask
sys_enter_clone
sys_enter_rt_sigprocmask
sys_enter_gettid
sys_enter_sigaltstack
sys_enter_sigaltstack
sys_enter_rt_sigprocmask
sys_enter_clone
sys_enter_gettid
sys_enter_rt_sigprocmask
sys_enter_rt_sigprocmask
sys_enter_sched_yield
sys_enter_gettid
sys_enter_futex
sys_enter_sigaltstack
sys_enter_sigaltstack
sys_enter_gettid
sys_enter_futex
sys_enter_rt_sigprocmask
sys_enter_rt_sigprocmask
sys_enter_clone
sys_enter_futex
sys_enter_futex
sys_enter_rt_sigprocmask
sys_enter_futex
sys_enter_gettid
sys_enter_sigaltstack
sys_enter_sigaltstack
sys_enter_gettid
sys_enter_rt_sigprocmask
sys_enter_futex
sys_enter_futex
sys_enter_mmap
sys_enter_futex
sys_enter_futex
sys_enter_futex
sys_enter_openat
sys_enter_futex
sys_enter_futex
sys_enter_read
sys_enter_read
sys_enter_close
sys_enter_socket
sys_enter_close
sys_enter_socket
sys_enter_setsockopt
sys_enter_bind
sys_enter_socket
sys_enter_setsockopt
sys_enter_bind
sys_enter_close
sys_enter_close
sys_enter_mmap
sys_enter_getpid
sys_enter_getppid
sys_enter_mmap
sys_enter_mmap
sys_enter_getppid
sys_enter_openat
sys_enter_pipe2
sys_enter_getpid
sys_enter_clone
sys_enter_setsid
sys_enter_close
sys_enter_read
sys_enter_chdir
sys_enter_execve
sys_enter_close
sys_enter_exit_group
sys_enter_mmap
sys_enter_mmap
sys_enter_mprotect
sys_enter_mmap
sys_enter_mmap
sys_enter_mprotect
sys_enter_mmap
sys_enter_mprotect
sys_enter_mmap
sys_enter_mprotect
sys_enter_mmap
sys_enter_mmap
sys_enter_close
sys_enter_munmap
sys_enter_sched_getaffinity
sys_enter_mmap
sys_enter_munmap
sys_enter_mmap
sys_enter_mmap
sys_enter_mmap
sys_enter_mmap
sys_enter_mmap
sys_enter_mmap
sys_enter_rt_sigprocmask
sys_enter_sigaltstack
sys_enter_sigaltstack
sys_enter_gettid
sys_enter_rt_sigprocmask
sys_enter_rt_sigaction
sys_enter_rt_sigaction
sys_enter_rt_sigaction
sys_enter_rt_sigaction
sys_enter_rt_sigaction
sys_enter_rt_sigaction
sys_enter_rt_sigaction
sys_enter_rt_sigaction
sys_enter_rt_sigaction
sys_enter_rt_sigaction
sys_enter_rt_sigaction
sys_enter_rt_sigaction
sys_enter_rt_sigaction
sys_enter_rt_sigaction
sys_enter_rt_sigaction
sys_enter_rt_sigaction
sys_enter_rt_sigaction
sys_enter_rt_sigaction
sys_enter_rt_sigaction
sys_enter_rt_sigaction
sys_enter_rt_sigaction
sys_enter_rt_sigaction
sys_enter_rt_sigaction
sys_enter_rt_sigaction
sys_enter_rt_sigaction
sys_enter_rt_sigaction
sys_enter_rt_sigaction
sys_enter_rt_sigaction
sys_enter_rt_sigaction
sys_enter_rt_sigaction
sys_enter_rt_sigaction
sys_enter_rt_sigaction
sys_enter_rt_sigaction
sys_enter_rt_sigaction
sys_enter_rt_sigaction
sys_enter_rt_sigaction
sys_enter_rt_sigaction
sys_enter_rt_sigaction
sys_enter_rt_sigaction
sys_enter_rt_sigaction
sys_enter_rt_sigaction
sys_enter_rt_sigaction
sys_enter_rt_sigaction
sys_enter_rt_sigaction
sys_enter_rt_sigaction
sys_enter_rt_sigaction
sys_enter_rt_sigaction
sys_enter_rt_sigaction
sys_enter_rt_sigaction
sys_enter_rt_sigaction
sys_enter_rt_sigaction
sys_enter_rt_sigaction
sys_enter_rt_sigaction
sys_enter_rt_sigaction
sys_enter_rt_sigaction
sys_enter_rt_sigaction
sys_enter_rt_sigaction
sys_enter_rt_sigaction
sys_enter_rt_sigaction
sys_enter_rt_sigaction
sys_enter_rt_sigaction
sys_enter_rt_sigaction
sys_enter_rt_sigaction
sys_enter_rt_sigaction
sys_enter_rt_sigaction
sys_enter_rt_sigaction
sys_enter_rt_sigaction
sys_enter_rt_sigaction
sys_enter_rt_sigaction
sys_enter_rt_sigaction
sys_enter_rt_sigaction
sys_enter_rt_sigaction
sys_enter_rt_sigaction
sys_enter_rt_sigaction
sys_enter_rt_sigaction
sys_enter_rt_sigaction
sys_enter_rt_sigaction
sys_enter_rt_sigaction
sys_enter_rt_sigaction
sys_enter_rt_sigaction
sys_enter_rt_sigaction
sys_enter_rt_sigaction
sys_enter_rt_sigaction
sys_enter_rt_sigaction
sys_enter_rt_sigaction
sys_enter_rt_sigaction
sys_enter_rt_sigaction
sys_enter_rt_sigaction
sys_enter_rt_sigaction
sys_enter_rt_sigaction
sys_enter_rt_sigaction
sys_enter_rt_sigaction
sys_enter_rt_sigaction
sys_enter_rt_sigaction
sys_enter_rt_sigaction
sys_enter_rt_sigaction
sys_enter_rt_sigaction
sys_enter_rt_sigaction
sys_enter_rt_sigaction
sys_enter_rt_sigaction
sys_enter_rt_sigaction
sys_enter_rt_sigaction
sys_enter_rt_sigaction
sys_enter_rt_sigaction
sys_enter_rt_sigaction
sys_enter_rt_sigaction
sys_enter_rt_sigaction
sys_enter_rt_sigaction
sys_enter_rt_sigaction
sys_enter_rt_sigaction
sys_enter_rt_sigaction
sys_enter_rt_sigaction
sys_enter_rt_sigaction
sys_enter_rt_sigaction
sys_enter_rt_sigprocmask
sys_enter_clone
sys_enter_rt_sigprocmask
sys_enter_gettid
sys_enter_sigaltstack
sys_enter_sigaltstack
sys_enter_gettid
sys_enter_rt_sigprocmask
sys_enter_rt_sigprocmask
sys_enter_clone
sys_enter_rt_sigprocmask
sys_enter_gettid
sys_enter_sigaltstack
sys_enter_sigaltstack
sys_enter_gettid
sys_enter_rt_sigprocmask
sys_enter_rt_sigprocmask
sys_enter_clone
sys_enter_rt_sigprocmask
sys_enter_clone
sys_enter_rt_sigprocmask
sys_enter_futex
sys_enter_gettid
sys_enter_rt_sigprocmask
sys_enter_sigaltstack
sys_enter_sigaltstack
sys_enter_gettid
sys_enter_gettid
sys_enter_rt_sigprocmask
sys_enter_sigaltstack
sys_enter_sigaltstack
sys_enter_gettid
sys_enter_rt_sigprocmask
sys_enter_futex
sys_enter_futex
sys_enter_futex
sys_enter_futex
sys_enter_futex
sys_enter_mmap
sys_enter_futex
sys_enter_futex
sys_enter_futex
sys_enter_openat
sys_enter_read
sys_enter_read
sys_enter_close
sys_enter_socket
sys_enter_close
sys_enter_socket
sys_enter_setsockopt
sys_enter_bind
sys_enter_socket
sys_enter_setsockopt
sys_enter_bind
sys_enter_close
sys_enter_close
sys_enter_getpid
sys_enter_getppid
sys_enter_mmap
sys_enter_mmap
sys_enter_getppid
sys_enter_openat
sys_enter_pipe2
sys_enter_getpid
sys_enter_clone
sys_enter_setsid
sys_enter_close
sys_enter_read
sys_enter_chdir
sys_enter_execve
sys_enter_close
sys_enter_exit_group
sys_enter_mmap
sys_enter_mmap
sys_enter_mprotect
sys_enter_mmap
sys_enter_mmap
sys_enter_mprotect
sys_enter_mmap
sys_enter_mprotect
sys_enter_mmap
sys_enter_mprotect
sys_enter_mmap
sys_enter_mmap
sys_enter_close
sys_enter_munmap
sys_enter_sched_getaffinity
sys_enter_mmap
sys_enter_munmap
sys_enter_mmap
sys_enter_mmap
sys_enter_mmap
sys_enter_mmap
sys_enter_mmap
sys_enter_mmap
sys_enter_rt_sigprocmask
sys_enter_sigaltstack
sys_enter_sigaltstack
sys_enter_gettid
sys_enter_rt_sigprocmask
sys_enter_rt_sigaction
sys_enter_rt_sigaction
sys_enter_rt_sigaction
sys_enter_rt_sigaction
sys_enter_rt_sigaction
sys_enter_rt_sigaction
sys_enter_rt_sigaction
sys_enter_rt_sigaction
sys_enter_rt_sigaction
sys_enter_rt_sigaction
sys_enter_rt_sigaction
sys_enter_rt_sigaction
sys_enter_rt_sigaction
sys_enter_rt_sigaction
sys_enter_rt_sigaction
sys_enter_rt_sigaction
sys_enter_rt_sigaction
sys_enter_rt_sigaction
sys_enter_rt_sigaction
sys_enter_rt_sigaction
sys_enter_rt_sigaction
sys_enter_rt_sigaction
sys_enter_rt_sigaction
sys_enter_rt_sigaction
sys_enter_rt_sigaction
sys_enter_rt_sigaction
sys_enter_rt_sigaction
sys_enter_rt_sigaction
sys_enter_rt_sigaction
sys_enter_rt_sigaction
sys_enter_rt_sigaction
sys_enter_rt_sigaction
sys_enter_rt_sigaction
sys_enter_rt_sigaction
sys_enter_rt_sigaction
sys_enter_rt_sigaction
sys_enter_rt_sigaction
sys_enter_rt_sigaction
sys_enter_rt_sigaction
sys_enter_rt_sigaction
sys_enter_rt_sigaction
sys_enter_rt_sigaction
sys_enter_rt_sigaction
sys_enter_rt_sigaction
sys_enter_rt_sigaction
sys_enter_rt_sigaction
sys_enter_rt_sigaction
sys_enter_rt_sigaction
sys_enter_rt_sigaction
sys_enter_rt_sigaction
sys_enter_rt_sigaction
sys_enter_rt_sigaction
sys_enter_rt_sigaction
sys_enter_rt_sigaction
sys_enter_rt_sigaction
sys_enter_rt_sigaction
sys_enter_rt_sigaction
sys_enter_rt_sigaction
sys_enter_rt_sigaction
sys_enter_rt_sigaction
sys_enter_rt_sigaction
sys_enter_rt_sigaction
sys_enter_rt_sigaction
sys_enter_rt_sigaction
sys_enter_rt_sigaction
sys_enter_rt_sigaction
sys_enter_rt_sigaction
sys_enter_rt_sigaction
sys_enter_rt_sigaction
sys_enter_rt_sigaction
sys_enter_rt_sigaction
sys_enter_rt_sigaction
sys_enter_rt_sigaction
sys_enter_rt_sigaction
sys_enter_rt_sigaction
sys_enter_rt_sigaction
sys_enter_rt_sigaction
sys_enter_rt_sigaction
sys_enter_rt_sigaction
sys_enter_rt_sigaction
sys_enter_rt_sigaction
sys_enter_rt_sigaction
sys_enter_rt_sigaction
sys_enter_rt_sigaction
sys_enter_rt_sigaction
sys_enter_rt_sigaction
sys_enter_rt_sigaction
sys_enter_rt_sigaction
sys_enter_rt_sigaction
sys_enter_rt_sigaction
sys_enter_rt_sigaction
sys_enter_rt_sigaction
sys_enter_rt_sigaction
sys_enter_rt_sigaction
sys_enter_rt_sigaction
sys_enter_rt_sigaction
sys_enter_rt_sigaction
sys_enter_rt_sigaction
sys_enter_rt_sigaction
sys_enter_rt_sigaction
sys_enter_rt_sigaction
sys_enter_rt_sigaction
sys_enter_rt_sigaction
sys_enter_rt_sigaction
sys_enter_rt_sigaction
sys_enter_rt_sigaction
sys_enter_rt_sigaction
sys_enter_rt_sigaction
sys_enter_rt_sigaction
sys_enter_rt_sigaction
sys_enter_rt_sigaction
sys_enter_rt_sigaction
sys_enter_rt_sigaction
sys_enter_rt_sigaction
sys_enter_rt_sigprocmask
sys_enter_clone
sys_enter_rt_sigprocmask
sys_enter_gettid
sys_enter_sigaltstack
sys_enter_sigaltstack
sys_enter_gettid
sys_enter_rt_sigprocmask
sys_enter_rt_sigprocmask
sys_enter_clone
sys_enter_rt_sigprocmask
sys_enter_gettid
sys_enter_sigaltstack
sys_enter_sigaltstack
sys_enter_gettid
sys_enter_rt_sigprocmask
sys_enter_rt_sigprocmask
sys_enter_clone
sys_enter_rt_sigprocmask
sys_enter_futex
sys_enter_gettid
sys_enter_sigaltstack
sys_enter_sigaltstack
sys_enter_gettid
sys_enter_rt_sigprocmask
sys_enter_futex
sys_enter_rt_sigprocmask
sys_enter_clone
sys_enter_rt_sigprocmask
sys_enter_futex
sys_enter_gettid
sys_enter_futex
sys_enter_sigaltstack
sys_enter_sigaltstack
sys_enter_gettid
sys_enter_rt_sigprocmask
sys_enter_futex
sys_enter_futex
sys_enter_mmap
sys_enter_futex
sys_enter_futex
sys_enter_futex
sys_enter_openat
sys_enter_read
sys_enter_read
sys_enter_close
sys_enter_socket
sys_enter_close
sys_enter_socket
sys_enter_setsockopt
sys_enter_bind
sys_enter_socket
sys_enter_setsockopt
sys_enter_bind
sys_enter_close
sys_enter_close
sys_enter_getpid
sys_enter_getppid
sys_enter_mmap
sys_enter_mmap
sys_enter_getppid
sys_enter_openat
sys_enter_pipe2
sys_enter_getpid
sys_enter_clone
sys_enter_setsid
sys_enter_close
sys_enter_read
sys_enter_chdir
sys_enter_execve
sys_enter_close
sys_enter_exit_group
sys_enter_mmap
sys_enter_mmap
sys_enter_mprotect
sys_enter_mmap
sys_enter_mmap
sys_enter_mprotect
sys_enter_mmap
sys_enter_mprotect
sys_enter_mmap
sys_enter_mprotect
sys_enter_mmap
sys_enter_mmap
sys_enter_close
sys_enter_munmap
sys_enter_sched_getaffinity
sys_enter_mmap
sys_enter_munmap
sys_enter_mmap
sys_enter_mmap
sys_enter_mmap
sys_enter_mmap
sys_enter_mmap
sys_enter_mmap
sys_enter_rt_sigprocmask
sys_enter_sigaltstack
sys_enter_sigaltstack
sys_enter_gettid
sys_enter_rt_sigprocmask
sys_enter_rt_sigaction
sys_enter_rt_sigaction
sys_enter_rt_sigaction
sys_enter_rt_sigaction
sys_enter_rt_sigaction
sys_enter_rt_sigaction
sys_enter_rt_sigaction
sys_enter_rt_sigaction
sys_enter_rt_sigaction
sys_enter_rt_sigaction
sys_enter_rt_sigaction
sys_enter_rt_sigaction
sys_enter_rt_sigaction
sys_enter_rt_sigaction
sys_enter_rt_sigaction
sys_enter_rt_sigaction
sys_enter_rt_sigaction
sys_enter_rt_sigaction
sys_enter_rt_sigaction
sys_enter_rt_sigaction
sys_enter_rt_sigaction
sys_enter_rt_sigaction
sys_enter_rt_sigaction
sys_enter_rt_sigaction
sys_enter_rt_sigaction
sys_enter_rt_sigaction
sys_enter_rt_sigaction
sys_enter_rt_sigaction
sys_enter_rt_sigaction
sys_enter_rt_sigaction
sys_enter_rt_sigaction
sys_enter_rt_sigaction
sys_enter_rt_sigaction
sys_enter_rt_sigaction
sys_enter_rt_sigaction
sys_enter_rt_sigaction
sys_enter_rt_sigaction
sys_enter_rt_sigaction
sys_enter_rt_sigaction
sys_enter_rt_sigaction
sys_enter_rt_sigaction
sys_enter_rt_sigaction
sys_enter_rt_sigaction
sys_enter_rt_sigaction
sys_enter_rt_sigaction
sys_enter_rt_sigaction
sys_enter_rt_sigaction
sys_enter_rt_sigaction
sys_enter_rt_sigaction
sys_enter_rt_sigaction
sys_enter_rt_sigaction
sys_enter_rt_sigaction
sys_enter_rt_sigaction
sys_enter_rt_sigaction
sys_enter_rt_sigaction
sys_enter_rt_sigaction
sys_enter_rt_sigaction
sys_enter_rt_sigaction
sys_enter_rt_sigaction
sys_enter_rt_sigaction
sys_enter_rt_sigaction
sys_enter_rt_sigaction
sys_enter_rt_sigaction
sys_enter_rt_sigaction
sys_enter_rt_sigaction
sys_enter_rt_sigaction
sys_enter_rt_sigaction
sys_enter_rt_sigaction
sys_enter_rt_sigaction
sys_enter_rt_sigaction
sys_enter_rt_sigaction
sys_enter_rt_sigaction
sys_enter_rt_sigaction
sys_enter_rt_sigaction
sys_enter_rt_sigaction
sys_enter_rt_sigaction
sys_enter_rt_sigaction
sys_enter_rt_sigaction
sys_enter_rt_sigaction
sys_enter_rt_sigaction
sys_enter_rt_sigaction
sys_enter_rt_sigaction
sys_enter_rt_sigaction
sys_enter_rt_sigaction
sys_enter_rt_sigaction
sys_enter_rt_sigaction
sys_enter_rt_sigaction
sys_enter_rt_sigaction
sys_enter_rt_sigaction
sys_enter_rt_sigaction
sys_enter_rt_sigaction
sys_enter_rt_sigaction
sys_enter_rt_sigaction
sys_enter_rt_sigaction
sys_enter_rt_sigaction
sys_enter_rt_sigaction
sys_enter_rt_sigaction
sys_enter_rt_sigaction
sys_enter_rt_sigaction
sys_enter_rt_sigaction
sys_enter_rt_sigaction
sys_enter_rt_sigaction
sys_enter_rt_sigaction
sys_enter_rt_sigaction
sys_enter_rt_sigaction
sys_enter_rt_sigaction
sys_enter_rt_sigaction
sys_enter_rt_sigaction
sys_enter_rt_sigaction
sys_enter_rt_sigaction
sys_enter_rt_sigaction
sys_enter_rt_sigaction
sys_enter_rt_sigaction
sys_enter_rt_sigaction
sys_enter_rt_sigprocmask
sys_enter_clone
sys_enter_rt_sigprocmask
sys_enter_gettid
sys_enter_sigaltstack
sys_enter_sigaltstack
sys_enter_gettid
sys_enter_rt_sigprocmask
sys_enter_rt_sigprocmask
sys_enter_clone
sys_enter_rt_sigprocmask
sys_enter_gettid
sys_enter_sigaltstack
sys_enter_sigaltstack
sys_enter_gettid
sys_enter_rt_sigprocmask
sys_enter_rt_sigprocmask
sys_enter_clone
sys_enter_rt_sigprocmask
sys_enter_clone
sys_enter_rt_sigprocmask
sys_enter_futex
sys_enter_gettid
sys_enter_sigaltstack
sys_enter_sigaltstack
sys_enter_gettid
sys_enter_rt_sigprocmask
sys_enter_rt_sigprocmask
sys_enter_gettid
sys_enter_futex
sys_enter_sigaltstack
sys_enter_sigaltstack
sys_enter_futex
sys_enter_gettid
sys_enter_rt_sigprocmask
sys_enter_futex
sys_enter_futex
sys_enter_futex
sys_enter_mmap
sys_enter_futex
sys_enter_futex
sys_enter_futex
sys_enter_openat
sys_enter_futex
sys_enter_futex
sys_enter_futex
sys_enter_futex
sys_enter_futex
sys_enter_futex
sys_enter_read
sys_enter_read
sys_enter_close
sys_enter_socket
sys_enter_close
sys_enter_socket
sys_enter_setsockopt
sys_enter_bind
sys_enter_socket
sys_enter_setsockopt
sys_enter_bind
sys_enter_close
sys_enter_close
sys_enter_mmap
sys_enter_mmap
sys_enter_getpid
sys_enter_getppid
sys_enter_mmap
sys_enter_mmap
sys_enter_getppid
sys_enter_openat
sys_enter_pipe2
sys_enter_getpid
sys_enter_clone
sys_enter_setsid
sys_enter_close
sys_enter_read
sys_enter_chdir
sys_enter_execve
sys_enter_close
sys_enter_exit_group
sys_enter_mmap
sys_enter_mmap
sys_enter_mprotect
sys_enter_mmap
sys_enter_mmap
sys_enter_mprotect
sys_enter_mmap
sys_enter_mprotect
sys_enter_mmap
sys_enter_mprotect
sys_enter_mmap
sys_enter_mmap
sys_enter_close
sys_enter_munmap
sys_enter_sched_getaffinity
sys_enter_mmap
sys_enter_munmap
sys_enter_mmap
sys_enter_mmap
sys_enter_mmap
sys_enter_mmap
sys_enter_mmap
sys_enter_mmap
sys_enter_rt_sigprocmask
sys_enter_sigaltstack
sys_enter_sigaltstack
sys_enter_gettid
sys_enter_rt_sigprocmask
sys_enter_rt_sigaction
sys_enter_rt_sigaction
sys_enter_rt_sigaction
sys_enter_rt_sigaction
sys_enter_rt_sigaction
sys_enter_rt_sigaction
sys_enter_rt_sigaction
sys_enter_rt_sigaction
sys_enter_rt_sigaction
sys_enter_rt_sigaction
sys_enter_rt_sigaction
sys_enter_rt_sigaction
sys_enter_rt_sigaction
sys_enter_rt_sigaction
sys_enter_rt_sigaction
sys_enter_rt_sigaction
sys_enter_rt_sigaction
sys_enter_rt_sigaction
sys_enter_rt_sigaction
sys_enter_rt_sigaction
sys_enter_rt_sigaction
sys_enter_rt_sigaction
sys_enter_rt_sigaction
sys_enter_rt_sigaction
sys_enter_rt_sigaction
sys_enter_rt_sigaction
sys_enter_rt_sigaction
sys_enter_rt_sigaction
sys_enter_rt_sigaction
sys_enter_rt_sigaction
sys_enter_rt_sigaction
sys_enter_rt_sigaction
sys_enter_rt_sigaction
sys_enter_rt_sigaction
sys_enter_rt_sigaction
sys_enter_rt_sigaction
sys_enter_rt_sigaction
sys_enter_rt_sigaction
sys_enter_rt_sigaction
sys_enter_rt_sigaction
sys_enter_rt_sigaction
sys_enter_rt_sigaction
sys_enter_rt_sigaction
sys_enter_rt_sigaction
sys_enter_rt_sigaction
sys_enter_rt_sigaction
sys_enter_rt_sigaction
sys_enter_rt_sigaction
sys_enter_rt_sigaction
sys_enter_rt_sigaction
sys_enter_rt_sigaction
sys_enter_rt_sigaction
sys_enter_rt_sigaction
sys_enter_rt_sigaction
sys_enter_rt_sigaction
sys_enter_rt_sigaction
sys_enter_rt_sigaction
sys_enter_rt_sigaction
sys_enter_rt_sigaction
sys_enter_rt_sigaction
sys_enter_rt_sigaction
sys_enter_rt_sigaction
sys_enter_rt_sigaction
sys_enter_rt_sigaction
sys_enter_rt_sigaction
sys_enter_rt_sigaction
sys_enter_rt_sigaction
sys_enter_rt_sigaction
sys_enter_rt_sigaction
sys_enter_rt_sigaction
sys_enter_rt_sigaction
sys_enter_rt_sigaction
sys_enter_rt_sigaction
sys_enter_rt_sigaction
sys_enter_rt_sigaction
sys_enter_rt_sigaction
sys_enter_rt_sigaction
sys_enter_rt_sigaction
sys_enter_rt_sigaction
sys_enter_rt_sigaction
sys_enter_rt_sigaction
sys_enter_rt_sigaction
sys_enter_rt_sigaction
sys_enter_rt_sigaction
sys_enter_rt_sigaction
sys_enter_rt_sigaction
sys_enter_rt_sigaction
sys_enter_rt_sigaction
sys_enter_rt_sigaction
sys_enter_rt_sigaction
sys_enter_rt_sigaction
sys_enter_rt_sigaction
sys_enter_rt_sigaction
sys_enter_rt_sigaction
sys_enter_rt_sigaction
sys_enter_rt_sigaction
sys_enter_rt_sigaction
sys_enter_rt_sigaction
sys_enter_rt_sigaction
sys_enter_rt_sigaction
sys_enter_rt_sigaction
sys_enter_rt_sigaction
sys_enter_rt_sigaction
sys_enter_rt_sigaction
sys_enter_rt_sigaction
sys_enter_rt_sigaction
sys_enter_rt_sigaction
sys_enter_rt_sigaction
sys_enter_rt_sigaction
sys_enter_rt_sigaction
sys_enter_rt_sigaction
sys_enter_rt_sigaction
sys_enter_rt_sigaction
sys_enter_rt_sigaction
sys_enter_rt_sigprocmask
sys_enter_clone
sys_enter_rt_sigprocmask
sys_enter_gettid
sys_enter_sigaltstack
sys_enter_sigaltstack
sys_enter_gettid
sys_enter_rt_sigprocmask
sys_enter_rt_sigprocmask
sys_enter_clone
sys_enter_rt_sigprocmask
sys_enter_gettid
sys_enter_sigaltstack
sys_enter_sigaltstack
sys_enter_gettid
sys_enter_rt_sigprocmask
sys_enter_sched_yield
sys_enter_futex
sys_enter_sched_yield
sys_enter_futex
sys_enter_futex
sys_enter_rt_sigprocmask
sys_enter_clone
sys_enter_futex
sys_enter_rt_sigprocmask
sys_enter_clone
sys_enter_rt_sigprocmask
sys_enter_futex
sys_enter_gettid
sys_enter_sigaltstack
sys_enter_sigaltstack
sys_enter_rt_sigprocmask
sys_enter_gettid
sys_enter_sigaltstack
sys_enter_sigaltstack
sys_enter_gettid
sys_enter_rt_sigprocmask
sys_enter_futex
sys_enter_gettid
sys_enter_rt_sigprocmask
sys_enter_futex
sys_enter_futex
sys_enter_futex
sys_enter_futex
sys_enter_mmap
sys_enter_futex
sys_enter_futex
sys_enter_futex
sys_enter_openat
sys_enter_read
sys_enter_read
sys_enter_close
sys_enter_socket
sys_enter_close
sys_enter_socket
sys_enter_setsockopt
sys_enter_bind
sys_enter_socket
sys_enter_setsockopt
sys_enter_bind
sys_enter_close
sys_enter_close
sys_enter_getpid
sys_enter_getppid
sys_enter_mmap
sys_enter_mmap
sys_enter_getppid
sys_enter_openat
sys_enter_pipe2
sys_enter_getpid
sys_enter_clone
sys_enter_setsid
sys_enter_close
sys_enter_read
sys_enter_chdir
sys_enter_execve
sys_enter_close
sys_enter_exit_group
sys_enter_mmap
sys_enter_mmap
sys_enter_mprotect
sys_enter_mmap
sys_enter_mmap
sys_enter_mprotect
sys_enter_mmap
sys_enter_mprotect
sys_enter_mmap
sys_enter_mprotect
sys_enter_mmap
sys_enter_mmap
sys_enter_close
sys_enter_munmap
sys_enter_sched_getaffinity
sys_enter_mmap
sys_enter_munmap
sys_enter_mmap
sys_enter_mmap
sys_enter_mmap
sys_enter_mmap
sys_enter_mmap
sys_enter_mmap
sys_enter_rt_sigprocmask
sys_enter_sigaltstack
sys_enter_sigaltstack
sys_enter_gettid
sys_enter_rt_sigprocmask
sys_enter_rt_sigaction
sys_enter_rt_sigaction
sys_enter_rt_sigaction
sys_enter_rt_sigaction
sys_enter_rt_sigaction
sys_enter_rt_sigaction
sys_enter_rt_sigaction
sys_enter_rt_sigaction
sys_enter_rt_sigaction
sys_enter_rt_sigaction
sys_enter_rt_sigaction
sys_enter_rt_sigaction
sys_enter_rt_sigaction
sys_enter_rt_sigaction
sys_enter_rt_sigaction
sys_enter_rt_sigaction
sys_enter_rt_sigaction
sys_enter_rt_sigaction
sys_enter_rt_sigaction
sys_enter_rt_sigaction
sys_enter_rt_sigaction
sys_enter_rt_sigaction
sys_enter_rt_sigaction
sys_enter_rt_sigaction
sys_enter_rt_sigaction
sys_enter_rt_sigaction
sys_enter_rt_sigaction
sys_enter_rt_sigaction
sys_enter_rt_sigaction
sys_enter_rt_sigaction
sys_enter_rt_sigaction
sys_enter_rt_sigaction
sys_enter_rt_sigaction
sys_enter_rt_sigaction
sys_enter_rt_sigaction
sys_enter_rt_sigaction
sys_enter_rt_sigaction
sys_enter_rt_sigaction
sys_enter_rt_sigaction
sys_enter_rt_sigaction
sys_enter_rt_sigaction
sys_enter_rt_sigaction
sys_enter_rt_sigaction
sys_enter_rt_sigaction
sys_enter_rt_sigaction
sys_enter_rt_sigaction
sys_enter_rt_sigaction
sys_enter_rt_sigaction
sys_enter_rt_sigaction
sys_enter_rt_sigaction
sys_enter_rt_sigaction
sys_enter_rt_sigaction
sys_enter_rt_sigaction
sys_enter_rt_sigaction
sys_enter_rt_sigaction
sys_enter_rt_sigaction
sys_enter_rt_sigaction
sys_enter_rt_sigaction
sys_enter_rt_sigaction
sys_enter_rt_sigaction
sys_enter_rt_sigaction
sys_enter_rt_sigaction
sys_enter_rt_sigaction
sys_enter_rt_sigaction
sys_enter_rt_sigaction
sys_enter_rt_sigaction
sys_enter_rt_sigaction
sys_enter_rt_sigaction
sys_enter_rt_sigaction
sys_enter_rt_sigaction
sys_enter_rt_sigaction
sys_enter_rt_sigaction
sys_enter_rt_sigaction
sys_enter_rt_sigaction
sys_enter_rt_sigaction
sys_enter_rt_sigaction
sys_enter_rt_sigaction
sys_enter_rt_sigaction
sys_enter_rt_sigaction
sys_enter_rt_sigaction
sys_enter_rt_sigaction
sys_enter_rt_sigaction
sys_enter_rt_sigaction
sys_enter_rt_sigaction
sys_enter_rt_sigaction
sys_enter_rt_sigaction
sys_enter_rt_sigaction
sys_enter_rt_sigaction
sys_enter_rt_sigaction
sys_enter_rt_sigaction
sys_enter_rt_sigaction
sys_enter_rt_sigaction
sys_enter_rt_sigaction
sys_enter_rt_sigaction
sys_enter_rt_sigaction
sys_enter_rt_sigaction
sys_enter_rt_sigaction
sys_enter_rt_sigaction
sys_enter_rt_sigaction
sys_enter_rt_sigaction
sys_enter_rt_sigaction
sys_enter_rt_sigaction
sys_enter_rt_sigaction
sys_enter_rt_sigaction
sys_enter_rt_sigaction
sys_enter_rt_sigaction
sys_enter_rt_sigaction
sys_enter_rt_sigaction
sys_enter_rt_sigaction
sys_enter_rt_sigaction
sys_enter_rt_sigaction
sys_enter_rt_sigaction
sys_enter_rt_sigaction
sys_enter_rt_sigaction
sys_enter_rt_sigprocmask
sys_enter_clone
sys_enter_rt_sigprocmask
sys_enter_rt_sigprocmask
sys_enter_clone
sys_enter_rt_sigprocmask
sys_enter_gettid
sys_enter_sigaltstack
sys_enter_sigaltstack
sys_enter_gettid
sys_enter_rt_sigprocmask
sys_enter_rt_sigprocmask
sys_enter_clone
sys_enter_gettid
sys_enter_sigaltstack
sys_enter_rt_sigprocmask
sys_enter_clone
sys_enter_sigaltstack
sys_enter_gettid
sys_enter_rt_sigprocmask
sys_enter_rt_sigprocmask
sys_enter_futex
sys_enter_rt_sigprocmask
sys_enter_gettid
sys_enter_sigaltstack
sys_enter_sigaltstack
sys_enter_gettid
sys_enter_gettid
sys_enter_rt_sigprocmask
sys_enter_sigaltstack
sys_enter_sigaltstack
sys_enter_gettid
sys_enter_rt_sigprocmask
sys_enter_futex
sys_enter_futex
sys_enter_futex
sys_enter_futex
sys_enter_mmap
sys_enter_futex
sys_enter_futex
sys_enter_futex
sys_enter_futex
sys_enter_openat
sys_enter_read
sys_enter_read
sys_enter_close
sys_enter_socket
sys_enter_close
sys_enter_socket
sys_enter_setsockopt
sys_enter_bind
sys_enter_socket
sys_enter_setsockopt
sys_enter_bind
sys_enter_close
sys_enter_close
sys_enter_getpid
sys_enter_getppid
sys_enter_mmap
sys_enter_mmap
sys_enter_getppid
sys_enter_openat
sys_enter_pipe2
sys_enter_getpid
sys_enter_clone
sys_enter_setsid
sys_enter_close
sys_enter_read
sys_enter_chdir
sys_enter_execve
sys_enter_close
sys_enter_exit_group
sys_enter_mmap
sys_enter_mmap
sys_enter_mprotect
sys_enter_mmap
sys_enter_mmap
sys_enter_mprotect
sys_enter_mmap
sys_enter_mprotect
sys_enter_mmap
sys_enter_mprotect
sys_enter_mmap
sys_enter_mmap
sys_enter_close
sys_enter_munmap
sys_enter_sched_getaffinity
sys_enter_mmap
sys_enter_munmap
sys_enter_mmap
sys_enter_mmap
sys_enter_mmap
sys_enter_mmap
sys_enter_mmap
sys_enter_mmap
sys_enter_rt_sigprocmask
sys_enter_sigaltstack
sys_enter_sigaltstack
sys_enter_gettid
sys_enter_rt_sigprocmask
sys_enter_rt_sigaction
sys_enter_rt_sigaction
sys_enter_rt_sigaction
sys_enter_rt_sigaction
sys_enter_rt_sigaction
sys_enter_rt_sigaction
sys_enter_rt_sigaction
sys_enter_rt_sigaction
sys_enter_rt_sigaction
sys_enter_rt_sigaction
sys_enter_rt_sigaction
sys_enter_rt_sigaction
sys_enter_rt_sigaction
sys_enter_rt_sigaction
sys_enter_rt_sigaction
sys_enter_rt_sigaction
sys_enter_rt_sigaction
sys_enter_rt_sigaction
sys_enter_rt_sigaction
sys_enter_rt_sigaction
sys_enter_rt_sigaction
sys_enter_rt_sigaction
sys_enter_rt_sigaction
sys_enter_rt_sigaction
sys_enter_rt_sigaction
sys_enter_rt_sigaction
sys_enter_rt_sigaction
sys_enter_rt_sigaction
sys_enter_rt_sigaction
sys_enter_rt_sigaction
sys_enter_rt_sigaction
sys_enter_rt_sigaction
sys_enter_rt_sigaction
sys_enter_rt_sigaction
sys_enter_rt_sigaction
sys_enter_rt_sigaction
sys_enter_rt_sigaction
sys_enter_rt_sigaction
sys_enter_rt_sigaction
sys_enter_rt_sigaction
sys_enter_rt_sigaction
sys_enter_rt_sigaction
sys_enter_rt_sigaction
sys_enter_rt_sigaction
sys_enter_rt_sigaction
sys_enter_rt_sigaction
sys_enter_rt_sigaction
sys_enter_rt_sigaction
sys_enter_rt_sigaction
sys_enter_rt_sigaction
sys_enter_rt_sigaction
sys_enter_rt_sigaction
sys_enter_rt_sigaction
sys_enter_rt_sigaction
sys_enter_rt_sigaction
sys_enter_rt_sigaction
sys_enter_rt_sigaction
sys_enter_rt_sigaction
sys_enter_rt_sigaction
sys_enter_rt_sigaction
sys_enter_rt_sigaction
sys_enter_rt_sigaction
sys_enter_rt_sigaction
sys_enter_rt_sigaction
sys_enter_rt_sigaction
sys_enter_rt_sigaction
sys_enter_rt_sigaction
sys_enter_rt_sigaction
sys_enter_rt_sigaction
sys_enter_rt_sigaction
sys_enter_rt_sigaction
sys_enter_rt_sigaction
sys_enter_rt_sigaction
sys_enter_rt_sigaction
sys_enter_rt_sigaction
sys_enter_rt_sigaction
sys_enter_rt_sigaction
sys_enter_rt_sigaction
sys_enter_rt_sigaction
sys_enter_rt_sigaction
sys_enter_rt_sigaction
sys_enter_rt_sigaction
sys_enter_rt_sigaction
sys_enter_rt_sigaction
sys_enter_rt_sigaction
sys_enter_rt_sigaction
sys_enter_rt_sigaction
sys_enter_rt_sigaction
sys_enter_rt_sigaction
sys_enter_rt_sigaction
sys_enter_rt_sigaction
sys_enter_rt_sigaction
sys_enter_rt_sigaction
sys_enter_rt_sigaction
sys_enter_rt_sigaction
sys_enter_rt_sigaction
sys_enter_rt_sigaction
sys_enter_rt_sigaction
sys_enter_rt_sigaction
sys_enter_rt_sigaction
sys_enter_rt_sigaction
sys_enter_rt_sigaction
sys_enter_rt_sigaction
sys_enter_rt_sigaction
sys_enter_rt_sigaction
sys_enter_rt_sigaction
sys_enter_rt_sigaction
sys_enter_rt_sigaction
sys_enter_rt_sigaction
sys_enter_rt_sigaction
sys_enter_rt_sigaction
sys_enter_rt_sigaction
sys_enter_rt_sigaction
sys_enter_rt_sigaction
sys_enter_rt_sigprocmask
sys_enter_clone
sys_enter_rt_sigprocmask
sys_enter_rt_sigprocmask
sys_enter_clone
sys_enter_rt_sigprocmask
sys_enter_rt_sigprocmask
sys_enter_clone
sys_enter_rt_sigprocmask
sys_enter_sched_yield
sys_enter_futex
sys_enter_futex
sys_enter_gettid
sys_enter_sigaltstack
sys_enter_sigaltstack
sys_enter_gettid
sys_enter_rt_sigprocmask
sys_enter_futex
sys_enter_gettid
sys_enter_sigaltstack
sys_enter_sigaltstack
sys_enter_gettid
sys_enter_rt_sigprocmask
sys_enter_gettid
sys_enter_sigaltstack
sys_enter_sigaltstack
sys_enter_gettid
sys_enter_rt_sigprocmask
sys_enter_rt_sigprocmask
sys_enter_clone
sys_enter_rt_sigprocmask
sys_enter_futex
sys_enter_gettid
sys_enter_sigaltstack
sys_enter_sigaltstack
sys_enter_gettid
sys_enter_rt_sigprocmask
sys_enter_futex
sys_enter_futex
sys_enter_futex
sys_enter_mmap
sys_enter_futex
sys_enter_futex
sys_enter_futex
sys_enter_openat
sys_enter_futex
sys_enter_futex
sys_enter_read
sys_enter_read
sys_enter_close
sys_enter_socket
sys_enter_close
sys_enter_socket
sys_enter_setsockopt
sys_enter_bind
sys_enter_socket
sys_enter_setsockopt
sys_enter_bind
sys_enter_close
sys_enter_close
sys_enter_mmap
sys_enter_getpid
sys_enter_getppid
sys_enter_mmap
sys_enter_mmap
sys_enter_mmap
sys_enter_getppid
sys_enter_openat
sys_enter_pipe2
sys_enter_getpid
sys_enter_clone
sys_enter_setsid
sys_enter_close
sys_enter_read
sys_enter_chdir
sys_enter_execve
sys_enter_close
sys_enter_exit_group
sys_enter_mmap
sys_enter_mmap
sys_enter_mprotect
sys_enter_mmap
sys_enter_mmap
sys_enter_mprotect
sys_enter_mmap
sys_enter_mprotect
sys_enter_mmap
sys_enter_mprotect
sys_enter_mmap
sys_enter_mmap
sys_enter_close
sys_enter_munmap
sys_enter_sched_getaffinity
sys_enter_mmap
sys_enter_munmap
sys_enter_mmap
sys_enter_mmap
sys_enter_mmap
sys_enter_mmap
sys_enter_mmap
sys_enter_mmap
sys_enter_rt_sigprocmask
sys_enter_sigaltstack
sys_enter_sigaltstack
sys_enter_gettid
sys_enter_rt_sigprocmask
sys_enter_rt_sigaction
sys_enter_rt_sigaction
sys_enter_rt_sigaction
sys_enter_rt_sigaction
sys_enter_rt_sigaction
sys_enter_rt_sigaction
sys_enter_rt_sigaction
sys_enter_rt_sigaction
sys_enter_rt_sigaction
sys_enter_rt_sigaction
sys_enter_rt_sigaction
sys_enter_rt_sigaction
sys_enter_rt_sigaction
sys_enter_rt_sigaction
sys_enter_rt_sigaction
sys_enter_rt_sigaction
sys_enter_rt_sigaction
sys_enter_rt_sigaction
sys_enter_rt_sigaction
sys_enter_rt_sigaction
sys_enter_rt_sigaction
sys_enter_rt_sigaction
sys_enter_rt_sigaction
sys_enter_rt_sigaction
sys_enter_rt_sigaction
sys_enter_rt_sigaction
sys_enter_rt_sigaction
sys_enter_rt_sigaction
sys_enter_rt_sigaction
sys_enter_rt_sigaction
sys_enter_rt_sigaction
sys_enter_rt_sigaction
sys_enter_rt_sigaction
sys_enter_rt_sigaction
sys_enter_rt_sigaction
sys_enter_rt_sigaction
sys_enter_rt_sigaction
sys_enter_rt_sigaction
sys_enter_rt_sigaction
sys_enter_rt_sigaction
sys_enter_rt_sigaction
sys_enter_rt_sigaction
sys_enter_rt_sigaction
sys_enter_rt_sigaction
sys_enter_rt_sigaction
sys_enter_rt_sigaction
sys_enter_rt_sigaction
sys_enter_rt_sigaction
sys_enter_rt_sigaction
sys_enter_rt_sigaction
sys_enter_rt_sigaction
sys_enter_rt_sigaction
sys_enter_rt_sigaction
sys_enter_rt_sigaction
sys_enter_rt_sigaction
sys_enter_rt_sigaction
sys_enter_rt_sigaction
sys_enter_rt_sigaction
sys_enter_rt_sigaction
sys_enter_rt_sigaction
sys_enter_rt_sigaction
sys_enter_rt_sigaction
sys_enter_rt_sigaction
sys_enter_rt_sigaction
sys_enter_rt_sigaction
sys_enter_rt_sigaction
sys_enter_rt_sigaction
sys_enter_rt_sigaction
sys_enter_rt_sigaction
sys_enter_rt_sigaction
sys_enter_rt_sigaction
sys_enter_rt_sigaction
sys_enter_rt_sigaction
sys_enter_rt_sigaction
sys_enter_rt_sigaction
sys_enter_rt_sigaction
sys_enter_rt_sigaction
sys_enter_rt_sigaction
sys_enter_rt_sigaction
sys_enter_rt_sigaction
sys_enter_rt_sigaction
sys_enter_rt_sigaction
sys_enter_rt_sigaction
sys_enter_rt_sigaction
sys_enter_rt_sigaction
sys_enter_rt_sigaction
sys_enter_rt_sigaction
sys_enter_rt_sigaction
sys_enter_rt_sigaction
sys_enter_rt_sigaction
sys_enter_rt_sigaction
sys_enter_rt_sigaction
sys_enter_rt_sigaction
sys_enter_rt_sigaction
sys_enter_rt_sigaction
sys_enter_rt_sigaction
sys_enter_rt_sigaction
sys_enter_rt_sigaction
sys_enter_rt_sigaction
sys_enter_rt_sigaction
sys_enter_rt_sigaction
sys_enter_rt_sigaction
sys_enter_rt_sigaction
sys_enter_rt_sigaction
sys_enter_rt_sigaction
sys_enter_rt_sigaction
sys_enter_rt_sigaction
sys_enter_rt_sigaction
sys_enter_rt_sigaction
sys_enter_rt_sigaction
sys_enter_rt_sigaction
sys_enter_rt_sigaction
sys_enter_rt_sigaction
sys_enter_rt_sigaction
sys_enter_rt_sigprocmask
sys_enter_clone
sys_enter_rt_sigprocmask
sys_enter_gettid
sys_enter_sigaltstack
sys_enter_sigaltstack
sys_enter_gettid
sys_enter_rt_sigprocmask
sys_enter_rt_sigprocmask
sys_enter_clone
sys_enter_rt_sigprocmask
sys_enter_gettid
sys_enter_sigaltstack
sys_enter_sigaltstack
sys_enter_gettid
sys_enter_rt_sigprocmask
sys_enter_rt_sigprocmask
sys_enter_clone
sys_enter_rt_sigprocmask
sys_enter_clone
sys_enter_rt_sigprocmask
sys_enter_gettid
sys_enter_rt_sigprocmask
sys_enter_futex
sys_enter_gettid
sys_enter_sigaltstack
sys_enter_sigaltstack
sys_enter_gettid
sys_enter_rt_sigprocmask
sys_enter_futex
sys_enter_sigaltstack
sys_enter_futex
sys_enter_sigaltstack
sys_enter_gettid
sys_enter_rt_sigprocmask
sys_enter_futex
sys_enter_futex
sys_enter_futex
sys_enter_mmap
sys_enter_futex
sys_enter_futex
sys_enter_futex
sys_enter_openat
sys_enter_read
sys_enter_read
sys_enter_close
sys_enter_socket
sys_enter_close
sys_enter_socket
sys_enter_setsockopt
sys_enter_bind
sys_enter_socket
sys_enter_setsockopt
sys_enter_bind
sys_enter_close
sys_enter_close
sys_enter_getpid
sys_enter_getppid
sys_enter_mmap
sys_enter_mmap
sys_enter_getppid
sys_enter_openat
sys_enter_pipe2
sys_enter_getpid
sys_enter_clone
sys_enter_setsid
sys_enter_close
sys_enter_read
sys_enter_chdir
sys_enter_execve
sys_enter_close
sys_enter_exit_group
sys_enter_mmap
sys_enter_mmap
sys_enter_mprotect
sys_enter_mmap
sys_enter_mmap
sys_enter_mprotect
sys_enter_mmap
sys_enter_mprotect
sys_enter_mmap
sys_enter_mprotect
sys_enter_mmap
sys_enter_mmap
sys_enter_close
sys_enter_munmap
sys_enter_sched_getaffinity
sys_enter_mmap
sys_enter_munmap
sys_enter_mmap
sys_enter_mmap
sys_enter_mmap
sys_enter_mmap
sys_enter_mmap
sys_enter_mmap
sys_enter_rt_sigprocmask
sys_enter_sigaltstack
sys_enter_sigaltstack
sys_enter_gettid
sys_enter_rt_sigprocmask
sys_enter_rt_sigaction
sys_enter_rt_sigaction
sys_enter_rt_sigaction
sys_enter_rt_sigaction
sys_enter_rt_sigaction
sys_enter_rt_sigaction
sys_enter_rt_sigaction
sys_enter_rt_sigaction
sys_enter_rt_sigaction
sys_enter_rt_sigaction
sys_enter_rt_sigaction
sys_enter_rt_sigaction
sys_enter_rt_sigaction
sys_enter_rt_sigaction
sys_enter_rt_sigaction
sys_enter_rt_sigaction
sys_enter_rt_sigaction
sys_enter_rt_sigaction
sys_enter_rt_sigaction
sys_enter_rt_sigaction
sys_enter_rt_sigaction
sys_enter_rt_sigaction
sys_enter_rt_sigaction
sys_enter_rt_sigaction
sys_enter_rt_sigaction
sys_enter_rt_sigaction
sys_enter_rt_sigaction
sys_enter_rt_sigaction
sys_enter_rt_sigaction
sys_enter_rt_sigaction
sys_enter_rt_sigaction
sys_enter_rt_sigaction
sys_enter_rt_sigaction
sys_enter_rt_sigaction
sys_enter_rt_sigaction
sys_enter_rt_sigaction
sys_enter_rt_sigaction
sys_enter_rt_sigaction
sys_enter_rt_sigaction
sys_enter_rt_sigaction
sys_enter_rt_sigaction
sys_enter_rt_sigaction
sys_enter_rt_sigaction
sys_enter_rt_sigaction
sys_enter_rt_sigaction
sys_enter_rt_sigaction
sys_enter_rt_sigaction
sys_enter_rt_sigaction
sys_enter_rt_sigaction
sys_enter_rt_sigaction
sys_enter_rt_sigaction
sys_enter_rt_sigaction
sys_enter_rt_sigaction
sys_enter_rt_sigaction
sys_enter_rt_sigaction
sys_enter_rt_sigaction
sys_enter_rt_sigaction
sys_enter_rt_sigaction
sys_enter_rt_sigaction
sys_enter_rt_sigaction
sys_enter_rt_sigaction
sys_enter_rt_sigaction
sys_enter_rt_sigaction
sys_enter_rt_sigaction
sys_enter_rt_sigaction
sys_enter_rt_sigaction
sys_enter_rt_sigaction
sys_enter_rt_sigaction
sys_enter_rt_sigaction
sys_enter_rt_sigaction
sys_enter_rt_sigaction
sys_enter_rt_sigaction
sys_enter_rt_sigaction
sys_enter_rt_sigaction
sys_enter_rt_sigaction
sys_enter_rt_sigaction
sys_enter_rt_sigaction
sys_enter_rt_sigaction
sys_enter_rt_sigaction
sys_enter_rt_sigaction
sys_enter_rt_sigaction
sys_enter_rt_sigaction
sys_enter_rt_sigaction
sys_enter_rt_sigaction
sys_enter_rt_sigaction
sys_enter_rt_sigaction
sys_enter_rt_sigaction
sys_enter_rt_sigaction
sys_enter_rt_sigaction
sys_enter_rt_sigaction
sys_enter_rt_sigaction
sys_enter_rt_sigaction
sys_enter_rt_sigaction
sys_enter_rt_sigaction
sys_enter_rt_sigaction
sys_enter_rt_sigaction
sys_enter_rt_sigaction
sys_enter_rt_sigaction
sys_enter_rt_sigaction
sys_enter_rt_sigaction
sys_enter_rt_sigaction
sys_enter_rt_sigaction
sys_enter_rt_sigaction
sys_enter_rt_sigaction
sys_enter_rt_sigaction
sys_enter_rt_sigaction
sys_enter_rt_sigaction
sys_enter_rt_sigaction
sys_enter_rt_sigaction
sys_enter_rt_sigaction
sys_enter_rt_sigaction
sys_enter_rt_sigaction
sys_enter_rt_sigaction
sys_enter_rt_sigaction
sys_enter_rt_sigprocmask
sys_enter_clone
sys_enter_rt_sigprocmask
sys_enter_gettid
sys_enter_sigaltstack
sys_enter_sigaltstack
sys_enter_gettid
sys_enter_rt_sigprocmask
sys_enter_rt_sigprocmask
sys_enter_clone
sys_enter_rt_sigprocmask
sys_enter_gettid
sys_enter_rt_sigprocmask
sys_enter_clone
sys_enter_sigaltstack
sys_enter_sigaltstack
sys_enter_gettid
sys_enter_rt_sigprocmask
sys_enter_rt_sigprocmask
sys_enter_sched_yield
sys_enter_gettid
sys_enter_futex
sys_enter_sigaltstack
sys_enter_sigaltstack
sys_enter_futex
sys_enter_rt_sigprocmask
sys_enter_gettid
sys_enter_rt_sigprocmask
sys_enter_clone
sys_enter_futex
sys_enter_futex
sys_enter_rt_sigprocmask
sys_enter_futex
sys_enter_gettid
sys_enter_sigaltstack
sys_enter_sigaltstack
sys_enter_gettid
sys_enter_rt_sigprocmask
sys_enter_futex
sys_enter_futex
sys_enter_mmap
sys_enter_futex
sys_enter_futex
sys_enter_futex
sys_enter_openat
sys_enter_read
sys_enter_read
sys_enter_close
sys_enter_socket
sys_enter_close
sys_enter_socket
sys_enter_setsockopt
sys_enter_bind
sys_enter_socket
sys_enter_setsockopt
sys_enter_bind
sys_enter_close
sys_enter_close
sys_enter_getpid
sys_enter_getppid
sys_enter_mmap
sys_enter_mmap
sys_enter_getppid
sys_enter_openat
sys_enter_pipe2
sys_enter_getpid
sys_enter_clone
sys_enter_setsid
sys_enter_close
sys_enter_read
sys_enter_chdir
sys_enter_execve
sys_enter_close
sys_enter_mmap
sys_enter_mmap
sys_enter_exit_group
sys_enter_mprotect
sys_enter_mmap
sys_enter_mmap
sys_enter_mprotect
sys_enter_mmap
sys_enter_mprotect
sys_enter_mmap
sys_enter_mprotect
sys_enter_mmap
sys_enter_mmap
sys_enter_close
sys_enter_munmap
sys_enter_sched_getaffinity
sys_enter_mmap
sys_enter_munmap
sys_enter_mmap
sys_enter_mmap
sys_enter_mmap
sys_enter_mmap
sys_enter_mmap
sys_enter_mmap
sys_enter_rt_sigprocmask
sys_enter_sigaltstack
sys_enter_sigaltstack
sys_enter_gettid
sys_enter_rt_sigprocmask
sys_enter_rt_sigaction
sys_enter_rt_sigaction
sys_enter_rt_sigaction
sys_enter_rt_sigaction
sys_enter_rt_sigaction
sys_enter_rt_sigaction
sys_enter_rt_sigaction
sys_enter_rt_sigaction
sys_enter_rt_sigaction
sys_enter_rt_sigaction
sys_enter_rt_sigaction
sys_enter_rt_sigaction
sys_enter_rt_sigaction
sys_enter_rt_sigaction
sys_enter_rt_sigaction
sys_enter_rt_sigaction
sys_enter_rt_sigaction
sys_enter_rt_sigaction
sys_enter_rt_sigaction
sys_enter_rt_sigaction
sys_enter_rt_sigaction
sys_enter_rt_sigaction
sys_enter_rt_sigaction
sys_enter_rt_sigaction
sys_enter_rt_sigaction
sys_enter_rt_sigaction
sys_enter_rt_sigaction
sys_enter_rt_sigaction
sys_enter_rt_sigaction
sys_enter_rt_sigaction
sys_enter_rt_sigaction
sys_enter_rt_sigaction
sys_enter_rt_sigaction
sys_enter_rt_sigaction
sys_enter_rt_sigaction
sys_enter_rt_sigaction
sys_enter_rt_sigaction
sys_enter_rt_sigaction
sys_enter_rt_sigaction
sys_enter_rt_sigaction
sys_enter_rt_sigaction
sys_enter_rt_sigaction
sys_enter_rt_sigaction
sys_enter_rt_sigaction
sys_enter_rt_sigaction
sys_enter_rt_sigaction
sys_enter_rt_sigaction
sys_enter_rt_sigaction
sys_enter_rt_sigaction
sys_enter_rt_sigaction
sys_enter_rt_sigaction
sys_enter_rt_sigaction
sys_enter_rt_sigaction
sys_enter_rt_sigaction
sys_enter_rt_sigaction
sys_enter_rt_sigaction
sys_enter_rt_sigaction
sys_enter_rt_sigaction
sys_enter_rt_sigaction
sys_enter_rt_sigaction
sys_enter_rt_sigaction
sys_enter_rt_sigaction
sys_enter_rt_sigaction
sys_enter_rt_sigaction
sys_enter_rt_sigaction
sys_enter_rt_sigaction
sys_enter_rt_sigaction
sys_enter_rt_sigaction
sys_enter_rt_sigaction
sys_enter_rt_sigaction
sys_enter_rt_sigaction
sys_enter_rt_sigaction
sys_enter_rt_sigaction
sys_enter_rt_sigaction
sys_enter_rt_sigaction
sys_enter_rt_sigaction
sys_enter_rt_sigaction
sys_enter_rt_sigaction
sys_enter_rt_sigaction
sys_enter_rt_sigaction
sys_enter_rt_sigaction
sys_enter_rt_sigaction
sys_enter_rt_sigaction
sys_enter_rt_sigaction
sys_enter_rt_sigaction
sys_enter_rt_sigaction
sys_enter_rt_sigaction
sys_enter_rt_sigaction
sys_enter_rt_sigaction
sys_enter_rt_sigaction
sys_enter_rt_sigaction
sys_enter_rt_sigaction
sys_enter_rt_sigaction
sys_enter_rt_sigaction
sys_enter_rt_sigaction
sys_enter_rt_sigaction
sys_enter_rt_sigaction
sys_enter_rt_sigaction
sys_enter_rt_sigaction
sys_enter_rt_sigaction
sys_enter_rt_sigaction
sys_enter_rt_sigaction
sys_enter_rt_sigaction
sys_enter_rt_sigaction
sys_enter_rt_sigaction
sys_enter_rt_sigaction
sys_enter_rt_sigaction
sys_enter_rt_sigaction
sys_enter_rt_sigaction
sys_enter_rt_sigaction
sys_enter_rt_sigaction
sys_enter_rt_sigaction
sys_enter_rt_sigaction
sys_enter_rt_sigaction
sys_enter_rt_sigprocmask
sys_enter_clone
sys_enter_rt_sigprocmask
sys_enter_gettid
sys_enter_sigaltstack
sys_enter_sigaltstack
sys_enter_gettid
sys_enter_rt_sigprocmask
sys_enter_rt_sigprocmask
sys_enter_clone
sys_enter_rt_sigprocmask
sys_enter_gettid
sys_enter_rt_sigprocmask
sys_enter_clone
sys_enter_sigaltstack
sys_enter_sigaltstack
sys_enter_gettid
sys_enter_rt_sigprocmask
sys_enter_rt_sigprocmask
sys_enter_gettid
sys_enter_sched_yield
sys_enter_futex
sys_enter_sigaltstack
sys_enter_futex
sys_enter_sigaltstack
sys_enter_gettid
sys_enter_rt_sigprocmask
sys_enter_futex
sys_enter_futex
sys_enter_futex
sys_enter_futex
sys_enter_rt_sigprocmask
sys_enter_clone
sys_enter_rt_sigprocmask
sys_enter_futex
sys_enter_gettid
sys_enter_sigaltstack
sys_enter_sigaltstack
sys_enter_gettid
sys_enter_rt_sigprocmask
sys_enter_futex
sys_enter_futex
sys_enter_mmap
sys_enter_futex
sys_enter_futex
sys_enter_futex
sys_enter_openat
sys_enter_read
sys_enter_read
sys_enter_close
sys_enter_socket
sys_enter_close
sys_enter_socket
sys_enter_setsockopt
sys_enter_bind
sys_enter_socket
sys_enter_setsockopt
sys_enter_bind
sys_enter_close
sys_enter_close
sys_enter_getpid
sys_enter_getppid
sys_enter_mmap
sys_enter_mmap
sys_enter_getppid
sys_enter_openat
sys_enter_pipe2
sys_enter_getpid
sys_enter_clone
sys_enter_setsid
sys_enter_close
sys_enter_read
sys_enter_chdir
sys_enter_execve
sys_enter_close
sys_enter_exit_group
sys_enter_mmap
sys_enter_mmap
sys_enter_mprotect
sys_enter_mmap
sys_enter_mmap
sys_enter_mprotect
sys_enter_mmap
sys_enter_mprotect
sys_enter_mmap
sys_enter_mprotect
sys_enter_mmap
sys_enter_mmap
sys_enter_close
sys_enter_munmap
sys_enter_sched_getaffinity
sys_enter_mmap
sys_enter_munmap
sys_enter_mmap
sys_enter_mmap
sys_enter_mmap
sys_enter_mmap
sys_enter_mmap
sys_enter_mmap
sys_enter_rt_sigprocmask
sys_enter_sigaltstack
sys_enter_sigaltstack
sys_enter_gettid
sys_enter_rt_sigprocmask
sys_enter_rt_sigaction
sys_enter_rt_sigaction
sys_enter_rt_sigaction
sys_enter_rt_sigaction
sys_enter_rt_sigaction
sys_enter_rt_sigaction
sys_enter_rt_sigaction
sys_enter_rt_sigaction
sys_enter_rt_sigaction
sys_enter_rt_sigaction
sys_enter_rt_sigaction
sys_enter_rt_sigaction
sys_enter_rt_sigaction
sys_enter_rt_sigaction
sys_enter_rt_sigaction
sys_enter_rt_sigaction
sys_enter_rt_sigaction
sys_enter_rt_sigaction
sys_enter_rt_sigaction
sys_enter_rt_sigaction
sys_enter_rt_sigaction
sys_enter_rt_sigaction
sys_enter_rt_sigaction
sys_enter_rt_sigaction
sys_enter_rt_sigaction
sys_enter_rt_sigaction
sys_enter_rt_sigaction
sys_enter_rt_sigaction
sys_enter_rt_sigaction
sys_enter_rt_sigaction
sys_enter_rt_sigaction
sys_enter_rt_sigaction
sys_enter_rt_sigaction
sys_enter_rt_sigaction
sys_enter_rt_sigaction
sys_enter_rt_sigaction
sys_enter_rt_sigaction
sys_enter_rt_sigaction
sys_enter_rt_sigaction
sys_enter_rt_sigaction
sys_enter_rt_sigaction
sys_enter_rt_sigaction
sys_enter_rt_sigaction
sys_enter_rt_sigaction
sys_enter_rt_sigaction
sys_enter_rt_sigaction
sys_enter_rt_sigaction
sys_enter_rt_sigaction
sys_enter_rt_sigaction
sys_enter_rt_sigaction
sys_enter_rt_sigaction
sys_enter_rt_sigaction
sys_enter_rt_sigaction
sys_enter_rt_sigaction
sys_enter_rt_sigaction
sys_enter_rt_sigaction
sys_enter_rt_sigaction
sys_enter_rt_sigaction
sys_enter_rt_sigaction
sys_enter_rt_sigaction
sys_enter_rt_sigaction
sys_enter_rt_sigaction
sys_enter_rt_sigaction
sys_enter_rt_sigaction
sys_enter_rt_sigaction
sys_enter_rt_sigaction
sys_enter_rt_sigaction
sys_enter_rt_sigaction
sys_enter_rt_sigaction
sys_enter_rt_sigaction
sys_enter_rt_sigaction
sys_enter_rt_sigaction
sys_enter_rt_sigaction
sys_enter_rt_sigaction
sys_enter_rt_sigaction
sys_enter_rt_sigaction
sys_enter_rt_sigaction
sys_enter_rt_sigaction
sys_enter_rt_sigaction
sys_enter_rt_sigaction
sys_enter_rt_sigaction
sys_enter_rt_sigaction
sys_enter_rt_sigaction
sys_enter_rt_sigaction
sys_enter_rt_sigaction
sys_enter_rt_sigaction
sys_enter_rt_sigaction
sys_enter_rt_sigaction
sys_enter_rt_sigaction
sys_enter_rt_sigaction
sys_enter_rt_sigaction
sys_enter_rt_sigaction
sys_enter_rt_sigaction
sys_enter_rt_sigaction
sys_enter_rt_sigaction
sys_enter_rt_sigaction
sys_enter_rt_sigaction
sys_enter_rt_sigaction
sys_enter_rt_sigaction
sys_enter_rt_sigaction
sys_enter_rt_sigaction
sys_enter_rt_sigaction
sys_enter_rt_sigaction
sys_enter_rt_sigaction
sys_enter_rt_sigaction
sys_enter_rt_sigaction
sys_enter_rt_sigaction
sys_enter_rt_sigaction
sys_enter_rt_sigaction
sys_enter_rt_sigaction
sys_enter_rt_sigaction
sys_enter_rt_sigaction
sys_enter_rt_sigaction
sys_enter_rt_sigaction
sys_enter_rt_sigprocmask
sys_enter_clone
sys_enter_rt_sigprocmask
sys_enter_gettid
sys_enter_sigaltstack
sys_enter_sigaltstack
sys_enter_gettid
sys_enter_rt_sigprocmask
sys_enter_rt_sigprocmask
sys_enter_clone
sys_enter_rt_sigprocmask
sys_enter_gettid
sys_enter_sigaltstack
sys_enter_sigaltstack
sys_enter_gettid
sys_enter_rt_sigprocmask
sys_enter_rt_sigprocmask
sys_enter_clone
sys_enter_rt_sigprocmask
sys_enter_futex
sys_enter_rt_sigprocmask
sys_enter_clone
sys_enter_gettid
sys_enter_sigaltstack
sys_enter_sigaltstack
sys_enter_gettid
sys_enter_rt_sigprocmask
sys_enter_futex
sys_enter_rt_sigprocmask
sys_enter_gettid
sys_enter_futex
sys_enter_futex
sys_enter_sigaltstack
sys_enter_sigaltstack
sys_enter_gettid
sys_enter_rt_sigprocmask
sys_enter_futex
sys_enter_futex
sys_enter_mmap
sys_enter_futex
sys_enter_futex
sys_enter_futex
sys_enter_openat
sys_enter_read
sys_enter_read
sys_enter_close
sys_enter_socket
sys_enter_close
sys_enter_socket
sys_enter_setsockopt
sys_enter_bind
sys_enter_socket
sys_enter_setsockopt
sys_enter_bind
sys_enter_close
sys_enter_close
sys_enter_getpid
sys_enter_getppid
sys_enter_mmap
sys_enter_mmap
sys_enter_getppid
sys_enter_openat
sys_enter_pipe2
sys_enter_getpid
sys_enter_clone
sys_enter_setsid
sys_enter_close
sys_enter_read
sys_enter_chdir
sys_enter_execve
sys_enter_close
sys_enter_mmap
sys_enter_exit_group
sys_enter_mmap
sys_enter_mprotect
sys_enter_mmap
sys_enter_mmap
sys_enter_mprotect
sys_enter_mmap
sys_enter_mprotect
sys_enter_mmap
sys_enter_mprotect
sys_enter_mmap
sys_enter_mmap
sys_enter_close
sys_enter_munmap
sys_enter_sched_getaffinity
sys_enter_mmap
sys_enter_munmap
sys_enter_mmap
sys_enter_mmap
sys_enter_mmap
sys_enter_mmap
sys_enter_mmap
sys_enter_mmap
sys_enter_rt_sigprocmask
sys_enter_sigaltstack
sys_enter_sigaltstack
sys_enter_gettid
sys_enter_rt_sigprocmask
sys_enter_rt_sigaction
sys_enter_rt_sigaction
sys_enter_rt_sigaction
sys_enter_rt_sigaction
sys_enter_rt_sigaction
sys_enter_rt_sigaction
sys_enter_rt_sigaction
sys_enter_rt_sigaction
sys_enter_rt_sigaction
sys_enter_rt_sigaction
sys_enter_rt_sigaction
sys_enter_rt_sigaction
sys_enter_rt_sigaction
sys_enter_rt_sigaction
sys_enter_rt_sigaction
sys_enter_rt_sigaction
sys_enter_rt_sigaction
sys_enter_rt_sigaction
sys_enter_rt_sigaction
sys_enter_rt_sigaction
sys_enter_rt_sigaction
sys_enter_rt_sigaction
sys_enter_rt_sigaction
sys_enter_rt_sigaction
sys_enter_rt_sigaction
sys_enter_rt_sigaction
sys_enter_rt_sigaction
sys_enter_rt_sigaction
sys_enter_rt_sigaction
sys_enter_rt_sigaction
sys_enter_rt_sigaction
sys_enter_rt_sigaction
sys_enter_rt_sigaction
sys_enter_rt_sigaction
sys_enter_rt_sigaction
sys_enter_rt_sigaction
sys_enter_rt_sigaction
sys_enter_rt_sigaction
sys_enter_rt_sigaction
sys_enter_rt_sigaction
sys_enter_rt_sigaction
sys_enter_rt_sigaction
sys_enter_rt_sigaction
sys_enter_rt_sigaction
sys_enter_rt_sigaction
sys_enter_rt_sigaction
sys_enter_rt_sigaction
sys_enter_rt_sigaction
sys_enter_rt_sigaction
sys_enter_rt_sigaction
sys_enter_rt_sigaction
sys_enter_rt_sigaction
sys_enter_rt_sigaction
sys_enter_rt_sigaction
sys_enter_rt_sigaction
sys_enter_rt_sigaction
sys_enter_rt_sigaction
sys_enter_rt_sigaction
sys_enter_rt_sigaction
sys_enter_rt_sigaction
sys_enter_rt_sigaction
sys_enter_rt_sigaction
sys_enter_rt_sigaction
sys_enter_rt_sigaction
sys_enter_rt_sigaction
sys_enter_rt_sigaction
sys_enter_rt_sigaction
sys_enter_rt_sigaction
sys_enter_rt_sigaction
sys_enter_rt_sigaction
sys_enter_rt_sigaction
sys_enter_rt_sigaction
sys_enter_rt_sigaction
sys_enter_rt_sigaction
sys_enter_rt_sigaction
sys_enter_rt_sigaction
sys_enter_rt_sigaction
sys_enter_rt_sigaction
sys_enter_rt_sigaction
sys_enter_rt_sigaction
sys_enter_rt_sigaction
sys_enter_rt_sigaction
sys_enter_rt_sigaction
sys_enter_rt_sigaction
sys_enter_rt_sigaction
sys_enter_rt_sigaction
sys_enter_rt_sigaction
sys_enter_rt_sigaction
sys_enter_rt_sigaction
sys_enter_rt_sigaction
sys_enter_rt_sigaction
sys_enter_rt_sigaction
sys_enter_rt_sigaction
sys_enter_rt_sigaction
sys_enter_rt_sigaction
sys_enter_rt_sigaction
sys_enter_rt_sigaction
sys_enter_rt_sigaction
sys_enter_rt_sigaction
sys_enter_rt_sigaction
sys_enter_rt_sigaction
sys_enter_rt_sigaction
sys_enter_rt_sigaction
sys_enter_rt_sigaction
sys_enter_rt_sigaction
sys_enter_rt_sigaction
sys_enter_rt_sigaction
sys_enter_rt_sigaction
sys_enter_rt_sigaction
sys_enter_rt_sigaction
sys_enter_rt_sigaction
sys_enter_rt_sigaction
sys_enter_rt_sigaction
sys_enter_rt_sigaction
sys_enter_rt_sigprocmask
sys_enter_clone
sys_enter_rt_sigprocmask
sys_enter_gettid
sys_enter_sigaltstack
sys_enter_sigaltstack
sys_enter_gettid
sys_enter_rt_sigprocmask
sys_enter_rt_sigprocmask
sys_enter_clone
sys_enter_rt_sigprocmask
sys_enter_gettid
sys_enter_sigaltstack
sys_enter_sigaltstack
sys_enter_gettid
sys_enter_rt_sigprocmask
sys_enter_rt_sigprocmask
sys_enter_clone
sys_enter_rt_sigprocmask
sys_enter_sched_yield
sys_enter_futex
sys_enter_futex
sys_enter_futex
sys_enter_gettid
sys_enter_sigaltstack
sys_enter_sigaltstack
sys_enter_gettid
sys_enter_rt_sigprocmask
sys_enter_futex
sys_enter_futex
sys_enter_futex
sys_enter_rt_sigprocmask
sys_enter_clone
sys_enter_rt_sigprocmask
sys_enter_futex
sys_enter_gettid
sys_enter_sigaltstack
sys_enter_sigaltstack
sys_enter_gettid
sys_enter_rt_sigprocmask
sys_enter_futex
sys_enter_futex
sys_enter_mmap
sys_enter_futex
sys_enter_futex
sys_enter_futex
sys_enter_openat
sys_enter_read
sys_enter_read
sys_enter_close
sys_enter_socket
sys_enter_close
sys_enter_socket
sys_enter_setsockopt
sys_enter_bind
sys_enter_socket
sys_enter_setsockopt
sys_enter_bind
sys_enter_close
sys_enter_close
sys_enter_getpid
sys_enter_getppid
sys_enter_mmap
sys_enter_mmap
sys_enter_getppid
sys_enter_openat
sys_enter_pipe2
sys_enter_getpid
sys_enter_clone
sys_enter_setsid
sys_enter_close
sys_enter_read
sys_enter_chdir
sys_enter_execve
sys_enter_close
sys_enter_exit_group
sys_enter_mmap
sys_enter_mmap
sys_enter_mprotect
sys_enter_mmap
sys_enter_mmap
sys_enter_mprotect
sys_enter_mmap
sys_enter_mprotect
sys_enter_mmap
sys_enter_mprotect
sys_enter_mmap
sys_enter_mmap
sys_enter_close
sys_enter_munmap
sys_enter_sched_getaffinity
sys_enter_mmap
sys_enter_munmap
sys_enter_mmap
sys_enter_mmap
sys_enter_mmap
sys_enter_mmap
sys_enter_mmap
sys_enter_mmap
sys_enter_rt_sigprocmask
sys_enter_sigaltstack
sys_enter_sigaltstack
sys_enter_gettid
sys_enter_rt_sigprocmask
sys_enter_rt_sigaction
sys_enter_rt_sigaction
sys_enter_rt_sigaction
sys_enter_rt_sigaction
sys_enter_rt_sigaction
sys_enter_rt_sigaction
sys_enter_rt_sigaction
sys_enter_rt_sigaction
sys_enter_rt_sigaction
sys_enter_rt_sigaction
sys_enter_rt_sigaction
sys_enter_rt_sigaction
sys_enter_rt_sigaction
sys_enter_rt_sigaction
sys_enter_rt_sigaction
sys_enter_rt_sigaction
sys_enter_rt_sigaction
sys_enter_rt_sigaction
sys_enter_rt_sigaction
sys_enter_rt_sigaction
sys_enter_rt_sigaction
sys_enter_rt_sigaction
sys_enter_rt_sigaction
sys_enter_rt_sigaction
sys_enter_rt_sigaction
sys_enter_rt_sigaction
sys_enter_rt_sigaction
sys_enter_rt_sigaction
sys_enter_rt_sigaction
sys_enter_rt_sigaction
sys_enter_rt_sigaction
sys_enter_rt_sigaction
sys_enter_rt_sigaction
sys_enter_rt_sigaction
sys_enter_rt_sigaction
sys_enter_rt_sigaction
sys_enter_rt_sigaction
sys_enter_rt_sigaction
sys_enter_rt_sigaction
sys_enter_rt_sigaction
sys_enter_rt_sigaction
sys_enter_rt_sigaction
sys_enter_rt_sigaction
sys_enter_rt_sigaction
sys_enter_rt_sigaction
sys_enter_rt_sigaction
sys_enter_rt_sigaction
sys_enter_rt_sigaction
sys_enter_rt_sigaction
sys_enter_rt_sigaction
sys_enter_rt_sigaction
sys_enter_rt_sigaction
sys_enter_rt_sigaction
sys_enter_rt_sigaction
sys_enter_rt_sigaction
sys_enter_rt_sigaction
sys_enter_rt_sigaction
sys_enter_rt_sigaction
sys_enter_rt_sigaction
sys_enter_rt_sigaction
sys_enter_rt_sigaction
sys_enter_rt_sigaction
sys_enter_rt_sigaction
sys_enter_rt_sigaction
sys_enter_rt_sigaction
sys_enter_rt_sigaction
sys_enter_rt_sigaction
sys_enter_rt_sigaction
sys_enter_rt_sigaction
sys_enter_rt_sigaction
sys_enter_rt_sigaction
sys_enter_rt_sigaction
sys_enter_rt_sigaction
sys_enter_rt_sigaction
sys_enter_rt_sigaction
sys_enter_rt_sigaction
sys_enter_rt_sigaction
sys_enter_rt_sigaction
sys_enter_rt_sigaction
sys_enter_rt_sigaction
sys_enter_rt_sigaction
sys_enter_rt_sigaction
sys_enter_rt_sigaction
sys_enter_rt_sigaction
sys_enter_rt_sigaction
sys_enter_rt_sigaction
sys_enter_rt_sigaction
sys_enter_rt_sigaction
sys_enter_rt_sigaction
sys_enter_rt_sigaction
sys_enter_rt_sigaction
sys_enter_rt_sigaction
sys_enter_rt_sigaction
sys_enter_rt_sigaction
sys_enter_rt_sigaction
sys_enter_rt_sigaction
sys_enter_rt_sigaction
sys_enter_rt_sigaction
sys_enter_rt_sigaction
sys_enter_rt_sigaction
sys_enter_rt_sigaction
sys_enter_rt_sigaction
sys_enter_rt_sigaction
sys_enter_rt_sigaction
sys_enter_rt_sigaction
sys_enter_rt_sigaction
sys_enter_rt_sigaction
sys_enter_rt_sigaction
sys_enter_rt_sigaction
sys_enter_rt_sigaction
sys_enter_rt_sigaction
sys_enter_rt_sigaction
sys_enter_rt_sigaction
sys_enter_rt_sigaction
sys_enter_rt_sigprocmask
sys_enter_clone
sys_enter_rt_sigprocmask
sys_enter_gettid
sys_enter_sigaltstack
sys_enter_sigaltstack
sys_enter_gettid
sys_enter_rt_sigprocmask
sys_enter_rt_sigprocmask
sys_enter_clone
sys_enter_rt_sigprocmask
sys_enter_gettid
sys_enter_sigaltstack
sys_enter_sigaltstack
sys_enter_gettid
sys_enter_rt_sigprocmask
sys_enter_rt_sigprocmask
sys_enter_clone
sys_enter_rt_sigprocmask
sys_enter_clone
sys_enter_rt_sigprocmask
sys_enter_rt_sigprocmask
sys_enter_futex
sys_enter_gettid
sys_enter_sigaltstack
sys_enter_sigaltstack
sys_enter_gettid
sys_enter_rt_sigprocmask
sys_enter_gettid
sys_enter_sigaltstack
sys_enter_sigaltstack
sys_enter_gettid
sys_enter_futex
sys_enter_futex
sys_enter_rt_sigprocmask
sys_enter_futex
sys_enter_futex
sys_enter_futex
sys_enter_mmap
sys_enter_futex
sys_enter_futex
sys_enter_futex
sys_enter_openat
sys_enter_read
sys_enter_read
sys_enter_close
sys_enter_socket
sys_enter_close
sys_enter_socket
sys_enter_setsockopt
sys_enter_bind
sys_enter_socket
sys_enter_setsockopt
sys_enter_bind
sys_enter_close
sys_enter_close
sys_enter_getpid
sys_enter_getppid
sys_enter_mmap
sys_enter_mmap
sys_enter_getppid
sys_enter_openat
sys_enter_pipe2
sys_enter_getpid
sys_enter_clone
sys_enter_setsid
sys_enter_chdir
sys_enter_close
sys_enter_read
sys_enter_execve
sys_enter_close
sys_enter_exit_group
sys_enter_mmap
sys_enter_mmap
sys_enter_mprotect
sys_enter_mmap
sys_enter_mmap
sys_enter_mprotect
sys_enter_mmap
sys_enter_mprotect
sys_enter_mmap
sys_enter_mprotect
sys_enter_mmap
sys_enter_mmap
sys_enter_close
sys_enter_munmap
sys_enter_sched_getaffinity
sys_enter_mmap
sys_enter_munmap
sys_enter_mmap
sys_enter_mmap
sys_enter_mmap
sys_enter_mmap
sys_enter_mmap
sys_enter_mmap
sys_enter_rt_sigprocmask
sys_enter_sigaltstack
sys_enter_sigaltstack
sys_enter_gettid
sys_enter_rt_sigprocmask
sys_enter_rt_sigaction
sys_enter_rt_sigaction
sys_enter_rt_sigaction
sys_enter_rt_sigaction
sys_enter_rt_sigaction
sys_enter_rt_sigaction
sys_enter_rt_sigaction
sys_enter_rt_sigaction
sys_enter_rt_sigaction
sys_enter_rt_sigaction
sys_enter_rt_sigaction
sys_enter_rt_sigaction
sys_enter_rt_sigaction
sys_enter_rt_sigaction
sys_enter_rt_sigaction
sys_enter_rt_sigaction
sys_enter_rt_sigaction
sys_enter_rt_sigaction
sys_enter_rt_sigaction
sys_enter_rt_sigaction
sys_enter_rt_sigaction
sys_enter_rt_sigaction
sys_enter_rt_sigaction
sys_enter_rt_sigaction
sys_enter_rt_sigaction
sys_enter_rt_sigaction
sys_enter_rt_sigaction
sys_enter_rt_sigaction
sys_enter_rt_sigaction
sys_enter_rt_sigaction
sys_enter_rt_sigaction
sys_enter_rt_sigaction
sys_enter_rt_sigaction
sys_enter_rt_sigaction
sys_enter_rt_sigaction
sys_enter_rt_sigaction
sys_enter_rt_sigaction
sys_enter_rt_sigaction
sys_enter_rt_sigaction
sys_enter_rt_sigaction
sys_enter_rt_sigaction
sys_enter_rt_sigaction
sys_enter_rt_sigaction
sys_enter_rt_sigaction
sys_enter_rt_sigaction
sys_enter_rt_sigaction
sys_enter_rt_sigaction
sys_enter_rt_sigaction
sys_enter_rt_sigaction
sys_enter_rt_sigaction
sys_enter_rt_sigaction
sys_enter_rt_sigaction
sys_enter_rt_sigaction
sys_enter_rt_sigaction
sys_enter_rt_sigaction
sys_enter_rt_sigaction
sys_enter_rt_sigaction
sys_enter_rt_sigaction
sys_enter_rt_sigaction
sys_enter_rt_sigaction
sys_enter_rt_sigaction
sys_enter_rt_sigaction
sys_enter_rt_sigaction
sys_enter_rt_sigaction
sys_enter_rt_sigaction
sys_enter_rt_sigaction
sys_enter_rt_sigaction
sys_enter_rt_sigaction
sys_enter_rt_sigaction
sys_enter_rt_sigaction
sys_enter_rt_sigaction
sys_enter_rt_sigaction
sys_enter_rt_sigaction
sys_enter_rt_sigaction
sys_enter_rt_sigaction
sys_enter_rt_sigaction
sys_enter_rt_sigaction
sys_enter_rt_sigaction
sys_enter_rt_sigaction
sys_enter_rt_sigaction
sys_enter_rt_sigaction
sys_enter_rt_sigaction
sys_enter_rt_sigaction
sys_enter_rt_sigaction
sys_enter_rt_sigaction
sys_enter_rt_sigaction
sys_enter_rt_sigaction
sys_enter_rt_sigaction
sys_enter_rt_sigaction
sys_enter_rt_sigaction
sys_enter_rt_sigaction
sys_enter_rt_sigaction
sys_enter_rt_sigaction
sys_enter_rt_sigaction
sys_enter_rt_sigaction
sys_enter_rt_sigaction
sys_enter_rt_sigaction
sys_enter_rt_sigaction
sys_enter_rt_sigaction
sys_enter_rt_sigaction
sys_enter_rt_sigaction
sys_enter_rt_sigaction
sys_enter_rt_sigaction
sys_enter_rt_sigaction
sys_enter_rt_sigaction
sys_enter_rt_sigaction
sys_enter_rt_sigaction
sys_enter_rt_sigaction
sys_enter_rt_sigaction
sys_enter_rt_sigaction
sys_enter_rt_sigaction
sys_enter_rt_sigaction
sys_enter_rt_sigaction
sys_enter_rt_sigaction
sys_enter_rt_sigprocmask
sys_enter_clone
sys_enter_rt_sigprocmask
sys_enter_gettid
sys_enter_sigaltstack
sys_enter_sigaltstack
sys_enter_gettid
sys_enter_rt_sigprocmask
sys_enter_rt_sigprocmask
sys_enter_clone
sys_enter_rt_sigprocmask
sys_enter_gettid
sys_enter_sigaltstack
sys_enter_sigaltstack
sys_enter_gettid
sys_enter_rt_sigprocmask
sys_enter_rt_sigprocmask
sys_enter_clone
sys_enter_rt_sigprocmask
sys_enter_clone
sys_enter_rt_sigprocmask
sys_enter_futex
sys_enter_gettid
sys_enter_sigaltstack
sys_enter_rt_sigprocmask
sys_enter_sigaltstack
sys_enter_gettid
sys_enter_gettid
sys_enter_sigaltstack
sys_enter_sigaltstack
sys_enter_rt_sigprocmask
sys_enter_futex
sys_enter_gettid
sys_enter_rt_sigprocmask
sys_enter_futex
sys_enter_futex
sys_enter_futex
sys_enter_futex
sys_enter_mmap
sys_enter_futex
sys_enter_futex
sys_enter_futex
sys_enter_openat
sys_enter_futex
sys_enter_futex
sys_enter_futex
sys_enter_futex
sys_enter_futex
sys_enter_read
sys_enter_read
sys_enter_close
sys_enter_socket
sys_enter_close
sys_enter_socket
sys_enter_setsockopt
sys_enter_bind
sys_enter_socket
sys_enter_setsockopt
sys_enter_bind
sys_enter_close
sys_enter_close
sys_enter_mmap
sys_enter_mmap
sys_enter_getpid
sys_enter_getppid
sys_enter_mmap
sys_enter_mmap
sys_enter_getppid
sys_enter_openat
sys_enter_pipe2
sys_enter_getpid
sys_enter_clone
sys_enter_setsid
sys_enter_close
sys_enter_read
sys_enter_chdir
sys_enter_execve
sys_enter_close
sys_enter_exit_group
sys_enter_mmap
sys_enter_mmap
sys_enter_mprotect
sys_enter_mmap
sys_enter_mmap
sys_enter_mprotect
sys_enter_mmap
sys_enter_mprotect
sys_enter_mmap
sys_enter_mprotect
sys_enter_mmap
sys_enter_mmap
sys_enter_close
sys_enter_munmap
sys_enter_sched_getaffinity
sys_enter_mmap
sys_enter_munmap
sys_enter_mmap
sys_enter_mmap
sys_enter_mmap
sys_enter_mmap
sys_enter_mmap
sys_enter_mmap
sys_enter_rt_sigprocmask
sys_enter_sigaltstack
sys_enter_sigaltstack
sys_enter_gettid
sys_enter_rt_sigprocmask
sys_enter_rt_sigaction
sys_enter_rt_sigaction
sys_enter_rt_sigaction
sys_enter_rt_sigaction
sys_enter_rt_sigaction
sys_enter_rt_sigaction
sys_enter_rt_sigaction
sys_enter_rt_sigaction
sys_enter_rt_sigaction
sys_enter_rt_sigaction
sys_enter_rt_sigaction
sys_enter_rt_sigaction
sys_enter_rt_sigaction
sys_enter_rt_sigaction
sys_enter_rt_sigaction
sys_enter_rt_sigaction
sys_enter_rt_sigaction
sys_enter_rt_sigaction
sys_enter_rt_sigaction
sys_enter_rt_sigaction
sys_enter_rt_sigaction
sys_enter_rt_sigaction
sys_enter_rt_sigaction
sys_enter_rt_sigaction
sys_enter_rt_sigaction
sys_enter_rt_sigaction
sys_enter_rt_sigaction
sys_enter_rt_sigaction
sys_enter_rt_sigaction
sys_enter_rt_sigaction
sys_enter_rt_sigaction
sys_enter_rt_sigaction
sys_enter_rt_sigaction
sys_enter_rt_sigaction
sys_enter_rt_sigaction
sys_enter_rt_sigaction
sys_enter_rt_sigaction
sys_enter_rt_sigaction
sys_enter_rt_sigaction
sys_enter_rt_sigaction
sys_enter_rt_sigaction
sys_enter_rt_sigaction
sys_enter_rt_sigaction
sys_enter_rt_sigaction
sys_enter_rt_sigaction
sys_enter_rt_sigaction
sys_enter_rt_sigaction
sys_enter_rt_sigaction
sys_enter_rt_sigaction
sys_enter_rt_sigaction
sys_enter_rt_sigaction
sys_enter_rt_sigaction
sys_enter_rt_sigaction
sys_enter_rt_sigaction
sys_enter_rt_sigaction
sys_enter_rt_sigaction
sys_enter_rt_sigaction
sys_enter_rt_sigaction
sys_enter_rt_sigaction
sys_enter_rt_sigaction
sys_enter_rt_sigaction
sys_enter_rt_sigaction
sys_enter_rt_sigaction
sys_enter_rt_sigaction
sys_enter_rt_sigaction
sys_enter_rt_sigaction
sys_enter_rt_sigaction
sys_enter_rt_sigaction
sys_enter_rt_sigaction
sys_enter_rt_sigaction
sys_enter_rt_sigaction
sys_enter_rt_sigaction
sys_enter_rt_sigaction
sys_enter_rt_sigaction
sys_enter_rt_sigaction
sys_enter_rt_sigaction
sys_enter_rt_sigaction
sys_enter_rt_sigaction
sys_enter_rt_sigaction
sys_enter_rt_sigaction
sys_enter_rt_sigaction
sys_enter_rt_sigaction
sys_enter_rt_sigaction
sys_enter_rt_sigaction
sys_enter_rt_sigaction
sys_enter_rt_sigaction
sys_enter_rt_sigaction
sys_enter_rt_sigaction
sys_enter_rt_sigaction
sys_enter_rt_sigaction
sys_enter_rt_sigaction
sys_enter_rt_sigaction
sys_enter_rt_sigaction
sys_enter_rt_sigaction
sys_enter_rt_sigaction
sys_enter_rt_sigaction
sys_enter_rt_sigaction
sys_enter_rt_sigaction
sys_enter_rt_sigaction
sys_enter_rt_sigaction
sys_enter_rt_sigaction
sys_enter_rt_sigaction
sys_enter_rt_sigaction
sys_enter_rt_sigaction
sys_enter_rt_sigaction
sys_enter_rt_sigaction
sys_enter_rt_sigaction
sys_enter_rt_sigaction
sys_enter_rt_sigaction
sys_enter_rt_sigaction
sys_enter_rt_sigaction
sys_enter_rt_sigaction
sys_enter_rt_sigaction
sys_enter_rt_sigaction
sys_enter_rt_sigprocmask
sys_enter_clone
sys_enter_rt_sigprocmask
sys_enter_gettid
sys_enter_sigaltstack
sys_enter_sigaltstack
sys_enter_gettid
sys_enter_rt_sigprocmask
sys_enter_rt_sigprocmask
sys_enter_clone
sys_enter_rt_sigprocmask
sys_enter_gettid
sys_enter_sigaltstack
sys_enter_sigaltstack
sys_enter_gettid
sys_enter_rt_sigprocmask
sys_enter_rt_sigprocmask
sys_enter_clone
sys_enter_rt_sigprocmask
sys_enter_futex
sys_enter_rt_sigprocmask
sys_enter_clone
sys_enter_rt_sigprocmask
sys_enter_gettid
sys_enter_sigaltstack
sys_enter_sigaltstack
sys_enter_gettid
sys_enter_rt_sigprocmask
sys_enter_futex
sys_enter_futex
sys_enter_futex
sys_enter_gettid
sys_enter_sigaltstack
sys_enter_sigaltstack
sys_enter_gettid
sys_enter_rt_sigprocmask
sys_enter_futex
sys_enter_futex
sys_enter_mmap
sys_enter_futex
sys_enter_futex
sys_enter_futex
sys_enter_openat
sys_enter_read
sys_enter_read
sys_enter_close
sys_enter_socket
sys_enter_close
sys_enter_socket
sys_enter_setsockopt
sys_enter_bind
sys_enter_socket
sys_enter_setsockopt
sys_enter_bind
sys_enter_close
sys_enter_close
sys_enter_getpid
sys_enter_getppid
sys_enter_mmap
sys_enter_mmap
sys_enter_getppid
sys_enter_openat
sys_enter_pipe2
sys_enter_getpid
sys_enter_clone
sys_enter_setsid
sys_enter_close
sys_enter_read
sys_enter_chdir
sys_enter_execve
sys_enter_close
sys_enter_mmap
sys_enter_exit_group
sys_enter_mmap
sys_enter_mprotect
sys_enter_mmap
sys_enter_mmap
sys_enter_mprotect
sys_enter_mmap
sys_enter_mprotect
sys_enter_mmap
sys_enter_mprotect
sys_enter_mmap
sys_enter_mmap
sys_enter_close
sys_enter_munmap
sys_enter_sched_getaffinity
sys_enter_mmap
sys_enter_munmap
sys_enter_mmap
sys_enter_mmap
sys_enter_mmap
sys_enter_mmap
sys_enter_mmap
sys_enter_mmap
sys_enter_rt_sigprocmask
sys_enter_sigaltstack
sys_enter_sigaltstack
sys_enter_gettid
sys_enter_rt_sigprocmask
sys_enter_rt_sigaction
sys_enter_rt_sigaction
sys_enter_rt_sigaction
sys_enter_rt_sigaction
sys_enter_rt_sigaction
sys_enter_rt_sigaction
sys_enter_rt_sigaction
sys_enter_rt_sigaction
sys_enter_rt_sigaction
sys_enter_rt_sigaction
sys_enter_rt_sigaction
sys_enter_rt_sigaction
sys_enter_rt_sigaction
sys_enter_rt_sigaction
sys_enter_rt_sigaction
sys_enter_rt_sigaction
sys_enter_rt_sigaction
sys_enter_rt_sigaction
sys_enter_rt_sigaction
sys_enter_rt_sigaction
sys_enter_rt_sigaction
sys_enter_rt_sigaction
sys_enter_rt_sigaction
sys_enter_rt_sigaction
sys_enter_rt_sigaction
sys_enter_rt_sigaction
sys_enter_rt_sigaction
sys_enter_rt_sigaction
sys_enter_rt_sigaction
sys_enter_rt_sigaction
sys_enter_rt_sigaction
sys_enter_rt_sigaction
sys_enter_rt_sigaction
sys_enter_rt_sigaction
sys_enter_rt_sigaction
sys_enter_rt_sigaction
sys_enter_rt_sigaction
sys_enter_rt_sigaction
sys_enter_rt_sigaction
sys_enter_rt_sigaction
sys_enter_rt_sigaction
sys_enter_rt_sigaction
sys_enter_rt_sigaction
sys_enter_rt_sigaction
sys_enter_rt_sigaction
sys_enter_rt_sigaction
sys_enter_rt_sigaction
sys_enter_rt_sigaction
sys_enter_rt_sigaction
sys_enter_rt_sigaction
sys_enter_rt_sigaction
sys_enter_rt_sigaction
sys_enter_rt_sigaction
sys_enter_rt_sigaction
sys_enter_rt_sigaction
sys_enter_rt_sigaction
sys_enter_rt_sigaction
sys_enter_rt_sigaction
sys_enter_rt_sigaction
sys_enter_rt_sigaction
sys_enter_rt_sigaction
sys_enter_rt_sigaction
sys_enter_rt_sigaction
sys_enter_rt_sigaction
sys_enter_rt_sigaction
sys_enter_rt_sigaction
sys_enter_rt_sigaction
sys_enter_rt_sigaction
sys_enter_rt_sigaction
sys_enter_rt_sigaction
sys_enter_rt_sigaction
sys_enter_rt_sigaction
sys_enter_rt_sigaction
sys_enter_rt_sigaction
sys_enter_rt_sigaction
sys_enter_rt_sigaction
sys_enter_rt_sigaction
sys_enter_rt_sigaction
sys_enter_rt_sigaction
sys_enter_rt_sigaction
sys_enter_rt_sigaction
sys_enter_rt_sigaction
sys_enter_rt_sigaction
sys_enter_rt_sigaction
sys_enter_rt_sigaction
sys_enter_rt_sigaction
sys_enter_rt_sigaction
sys_enter_rt_sigaction
sys_enter_rt_sigaction
sys_enter_rt_sigaction
sys_enter_rt_sigaction
sys_enter_rt_sigaction
sys_enter_rt_sigaction
sys_enter_rt_sigaction
sys_enter_rt_sigaction
sys_enter_rt_sigaction
sys_enter_rt_sigaction
sys_enter_rt_sigaction
sys_enter_rt_sigaction
sys_enter_rt_sigaction
sys_enter_rt_sigaction
sys_enter_rt_sigaction
sys_enter_rt_sigaction
sys_enter_rt_sigaction
sys_enter_rt_sigaction
sys_enter_rt_sigaction
sys_enter_rt_sigaction
sys_enter_rt_sigaction
sys_enter_rt_sigaction
sys_enter_rt_sigaction
sys_enter_rt_sigaction
sys_enter_rt_sigaction
sys_enter_rt_sigaction
sys_enter_rt_sigaction
sys_enter_rt_sigprocmask
sys_enter_clone
sys_enter_rt_sigprocmask
sys_enter_gettid
sys_enter_sigaltstack
sys_enter_sigaltstack
sys_enter_gettid
sys_enter_rt_sigprocmask
sys_enter_rt_sigprocmask
sys_enter_clone
sys_enter_rt_sigprocmask
sys_enter_gettid
sys_enter_sigaltstack
sys_enter_sigaltstack
sys_enter_rt_sigprocmask
sys_enter_clone
sys_enter_gettid
sys_enter_rt_sigprocmask
sys_enter_rt_sigprocmask
sys_enter_clone
sys_enter_rt_sigprocmask
sys_enter_futex
sys_enter_rt_sigprocmask
sys_enter_gettid
sys_enter_sigaltstack
sys_enter_sigaltstack
sys_enter_gettid
sys_enter_rt_sigprocmask
sys_enter_futex
sys_enter_futex
sys_enter_gettid
sys_enter_futex
sys_enter_sigaltstack
sys_enter_sigaltstack
sys_enter_gettid
sys_enter_rt_sigprocmask
sys_enter_futex
sys_enter_futex
sys_enter_mmap
sys_enter_futex
sys_enter_futex
sys_enter_futex
sys_enter_openat
sys_enter_read
sys_enter_read
sys_enter_close
sys_enter_socket
sys_enter_close
sys_enter_socket
sys_enter_setsockopt
sys_enter_bind
sys_enter_socket
sys_enter_setsockopt
sys_enter_bind
sys_enter_close
sys_enter_close
sys_enter_getpid
sys_enter_getppid
sys_enter_mmap
sys_enter_mmap
sys_enter_getppid
sys_enter_openat
sys_enter_pipe2
sys_enter_getpid
sys_enter_clone
sys_enter_setsid
sys_enter_close
sys_enter_read
sys_enter_chdir
sys_enter_execve
sys_enter_close
sys_enter_exit_group
sys_enter_mmap
sys_enter_mmap
sys_enter_mprotect
sys_enter_mmap
sys_enter_mmap
sys_enter_mprotect
sys_enter_mmap
sys_enter_mprotect
sys_enter_mmap
sys_enter_mprotect
sys_enter_mmap
sys_enter_mmap
sys_enter_close
sys_enter_munmap
sys_enter_sched_getaffinity
sys_enter_mmap
sys_enter_munmap
sys_enter_mmap
sys_enter_mmap
sys_enter_mmap
sys_enter_mmap
sys_enter_mmap
sys_enter_mmap
sys_enter_rt_sigprocmask
sys_enter_sigaltstack
sys_enter_sigaltstack
sys_enter_gettid
sys_enter_rt_sigprocmask
sys_enter_rt_sigaction
sys_enter_rt_sigaction
sys_enter_rt_sigaction
sys_enter_rt_sigaction
sys_enter_rt_sigaction
sys_enter_rt_sigaction
sys_enter_rt_sigaction
sys_enter_rt_sigaction
sys_enter_rt_sigaction
sys_enter_rt_sigaction
sys_enter_rt_sigaction
sys_enter_rt_sigaction
sys_enter_rt_sigaction
sys_enter_rt_sigaction
sys_enter_rt_sigaction
sys_enter_rt_sigaction
sys_enter_rt_sigaction
sys_enter_rt_sigaction
sys_enter_rt_sigaction
sys_enter_rt_sigaction
sys_enter_rt_sigaction
sys_enter_rt_sigaction
sys_enter_rt_sigaction
sys_enter_rt_sigaction
sys_enter_rt_sigaction
sys_enter_rt_sigaction
sys_enter_rt_sigaction
sys_enter_rt_sigaction
sys_enter_rt_sigaction
sys_enter_rt_sigaction
sys_enter_rt_sigaction
sys_enter_rt_sigaction
sys_enter_rt_sigaction
sys_enter_rt_sigaction
sys_enter_rt_sigaction
sys_enter_rt_sigaction
sys_enter_rt_sigaction
sys_enter_rt_sigaction
sys_enter_rt_sigaction
sys_enter_rt_sigaction
sys_enter_rt_sigaction
sys_enter_rt_sigaction
sys_enter_rt_sigaction
sys_enter_rt_sigaction
sys_enter_rt_sigaction
sys_enter_rt_sigaction
sys_enter_rt_sigaction
sys_enter_rt_sigaction
sys_enter_rt_sigaction
sys_enter_rt_sigaction
sys_enter_rt_sigaction
sys_enter_rt_sigaction
sys_enter_rt_sigaction
sys_enter_rt_sigaction
sys_enter_rt_sigaction
sys_enter_rt_sigaction
sys_enter_rt_sigaction
sys_enter_rt_sigaction
sys_enter_rt_sigaction
sys_enter_rt_sigaction
sys_enter_rt_sigaction
sys_enter_rt_sigaction
sys_enter_rt_sigaction
sys_enter_rt_sigaction
sys_enter_rt_sigaction
sys_enter_rt_sigaction
sys_enter_rt_sigaction
sys_enter_rt_sigaction
sys_enter_rt_sigaction
sys_enter_rt_sigaction
sys_enter_rt_sigaction
sys_enter_rt_sigaction
sys_enter_rt_sigaction
sys_enter_rt_sigaction
sys_enter_rt_sigaction
sys_enter_rt_sigaction
sys_enter_rt_sigaction
sys_enter_rt_sigaction
sys_enter_rt_sigaction
sys_enter_rt_sigaction
sys_enter_rt_sigaction
sys_enter_rt_sigaction
sys_enter_rt_sigaction
sys_enter_rt_sigaction
sys_enter_rt_sigaction
sys_enter_rt_sigaction
sys_enter_rt_sigaction
sys_enter_rt_sigaction
sys_enter_rt_sigaction
sys_enter_rt_sigaction
sys_enter_rt_sigaction
sys_enter_rt_sigaction
sys_enter_rt_sigaction
sys_enter_rt_sigaction
sys_enter_rt_sigaction
sys_enter_rt_sigaction
sys_enter_rt_sigaction
sys_enter_rt_sigaction
sys_enter_rt_sigaction
sys_enter_rt_sigaction
sys_enter_rt_sigaction
sys_enter_rt_sigaction
sys_enter_rt_sigaction
sys_enter_rt_sigaction
sys_enter_rt_sigaction
sys_enter_rt_sigaction
sys_enter_rt_sigaction
sys_enter_rt_sigaction
sys_enter_rt_sigaction
sys_enter_rt_sigaction
sys_enter_rt_sigaction
sys_enter_rt_sigaction
sys_enter_rt_sigaction
sys_enter_rt_sigaction
sys_enter_rt_sigprocmask
sys_enter_clone
sys_enter_rt_sigprocmask
sys_enter_gettid
sys_enter_sigaltstack
sys_enter_sigaltstack
sys_enter_gettid
sys_enter_rt_sigprocmask
sys_enter_rt_sigprocmask
sys_enter_clone
sys_enter_rt_sigprocmask
sys_enter_gettid
sys_enter_rt_sigprocmask
sys_enter_clone
sys_enter_sigaltstack
sys_enter_sigaltstack
sys_enter_gettid
sys_enter_rt_sigprocmask
sys_enter_rt_sigprocmask
sys_enter_futex
sys_enter_gettid
sys_enter_sigaltstack
sys_enter_sigaltstack
sys_enter_gettid
sys_enter_rt_sigprocmask
sys_enter_futex
sys_enter_futex
sys_enter_rt_sigprocmask
sys_enter_clone
sys_enter_rt_sigprocmask
sys_enter_futex
sys_enter_gettid
sys_enter_sigaltstack
sys_enter_sigaltstack
sys_enter_gettid
sys_enter_rt_sigprocmask
sys_enter_futex
sys_enter_futex
sys_enter_mmap
sys_enter_futex
sys_enter_futex
sys_enter_futex
sys_enter_openat
sys_enter_read
sys_enter_read
sys_enter_close
sys_enter_socket
sys_enter_close
sys_enter_socket
sys_enter_setsockopt
sys_enter_bind
sys_enter_socket
sys_enter_setsockopt
sys_enter_bind
sys_enter_close
sys_enter_close
sys_enter_getpid
sys_enter_getppid
sys_enter_mmap
sys_enter_mmap
sys_enter_getppid
sys_enter_openat
sys_enter_pipe2
sys_enter_getpid
sys_enter_clone
sys_enter_setsid
sys_enter_close
sys_enter_read
sys_enter_chdir
sys_enter_execve
sys_enter_close
sys_enter_exit_group
sys_enter_mmap
sys_enter_mmap
sys_enter_mprotect
sys_enter_mmap
sys_enter_mmap
sys_enter_mprotect
sys_enter_mmap
sys_enter_mprotect
sys_enter_mmap
sys_enter_mprotect
sys_enter_mmap
sys_enter_mmap
sys_enter_close
sys_enter_munmap
sys_enter_sched_getaffinity
sys_enter_mmap
sys_enter_munmap
sys_enter_mmap
sys_enter_mmap
sys_enter_mmap
sys_enter_mmap
sys_enter_mmap
sys_enter_mmap
sys_enter_rt_sigprocmask
sys_enter_sigaltstack
sys_enter_sigaltstack
sys_enter_gettid
sys_enter_rt_sigprocmask
sys_enter_rt_sigaction
sys_enter_rt_sigaction
sys_enter_rt_sigaction
sys_enter_rt_sigaction
sys_enter_rt_sigaction
sys_enter_rt_sigaction
sys_enter_rt_sigaction
sys_enter_rt_sigaction
sys_enter_rt_sigaction
sys_enter_rt_sigaction
sys_enter_rt_sigaction
sys_enter_rt_sigaction
sys_enter_rt_sigaction
sys_enter_rt_sigaction
sys_enter_rt_sigaction
sys_enter_rt_sigaction
sys_enter_rt_sigaction
sys_enter_rt_sigaction
sys_enter_rt_sigaction
sys_enter_rt_sigaction
sys_enter_rt_sigaction
sys_enter_rt_sigaction
sys_enter_rt_sigaction
sys_enter_rt_sigaction
sys_enter_rt_sigaction
sys_enter_rt_sigaction
sys_enter_rt_sigaction
sys_enter_rt_sigaction
sys_enter_rt_sigaction
sys_enter_rt_sigaction
sys_enter_rt_sigaction
sys_enter_rt_sigaction
sys_enter_rt_sigaction
sys_enter_rt_sigaction
sys_enter_rt_sigaction
sys_enter_rt_sigaction
sys_enter_rt_sigaction
sys_enter_rt_sigaction
sys_enter_rt_sigaction
sys_enter_rt_sigaction
sys_enter_rt_sigaction
sys_enter_rt_sigaction
sys_enter_rt_sigaction
sys_enter_rt_sigaction
sys_enter_rt_sigaction
sys_enter_rt_sigaction
sys_enter_rt_sigaction
sys_enter_rt_sigaction
sys_enter_rt_sigaction
sys_enter_rt_sigaction
sys_enter_rt_sigaction
sys_enter_rt_sigaction
sys_enter_rt_sigaction
sys_enter_rt_sigaction
sys_enter_rt_sigaction
sys_enter_rt_sigaction
sys_enter_rt_sigaction
sys_enter_rt_sigaction
sys_enter_rt_sigaction
sys_enter_rt_sigaction
sys_enter_rt_sigaction
sys_enter_rt_sigaction
sys_enter_rt_sigaction
sys_enter_rt_sigaction
sys_enter_rt_sigaction
sys_enter_rt_sigaction
sys_enter_rt_sigaction
sys_enter_rt_sigaction
sys_enter_rt_sigaction
sys_enter_rt_sigaction
sys_enter_rt_sigaction
sys_enter_rt_sigaction
sys_enter_rt_sigaction
sys_enter_rt_sigaction
sys_enter_rt_sigaction
sys_enter_rt_sigaction
sys_enter_rt_sigaction
sys_enter_rt_sigaction
sys_enter_rt_sigaction
sys_enter_rt_sigaction
sys_enter_rt_sigaction
sys_enter_rt_sigaction
sys_enter_rt_sigaction
sys_enter_rt_sigaction
sys_enter_rt_sigaction
sys_enter_rt_sigaction
sys_enter_rt_sigaction
sys_enter_rt_sigaction
sys_enter_rt_sigaction
sys_enter_rt_sigaction
sys_enter_rt_sigaction
sys_enter_rt_sigaction
sys_enter_rt_sigaction
sys_enter_rt_sigaction
sys_enter_rt_sigaction
sys_enter_rt_sigaction
sys_enter_rt_sigaction
sys_enter_rt_sigaction
sys_enter_rt_sigaction
sys_enter_rt_sigaction
sys_enter_rt_sigaction
sys_enter_rt_sigaction
sys_enter_rt_sigaction
sys_enter_rt_sigaction
sys_enter_rt_sigaction
sys_enter_rt_sigaction
sys_enter_rt_sigaction
sys_enter_rt_sigaction
sys_enter_rt_sigaction
sys_enter_rt_sigaction
sys_enter_rt_sigaction
sys_enter_rt_sigaction
sys_enter_rt_sigaction
sys_enter_rt_sigaction
sys_enter_rt_sigprocmask
sys_enter_clone
sys_enter_rt_sigprocmask
sys_enter_gettid
sys_enter_sigaltstack
sys_enter_sigaltstack
sys_enter_gettid
sys_enter_rt_sigprocmask
sys_enter_rt_sigprocmask
sys_enter_clone
sys_enter_rt_sigprocmask
sys_enter_gettid
sys_enter_sigaltstack
sys_enter_sigaltstack
sys_enter_gettid
sys_enter_rt_sigprocmask
sys_enter_rt_sigprocmask
sys_enter_clone
sys_enter_rt_sigprocmask
sys_enter_futex
sys_enter_gettid
sys_enter_gettid
sys_enter_sigaltstack
sys_enter_sigaltstack
sys_enter_gettid
sys_enter_rt_sigprocmask
sys_enter_futex
sys_enter_futex
sys_enter_rt_sigprocmask
sys_enter_clone
sys_enter_rt_sigprocmask
sys_enter_futex
sys_enter_sigaltstack
sys_enter_sigaltstack
sys_enter_gettid
sys_enter_rt_sigprocmask
sys_enter_futex
sys_enter_futex
sys_enter_mmap
sys_enter_futex
sys_enter_futex
sys_enter_futex
sys_enter_openat
sys_enter_read
sys_enter_read
sys_enter_close
sys_enter_socket
sys_enter_close
sys_enter_socket
sys_enter_setsockopt
sys_enter_bind
sys_enter_socket
sys_enter_setsockopt
sys_enter_bind
sys_enter_close
sys_enter_close
sys_enter_getpid
sys_enter_getppid
sys_enter_mmap
sys_enter_mmap
sys_enter_getppid
sys_enter_openat
sys_enter_pipe2
sys_enter_getpid
sys_enter_clone
sys_enter_setsid
sys_enter_close
sys_enter_read
sys_enter_chdir
sys_enter_execve
sys_enter_close
sys_enter_exit_group
sys_enter_mmap
sys_enter_mmap
sys_enter_mprotect
sys_enter_mmap
sys_enter_mmap
sys_enter_mprotect
sys_enter_mmap
sys_enter_mprotect
sys_enter_mmap
sys_enter_mprotect
sys_enter_mmap
sys_enter_mmap
sys_enter_close
sys_enter_munmap
sys_enter_sched_getaffinity
sys_enter_mmap
sys_enter_munmap
sys_enter_mmap
sys_enter_mmap
sys_enter_mmap
sys_enter_mmap
sys_enter_mmap
sys_enter_mmap
sys_enter_rt_sigprocmask
sys_enter_sigaltstack
sys_enter_sigaltstack
sys_enter_gettid
sys_enter_rt_sigprocmask
sys_enter_rt_sigaction
sys_enter_rt_sigaction
sys_enter_rt_sigaction
sys_enter_rt_sigaction
sys_enter_rt_sigaction
sys_enter_rt_sigaction
sys_enter_rt_sigaction
sys_enter_rt_sigaction
sys_enter_rt_sigaction
sys_enter_rt_sigaction
sys_enter_rt_sigaction
sys_enter_rt_sigaction
sys_enter_rt_sigaction
sys_enter_rt_sigaction
sys_enter_rt_sigaction
sys_enter_rt_sigaction
sys_enter_rt_sigaction
sys_enter_rt_sigaction
sys_enter_rt_sigaction
sys_enter_rt_sigaction
sys_enter_rt_sigaction
sys_enter_rt_sigaction
sys_enter_rt_sigaction
sys_enter_rt_sigaction
sys_enter_rt_sigaction
sys_enter_rt_sigaction
sys_enter_rt_sigaction
sys_enter_rt_sigaction
sys_enter_rt_sigaction
sys_enter_rt_sigaction
sys_enter_rt_sigaction
sys_enter_rt_sigaction
sys_enter_rt_sigaction
sys_enter_rt_sigaction
sys_enter_rt_sigaction
sys_enter_rt_sigaction
sys_enter_rt_sigaction
sys_enter_rt_sigaction
sys_enter_rt_sigaction
sys_enter_rt_sigaction
sys_enter_rt_sigaction
sys_enter_rt_sigaction
sys_enter_rt_sigaction
sys_enter_rt_sigaction
sys_enter_rt_sigaction
sys_enter_rt_sigaction
sys_enter_rt_sigaction
sys_enter_rt_sigaction
sys_enter_rt_sigaction
sys_enter_rt_sigaction
sys_enter_rt_sigaction
sys_enter_rt_sigaction
sys_enter_rt_sigaction
sys_enter_rt_sigaction
sys_enter_rt_sigaction
sys_enter_rt_sigaction
sys_enter_rt_sigaction
sys_enter_rt_sigaction
sys_enter_rt_sigaction
sys_enter_rt_sigaction
sys_enter_rt_sigaction
sys_enter_rt_sigaction
sys_enter_rt_sigaction
sys_enter_rt_sigaction
sys_enter_rt_sigaction
sys_enter_rt_sigaction
sys_enter_rt_sigaction
sys_enter_rt_sigaction
sys_enter_rt_sigaction
sys_enter_rt_sigaction
sys_enter_rt_sigaction
sys_enter_rt_sigaction
sys_enter_rt_sigaction
sys_enter_rt_sigaction
sys_enter_rt_sigaction
sys_enter_rt_sigaction
sys_enter_rt_sigaction
sys_enter_rt_sigaction
sys_enter_rt_sigaction
sys_enter_rt_sigaction
sys_enter_rt_sigaction
sys_enter_rt_sigaction
sys_enter_rt_sigaction
sys_enter_rt_sigaction
sys_enter_rt_sigaction
sys_enter_rt_sigaction
sys_enter_rt_sigaction
sys_enter_rt_sigaction
sys_enter_rt_sigaction
sys_enter_rt_sigaction
sys_enter_rt_sigaction
sys_enter_rt_sigaction
sys_enter_rt_sigaction
sys_enter_rt_sigaction
sys_enter_rt_sigaction
sys_enter_rt_sigaction
sys_enter_rt_sigaction
sys_enter_rt_sigaction
sys_enter_rt_sigaction
sys_enter_rt_sigaction
sys_enter_rt_sigaction
sys_enter_rt_sigaction
sys_enter_rt_sigaction
sys_enter_rt_sigaction
sys_enter_rt_sigaction
sys_enter_rt_sigaction
sys_enter_rt_sigaction
sys_enter_rt_sigaction
sys_enter_rt_sigaction
sys_enter_rt_sigaction
sys_enter_rt_sigaction
sys_enter_rt_sigaction
sys_enter_rt_sigaction
sys_enter_rt_sigaction
sys_enter_rt_sigprocmask
sys_enter_clone
sys_enter_rt_sigprocmask
sys_enter_gettid
sys_enter_sigaltstack
sys_enter_sigaltstack
sys_enter_gettid
sys_enter_rt_sigprocmask
sys_enter_rt_sigprocmask
sys_enter_clone
sys_enter_rt_sigprocmask
sys_enter_gettid
sys_enter_sigaltstack
sys_enter_sigaltstack
sys_enter_gettid
sys_enter_rt_sigprocmask
sys_enter_rt_sigprocmask
sys_enter_clone
sys_enter_rt_sigprocmask
sys_enter_futex
sys_enter_rt_sigprocmask
sys_enter_clone
sys_enter_gettid
sys_enter_sigaltstack
sys_enter_sigaltstack
sys_enter_gettid
sys_enter_rt_sigprocmask
sys_enter_futex
sys_enter_rt_sigprocmask
sys_enter_gettid
sys_enter_sigaltstack
sys_enter_sigaltstack
sys_enter_gettid
sys_enter_rt_sigprocmask
sys_enter_futex
sys_enter_futex
sys_enter_futex
sys_enter_futex
sys_enter_mmap
sys_enter_futex
sys_enter_futex
sys_enter_futex
sys_enter_openat
sys_enter_read
sys_enter_read
sys_enter_close
sys_enter_socket
sys_enter_close
sys_enter_socket
sys_enter_setsockopt
sys_enter_bind
sys_enter_socket
sys_enter_setsockopt
sys_enter_bind
sys_enter_close
sys_enter_close
sys_enter_getpid
sys_enter_getppid
sys_enter_mmap
sys_enter_mmap
sys_enter_getppid
sys_enter_openat
sys_enter_pipe2
sys_enter_getpid
sys_enter_clone
sys_enter_setsid
sys_enter_close
sys_enter_read
sys_enter_chdir
sys_enter_execve
sys_enter_close
sys_enter_exit_group
sys_enter_mmap
sys_enter_mmap
sys_enter_mprotect
sys_enter_mmap
sys_enter_mmap
sys_enter_mprotect
sys_enter_mmap
sys_enter_mprotect
sys_enter_mmap
sys_enter_mprotect
sys_enter_mmap
sys_enter_mmap
sys_enter_close
sys_enter_munmap
sys_enter_sched_getaffinity
sys_enter_mmap
sys_enter_munmap
sys_enter_mmap
sys_enter_mmap
sys_enter_mmap
sys_enter_mmap
sys_enter_mmap
sys_enter_mmap
sys_enter_rt_sigprocmask
sys_enter_sigaltstack
sys_enter_sigaltstack
sys_enter_gettid
sys_enter_rt_sigprocmask
sys_enter_rt_sigaction
sys_enter_rt_sigaction
sys_enter_rt_sigaction
sys_enter_rt_sigaction
sys_enter_rt_sigaction
sys_enter_rt_sigaction
sys_enter_rt_sigaction
sys_enter_rt_sigaction
sys_enter_rt_sigaction
sys_enter_rt_sigaction
sys_enter_rt_sigaction
sys_enter_rt_sigaction
sys_enter_rt_sigaction
sys_enter_rt_sigaction
sys_enter_rt_sigaction
sys_enter_rt_sigaction
sys_enter_rt_sigaction
sys_enter_rt_sigaction
sys_enter_rt_sigaction
sys_enter_rt_sigaction
sys_enter_rt_sigaction
sys_enter_rt_sigaction
sys_enter_rt_sigaction
sys_enter_rt_sigaction
sys_enter_rt_sigaction
sys_enter_rt_sigaction
sys_enter_rt_sigaction
sys_enter_rt_sigaction
sys_enter_rt_sigaction
sys_enter_rt_sigaction
sys_enter_rt_sigaction
sys_enter_rt_sigaction
sys_enter_rt_sigaction
sys_enter_rt_sigaction
sys_enter_rt_sigaction
sys_enter_rt_sigaction
sys_enter_rt_sigaction
sys_enter_rt_sigaction
sys_enter_rt_sigaction
sys_enter_rt_sigaction
sys_enter_rt_sigaction
sys_enter_rt_sigaction
sys_enter_rt_sigaction
sys_enter_rt_sigaction
sys_enter_rt_sigaction
sys_enter_rt_sigaction
sys_enter_rt_sigaction
sys_enter_rt_sigaction
sys_enter_rt_sigaction
sys_enter_rt_sigaction
sys_enter_rt_sigaction
sys_enter_rt_sigaction
sys_enter_rt_sigaction
sys_enter_rt_sigaction
sys_enter_rt_sigaction
sys_enter_rt_sigaction
sys_enter_rt_sigaction
sys_enter_rt_sigaction
sys_enter_rt_sigaction
sys_enter_rt_sigaction
sys_enter_rt_sigaction
sys_enter_rt_sigaction
sys_enter_rt_sigaction
sys_enter_rt_sigaction
sys_enter_rt_sigaction
sys_enter_rt_sigaction
sys_enter_rt_sigaction
sys_enter_rt_sigaction
sys_enter_rt_sigaction
sys_enter_rt_sigaction
sys_enter_rt_sigaction
sys_enter_rt_sigaction
sys_enter_rt_sigaction
sys_enter_rt_sigaction
sys_enter_rt_sigaction
sys_enter_rt_sigaction
sys_enter_rt_sigaction
sys_enter_rt_sigaction
sys_enter_rt_sigaction
sys_enter_rt_sigaction
sys_enter_rt_sigaction
sys_enter_rt_sigaction
sys_enter_rt_sigaction
sys_enter_rt_sigaction
sys_enter_rt_sigaction
sys_enter_rt_sigaction
sys_enter_rt_sigaction
sys_enter_rt_sigaction
sys_enter_rt_sigaction
sys_enter_rt_sigaction
sys_enter_rt_sigaction
sys_enter_rt_sigaction
sys_enter_rt_sigaction
sys_enter_rt_sigaction
sys_enter_rt_sigaction
sys_enter_rt_sigaction
sys_enter_rt_sigaction
sys_enter_rt_sigaction
sys_enter_rt_sigaction
sys_enter_rt_sigaction
sys_enter_rt_sigaction
sys_enter_rt_sigaction
sys_enter_rt_sigaction
sys_enter_rt_sigaction
sys_enter_rt_sigaction
sys_enter_rt_sigaction
sys_enter_rt_sigaction
sys_enter_rt_sigaction
sys_enter_rt_sigaction
sys_enter_rt_sigaction
sys_enter_rt_sigaction
sys_enter_rt_sigaction
sys_enter_rt_sigaction
sys_enter_rt_sigaction
sys_enter_rt_sigprocmask
sys_enter_clone
sys_enter_rt_sigprocmask
sys_enter_gettid
sys_enter_sigaltstack
sys_enter_sigaltstack
sys_enter_gettid
sys_enter_rt_sigprocmask
sys_enter_rt_sigprocmask
sys_enter_clone
sys_enter_rt_sigprocmask
sys_enter_gettid
sys_enter_sigaltstack
sys_enter_sigaltstack
sys_enter_gettid
sys_enter_rt_sigprocmask
sys_enter_rt_sigprocmask
sys_enter_clone
sys_enter_rt_sigprocmask
sys_enter_clone
sys_enter_rt_sigprocmask
sys_enter_futex
sys_enter_gettid
sys_enter_sigaltstack
sys_enter_sigaltstack
sys_enter_gettid
sys_enter_rt_sigprocmask
sys_enter_rt_sigprocmask
sys_enter_futex
sys_enter_gettid
sys_enter_futex
sys_enter_sigaltstack
sys_enter_futex
sys_enter_sigaltstack
sys_enter_gettid
sys_enter_rt_sigprocmask
sys_enter_futex
sys_enter_futex
sys_enter_mmap
sys_enter_futex
sys_enter_futex
sys_enter_futex
sys_enter_openat
sys_enter_read
sys_enter_read
sys_enter_close
sys_enter_socket
sys_enter_close
sys_enter_socket
sys_enter_setsockopt
sys_enter_bind
sys_enter_socket
sys_enter_setsockopt
sys_enter_bind
sys_enter_close
sys_enter_close
sys_enter_getpid
sys_enter_getppid
sys_enter_mmap
sys_enter_mmap
sys_enter_getppid
sys_enter_openat
sys_enter_pipe2
sys_enter_getpid
sys_enter_clone
sys_enter_close
sys_enter_read
sys_enter_setsid
sys_enter_chdir
sys_enter_execve
sys_enter_close
sys_enter_exit_group
sys_enter_mmap
sys_enter_mmap
sys_enter_mprotect
sys_enter_mmap
sys_enter_mmap
sys_enter_mprotect
sys_enter_mmap
sys_enter_mprotect
sys_enter_mmap
sys_enter_mprotect
sys_enter_mmap
sys_enter_mmap
sys_enter_close
sys_enter_munmap
sys_enter_sched_getaffinity
sys_enter_mmap
sys_enter_munmap
sys_enter_mmap
sys_enter_mmap
sys_enter_mmap
sys_enter_mmap
sys_enter_mmap
sys_enter_mmap
sys_enter_rt_sigprocmask
sys_enter_sigaltstack
sys_enter_sigaltstack
sys_enter_gettid
sys_enter_rt_sigprocmask
sys_enter_rt_sigaction
sys_enter_rt_sigaction
sys_enter_rt_sigaction
sys_enter_rt_sigaction
sys_enter_rt_sigaction
sys_enter_rt_sigaction
sys_enter_rt_sigaction
sys_enter_rt_sigaction
sys_enter_rt_sigaction
sys_enter_rt_sigaction
sys_enter_rt_sigaction
sys_enter_rt_sigaction
sys_enter_rt_sigaction
sys_enter_rt_sigaction
sys_enter_rt_sigaction
sys_enter_rt_sigaction
sys_enter_rt_sigaction
sys_enter_rt_sigaction
sys_enter_rt_sigaction
sys_enter_rt_sigaction
sys_enter_rt_sigaction
sys_enter_rt_sigaction
sys_enter_rt_sigaction
sys_enter_rt_sigaction
sys_enter_rt_sigaction
sys_enter_rt_sigaction
sys_enter_rt_sigaction
sys_enter_rt_sigaction
sys_enter_rt_sigaction
sys_enter_rt_sigaction
sys_enter_rt_sigaction
sys_enter_rt_sigaction
sys_enter_rt_sigaction
sys_enter_rt_sigaction
sys_enter_rt_sigaction
sys_enter_rt_sigaction
sys_enter_rt_sigaction
sys_enter_rt_sigaction
sys_enter_rt_sigaction
sys_enter_rt_sigaction
sys_enter_rt_sigaction
sys_enter_rt_sigaction
sys_enter_rt_sigaction
sys_enter_rt_sigaction
sys_enter_rt_sigaction
sys_enter_rt_sigaction
sys_enter_rt_sigaction
sys_enter_rt_sigaction
sys_enter_rt_sigaction
sys_enter_rt_sigaction
sys_enter_rt_sigaction
sys_enter_rt_sigaction
sys_enter_rt_sigaction
sys_enter_rt_sigaction
sys_enter_rt_sigaction
sys_enter_rt_sigaction
sys_enter_rt_sigaction
sys_enter_rt_sigaction
sys_enter_rt_sigaction
sys_enter_rt_sigaction
sys_enter_rt_sigaction
sys_enter_rt_sigaction
sys_enter_rt_sigaction
sys_enter_rt_sigaction
sys_enter_rt_sigaction
sys_enter_rt_sigaction
sys_enter_rt_sigaction
sys_enter_rt_sigaction
sys_enter_rt_sigaction
sys_enter_rt_sigaction
sys_enter_rt_sigaction
sys_enter_rt_sigaction
sys_enter_rt_sigaction
sys_enter_rt_sigaction
sys_enter_rt_sigaction
sys_enter_rt_sigaction
sys_enter_rt_sigaction
sys_enter_rt_sigaction
sys_enter_rt_sigaction
sys_enter_rt_sigaction
sys_enter_rt_sigaction
sys_enter_rt_sigaction
sys_enter_rt_sigaction
sys_enter_rt_sigaction
sys_enter_rt_sigaction
sys_enter_rt_sigaction
sys_enter_rt_sigaction
sys_enter_rt_sigaction
sys_enter_rt_sigaction
sys_enter_rt_sigaction
sys_enter_rt_sigaction
sys_enter_rt_sigaction
sys_enter_rt_sigaction
sys_enter_rt_sigaction
sys_enter_rt_sigaction
sys_enter_rt_sigaction
sys_enter_rt_sigaction
sys_enter_rt_sigaction
sys_enter_rt_sigaction
sys_enter_rt_sigaction
sys_enter_rt_sigaction
sys_enter_rt_sigaction
sys_enter_rt_sigaction
sys_enter_rt_sigaction
sys_enter_rt_sigaction
sys_enter_rt_sigaction
sys_enter_rt_sigaction
sys_enter_rt_sigaction
sys_enter_rt_sigaction
sys_enter_rt_sigaction
sys_enter_rt_sigaction
sys_enter_rt_sigaction
sys_enter_rt_sigaction
sys_enter_rt_sigaction
sys_enter_rt_sigprocmask
sys_enter_clone
sys_enter_rt_sigprocmask
sys_enter_gettid
sys_enter_sigaltstack
sys_enter_sigaltstack
sys_enter_gettid
sys_enter_rt_sigprocmask
sys_enter_rt_sigprocmask
sys_enter_clone
sys_enter_rt_sigprocmask
sys_enter_gettid
sys_enter_sigaltstack
sys_enter_sigaltstack
sys_enter_rt_sigprocmask
sys_enter_clone
sys_enter_gettid
sys_enter_rt_sigprocmask
sys_enter_rt_sigprocmask
sys_enter_futex
sys_enter_gettid
sys_enter_rt_sigprocmask
sys_enter_clone
sys_enter_sigaltstack
sys_enter_sigaltstack
sys_enter_gettid
sys_enter_rt_sigprocmask
sys_enter_futex
sys_enter_rt_sigprocmask
sys_enter_gettid
sys_enter_futex
sys_enter_futex
sys_enter_sigaltstack
sys_enter_sigaltstack
sys_enter_gettid
sys_enter_rt_sigprocmask
sys_enter_futex
sys_enter_futex
sys_enter_mmap
sys_enter_futex
sys_enter_futex
sys_enter_futex
sys_enter_openat
sys_enter_read
sys_enter_read
sys_enter_close
sys_enter_socket
sys_enter_close
sys_enter_socket
sys_enter_setsockopt
sys_enter_bind
sys_enter_socket
sys_enter_setsockopt
sys_enter_bind
sys_enter_close
sys_enter_close
sys_enter_getpid
sys_enter_getppid
sys_enter_mmap
sys_enter_mmap
sys_enter_getppid
sys_enter_openat
sys_enter_pipe2
sys_enter_getpid
sys_enter_clone
sys_enter_setsid
sys_enter_close
sys_enter_read
sys_enter_chdir
sys_enter_execve
sys_enter_close
sys_enter_exit_group
sys_enter_mmap
sys_enter_mmap
sys_enter_mprotect
sys_enter_mmap
sys_enter_mmap
sys_enter_mprotect
sys_enter_mmap
sys_enter_mprotect
sys_enter_mmap
sys_enter_mprotect
sys_enter_mmap
sys_enter_mmap
sys_enter_close
sys_enter_munmap
sys_enter_sched_getaffinity
sys_enter_mmap
sys_enter_munmap
sys_enter_mmap
sys_enter_mmap
sys_enter_mmap
sys_enter_mmap
sys_enter_mmap
sys_enter_mmap
sys_enter_rt_sigprocmask
sys_enter_sigaltstack
sys_enter_sigaltstack
sys_enter_gettid
sys_enter_rt_sigprocmask
sys_enter_rt_sigaction
sys_enter_rt_sigaction
sys_enter_rt_sigaction
sys_enter_rt_sigaction
sys_enter_rt_sigaction
sys_enter_rt_sigaction
sys_enter_rt_sigaction
sys_enter_rt_sigaction
sys_enter_rt_sigaction
sys_enter_rt_sigaction
sys_enter_rt_sigaction
sys_enter_rt_sigaction
sys_enter_rt_sigaction
sys_enter_rt_sigaction
sys_enter_rt_sigaction
sys_enter_rt_sigaction
sys_enter_rt_sigaction
sys_enter_rt_sigaction
sys_enter_rt_sigaction
sys_enter_rt_sigaction
sys_enter_rt_sigaction
sys_enter_rt_sigaction
sys_enter_rt_sigaction
sys_enter_rt_sigaction
sys_enter_rt_sigaction
sys_enter_rt_sigaction
sys_enter_rt_sigaction
sys_enter_rt_sigaction
sys_enter_rt_sigaction
sys_enter_rt_sigaction
sys_enter_rt_sigaction
sys_enter_rt_sigaction
sys_enter_rt_sigaction
sys_enter_rt_sigaction
sys_enter_rt_sigaction
sys_enter_rt_sigaction
sys_enter_rt_sigaction
sys_enter_rt_sigaction
sys_enter_rt_sigaction
sys_enter_rt_sigaction
sys_enter_rt_sigaction
sys_enter_rt_sigaction
sys_enter_rt_sigaction
sys_enter_rt_sigaction
sys_enter_rt_sigaction
sys_enter_rt_sigaction
sys_enter_rt_sigaction
sys_enter_rt_sigaction
sys_enter_rt_sigaction
sys_enter_rt_sigaction
sys_enter_rt_sigaction
sys_enter_rt_sigaction
sys_enter_rt_sigaction
sys_enter_rt_sigaction
sys_enter_rt_sigaction
sys_enter_rt_sigaction
sys_enter_rt_sigaction
sys_enter_rt_sigaction
sys_enter_rt_sigaction
sys_enter_rt_sigaction
sys_enter_rt_sigaction
sys_enter_rt_sigaction
sys_enter_rt_sigaction
sys_enter_rt_sigaction
sys_enter_rt_sigaction
sys_enter_rt_sigaction
sys_enter_rt_sigaction
sys_enter_rt_sigaction
sys_enter_rt_sigaction
sys_enter_rt_sigaction
sys_enter_rt_sigaction
sys_enter_rt_sigaction
sys_enter_rt_sigaction
sys_enter_rt_sigaction
sys_enter_rt_sigaction
sys_enter_rt_sigaction
sys_enter_rt_sigaction
sys_enter_rt_sigaction
sys_enter_rt_sigaction
sys_enter_rt_sigaction
sys_enter_rt_sigaction
sys_enter_rt_sigaction
sys_enter_rt_sigaction
sys_enter_rt_sigaction
sys_enter_rt_sigaction
sys_enter_rt_sigaction
sys_enter_rt_sigaction
sys_enter_rt_sigaction
sys_enter_rt_sigaction
sys_enter_rt_sigaction
sys_enter_rt_sigaction
sys_enter_rt_sigaction
sys_enter_rt_sigaction
sys_enter_rt_sigaction
sys_enter_rt_sigaction
sys_enter_rt_sigaction
sys_enter_rt_sigaction
sys_enter_rt_sigaction
sys_enter_rt_sigaction
sys_enter_rt_sigaction
sys_enter_rt_sigaction
sys_enter_rt_sigaction
sys_enter_rt_sigaction
sys_enter_rt_sigaction
sys_enter_rt_sigaction
sys_enter_rt_sigaction
sys_enter_rt_sigaction
sys_enter_rt_sigaction
sys_enter_rt_sigaction
sys_enter_rt_sigaction
sys_enter_rt_sigaction
sys_enter_rt_sigaction
sys_enter_rt_sigaction
sys_enter_rt_sigaction
sys_enter_rt_sigprocmask
sys_enter_clone
sys_enter_rt_sigprocmask
sys_enter_gettid
sys_enter_sigaltstack
sys_enter_sigaltstack
sys_enter_gettid
sys_enter_rt_sigprocmask
sys_enter_rt_sigprocmask
sys_enter_clone
sys_enter_rt_sigprocmask
sys_enter_gettid
sys_enter_sigaltstack
sys_enter_sigaltstack
sys_enter_gettid
sys_enter_rt_sigprocmask
sys_enter_rt_sigprocmask
sys_enter_clone
sys_enter_rt_sigprocmask
sys_enter_futex
sys_enter_rt_sigprocmask
sys_enter_clone
sys_enter_rt_sigprocmask
sys_enter_gettid
sys_enter_sigaltstack
sys_enter_sigaltstack
sys_enter_gettid
sys_enter_rt_sigprocmask
sys_enter_futex
sys_enter_gettid
sys_enter_sigaltstack
sys_enter_sigaltstack
sys_enter_gettid
sys_enter_rt_sigprocmask
sys_enter_futex
sys_enter_futex
sys_enter_futex
sys_enter_futex
sys_enter_mmap
sys_enter_futex
sys_enter_futex
sys_enter_futex
sys_enter_openat
sys_enter_read
sys_enter_read
sys_enter_close
sys_enter_socket
sys_enter_close
sys_enter_socket
sys_enter_setsockopt
sys_enter_bind
sys_enter_socket
sys_enter_setsockopt
sys_enter_bind
sys_enter_close
sys_enter_close
sys_enter_getpid
sys_enter_getppid
sys_enter_mmap
sys_enter_mmap
sys_enter_getppid
sys_enter_openat
sys_enter_pipe2
sys_enter_getpid
sys_enter_clone
sys_enter_setsid
sys_enter_close
sys_enter_chdir
sys_enter_read
sys_enter_execve
sys_enter_close
sys_enter_mmap
sys_enter_mmap
sys_enter_exit_group
sys_enter_mprotect
sys_enter_mmap
sys_enter_mmap
sys_enter_mprotect
sys_enter_mmap
sys_enter_mprotect
sys_enter_mmap
sys_enter_mprotect
sys_enter_mmap
sys_enter_mmap
sys_enter_close
sys_enter_munmap
sys_enter_sched_getaffinity
sys_enter_mmap
sys_enter_munmap
sys_enter_mmap
sys_enter_mmap
sys_enter_mmap
sys_enter_mmap
sys_enter_mmap
sys_enter_mmap
sys_enter_rt_sigprocmask
sys_enter_sigaltstack
sys_enter_sigaltstack
sys_enter_gettid
sys_enter_rt_sigprocmask
sys_enter_rt_sigaction
sys_enter_rt_sigaction
sys_enter_rt_sigaction
sys_enter_rt_sigaction
sys_enter_rt_sigaction
sys_enter_rt_sigaction
sys_enter_rt_sigaction
sys_enter_rt_sigaction
sys_enter_rt_sigaction
sys_enter_rt_sigaction
sys_enter_rt_sigaction
sys_enter_rt_sigaction
sys_enter_rt_sigaction
sys_enter_rt_sigaction
sys_enter_rt_sigaction
sys_enter_rt_sigaction
sys_enter_rt_sigaction
sys_enter_rt_sigaction
sys_enter_rt_sigaction
sys_enter_rt_sigaction
sys_enter_rt_sigaction
sys_enter_rt_sigaction
sys_enter_rt_sigaction
sys_enter_rt_sigaction
sys_enter_rt_sigaction
sys_enter_rt_sigaction
sys_enter_rt_sigaction
sys_enter_rt_sigaction
sys_enter_rt_sigaction
sys_enter_rt_sigaction
sys_enter_rt_sigaction
sys_enter_rt_sigaction
sys_enter_rt_sigaction
sys_enter_rt_sigaction
sys_enter_rt_sigaction
sys_enter_rt_sigaction
sys_enter_rt_sigaction
sys_enter_rt_sigaction
sys_enter_rt_sigaction
sys_enter_rt_sigaction
sys_enter_rt_sigaction
sys_enter_rt_sigaction
sys_enter_rt_sigaction
sys_enter_rt_sigaction
sys_enter_rt_sigaction
sys_enter_rt_sigaction
sys_enter_rt_sigaction
sys_enter_rt_sigaction
sys_enter_rt_sigaction
sys_enter_rt_sigaction
sys_enter_rt_sigaction
sys_enter_rt_sigaction
sys_enter_rt_sigaction
sys_enter_rt_sigaction
sys_enter_rt_sigaction
sys_enter_rt_sigaction
sys_enter_rt_sigaction
sys_enter_rt_sigaction
sys_enter_rt_sigaction
sys_enter_rt_sigaction
sys_enter_rt_sigaction
sys_enter_rt_sigaction
sys_enter_rt_sigaction
sys_enter_rt_sigaction
sys_enter_rt_sigaction
sys_enter_rt_sigaction
sys_enter_rt_sigaction
sys_enter_rt_sigaction
sys_enter_rt_sigaction
sys_enter_rt_sigaction
sys_enter_rt_sigaction
sys_enter_rt_sigaction
sys_enter_rt_sigaction
sys_enter_rt_sigaction
sys_enter_rt_sigaction
sys_enter_rt_sigaction
sys_enter_rt_sigaction
sys_enter_rt_sigaction
sys_enter_rt_sigaction
sys_enter_rt_sigaction
sys_enter_rt_sigaction
sys_enter_rt_sigaction
sys_enter_rt_sigaction
sys_enter_rt_sigaction
sys_enter_rt_sigaction
sys_enter_rt_sigaction
sys_enter_rt_sigaction
sys_enter_rt_sigaction
sys_enter_rt_sigaction
sys_enter_rt_sigaction
sys_enter_rt_sigaction
sys_enter_rt_sigaction
sys_enter_rt_sigaction
sys_enter_rt_sigaction
sys_enter_rt_sigaction
sys_enter_rt_sigaction
sys_enter_rt_sigaction
sys_enter_rt_sigaction
sys_enter_rt_sigaction
sys_enter_rt_sigaction
sys_enter_rt_sigaction
sys_enter_rt_sigaction
sys_enter_rt_sigaction
sys_enter_rt_sigaction
sys_enter_rt_sigaction
sys_enter_rt_sigaction
sys_enter_rt_sigaction
sys_enter_rt_sigaction
sys_enter_rt_sigaction
sys_enter_rt_sigaction
sys_enter_rt_sigaction
sys_enter_rt_sigaction
sys_enter_rt_sigaction
sys_enter_rt_sigaction
sys_enter_rt_sigprocmask
sys_enter_clone
sys_enter_rt_sigprocmask
sys_enter_gettid
sys_enter_sigaltstack
sys_enter_sigaltstack
sys_enter_gettid
sys_enter_rt_sigprocmask
sys_enter_rt_sigprocmask
sys_enter_clone
sys_enter_rt_sigprocmask
sys_enter_gettid
sys_enter_sigaltstack
sys_enter_sigaltstack
sys_enter_rt_sigprocmask
sys_enter_clone
sys_enter_gettid
sys_enter_rt_sigprocmask
sys_enter_rt_sigprocmask
sys_enter_sched_yield
sys_enter_gettid
sys_enter_futex
sys_enter_sigaltstack
sys_enter_sigaltstack
sys_enter_gettid
sys_enter_rt_sigprocmask
sys_enter_futex
sys_enter_futex
sys_enter_futex
sys_enter_rt_sigprocmask
sys_enter_clone
sys_enter_rt_sigprocmask
sys_enter_futex
sys_enter_gettid
sys_enter_sigaltstack
sys_enter_sigaltstack
sys_enter_gettid
sys_enter_rt_sigprocmask
sys_enter_mmap
sys_enter_futex
sys_enter_futex
sys_enter_futex
sys_enter_openat
sys_enter_futex
sys_enter_futex
sys_enter_read
sys_enter_read
sys_enter_close
sys_enter_socket
sys_enter_close
sys_enter_socket
sys_enter_setsockopt
sys_enter_bind
sys_enter_socket
sys_enter_setsockopt
sys_enter_bind
sys_enter_close
sys_enter_close
sys_enter_mmap
sys_enter_mmap
sys_enter_getpid
sys_enter_getppid
sys_enter_mmap
sys_enter_mmap
sys_enter_getppid
sys_enter_openat
sys_enter_pipe2
sys_enter_getpid
sys_enter_clone
sys_enter_close
sys_enter_read
sys_enter_setsid
sys_enter_chdir
sys_enter_execve
sys_enter_close
sys_enter_exit_group
sys_enter_mmap
sys_enter_mmap
sys_enter_mprotect
sys_enter_mmap
sys_enter_mmap
sys_enter_mprotect
sys_enter_mmap
sys_enter_mprotect
sys_enter_mmap
sys_enter_mprotect
sys_enter_mmap
sys_enter_mmap
sys_enter_close
sys_enter_munmap
sys_enter_sched_getaffinity
sys_enter_mmap
sys_enter_munmap
sys_enter_mmap
sys_enter_mmap
sys_enter_mmap
sys_enter_mmap
sys_enter_mmap
sys_enter_mmap
sys_enter_rt_sigprocmask
sys_enter_sigaltstack
sys_enter_sigaltstack
sys_enter_gettid
sys_enter_rt_sigprocmask
sys_enter_rt_sigaction
sys_enter_rt_sigaction
sys_enter_rt_sigaction
sys_enter_rt_sigaction
sys_enter_rt_sigaction
sys_enter_rt_sigaction
sys_enter_rt_sigaction
sys_enter_rt_sigaction
sys_enter_rt_sigaction
sys_enter_rt_sigaction
sys_enter_rt_sigaction
sys_enter_rt_sigaction
sys_enter_rt_sigaction
sys_enter_rt_sigaction
sys_enter_rt_sigaction
sys_enter_rt_sigaction
sys_enter_rt_sigaction
sys_enter_rt_sigaction
sys_enter_rt_sigaction
sys_enter_rt_sigaction
sys_enter_rt_sigaction
sys_enter_rt_sigaction
sys_enter_rt_sigaction
sys_enter_rt_sigaction
sys_enter_rt_sigaction
sys_enter_rt_sigaction
sys_enter_rt_sigaction
sys_enter_rt_sigaction
sys_enter_rt_sigaction
sys_enter_rt_sigaction
sys_enter_rt_sigaction
sys_enter_rt_sigaction
sys_enter_rt_sigaction
sys_enter_rt_sigaction
sys_enter_rt_sigaction
sys_enter_rt_sigaction
sys_enter_rt_sigaction
sys_enter_rt_sigaction
sys_enter_rt_sigaction
sys_enter_rt_sigaction
sys_enter_rt_sigaction
sys_enter_rt_sigaction
sys_enter_rt_sigaction
sys_enter_rt_sigaction
sys_enter_rt_sigaction
sys_enter_rt_sigaction
sys_enter_rt_sigaction
sys_enter_rt_sigaction
sys_enter_rt_sigaction
sys_enter_rt_sigaction
sys_enter_rt_sigaction
sys_enter_rt_sigaction
sys_enter_rt_sigaction
sys_enter_rt_sigaction
sys_enter_rt_sigaction
sys_enter_rt_sigaction
sys_enter_rt_sigaction
sys_enter_rt_sigaction
sys_enter_rt_sigaction
sys_enter_rt_sigaction
sys_enter_rt_sigaction
sys_enter_rt_sigaction
sys_enter_rt_sigaction
sys_enter_rt_sigaction
sys_enter_rt_sigaction
sys_enter_rt_sigaction
sys_enter_rt_sigaction
sys_enter_rt_sigaction
sys_enter_rt_sigaction
sys_enter_rt_sigaction
sys_enter_rt_sigaction
sys_enter_rt_sigaction
sys_enter_rt_sigaction
sys_enter_rt_sigaction
sys_enter_rt_sigaction
sys_enter_rt_sigaction
sys_enter_rt_sigaction
sys_enter_rt_sigaction
sys_enter_rt_sigaction
sys_enter_rt_sigaction
sys_enter_rt_sigaction
sys_enter_rt_sigaction
sys_enter_rt_sigaction
sys_enter_rt_sigaction
sys_enter_rt_sigaction
sys_enter_rt_sigaction
sys_enter_rt_sigaction
sys_enter_rt_sigaction
sys_enter_rt_sigaction
sys_enter_rt_sigaction
sys_enter_rt_sigaction
sys_enter_rt_sigaction
sys_enter_rt_sigaction
sys_enter_rt_sigaction
sys_enter_rt_sigaction
sys_enter_rt_sigaction
sys_enter_rt_sigaction
sys_enter_rt_sigaction
sys_enter_rt_sigaction
sys_enter_rt_sigaction
sys_enter_rt_sigaction
sys_enter_rt_sigaction
sys_enter_rt_sigaction
sys_enter_rt_sigaction
sys_enter_rt_sigaction
sys_enter_rt_sigaction
sys_enter_rt_sigaction
sys_enter_rt_sigaction
sys_enter_rt_sigaction
sys_enter_rt_sigaction
sys_enter_rt_sigaction
sys_enter_rt_sigaction
sys_enter_rt_sigaction
sys_enter_rt_sigaction
sys_enter_rt_sigprocmask
sys_enter_clone
sys_enter_rt_sigprocmask
sys_enter_rt_sigprocmask
sys_enter_clone
sys_enter_gettid
sys_enter_sigaltstack
sys_enter_sigaltstack
sys_enter_gettid
sys_enter_rt_sigprocmask
sys_enter_rt_sigprocmask
sys_enter_gettid
sys_enter_sigaltstack
sys_enter_sigaltstack
sys_enter_gettid
sys_enter_rt_sigprocmask
sys_enter_rt_sigprocmask
sys_enter_clone
sys_enter_rt_sigprocmask
sys_enter_clone
sys_enter_rt_sigprocmask
sys_enter_futex
sys_enter_gettid
sys_enter_sigaltstack
sys_enter_sigaltstack
sys_enter_gettid
sys_enter_rt_sigprocmask
sys_enter_futex
sys_enter_futex
sys_enter_rt_sigprocmask
sys_enter_gettid
sys_enter_sigaltstack
sys_enter_sigaltstack
sys_enter_gettid
sys_enter_rt_sigprocmask
sys_enter_futex
sys_enter_futex
sys_enter_futex
sys_enter_mmap
sys_enter_futex
sys_enter_futex
sys_enter_futex
sys_enter_openat
sys_enter_read
sys_enter_read
sys_enter_close
sys_enter_socket
sys_enter_close
sys_enter_socket
sys_enter_setsockopt
sys_enter_bind
sys_enter_socket
sys_enter_setsockopt
sys_enter_bind
sys_enter_close
sys_enter_close
sys_enter_getpid
sys_enter_getppid
sys_enter_mmap
sys_enter_mmap
sys_enter_getppid
sys_enter_openat
sys_enter_pipe2
sys_enter_getpid
sys_enter_clone
sys_enter_setsid
sys_enter_close
sys_enter_read
sys_enter_chdir
sys_enter_execve
sys_enter_close
sys_enter_exit_group
sys_enter_mmap
sys_enter_mmap
sys_enter_mprotect
sys_enter_mmap
sys_enter_mmap
sys_enter_mprotect
sys_enter_mmap
sys_enter_mprotect
sys_enter_mmap
sys_enter_mprotect
sys_enter_mmap
sys_enter_mmap
sys_enter_close
sys_enter_munmap
sys_enter_sched_getaffinity
sys_enter_mmap
sys_enter_munmap
sys_enter_mmap
sys_enter_mmap
sys_enter_mmap
sys_enter_mmap
sys_enter_mmap
sys_enter_mmap
sys_enter_rt_sigprocmask
sys_enter_sigaltstack
sys_enter_sigaltstack
sys_enter_gettid
sys_enter_rt_sigprocmask
sys_enter_rt_sigaction
sys_enter_rt_sigaction
sys_enter_rt_sigaction
sys_enter_rt_sigaction
sys_enter_rt_sigaction
sys_enter_rt_sigaction
sys_enter_rt_sigaction
sys_enter_rt_sigaction
sys_enter_rt_sigaction
sys_enter_rt_sigaction
sys_enter_rt_sigaction
sys_enter_rt_sigaction
sys_enter_rt_sigaction
sys_enter_rt_sigaction
sys_enter_rt_sigaction
sys_enter_rt_sigaction
sys_enter_rt_sigaction
sys_enter_rt_sigaction
sys_enter_rt_sigaction
sys_enter_rt_sigaction
sys_enter_rt_sigaction
sys_enter_rt_sigaction
sys_enter_rt_sigaction
sys_enter_rt_sigaction
sys_enter_rt_sigaction
sys_enter_rt_sigaction
sys_enter_rt_sigaction
sys_enter_rt_sigaction
sys_enter_rt_sigaction
sys_enter_rt_sigaction
sys_enter_rt_sigaction
sys_enter_rt_sigaction
sys_enter_rt_sigaction
sys_enter_rt_sigaction
sys_enter_rt_sigaction
sys_enter_rt_sigaction
sys_enter_rt_sigaction
sys_enter_rt_sigaction
sys_enter_rt_sigaction
sys_enter_rt_sigaction
sys_enter_rt_sigaction
sys_enter_rt_sigaction
sys_enter_rt_sigaction
sys_enter_rt_sigaction
sys_enter_rt_sigaction
sys_enter_rt_sigaction
sys_enter_rt_sigaction
sys_enter_rt_sigaction
sys_enter_rt_sigaction
sys_enter_rt_sigaction
sys_enter_rt_sigaction
sys_enter_rt_sigaction
sys_enter_rt_sigaction
sys_enter_rt_sigaction
sys_enter_rt_sigaction
sys_enter_rt_sigaction
sys_enter_rt_sigaction
sys_enter_rt_sigaction
sys_enter_rt_sigaction
sys_enter_rt_sigaction
sys_enter_rt_sigaction
sys_enter_rt_sigaction
sys_enter_rt_sigaction
sys_enter_rt_sigaction
sys_enter_rt_sigaction
sys_enter_rt_sigaction
sys_enter_rt_sigaction
sys_enter_rt_sigaction
sys_enter_rt_sigaction
sys_enter_rt_sigaction
sys_enter_rt_sigaction
sys_enter_rt_sigaction
sys_enter_rt_sigaction
sys_enter_rt_sigaction
sys_enter_rt_sigaction
sys_enter_rt_sigaction
sys_enter_rt_sigaction
sys_enter_rt_sigaction
sys_enter_rt_sigaction
sys_enter_rt_sigaction
sys_enter_rt_sigaction
sys_enter_rt_sigaction
sys_enter_rt_sigaction
sys_enter_rt_sigaction
sys_enter_rt_sigaction
sys_enter_rt_sigaction
sys_enter_rt_sigaction
sys_enter_rt_sigaction
sys_enter_rt_sigaction
sys_enter_rt_sigaction
sys_enter_rt_sigaction
sys_enter_rt_sigaction
sys_enter_rt_sigaction
sys_enter_rt_sigaction
sys_enter_rt_sigaction
sys_enter_rt_sigaction
sys_enter_rt_sigaction
sys_enter_rt_sigaction
sys_enter_rt_sigaction
sys_enter_rt_sigaction
sys_enter_rt_sigaction
sys_enter_rt_sigaction
sys_enter_rt_sigaction
sys_enter_rt_sigaction
sys_enter_rt_sigaction
sys_enter_rt_sigaction
sys_enter_rt_sigaction
sys_enter_rt_sigaction
sys_enter_rt_sigaction
sys_enter_rt_sigaction
sys_enter_rt_sigaction
sys_enter_rt_sigaction
sys_enter_rt_sigaction
sys_enter_rt_sigaction
sys_enter_rt_sigprocmask
sys_enter_clone
sys_enter_rt_sigprocmask
sys_enter_gettid
sys_enter_sigaltstack
sys_enter_sigaltstack
sys_enter_gettid
sys_enter_rt_sigprocmask
sys_enter_rt_sigprocmask
sys_enter_clone
sys_enter_rt_sigprocmask
sys_enter_gettid
sys_enter_sigaltstack
sys_enter_sigaltstack
sys_enter_gettid
sys_enter_rt_sigprocmask
sys_enter_rt_sigprocmask
sys_enter_clone
sys_enter_rt_sigprocmask
sys_enter_clone
sys_enter_rt_sigprocmask
sys_enter_futex
sys_enter_gettid
sys_enter_sigaltstack
sys_enter_sigaltstack
sys_enter_rt_sigprocmask
sys_enter_gettid
sys_enter_gettid
sys_enter_rt_sigprocmask
sys_enter_sigaltstack
sys_enter_sigaltstack
sys_enter_gettid
sys_enter_futex
sys_enter_rt_sigprocmask
sys_enter_futex
sys_enter_futex
sys_enter_futex
sys_enter_futex
sys_enter_mmap
sys_enter_futex
sys_enter_futex
sys_enter_futex
sys_enter_openat
sys_enter_read
sys_enter_read
sys_enter_close
sys_enter_socket
sys_enter_close
sys_enter_socket
sys_enter_setsockopt
sys_enter_bind
sys_enter_socket
sys_enter_setsockopt
sys_enter_bind
sys_enter_close
sys_enter_close
sys_enter_getpid
sys_enter_getppid
sys_enter_mmap
sys_enter_mmap
sys_enter_getppid
sys_enter_openat
sys_enter_pipe2
sys_enter_getpid
sys_enter_clone
sys_enter_setsid
sys_enter_close
sys_enter_read
sys_enter_chdir
sys_enter_execve
sys_enter_close
sys_enter_mmap
sys_enter_mmap
sys_enter_exit_group
sys_enter_mprotect
sys_enter_mmap
sys_enter_mmap
sys_enter_mprotect
sys_enter_mmap
sys_enter_mprotect
sys_enter_mmap
sys_enter_mprotect
sys_enter_mmap
sys_enter_mmap
sys_enter_close
sys_enter_munmap
sys_enter_sched_getaffinity
sys_enter_mmap
sys_enter_munmap
sys_enter_mmap
sys_enter_mmap
sys_enter_mmap
sys_enter_mmap
sys_enter_mmap
sys_enter_mmap
sys_enter_rt_sigprocmask
sys_enter_sigaltstack
sys_enter_sigaltstack
sys_enter_gettid
sys_enter_rt_sigprocmask
sys_enter_rt_sigaction
sys_enter_rt_sigaction
sys_enter_rt_sigaction
sys_enter_rt_sigaction
sys_enter_rt_sigaction
sys_enter_rt_sigaction
sys_enter_rt_sigaction
sys_enter_rt_sigaction
sys_enter_rt_sigaction
sys_enter_rt_sigaction
sys_enter_rt_sigaction
sys_enter_rt_sigaction
sys_enter_rt_sigaction
sys_enter_rt_sigaction
sys_enter_rt_sigaction
sys_enter_rt_sigaction
sys_enter_rt_sigaction
sys_enter_rt_sigaction
sys_enter_rt_sigaction
sys_enter_rt_sigaction
sys_enter_rt_sigaction
sys_enter_rt_sigaction
sys_enter_rt_sigaction
sys_enter_rt_sigaction
sys_enter_rt_sigaction
sys_enter_rt_sigaction
sys_enter_rt_sigaction
sys_enter_rt_sigaction
sys_enter_rt_sigaction
sys_enter_rt_sigaction
sys_enter_rt_sigaction
sys_enter_rt_sigaction
sys_enter_rt_sigaction
sys_enter_rt_sigaction
sys_enter_rt_sigaction
sys_enter_rt_sigaction
sys_enter_rt_sigaction
sys_enter_rt_sigaction
sys_enter_rt_sigaction
sys_enter_rt_sigaction
sys_enter_rt_sigaction
sys_enter_rt_sigaction
sys_enter_rt_sigaction
sys_enter_rt_sigaction
sys_enter_rt_sigaction
sys_enter_rt_sigaction
sys_enter_rt_sigaction
sys_enter_rt_sigaction
sys_enter_rt_sigaction
sys_enter_rt_sigaction
sys_enter_rt_sigaction
sys_enter_rt_sigaction
sys_enter_rt_sigaction
sys_enter_rt_sigaction
sys_enter_rt_sigaction
sys_enter_rt_sigaction
sys_enter_rt_sigaction
sys_enter_rt_sigaction
sys_enter_rt_sigaction
sys_enter_rt_sigaction
sys_enter_rt_sigaction
sys_enter_rt_sigaction
sys_enter_rt_sigaction
sys_enter_rt_sigaction
sys_enter_rt_sigaction
sys_enter_rt_sigaction
sys_enter_rt_sigaction
sys_enter_rt_sigaction
sys_enter_rt_sigaction
sys_enter_rt_sigaction
sys_enter_rt_sigaction
sys_enter_rt_sigaction
sys_enter_rt_sigaction
sys_enter_rt_sigaction
sys_enter_rt_sigaction
sys_enter_rt_sigaction
sys_enter_rt_sigaction
sys_enter_rt_sigaction
sys_enter_rt_sigaction
sys_enter_rt_sigaction
sys_enter_rt_sigaction
sys_enter_rt_sigaction
sys_enter_rt_sigaction
sys_enter_rt_sigaction
sys_enter_rt_sigaction
sys_enter_rt_sigaction
sys_enter_rt_sigaction
sys_enter_rt_sigaction
sys_enter_rt_sigaction
sys_enter_rt_sigaction
sys_enter_rt_sigaction
sys_enter_rt_sigaction
sys_enter_rt_sigaction
sys_enter_rt_sigaction
sys_enter_rt_sigaction
sys_enter_rt_sigaction
sys_enter_rt_sigaction
sys_enter_rt_sigaction
sys_enter_rt_sigaction
sys_enter_rt_sigaction
sys_enter_rt_sigaction
sys_enter_rt_sigaction
sys_enter_rt_sigaction
sys_enter_rt_sigaction
sys_enter_rt_sigaction
sys_enter_rt_sigaction
sys_enter_rt_sigaction
sys_enter_rt_sigaction
sys_enter_rt_sigaction
sys_enter_rt_sigaction
sys_enter_rt_sigaction
sys_enter_rt_sigaction
sys_enter_rt_sigaction
sys_enter_rt_sigaction
sys_enter_rt_sigprocmask
sys_enter_clone
sys_enter_rt_sigprocmask
sys_enter_gettid
sys_enter_sigaltstack
sys_enter_sigaltstack
sys_enter_gettid
sys_enter_rt_sigprocmask
sys_enter_rt_sigprocmask
sys_enter_clone
sys_enter_rt_sigprocmask
sys_enter_gettid
sys_enter_rt_sigprocmask
sys_enter_clone
sys_enter_sigaltstack
sys_enter_sigaltstack
sys_enter_gettid
sys_enter_rt_sigprocmask
sys_enter_rt_sigprocmask
sys_enter_futex
sys_enter_gettid
sys_enter_sigaltstack
sys_enter_sigaltstack
sys_enter_gettid
sys_enter_rt_sigprocmask
sys_enter_clone
sys_enter_rt_sigprocmask
sys_enter_futex
sys_enter_rt_sigprocmask
sys_enter_gettid
sys_enter_futex
sys_enter_futex
sys_enter_sigaltstack
sys_enter_sigaltstack
sys_enter_gettid
sys_enter_rt_sigprocmask
sys_enter_futex
sys_enter_futex
sys_enter_mmap
sys_enter_futex
sys_enter_futex
sys_enter_futex
sys_enter_openat
sys_enter_read
sys_enter_read
sys_enter_close
sys_enter_socket
sys_enter_close
sys_enter_socket
sys_enter_setsockopt
sys_enter_bind
sys_enter_socket
sys_enter_setsockopt
sys_enter_bind
sys_enter_close
sys_enter_close
sys_enter_getpid
sys_enter_getppid
sys_enter_mmap
sys_enter_mmap
sys_enter_getppid
sys_enter_openat
sys_enter_pipe2
sys_enter_getpid
sys_enter_clone
sys_enter_setsid
sys_enter_close
sys_enter_read
sys_enter_chdir
sys_enter_execve
sys_enter_close
sys_enter_exit_group
sys_enter_mmap
sys_enter_mmap
sys_enter_mprotect
sys_enter_mmap
sys_enter_mmap
sys_enter_mprotect
sys_enter_mmap
sys_enter_mprotect
sys_enter_mmap
sys_enter_mprotect
sys_enter_mmap
sys_enter_mmap
sys_enter_close
sys_enter_munmap
sys_enter_sched_getaffinity
sys_enter_mmap
sys_enter_munmap
sys_enter_mmap
sys_enter_mmap
sys_enter_mmap
sys_enter_mmap
sys_enter_mmap
sys_enter_mmap
sys_enter_rt_sigprocmask
sys_enter_sigaltstack
sys_enter_sigaltstack
sys_enter_gettid
sys_enter_rt_sigprocmask
sys_enter_rt_sigaction
sys_enter_rt_sigaction
sys_enter_rt_sigaction
sys_enter_rt_sigaction
sys_enter_rt_sigaction
sys_enter_rt_sigaction
sys_enter_rt_sigaction
sys_enter_rt_sigaction
sys_enter_rt_sigaction
sys_enter_rt_sigaction
sys_enter_rt_sigaction
sys_enter_rt_sigaction
sys_enter_rt_sigaction
sys_enter_rt_sigaction
sys_enter_rt_sigaction
sys_enter_rt_sigaction
sys_enter_rt_sigaction
sys_enter_rt_sigaction
sys_enter_rt_sigaction
sys_enter_rt_sigaction
sys_enter_rt_sigaction
sys_enter_rt_sigaction
sys_enter_rt_sigaction
sys_enter_rt_sigaction
sys_enter_rt_sigaction
sys_enter_rt_sigaction
sys_enter_rt_sigaction
sys_enter_rt_sigaction
sys_enter_rt_sigaction
sys_enter_rt_sigaction
sys_enter_rt_sigaction
sys_enter_rt_sigaction
sys_enter_rt_sigaction
sys_enter_rt_sigaction
sys_enter_rt_sigaction
sys_enter_rt_sigaction
sys_enter_rt_sigaction
sys_enter_rt_sigaction
sys_enter_rt_sigaction
sys_enter_rt_sigaction
sys_enter_rt_sigaction
sys_enter_rt_sigaction
sys_enter_rt_sigaction
sys_enter_rt_sigaction
sys_enter_rt_sigaction
sys_enter_rt_sigaction
sys_enter_rt_sigaction
sys_enter_rt_sigaction
sys_enter_rt_sigaction
sys_enter_rt_sigaction
sys_enter_rt_sigaction
sys_enter_rt_sigaction
sys_enter_rt_sigaction
sys_enter_rt_sigaction
sys_enter_rt_sigaction
sys_enter_rt_sigaction
sys_enter_rt_sigaction
sys_enter_rt_sigaction
sys_enter_rt_sigaction
sys_enter_rt_sigaction
sys_enter_rt_sigaction
sys_enter_rt_sigaction
sys_enter_rt_sigaction
sys_enter_rt_sigaction
sys_enter_rt_sigaction
sys_enter_rt_sigaction
sys_enter_rt_sigaction
sys_enter_rt_sigaction
sys_enter_rt_sigaction
sys_enter_rt_sigaction
sys_enter_rt_sigaction
sys_enter_rt_sigaction
sys_enter_rt_sigaction
sys_enter_rt_sigaction
sys_enter_rt_sigaction
sys_enter_rt_sigaction
sys_enter_rt_sigaction
sys_enter_rt_sigaction
sys_enter_rt_sigaction
sys_enter_rt_sigaction
sys_enter_rt_sigaction
sys_enter_rt_sigaction
sys_enter_rt_sigaction
sys_enter_rt_sigaction
sys_enter_rt_sigaction
sys_enter_rt_sigaction
sys_enter_rt_sigaction
sys_enter_rt_sigaction
sys_enter_rt_sigaction
sys_enter_rt_sigaction
sys_enter_rt_sigaction
sys_enter_rt_sigaction
sys_enter_rt_sigaction
sys_enter_rt_sigaction
sys_enter_rt_sigaction
sys_enter_rt_sigaction
sys_enter_rt_sigaction
sys_enter_rt_sigaction
sys_enter_rt_sigaction
sys_enter_rt_sigaction
sys_enter_rt_sigaction
sys_enter_rt_sigaction
sys_enter_rt_sigaction
sys_enter_rt_sigaction
sys_enter_rt_sigaction
sys_enter_rt_sigaction
sys_enter_rt_sigaction
sys_enter_rt_sigaction
sys_enter_rt_sigaction
sys_enter_rt_sigaction
sys_enter_rt_sigaction
sys_enter_rt_sigaction
sys_enter_rt_sigaction
sys_enter_rt_sigaction
sys_enter_rt_sigprocmask
sys_enter_clone
sys_enter_rt_sigprocmask
sys_enter_gettid
sys_enter_sigaltstack
sys_enter_sigaltstack
sys_enter_gettid
sys_enter_rt_sigprocmask
sys_enter_rt_sigprocmask
sys_enter_clone
sys_enter_rt_sigprocmask
sys_enter_gettid
sys_enter_sigaltstack
sys_enter_sigaltstack
sys_enter_gettid
sys_enter_rt_sigprocmask
sys_enter_rt_sigprocmask
sys_enter_clone
sys_enter_rt_sigprocmask
sys_enter_clone
sys_enter_rt_sigprocmask
sys_enter_gettid
sys_enter_rt_sigprocmask
sys_enter_futex
sys_enter_gettid
sys_enter_sigaltstack
sys_enter_sigaltstack
sys_enter_gettid
sys_enter_rt_sigprocmask
sys_enter_futex
sys_enter_futex
sys_enter_sigaltstack
sys_enter_sigaltstack
sys_enter_gettid
sys_enter_rt_sigprocmask
sys_enter_futex
sys_enter_futex
sys_enter_futex
sys_enter_mmap
sys_enter_futex
sys_enter_futex
sys_enter_futex
sys_enter_openat
sys_enter_read
sys_enter_read
sys_enter_close
sys_enter_socket
sys_enter_close
sys_enter_socket
sys_enter_setsockopt
sys_enter_bind
sys_enter_socket
sys_enter_setsockopt
sys_enter_bind
sys_enter_close
sys_enter_close
sys_enter_getpid
sys_enter_getppid
sys_enter_mmap
sys_enter_mmap
sys_enter_getppid
sys_enter_openat
sys_enter_pipe2
sys_enter_getpid
sys_enter_clone
sys_enter_setsid
sys_enter_chdir
sys_enter_close
sys_enter_read
sys_enter_execve
sys_enter_close
sys_enter_exit_group
sys_enter_mmap
sys_enter_mmap
sys_enter_mprotect
sys_enter_mmap
sys_enter_mmap
sys_enter_mprotect
sys_enter_mmap
sys_enter_mprotect
sys_enter_mmap
sys_enter_mprotect
sys_enter_mmap
sys_enter_mmap
sys_enter_close
sys_enter_munmap
sys_enter_sched_getaffinity
sys_enter_mmap
sys_enter_munmap
sys_enter_mmap
sys_enter_mmap
sys_enter_mmap
sys_enter_mmap
sys_enter_mmap
sys_enter_mmap
sys_enter_rt_sigprocmask
sys_enter_sigaltstack
sys_enter_sigaltstack
sys_enter_gettid
sys_enter_rt_sigprocmask
sys_enter_rt_sigaction
sys_enter_rt_sigaction
sys_enter_rt_sigaction
sys_enter_rt_sigaction
sys_enter_rt_sigaction
sys_enter_rt_sigaction
sys_enter_rt_sigaction
sys_enter_rt_sigaction
sys_enter_rt_sigaction
sys_enter_rt_sigaction
sys_enter_rt_sigaction
sys_enter_rt_sigaction
sys_enter_rt_sigaction
sys_enter_rt_sigaction
sys_enter_rt_sigaction
sys_enter_rt_sigaction
sys_enter_rt_sigaction
sys_enter_rt_sigaction
sys_enter_rt_sigaction
sys_enter_rt_sigaction
sys_enter_rt_sigaction
sys_enter_rt_sigaction
sys_enter_rt_sigaction
sys_enter_rt_sigaction
sys_enter_rt_sigaction
sys_enter_rt_sigaction
sys_enter_rt_sigaction
sys_enter_rt_sigaction
sys_enter_rt_sigaction
sys_enter_rt_sigaction
sys_enter_rt_sigaction
sys_enter_rt_sigaction
sys_enter_rt_sigaction
sys_enter_rt_sigaction
sys_enter_rt_sigaction
sys_enter_rt_sigaction
sys_enter_rt_sigaction
sys_enter_rt_sigaction
sys_enter_rt_sigaction
sys_enter_rt_sigaction
sys_enter_rt_sigaction
sys_enter_rt_sigaction
sys_enter_rt_sigaction
sys_enter_rt_sigaction
sys_enter_rt_sigaction
sys_enter_rt_sigaction
sys_enter_rt_sigaction
sys_enter_rt_sigaction
sys_enter_rt_sigaction
sys_enter_rt_sigaction
sys_enter_rt_sigaction
sys_enter_rt_sigaction
sys_enter_rt_sigaction
sys_enter_rt_sigaction
sys_enter_rt_sigaction
sys_enter_rt_sigaction
sys_enter_rt_sigaction
sys_enter_rt_sigaction
sys_enter_rt_sigaction
sys_enter_rt_sigaction
sys_enter_rt_sigaction
sys_enter_rt_sigaction
sys_enter_rt_sigaction
sys_enter_rt_sigaction
sys_enter_rt_sigaction
sys_enter_rt_sigaction
sys_enter_rt_sigaction
sys_enter_rt_sigaction
sys_enter_rt_sigaction
sys_enter_rt_sigaction
sys_enter_rt_sigaction
sys_enter_rt_sigaction
sys_enter_rt_sigaction
sys_enter_rt_sigaction
sys_enter_rt_sigaction
sys_enter_rt_sigaction
sys_enter_rt_sigaction
sys_enter_rt_sigaction
sys_enter_rt_sigaction
sys_enter_rt_sigaction
sys_enter_rt_sigaction
sys_enter_rt_sigaction
sys_enter_rt_sigaction
sys_enter_rt_sigaction
sys_enter_rt_sigaction
sys_enter_rt_sigaction
sys_enter_rt_sigaction
sys_enter_rt_sigaction
sys_enter_rt_sigaction
sys_enter_rt_sigaction
sys_enter_rt_sigaction
sys_enter_rt_sigaction
sys_enter_rt_sigaction
sys_enter_rt_sigaction
sys_enter_rt_sigaction
sys_enter_rt_sigaction
sys_enter_rt_sigaction
sys_enter_rt_sigaction
sys_enter_rt_sigaction
sys_enter_rt_sigaction
sys_enter_rt_sigaction
sys_enter_rt_sigaction
sys_enter_rt_sigaction
sys_enter_rt_sigaction
sys_enter_rt_sigaction
sys_enter_rt_sigaction
sys_enter_rt_sigaction
sys_enter_rt_sigaction
sys_enter_rt_sigaction
sys_enter_rt_sigaction
sys_enter_rt_sigaction
sys_enter_rt_sigaction
sys_enter_rt_sigaction
sys_enter_rt_sigaction
sys_enter_rt_sigprocmask
sys_enter_clone
sys_enter_rt_sigprocmask
sys_enter_gettid
sys_enter_sigaltstack
sys_enter_sigaltstack
sys_enter_gettid
sys_enter_rt_sigprocmask
sys_enter_rt_sigprocmask
sys_enter_clone
sys_enter_rt_sigprocmask
sys_enter_gettid
sys_enter_sigaltstack
sys_enter_sigaltstack
sys_enter_rt_sigprocmask
sys_enter_gettid
sys_enter_rt_sigprocmask
sys_enter_clone
sys_enter_rt_sigprocmask
sys_enter_futex
sys_enter_gettid
sys_enter_gettid
sys_enter_sigaltstack
sys_enter_sigaltstack
sys_enter_gettid
sys_enter_rt_sigprocmask
sys_enter_futex
sys_enter_futex
sys_enter_rt_sigprocmask
sys_enter_clone
sys_enter_rt_sigprocmask
sys_enter_futex
sys_enter_sigaltstack
sys_enter_sigaltstack
sys_enter_gettid
sys_enter_rt_sigprocmask
sys_enter_futex
sys_enter_futex
sys_enter_mmap
sys_enter_futex
sys_enter_futex
sys_enter_futex
sys_enter_openat
sys_enter_read
sys_enter_read
sys_enter_close
sys_enter_socket
sys_enter_close
sys_enter_socket
sys_enter_setsockopt
sys_enter_bind
sys_enter_socket
sys_enter_setsockopt
sys_enter_bind
sys_enter_close
sys_enter_close
sys_enter_getpid
sys_enter_getppid
sys_enter_mmap
sys_enter_mmap
sys_enter_getppid
sys_enter_openat
sys_enter_pipe2
sys_enter_getpid
sys_enter_clone
sys_enter_setsid
sys_enter_chdir
sys_enter_close
sys_enter_read
sys_enter_execve
sys_enter_close
sys_enter_exit_group
sys_enter_mmap
sys_enter_mmap
sys_enter_mprotect
sys_enter_mmap
sys_enter_mmap
sys_enter_mprotect
sys_enter_mmap
sys_enter_mprotect
sys_enter_mmap
sys_enter_mprotect
sys_enter_mmap
sys_enter_mmap
sys_enter_close
sys_enter_munmap
sys_enter_sched_getaffinity
sys_enter_mmap
sys_enter_munmap
sys_enter_mmap
sys_enter_mmap
sys_enter_mmap
sys_enter_mmap
sys_enter_mmap
sys_enter_mmap
sys_enter_rt_sigprocmask
sys_enter_sigaltstack
sys_enter_sigaltstack
sys_enter_gettid
sys_enter_rt_sigprocmask
sys_enter_rt_sigaction
sys_enter_rt_sigaction
sys_enter_rt_sigaction
sys_enter_rt_sigaction
sys_enter_rt_sigaction
sys_enter_rt_sigaction
sys_enter_rt_sigaction
sys_enter_rt_sigaction
sys_enter_rt_sigaction
sys_enter_rt_sigaction
sys_enter_rt_sigaction
sys_enter_rt_sigaction
sys_enter_rt_sigaction
sys_enter_rt_sigaction
sys_enter_rt_sigaction
sys_enter_rt_sigaction
sys_enter_rt_sigaction
sys_enter_rt_sigaction
sys_enter_rt_sigaction
sys_enter_rt_sigaction
sys_enter_rt_sigaction
sys_enter_rt_sigaction
sys_enter_rt_sigaction
sys_enter_rt_sigaction
sys_enter_rt_sigaction
sys_enter_rt_sigaction
sys_enter_rt_sigaction
sys_enter_rt_sigaction
sys_enter_rt_sigaction
sys_enter_rt_sigaction
sys_enter_rt_sigaction
sys_enter_rt_sigaction
sys_enter_rt_sigaction
sys_enter_rt_sigaction
sys_enter_rt_sigaction
sys_enter_rt_sigaction
sys_enter_rt_sigaction
sys_enter_rt_sigaction
sys_enter_rt_sigaction
sys_enter_rt_sigaction
sys_enter_rt_sigaction
sys_enter_rt_sigaction
sys_enter_rt_sigaction
sys_enter_rt_sigaction
sys_enter_rt_sigaction
sys_enter_rt_sigaction
sys_enter_rt_sigaction
sys_enter_rt_sigaction
sys_enter_rt_sigaction
sys_enter_rt_sigaction
sys_enter_rt_sigaction
sys_enter_rt_sigaction
sys_enter_rt_sigaction
sys_enter_rt_sigaction
sys_enter_rt_sigaction
sys_enter_rt_sigaction
sys_enter_rt_sigaction
sys_enter_rt_sigaction
sys_enter_rt_sigaction
sys_enter_rt_sigaction
sys_enter_rt_sigaction
sys_enter_rt_sigaction
sys_enter_rt_sigaction
sys_enter_rt_sigaction
sys_enter_rt_sigaction
sys_enter_rt_sigaction
sys_enter_rt_sigaction
sys_enter_rt_sigaction
sys_enter_rt_sigaction
sys_enter_rt_sigaction
sys_enter_rt_sigaction
sys_enter_rt_sigaction
sys_enter_rt_sigaction
sys_enter_rt_sigaction
sys_enter_rt_sigaction
sys_enter_rt_sigaction
sys_enter_rt_sigaction
sys_enter_rt_sigaction
sys_enter_rt_sigaction
sys_enter_rt_sigaction
sys_enter_rt_sigaction
sys_enter_rt_sigaction
sys_enter_rt_sigaction
sys_enter_rt_sigaction
sys_enter_rt_sigaction
sys_enter_rt_sigaction
sys_enter_rt_sigaction
sys_enter_rt_sigaction
sys_enter_rt_sigaction
sys_enter_rt_sigaction
sys_enter_rt_sigaction
sys_enter_rt_sigaction
sys_enter_rt_sigaction
sys_enter_rt_sigaction
sys_enter_rt_sigaction
sys_enter_rt_sigaction
sys_enter_rt_sigaction
sys_enter_rt_sigaction
sys_enter_rt_sigaction
sys_enter_rt_sigaction
sys_enter_rt_sigaction
sys_enter_rt_sigaction
sys_enter_rt_sigaction
sys_enter_rt_sigaction
sys_enter_rt_sigaction
sys_enter_rt_sigaction
sys_enter_rt_sigaction
sys_enter_rt_sigaction
sys_enter_rt_sigaction
sys_enter_rt_sigaction
sys_enter_rt_sigaction
sys_enter_rt_sigaction
sys_enter_rt_sigaction
sys_enter_rt_sigaction
sys_enter_rt_sigprocmask
sys_enter_clone
sys_enter_rt_sigprocmask
sys_enter_gettid
sys_enter_sigaltstack
sys_enter_sigaltstack
sys_enter_gettid
sys_enter_rt_sigprocmask
sys_enter_rt_sigprocmask
sys_enter_clone
sys_enter_rt_sigprocmask
sys_enter_gettid
sys_enter_sigaltstack
sys_enter_sigaltstack
sys_enter_gettid
sys_enter_rt_sigprocmask
sys_enter_rt_sigprocmask
sys_enter_clone
sys_enter_rt_sigprocmask
sys_enter_clone
sys_enter_rt_sigprocmask
sys_enter_futex
sys_enter_gettid
sys_enter_sigaltstack
sys_enter_sigaltstack
sys_enter_gettid
sys_enter_rt_sigprocmask
sys_enter_futex
sys_enter_rt_sigprocmask
sys_enter_gettid
sys_enter_sigaltstack
sys_enter_sigaltstack
sys_enter_gettid
sys_enter_rt_sigprocmask
sys_enter_futex
sys_enter_futex
sys_enter_futex
sys_enter_futex
sys_enter_mmap
sys_enter_futex
sys_enter_futex
sys_enter_futex
sys_enter_openat
sys_enter_read
sys_enter_read
sys_enter_close
sys_enter_socket
sys_enter_close
sys_enter_socket
sys_enter_setsockopt
sys_enter_bind
sys_enter_socket
sys_enter_setsockopt
sys_enter_bind
sys_enter_close
sys_enter_close
sys_enter_getpid
sys_enter_getppid
sys_enter_mmap
sys_enter_mmap
sys_enter_getppid
sys_enter_openat
sys_enter_pipe2
sys_enter_getpid
sys_enter_clone
sys_enter_setsid
sys_enter_close
sys_enter_read
sys_enter_chdir
sys_enter_execve
sys_enter_close
sys_enter_exit_group
sys_enter_mmap
sys_enter_mmap
sys_enter_mprotect
sys_enter_mmap
sys_enter_mmap
sys_enter_mprotect
sys_enter_mmap
sys_enter_mprotect
sys_enter_mmap
sys_enter_mprotect
sys_enter_mmap
sys_enter_mmap
sys_enter_close
sys_enter_munmap
sys_enter_sched_getaffinity
sys_enter_mmap
sys_enter_munmap
sys_enter_mmap
sys_enter_mmap
sys_enter_mmap
sys_enter_mmap
sys_enter_mmap
sys_enter_mmap
sys_enter_rt_sigprocmask
sys_enter_sigaltstack
sys_enter_sigaltstack
sys_enter_gettid
sys_enter_rt_sigprocmask
sys_enter_rt_sigaction
sys_enter_rt_sigaction
sys_enter_rt_sigaction
sys_enter_rt_sigaction
sys_enter_rt_sigaction
sys_enter_rt_sigaction
sys_enter_rt_sigaction
sys_enter_rt_sigaction
sys_enter_rt_sigaction
sys_enter_rt_sigaction
sys_enter_rt_sigaction
sys_enter_rt_sigaction
sys_enter_rt_sigaction
sys_enter_rt_sigaction
sys_enter_rt_sigaction
sys_enter_rt_sigaction
sys_enter_rt_sigaction
sys_enter_rt_sigaction
sys_enter_rt_sigaction
sys_enter_rt_sigaction
sys_enter_rt_sigaction
sys_enter_rt_sigaction
sys_enter_rt_sigaction
sys_enter_rt_sigaction
sys_enter_rt_sigaction
sys_enter_rt_sigaction
sys_enter_rt_sigaction
sys_enter_rt_sigaction
sys_enter_rt_sigaction
sys_enter_rt_sigaction
sys_enter_rt_sigaction
sys_enter_rt_sigaction
sys_enter_rt_sigaction
sys_enter_rt_sigaction
sys_enter_rt_sigaction
sys_enter_rt_sigaction
sys_enter_rt_sigaction
sys_enter_rt_sigaction
sys_enter_rt_sigaction
sys_enter_rt_sigaction
sys_enter_rt_sigaction
sys_enter_rt_sigaction
sys_enter_rt_sigaction
sys_enter_rt_sigaction
sys_enter_rt_sigaction
sys_enter_rt_sigaction
sys_enter_rt_sigaction
sys_enter_rt_sigaction
sys_enter_rt_sigaction
sys_enter_rt_sigaction
sys_enter_rt_sigaction
sys_enter_rt_sigaction
sys_enter_rt_sigaction
sys_enter_rt_sigaction
sys_enter_rt_sigaction
sys_enter_rt_sigaction
sys_enter_rt_sigaction
sys_enter_rt_sigaction
sys_enter_rt_sigaction
sys_enter_rt_sigaction
sys_enter_rt_sigaction
sys_enter_rt_sigaction
sys_enter_rt_sigaction
sys_enter_rt_sigaction
sys_enter_rt_sigaction
sys_enter_rt_sigaction
sys_enter_rt_sigaction
sys_enter_rt_sigaction
sys_enter_rt_sigaction
sys_enter_rt_sigaction
sys_enter_rt_sigaction
sys_enter_rt_sigaction
sys_enter_rt_sigaction
sys_enter_rt_sigaction
sys_enter_rt_sigaction
sys_enter_rt_sigaction
sys_enter_rt_sigaction
sys_enter_rt_sigaction
sys_enter_rt_sigaction
sys_enter_rt_sigaction
sys_enter_rt_sigaction
sys_enter_rt_sigaction
sys_enter_rt_sigaction
sys_enter_rt_sigaction
sys_enter_rt_sigaction
sys_enter_rt_sigaction
sys_enter_rt_sigaction
sys_enter_rt_sigaction
sys_enter_rt_sigaction
sys_enter_rt_sigaction
sys_enter_rt_sigaction
sys_enter_rt_sigaction
sys_enter_rt_sigaction
sys_enter_rt_sigaction
sys_enter_rt_sigaction
sys_enter_rt_sigaction
sys_enter_rt_sigaction
sys_enter_rt_sigaction
sys_enter_rt_sigaction
sys_enter_rt_sigaction
sys_enter_rt_sigaction
sys_enter_rt_sigaction
sys_enter_rt_sigaction
sys_enter_rt_sigaction
sys_enter_rt_sigaction
sys_enter_rt_sigaction
sys_enter_rt_sigaction
sys_enter_rt_sigaction
sys_enter_rt_sigaction
sys_enter_rt_sigaction
sys_enter_rt_sigaction
sys_enter_rt_sigaction
sys_enter_rt_sigaction
sys_enter_rt_sigaction
sys_enter_rt_sigprocmask
sys_enter_clone
sys_enter_rt_sigprocmask
sys_enter_gettid
sys_enter_sigaltstack
sys_enter_sigaltstack
sys_enter_gettid
sys_enter_rt_sigprocmask
sys_enter_rt_sigprocmask
sys_enter_clone
sys_enter_rt_sigprocmask
sys_enter_gettid
sys_enter_sigaltstack
sys_enter_sigaltstack
sys_enter_gettid
sys_enter_rt_sigprocmask
sys_enter_rt_sigprocmask
sys_enter_clone
sys_enter_rt_sigprocmask
sys_enter_futex
sys_enter_rt_sigprocmask
sys_enter_clone
sys_enter_rt_sigprocmask
sys_enter_futex
sys_enter_gettid
sys_enter_sigaltstack
sys_enter_sigaltstack
sys_enter_gettid
sys_enter_rt_sigprocmask
sys_enter_futex
sys_enter_futex
sys_enter_gettid
sys_enter_sigaltstack
sys_enter_sigaltstack
sys_enter_gettid
sys_enter_rt_sigprocmask
sys_enter_futex
sys_enter_futex
sys_enter_mmap
sys_enter_futex
sys_enter_futex
sys_enter_futex
sys_enter_openat
sys_enter_read
sys_enter_read
sys_enter_close
sys_enter_socket
sys_enter_close
sys_enter_socket
sys_enter_setsockopt
sys_enter_bind
sys_enter_socket
sys_enter_setsockopt
sys_enter_bind
sys_enter_close
sys_enter_close
sys_enter_getpid
sys_enter_getppid
sys_enter_mmap
sys_enter_mmap
sys_enter_getppid
sys_enter_openat
sys_enter_pipe2
sys_enter_getpid
sys_enter_clone
sys_enter_setsid
sys_enter_close
sys_enter_read
sys_enter_chdir
sys_enter_execve
sys_enter_close
sys_enter_exit_group
sys_enter_mmap
sys_enter_mmap
sys_enter_mprotect
sys_enter_mmap
sys_enter_mmap
sys_enter_mprotect
sys_enter_mmap
sys_enter_mprotect
sys_enter_mmap
sys_enter_mprotect
sys_enter_mmap
sys_enter_mmap
sys_enter_close
sys_enter_munmap
sys_enter_sched_getaffinity
sys_enter_mmap
sys_enter_munmap
sys_enter_mmap
sys_enter_mmap
sys_enter_mmap
sys_enter_mmap
sys_enter_mmap
sys_enter_mmap
sys_enter_rt_sigprocmask
sys_enter_sigaltstack
sys_enter_sigaltstack
sys_enter_gettid
sys_enter_rt_sigprocmask
sys_enter_rt_sigaction
sys_enter_rt_sigaction
sys_enter_rt_sigaction
sys_enter_rt_sigaction
sys_enter_rt_sigaction
sys_enter_rt_sigaction
sys_enter_rt_sigaction
sys_enter_rt_sigaction
sys_enter_rt_sigaction
sys_enter_rt_sigaction
sys_enter_rt_sigaction
sys_enter_rt_sigaction
sys_enter_rt_sigaction
sys_enter_rt_sigaction
sys_enter_rt_sigaction
sys_enter_rt_sigaction
sys_enter_rt_sigaction
sys_enter_rt_sigaction
sys_enter_rt_sigaction
sys_enter_rt_sigaction
sys_enter_rt_sigaction
sys_enter_rt_sigaction
sys_enter_rt_sigaction
sys_enter_rt_sigaction
sys_enter_rt_sigaction
sys_enter_rt_sigaction
sys_enter_rt_sigaction
sys_enter_rt_sigaction
sys_enter_rt_sigaction
sys_enter_rt_sigaction
sys_enter_rt_sigaction
sys_enter_rt_sigaction
sys_enter_rt_sigaction
sys_enter_rt_sigaction
sys_enter_rt_sigaction
sys_enter_rt_sigaction
sys_enter_rt_sigaction
sys_enter_rt_sigaction
sys_enter_rt_sigaction
sys_enter_rt_sigaction
sys_enter_rt_sigaction
sys_enter_rt_sigaction
sys_enter_rt_sigaction
sys_enter_rt_sigaction
sys_enter_rt_sigaction
sys_enter_rt_sigaction
sys_enter_rt_sigaction
sys_enter_rt_sigaction
sys_enter_rt_sigaction
sys_enter_rt_sigaction
sys_enter_rt_sigaction
sys_enter_rt_sigaction
sys_enter_rt_sigaction
sys_enter_rt_sigaction
sys_enter_rt_sigaction
sys_enter_rt_sigaction
sys_enter_rt_sigaction
sys_enter_rt_sigaction
sys_enter_rt_sigaction
sys_enter_rt_sigaction
sys_enter_rt_sigaction
sys_enter_rt_sigaction
sys_enter_rt_sigaction
sys_enter_rt_sigaction
sys_enter_rt_sigaction
sys_enter_rt_sigaction
sys_enter_rt_sigaction
sys_enter_rt_sigaction
sys_enter_rt_sigaction
sys_enter_rt_sigaction
sys_enter_rt_sigaction
sys_enter_rt_sigaction
sys_enter_rt_sigaction
sys_enter_rt_sigaction
sys_enter_rt_sigaction
sys_enter_rt_sigaction
sys_enter_rt_sigaction
sys_enter_rt_sigaction
sys_enter_rt_sigaction
sys_enter_rt_sigaction
sys_enter_rt_sigaction
sys_enter_rt_sigaction
sys_enter_rt_sigaction
sys_enter_rt_sigaction
sys_enter_rt_sigaction
sys_enter_rt_sigaction
sys_enter_rt_sigaction
sys_enter_rt_sigaction
sys_enter_rt_sigaction
sys_enter_rt_sigaction
sys_enter_rt_sigaction
sys_enter_rt_sigaction
sys_enter_rt_sigaction
sys_enter_rt_sigaction
sys_enter_rt_sigaction
sys_enter_rt_sigaction
sys_enter_rt_sigaction
sys_enter_rt_sigaction
sys_enter_rt_sigaction
sys_enter_rt_sigaction
sys_enter_rt_sigaction
sys_enter_rt_sigaction
sys_enter_rt_sigaction
sys_enter_rt_sigaction
sys_enter_rt_sigaction
sys_enter_rt_sigaction
sys_enter_rt_sigaction
sys_enter_rt_sigaction
sys_enter_rt_sigaction
sys_enter_rt_sigaction
sys_enter_rt_sigaction
sys_enter_rt_sigaction
sys_enter_rt_sigaction
sys_enter_rt_sigaction
sys_enter_rt_sigprocmask
sys_enter_clone
sys_enter_rt_sigprocmask
sys_enter_gettid
sys_enter_sigaltstack
sys_enter_sigaltstack
sys_enter_gettid
sys_enter_rt_sigprocmask
sys_enter_rt_sigprocmask
sys_enter_clone
sys_enter_rt_sigprocmask
sys_enter_gettid
sys_enter_sigaltstack
sys_enter_sigaltstack
sys_enter_gettid
sys_enter_rt_sigprocmask
sys_enter_rt_sigprocmask
sys_enter_clone
sys_enter_rt_sigprocmask
sys_enter_futex
sys_enter_gettid
sys_enter_sigaltstack
sys_enter_sigaltstack
sys_enter_rt_sigprocmask
sys_enter_clone
sys_enter_rt_sigprocmask
sys_enter_futex
sys_enter_gettid
sys_enter_sigaltstack
sys_enter_sigaltstack
sys_enter_gettid
sys_enter_rt_sigprocmask
sys_enter_futex
sys_enter_futex
sys_enter_gettid
sys_enter_rt_sigprocmask
sys_enter_futex
sys_enter_futex
sys_enter_mmap
sys_enter_futex
sys_enter_futex
sys_enter_futex
sys_enter_openat
sys_enter_read
sys_enter_read
sys_enter_close
sys_enter_socket
sys_enter_close
sys_enter_socket
sys_enter_setsockopt
sys_enter_bind
sys_enter_socket
sys_enter_setsockopt
sys_enter_bind
sys_enter_close
sys_enter_close
sys_enter_getpid
sys_enter_getppid
sys_enter_mmap
sys_enter_mmap
sys_enter_getppid
sys_enter_openat
sys_enter_pipe2
sys_enter_getpid
sys_enter_clone
sys_enter_setsid
sys_enter_close
sys_enter_read
sys_enter_chdir
sys_enter_execve
sys_enter_close
sys_enter_exit_group
sys_enter_mmap
sys_enter_mmap
sys_enter_mprotect
sys_enter_mmap
sys_enter_mmap
sys_enter_mprotect
sys_enter_mmap
sys_enter_mprotect
sys_enter_mmap
sys_enter_mprotect
sys_enter_mmap
sys_enter_mmap
sys_enter_close
sys_enter_munmap
sys_enter_sched_getaffinity
sys_enter_mmap
sys_enter_munmap
sys_enter_mmap
sys_enter_mmap
sys_enter_mmap
sys_enter_mmap
sys_enter_mmap
sys_enter_mmap
sys_enter_rt_sigprocmask
sys_enter_sigaltstack
sys_enter_sigaltstack
sys_enter_gettid
sys_enter_rt_sigprocmask
sys_enter_rt_sigaction
sys_enter_rt_sigaction
sys_enter_rt_sigaction
sys_enter_rt_sigaction
sys_enter_rt_sigaction
sys_enter_rt_sigaction
sys_enter_rt_sigaction
sys_enter_rt_sigaction
sys_enter_rt_sigaction
sys_enter_rt_sigaction
sys_enter_rt_sigaction
sys_enter_rt_sigaction
sys_enter_rt_sigaction
sys_enter_rt_sigaction
sys_enter_rt_sigaction
sys_enter_rt_sigaction
sys_enter_rt_sigaction
sys_enter_rt_sigaction
sys_enter_rt_sigaction
sys_enter_rt_sigaction
sys_enter_rt_sigaction
sys_enter_rt_sigaction
sys_enter_rt_sigaction
sys_enter_rt_sigaction
sys_enter_rt_sigaction
sys_enter_rt_sigaction
sys_enter_rt_sigaction
sys_enter_rt_sigaction
sys_enter_rt_sigaction
sys_enter_rt_sigaction
sys_enter_rt_sigaction
sys_enter_rt_sigaction
sys_enter_rt_sigaction
sys_enter_rt_sigaction
sys_enter_rt_sigaction
sys_enter_rt_sigaction
sys_enter_rt_sigaction
sys_enter_rt_sigaction
sys_enter_rt_sigaction
sys_enter_rt_sigaction
sys_enter_rt_sigaction
sys_enter_rt_sigaction
sys_enter_rt_sigaction
sys_enter_rt_sigaction
sys_enter_rt_sigaction
sys_enter_rt_sigaction
sys_enter_rt_sigaction
sys_enter_rt_sigaction
sys_enter_rt_sigaction
sys_enter_rt_sigaction
sys_enter_rt_sigaction
sys_enter_rt_sigaction
sys_enter_rt_sigaction
sys_enter_rt_sigaction
sys_enter_rt_sigaction
sys_enter_rt_sigaction
sys_enter_rt_sigaction
sys_enter_rt_sigaction
sys_enter_rt_sigaction
sys_enter_rt_sigaction
sys_enter_rt_sigaction
sys_enter_rt_sigaction
sys_enter_rt_sigaction
sys_enter_rt_sigaction
sys_enter_rt_sigaction
sys_enter_rt_sigaction
sys_enter_rt_sigaction
sys_enter_rt_sigaction
sys_enter_rt_sigaction
sys_enter_rt_sigaction
sys_enter_rt_sigaction
sys_enter_rt_sigaction
sys_enter_rt_sigaction
sys_enter_rt_sigaction
sys_enter_rt_sigaction
sys_enter_rt_sigaction
sys_enter_rt_sigaction
sys_enter_rt_sigaction
sys_enter_rt_sigaction
sys_enter_rt_sigaction
sys_enter_rt_sigaction
sys_enter_rt_sigaction
sys_enter_rt_sigaction
sys_enter_rt_sigaction
sys_enter_rt_sigaction
sys_enter_rt_sigaction
sys_enter_rt_sigaction
sys_enter_rt_sigaction
sys_enter_rt_sigaction
sys_enter_rt_sigaction
sys_enter_rt_sigaction
sys_enter_rt_sigaction
sys_enter_rt_sigaction
sys_enter_rt_sigaction
sys_enter_rt_sigaction
sys_enter_rt_sigaction
sys_enter_rt_sigaction
sys_enter_rt_sigaction
sys_enter_rt_sigaction
sys_enter_rt_sigaction
sys_enter_rt_sigaction
sys_enter_rt_sigaction
sys_enter_rt_sigaction
sys_enter_rt_sigaction
sys_enter_rt_sigaction
sys_enter_rt_sigaction
sys_enter_rt_sigaction
sys_enter_rt_sigaction
sys_enter_rt_sigaction
sys_enter_rt_sigaction
sys_enter_rt_sigaction
sys_enter_rt_sigaction
sys_enter_rt_sigaction
sys_enter_rt_sigaction
sys_enter_rt_sigprocmask
sys_enter_clone
sys_enter_rt_sigprocmask
sys_enter_gettid
sys_enter_sigaltstack
sys_enter_sigaltstack
sys_enter_gettid
sys_enter_rt_sigprocmask
sys_enter_rt_sigprocmask
sys_enter_clone
sys_enter_rt_sigprocmask
sys_enter_rt_sigprocmask
sys_enter_clone
sys_enter_rt_sigprocmask
sys_enter_futex
sys_enter_gettid
sys_enter_sigaltstack
sys_enter_sigaltstack
sys_enter_gettid
sys_enter_rt_sigprocmask
sys_enter_rt_sigprocmask
sys_enter_clone
sys_enter_gettid
sys_enter_sigaltstack
sys_enter_sigaltstack
sys_enter_gettid
sys_enter_rt_sigprocmask
sys_enter_rt_sigprocmask
sys_enter_futex
sys_enter_futex
sys_enter_gettid
sys_enter_sigaltstack
sys_enter_sigaltstack
sys_enter_gettid
sys_enter_rt_sigprocmask
sys_enter_futex
sys_enter_futex
sys_enter_mmap
sys_enter_futex
sys_enter_futex
sys_enter_futex
sys_enter_futex
sys_enter_openat
sys_enter_read
sys_enter_read
sys_enter_close
sys_enter_socket
sys_enter_close
sys_enter_socket
sys_enter_setsockopt
sys_enter_bind
sys_enter_socket
sys_enter_setsockopt
sys_enter_bind
sys_enter_close
sys_enter_close
sys_enter_getpid
sys_enter_getppid
sys_enter_mmap
sys_enter_mmap
sys_enter_getppid
sys_enter_openat
sys_enter_pipe2
sys_enter_getpid
sys_enter_clone
sys_enter_setsid
sys_enter_chdir
sys_enter_close
sys_enter_read
sys_enter_execve
sys_enter_close
sys_enter_exit_group
sys_enter_mmap
sys_enter_mmap
sys_enter_mprotect
sys_enter_mmap
sys_enter_mmap
sys_enter_mprotect
sys_enter_mmap
sys_enter_mprotect
sys_enter_mmap
sys_enter_mprotect
sys_enter_mmap
sys_enter_mmap
sys_enter_close
sys_enter_munmap
sys_enter_sched_getaffinity
sys_enter_mmap
sys_enter_munmap
sys_enter_mmap
sys_enter_mmap
sys_enter_mmap
sys_enter_mmap
sys_enter_mmap
sys_enter_mmap
sys_enter_rt_sigprocmask
sys_enter_sigaltstack
sys_enter_sigaltstack
sys_enter_gettid
sys_enter_rt_sigprocmask
sys_enter_rt_sigaction
sys_enter_rt_sigaction
sys_enter_rt_sigaction
sys_enter_rt_sigaction
sys_enter_rt_sigaction
sys_enter_rt_sigaction
sys_enter_rt_sigaction
sys_enter_rt_sigaction
sys_enter_rt_sigaction
sys_enter_rt_sigaction
sys_enter_rt_sigaction
sys_enter_rt_sigaction
sys_enter_rt_sigaction
sys_enter_rt_sigaction
sys_enter_rt_sigaction
sys_enter_rt_sigaction
sys_enter_rt_sigaction
sys_enter_rt_sigaction
sys_enter_rt_sigaction
sys_enter_rt_sigaction
sys_enter_rt_sigaction
sys_enter_rt_sigaction
sys_enter_rt_sigaction
sys_enter_rt_sigaction
sys_enter_rt_sigaction
sys_enter_rt_sigaction
sys_enter_rt_sigaction
sys_enter_rt_sigaction
sys_enter_rt_sigaction
sys_enter_rt_sigaction
sys_enter_rt_sigaction
sys_enter_rt_sigaction
sys_enter_rt_sigaction
sys_enter_rt_sigaction
sys_enter_rt_sigaction
sys_enter_rt_sigaction
sys_enter_rt_sigaction
sys_enter_rt_sigaction
sys_enter_rt_sigaction
sys_enter_rt_sigaction
sys_enter_rt_sigaction
sys_enter_rt_sigaction
sys_enter_rt_sigaction
sys_enter_rt_sigaction
sys_enter_rt_sigaction
sys_enter_rt_sigaction
sys_enter_rt_sigaction
sys_enter_rt_sigaction
sys_enter_rt_sigaction
sys_enter_rt_sigaction
sys_enter_rt_sigaction
sys_enter_rt_sigaction
sys_enter_rt_sigaction
sys_enter_rt_sigaction
sys_enter_rt_sigaction
sys_enter_rt_sigaction
sys_enter_rt_sigaction
sys_enter_rt_sigaction
sys_enter_rt_sigaction
sys_enter_rt_sigaction
sys_enter_rt_sigaction
sys_enter_rt_sigaction
sys_enter_rt_sigaction
sys_enter_rt_sigaction
sys_enter_rt_sigaction
sys_enter_rt_sigaction
sys_enter_rt_sigaction
sys_enter_rt_sigaction
sys_enter_rt_sigaction
sys_enter_rt_sigaction
sys_enter_rt_sigaction
sys_enter_rt_sigaction
sys_enter_rt_sigaction
sys_enter_rt_sigaction
sys_enter_rt_sigaction
sys_enter_rt_sigaction
sys_enter_rt_sigaction
sys_enter_rt_sigaction
sys_enter_rt_sigaction
sys_enter_rt_sigaction
sys_enter_rt_sigaction
sys_enter_rt_sigaction
sys_enter_rt_sigaction
sys_enter_rt_sigaction
sys_enter_rt_sigaction
sys_enter_rt_sigaction
sys_enter_rt_sigaction
sys_enter_rt_sigaction
sys_enter_rt_sigaction
sys_enter_rt_sigaction
sys_enter_rt_sigaction
sys_enter_rt_sigaction
sys_enter_rt_sigaction
sys_enter_rt_sigaction
sys_enter_rt_sigaction
sys_enter_rt_sigaction
sys_enter_rt_sigaction
sys_enter_rt_sigaction
sys_enter_rt_sigaction
sys_enter_rt_sigaction
sys_enter_rt_sigaction
sys_enter_rt_sigaction
sys_enter_rt_sigaction
sys_enter_rt_sigaction
sys_enter_rt_sigaction
sys_enter_rt_sigaction
sys_enter_rt_sigaction
sys_enter_rt_sigaction
sys_enter_rt_sigaction
sys_enter_rt_sigaction
sys_enter_rt_sigaction
sys_enter_rt_sigaction
sys_enter_rt_sigaction
sys_enter_rt_sigaction
sys_enter_rt_sigprocmask
sys_enter_clone
sys_enter_rt_sigprocmask
sys_enter_gettid
sys_enter_sigaltstack
sys_enter_sigaltstack
sys_enter_gettid
sys_enter_rt_sigprocmask
sys_enter_rt_sigprocmask
sys_enter_clone
sys_enter_rt_sigprocmask
sys_enter_gettid
sys_enter_sigaltstack
sys_enter_sigaltstack
sys_enter_gettid
sys_enter_rt_sigprocmask
sys_enter_sched_yield
sys_enter_sched_yield
sys_enter_futex
sys_enter_futex
sys_enter_futex
sys_enter_rt_sigprocmask
sys_enter_clone
sys_enter_futex
sys_enter_rt_sigprocmask
sys_enter_clone
sys_enter_rt_sigprocmask
sys_enter_futex
sys_enter_gettid
sys_enter_rt_sigprocmask
sys_enter_sigaltstack
sys_enter_sigaltstack
sys_enter_gettid
sys_enter_rt_sigprocmask
sys_enter_gettid
sys_enter_futex
sys_enter_sigaltstack
sys_enter_sigaltstack
sys_enter_futex
sys_enter_gettid
sys_enter_rt_sigprocmask
sys_enter_futex
sys_enter_futex
sys_enter_futex
sys_enter_mmap
sys_enter_futex
sys_enter_futex
sys_enter_futex
sys_enter_openat
sys_enter_read
sys_enter_read
sys_enter_close
sys_enter_socket
sys_enter_close
sys_enter_socket
sys_enter_setsockopt
sys_enter_bind
sys_enter_socket
sys_enter_setsockopt
sys_enter_bind
sys_enter_close
sys_enter_close
sys_enter_getpid
sys_enter_getppid
sys_enter_mmap
sys_enter_mmap
sys_enter_getppid
sys_enter_openat
sys_enter_pipe2
sys_enter_getpid
sys_enter_clone
sys_enter_setsid
sys_enter_close
sys_enter_read
sys_enter_chdir
sys_enter_execve
sys_enter_close
sys_enter_exit_group
sys_enter_mmap
sys_enter_mmap
sys_enter_mprotect
sys_enter_mmap
sys_enter_mmap
sys_enter_mprotect
sys_enter_mmap
sys_enter_mprotect
sys_enter_mmap
sys_enter_mprotect
sys_enter_mmap
sys_enter_mmap
sys_enter_close
sys_enter_munmap
sys_enter_sched_getaffinity
sys_enter_mmap
sys_enter_munmap
sys_enter_mmap
sys_enter_mmap
sys_enter_mmap
sys_enter_mmap
sys_enter_mmap
sys_enter_mmap
sys_enter_rt_sigprocmask
sys_enter_sigaltstack
sys_enter_sigaltstack
sys_enter_gettid
sys_enter_rt_sigprocmask
sys_enter_rt_sigaction
sys_enter_rt_sigaction
sys_enter_rt_sigaction
sys_enter_rt_sigaction
sys_enter_rt_sigaction
sys_enter_rt_sigaction
sys_enter_rt_sigaction
sys_enter_rt_sigaction
sys_enter_rt_sigaction
sys_enter_rt_sigaction
sys_enter_rt_sigaction
sys_enter_rt_sigaction
sys_enter_rt_sigaction
sys_enter_rt_sigaction
sys_enter_rt_sigaction
sys_enter_rt_sigaction
sys_enter_rt_sigaction
sys_enter_rt_sigaction
sys_enter_rt_sigaction
sys_enter_rt_sigaction
sys_enter_rt_sigaction
sys_enter_rt_sigaction
sys_enter_rt_sigaction
sys_enter_rt_sigaction
sys_enter_rt_sigaction
sys_enter_rt_sigaction
sys_enter_rt_sigaction
sys_enter_rt_sigaction
sys_enter_rt_sigaction
sys_enter_rt_sigaction
sys_enter_rt_sigaction
sys_enter_rt_sigaction
sys_enter_rt_sigaction
sys_enter_rt_sigaction
sys_enter_rt_sigaction
sys_enter_rt_sigaction
sys_enter_rt_sigaction
sys_enter_rt_sigaction
sys_enter_rt_sigaction
sys_enter_rt_sigaction
sys_enter_rt_sigaction
sys_enter_rt_sigaction
sys_enter_rt_sigaction
sys_enter_rt_sigaction
sys_enter_rt_sigaction
sys_enter_rt_sigaction
sys_enter_rt_sigaction
sys_enter_rt_sigaction
sys_enter_rt_sigaction
sys_enter_rt_sigaction
sys_enter_rt_sigaction
sys_enter_rt_sigaction
sys_enter_rt_sigaction
sys_enter_rt_sigaction
sys_enter_rt_sigaction
sys_enter_rt_sigaction
sys_enter_rt_sigaction
sys_enter_rt_sigaction
sys_enter_rt_sigaction
sys_enter_rt_sigaction
sys_enter_rt_sigaction
sys_enter_rt_sigaction
sys_enter_rt_sigaction
sys_enter_rt_sigaction
sys_enter_rt_sigaction
sys_enter_rt_sigaction
sys_enter_rt_sigaction
sys_enter_rt_sigaction
sys_enter_rt_sigaction
sys_enter_rt_sigaction
sys_enter_rt_sigaction
sys_enter_rt_sigaction
sys_enter_rt_sigaction
sys_enter_rt_sigaction
sys_enter_rt_sigaction
sys_enter_rt_sigaction
sys_enter_rt_sigaction
sys_enter_rt_sigaction
sys_enter_rt_sigaction
sys_enter_rt_sigaction
sys_enter_rt_sigaction
sys_enter_rt_sigaction
sys_enter_rt_sigaction
sys_enter_rt_sigaction
sys_enter_rt_sigaction
sys_enter_rt_sigaction
sys_enter_rt_sigaction
sys_enter_rt_sigaction
sys_enter_rt_sigaction
sys_enter_rt_sigaction
sys_enter_rt_sigaction
sys_enter_rt_sigaction
sys_enter_rt_sigaction
sys_enter_rt_sigaction
sys_enter_rt_sigaction
sys_enter_rt_sigaction
sys_enter_rt_sigaction
sys_enter_rt_sigaction
sys_enter_rt_sigaction
sys_enter_rt_sigaction
sys_enter_rt_sigaction
sys_enter_rt_sigaction
sys_enter_rt_sigaction
sys_enter_rt_sigaction
sys_enter_rt_sigaction
sys_enter_rt_sigaction
sys_enter_rt_sigaction
sys_enter_rt_sigaction
sys_enter_rt_sigaction
sys_enter_rt_sigaction
sys_enter_rt_sigaction
sys_enter_rt_sigaction
sys_enter_rt_sigaction
sys_enter_rt_sigaction
sys_enter_rt_sigprocmask
sys_enter_clone
sys_enter_rt_sigprocmask
sys_enter_gettid
sys_enter_sigaltstack
sys_enter_sigaltstack
sys_enter_gettid
sys_enter_rt_sigprocmask
sys_enter_rt_sigprocmask
sys_enter_clone
sys_enter_rt_sigprocmask
sys_enter_gettid
sys_enter_sigaltstack
sys_enter_sigaltstack
sys_enter_rt_sigprocmask
sys_enter_clone
sys_enter_gettid
sys_enter_rt_sigprocmask
sys_enter_rt_sigprocmask
sys_enter_futex
sys_enter_gettid
sys_enter_sigaltstack
sys_enter_sigaltstack
sys_enter_gettid
sys_enter_rt_sigprocmask
sys_enter_clone
sys_enter_rt_sigprocmask
sys_enter_futex
sys_enter_futex
sys_enter_rt_sigprocmask
sys_enter_futex
sys_enter_gettid
sys_enter_sigaltstack
sys_enter_sigaltstack
sys_enter_gettid
sys_enter_rt_sigprocmask
sys_enter_futex
sys_enter_futex
sys_enter_mmap
sys_enter_futex
sys_enter_futex
sys_enter_futex
sys_enter_openat
sys_enter_read
sys_enter_read
sys_enter_close
sys_enter_socket
sys_enter_close
sys_enter_socket
sys_enter_setsockopt
sys_enter_bind
sys_enter_socket
sys_enter_setsockopt
sys_enter_bind
sys_enter_close
sys_enter_close
sys_enter_getpid
sys_enter_getppid
sys_enter_mmap
sys_enter_mmap
sys_enter_getppid
sys_enter_openat
sys_enter_pipe2
sys_enter_getpid
sys_enter_clone
sys_enter_setsid
sys_enter_close
sys_enter_read
sys_enter_chdir
sys_enter_execve
sys_enter_close
sys_enter_exit_group
sys_enter_mmap
sys_enter_mmap
sys_enter_mprotect
sys_enter_mmap
sys_enter_mmap
sys_enter_mprotect
sys_enter_mmap
sys_enter_mprotect
sys_enter_mmap
sys_enter_mprotect
sys_enter_mmap
sys_enter_mmap
sys_enter_close
sys_enter_munmap
sys_enter_sched_getaffinity
sys_enter_mmap
sys_enter_munmap
sys_enter_mmap
sys_enter_mmap
sys_enter_mmap
sys_enter_mmap
sys_enter_mmap
sys_enter_mmap
sys_enter_rt_sigprocmask
sys_enter_sigaltstack
sys_enter_sigaltstack
sys_enter_gettid
sys_enter_rt_sigprocmask
sys_enter_rt_sigaction
sys_enter_rt_sigaction
sys_enter_rt_sigaction
sys_enter_rt_sigaction
sys_enter_rt_sigaction
sys_enter_rt_sigaction
sys_enter_rt_sigaction
sys_enter_rt_sigaction
sys_enter_rt_sigaction
sys_enter_rt_sigaction
sys_enter_rt_sigaction
sys_enter_rt_sigaction
sys_enter_rt_sigaction
sys_enter_rt_sigaction
sys_enter_rt_sigaction
sys_enter_rt_sigaction
sys_enter_rt_sigaction
sys_enter_rt_sigaction
sys_enter_rt_sigaction
sys_enter_rt_sigaction
sys_enter_rt_sigaction
sys_enter_rt_sigaction
sys_enter_rt_sigaction
sys_enter_rt_sigaction
sys_enter_rt_sigaction
sys_enter_rt_sigaction
sys_enter_rt_sigaction
sys_enter_rt_sigaction
sys_enter_rt_sigaction
sys_enter_rt_sigaction
sys_enter_rt_sigaction
sys_enter_rt_sigaction
sys_enter_rt_sigaction
sys_enter_rt_sigaction
sys_enter_rt_sigaction
sys_enter_rt_sigaction
sys_enter_rt_sigaction
sys_enter_rt_sigaction
sys_enter_rt_sigaction
sys_enter_rt_sigaction
sys_enter_rt_sigaction
sys_enter_rt_sigaction
sys_enter_rt_sigaction
sys_enter_rt_sigaction
sys_enter_rt_sigaction
sys_enter_rt_sigaction
sys_enter_rt_sigaction
sys_enter_rt_sigaction
sys_enter_rt_sigaction
sys_enter_rt_sigaction
sys_enter_rt_sigaction
sys_enter_rt_sigaction
sys_enter_rt_sigaction
sys_enter_rt_sigaction
sys_enter_rt_sigaction
sys_enter_rt_sigaction
sys_enter_rt_sigaction
sys_enter_rt_sigaction
sys_enter_rt_sigaction
sys_enter_rt_sigaction
sys_enter_rt_sigaction
sys_enter_rt_sigaction
sys_enter_rt_sigaction
sys_enter_rt_sigaction
sys_enter_rt_sigaction
sys_enter_rt_sigaction
sys_enter_rt_sigaction
sys_enter_rt_sigaction
sys_enter_rt_sigaction
sys_enter_rt_sigaction
sys_enter_rt_sigaction
sys_enter_rt_sigaction
sys_enter_rt_sigaction
sys_enter_rt_sigaction
sys_enter_rt_sigaction
sys_enter_rt_sigaction
sys_enter_rt_sigaction
sys_enter_rt_sigaction
sys_enter_rt_sigaction
sys_enter_rt_sigaction
sys_enter_rt_sigaction
sys_enter_rt_sigaction
sys_enter_rt_sigaction
sys_enter_rt_sigaction
sys_enter_rt_sigaction
sys_enter_rt_sigaction
sys_enter_rt_sigaction
sys_enter_rt_sigaction
sys_enter_rt_sigaction
sys_enter_rt_sigaction
sys_enter_rt_sigaction
sys_enter_rt_sigaction
sys_enter_rt_sigaction
sys_enter_rt_sigaction
sys_enter_rt_sigaction
sys_enter_rt_sigaction
sys_enter_rt_sigaction
sys_enter_rt_sigaction
sys_enter_rt_sigaction
sys_enter_rt_sigaction
sys_enter_rt_sigaction
sys_enter_rt_sigaction
sys_enter_rt_sigaction
sys_enter_rt_sigaction
sys_enter_rt_sigaction
sys_enter_rt_sigaction
sys_enter_rt_sigaction
sys_enter_rt_sigaction
sys_enter_rt_sigaction
sys_enter_rt_sigaction
sys_enter_rt_sigaction
sys_enter_rt_sigaction
sys_enter_rt_sigaction
sys_enter_rt_sigaction
sys_enter_rt_sigprocmask
sys_enter_clone
sys_enter_rt_sigprocmask
sys_enter_gettid
sys_enter_sigaltstack
sys_enter_sigaltstack
sys_enter_gettid
sys_enter_rt_sigprocmask
sys_enter_rt_sigprocmask
sys_enter_clone
sys_enter_rt_sigprocmask
sys_enter_gettid
sys_enter_sigaltstack
sys_enter_sigaltstack
sys_enter_gettid
sys_enter_rt_sigprocmask
sys_enter_rt_sigprocmask
sys_enter_clone
sys_enter_rt_sigprocmask
sys_enter_clone
sys_enter_rt_sigprocmask
sys_enter_futex
sys_enter_gettid
sys_enter_sigaltstack
sys_enter_sigaltstack
sys_enter_gettid
sys_enter_rt_sigprocmask
sys_enter_rt_sigprocmask
sys_enter_gettid
sys_enter_futex
sys_enter_futex
sys_enter_sigaltstack
sys_enter_futex
sys_enter_sigaltstack
sys_enter_gettid
sys_enter_rt_sigprocmask
sys_enter_futex
sys_enter_futex
sys_enter_mmap
sys_enter_futex
sys_enter_futex
sys_enter_futex
sys_enter_openat
sys_enter_read
sys_enter_read
sys_enter_close
sys_enter_socket
sys_enter_close
sys_enter_socket
sys_enter_setsockopt
sys_enter_bind
sys_enter_socket
sys_enter_setsockopt
sys_enter_bind
sys_enter_close
sys_enter_close
sys_enter_getpid
sys_enter_getppid
sys_enter_mmap
sys_enter_mmap
sys_enter_getppid
sys_enter_openat
sys_enter_pipe2
sys_enter_getpid
sys_enter_clone
sys_enter_setsid
sys_enter_close
sys_enter_read
sys_enter_chdir
sys_enter_execve
sys_enter_close
sys_enter_mmap
sys_enter_mmap
sys_enter_exit_group
sys_enter_mprotect
sys_enter_mmap
sys_enter_mmap
sys_enter_mprotect
sys_enter_mmap
sys_enter_mprotect
sys_enter_mmap
sys_enter_mprotect
sys_enter_mmap
sys_enter_mmap
sys_enter_close
sys_enter_munmap
sys_enter_sched_getaffinity
sys_enter_mmap
sys_enter_munmap
sys_enter_mmap
sys_enter_mmap
sys_enter_mmap
sys_enter_mmap
sys_enter_mmap
sys_enter_mmap
sys_enter_rt_sigprocmask
sys_enter_sigaltstack
sys_enter_sigaltstack
sys_enter_gettid
sys_enter_rt_sigprocmask
sys_enter_rt_sigaction
sys_enter_rt_sigaction
sys_enter_rt_sigaction
sys_enter_rt_sigaction
sys_enter_rt_sigaction
sys_enter_rt_sigaction
sys_enter_rt_sigaction
sys_enter_rt_sigaction
sys_enter_rt_sigaction
sys_enter_rt_sigaction
sys_enter_rt_sigaction
sys_enter_rt_sigaction
sys_enter_rt_sigaction
sys_enter_rt_sigaction
sys_enter_rt_sigaction
sys_enter_rt_sigaction
sys_enter_rt_sigaction
sys_enter_rt_sigaction
sys_enter_rt_sigaction
sys_enter_rt_sigaction
sys_enter_rt_sigaction
sys_enter_rt_sigaction
sys_enter_rt_sigaction
sys_enter_rt_sigaction
sys_enter_rt_sigaction
sys_enter_rt_sigaction
sys_enter_rt_sigaction
sys_enter_rt_sigaction
sys_enter_rt_sigaction
sys_enter_rt_sigaction
sys_enter_rt_sigaction
sys_enter_rt_sigaction
sys_enter_rt_sigaction
sys_enter_rt_sigaction
sys_enter_rt_sigaction
sys_enter_rt_sigaction
sys_enter_rt_sigaction
sys_enter_rt_sigaction
sys_enter_rt_sigaction
sys_enter_rt_sigaction
sys_enter_rt_sigaction
sys_enter_rt_sigaction
sys_enter_rt_sigaction
sys_enter_rt_sigaction
sys_enter_rt_sigaction
sys_enter_rt_sigaction
sys_enter_rt_sigaction
sys_enter_rt_sigaction
sys_enter_rt_sigaction
sys_enter_rt_sigaction
sys_enter_rt_sigaction
sys_enter_rt_sigaction
sys_enter_rt_sigaction
sys_enter_rt_sigaction
sys_enter_rt_sigaction
sys_enter_rt_sigaction
sys_enter_rt_sigaction
sys_enter_rt_sigaction
sys_enter_rt_sigaction
sys_enter_rt_sigaction
sys_enter_rt_sigaction
sys_enter_rt_sigaction
sys_enter_rt_sigaction
sys_enter_rt_sigaction
sys_enter_rt_sigaction
sys_enter_rt_sigaction
sys_enter_rt_sigaction
sys_enter_rt_sigaction
sys_enter_rt_sigaction
sys_enter_rt_sigaction
sys_enter_rt_sigaction
sys_enter_rt_sigaction
sys_enter_rt_sigaction
sys_enter_rt_sigaction
sys_enter_rt_sigaction
sys_enter_rt_sigaction
sys_enter_rt_sigaction
sys_enter_rt_sigaction
sys_enter_rt_sigaction
sys_enter_rt_sigaction
sys_enter_rt_sigaction
sys_enter_rt_sigaction
sys_enter_rt_sigaction
sys_enter_rt_sigaction
sys_enter_rt_sigaction
sys_enter_rt_sigaction
sys_enter_rt_sigaction
sys_enter_rt_sigaction
sys_enter_rt_sigaction
sys_enter_rt_sigaction
sys_enter_rt_sigaction
sys_enter_rt_sigaction
sys_enter_rt_sigaction
sys_enter_rt_sigaction
sys_enter_rt_sigaction
sys_enter_rt_sigaction
sys_enter_rt_sigaction
sys_enter_rt_sigaction
sys_enter_rt_sigaction
sys_enter_rt_sigaction
sys_enter_rt_sigaction
sys_enter_rt_sigaction
sys_enter_rt_sigaction
sys_enter_rt_sigaction
sys_enter_rt_sigaction
sys_enter_rt_sigaction
sys_enter_rt_sigaction
sys_enter_rt_sigaction
sys_enter_rt_sigaction
sys_enter_rt_sigaction
sys_enter_rt_sigaction
sys_enter_rt_sigaction
sys_enter_rt_sigaction
sys_enter_rt_sigaction
sys_enter_rt_sigprocmask
sys_enter_clone
sys_enter_rt_sigprocmask
sys_enter_gettid
sys_enter_sigaltstack
sys_enter_sigaltstack
sys_enter_gettid
sys_enter_rt_sigprocmask
sys_enter_rt_sigprocmask
sys_enter_clone
sys_enter_rt_sigprocmask
sys_enter_gettid
sys_enter_sigaltstack
sys_enter_sigaltstack
sys_enter_rt_sigprocmask
sys_enter_clone
sys_enter_gettid
sys_enter_rt_sigprocmask
sys_enter_rt_sigprocmask
sys_enter_sched_yield
sys_enter_gettid
sys_enter_futex
sys_enter_sigaltstack
sys_enter_sigaltstack
sys_enter_gettid
sys_enter_futex
sys_enter_rt_sigprocmask
sys_enter_futex
sys_enter_futex
sys_enter_futex
sys_enter_rt_sigprocmask
sys_enter_clone
sys_enter_rt_sigprocmask
sys_enter_futex
sys_enter_gettid
sys_enter_sigaltstack
sys_enter_sigaltstack
sys_enter_gettid
sys_enter_rt_sigprocmask
sys_enter_mmap
sys_enter_futex
sys_enter_futex
sys_enter_futex
sys_enter_openat
sys_enter_futex
sys_enter_futex
sys_enter_read
sys_enter_read
sys_enter_close
sys_enter_socket
sys_enter_close
sys_enter_socket
sys_enter_setsockopt
sys_enter_bind
sys_enter_socket
sys_enter_setsockopt
sys_enter_bind
sys_enter_close
sys_enter_close
sys_enter_getpid
sys_enter_getppid
sys_enter_mmap
sys_enter_mmap
sys_enter_getppid
sys_enter_openat
sys_enter_pipe2
sys_enter_getpid
sys_enter_clone
sys_enter_setsid
sys_enter_close
sys_enter_chdir
sys_enter_execve
sys_enter_read
sys_enter_close
sys_enter_exit_group
sys_enter_mmap
sys_enter_mmap
sys_enter_mprotect
sys_enter_mmap
sys_enter_mmap
sys_enter_mprotect
sys_enter_mmap
sys_enter_mprotect
sys_enter_mmap
sys_enter_mprotect
sys_enter_mmap
sys_enter_mmap
sys_enter_close
sys_enter_munmap
sys_enter_sched_getaffinity
sys_enter_mmap
sys_enter_munmap
sys_enter_mmap
sys_enter_mmap
sys_enter_mmap
sys_enter_mmap
sys_enter_mmap
sys_enter_mmap
sys_enter_rt_sigprocmask
sys_enter_sigaltstack
sys_enter_sigaltstack
sys_enter_gettid
sys_enter_rt_sigprocmask
sys_enter_rt_sigaction
sys_enter_rt_sigaction
sys_enter_rt_sigaction
sys_enter_rt_sigaction
sys_enter_rt_sigaction
sys_enter_rt_sigaction
sys_enter_rt_sigaction
sys_enter_rt_sigaction
sys_enter_rt_sigaction
sys_enter_rt_sigaction
sys_enter_rt_sigaction
sys_enter_rt_sigaction
sys_enter_rt_sigaction
sys_enter_rt_sigaction
sys_enter_rt_sigaction
sys_enter_rt_sigaction
sys_enter_rt_sigaction
sys_enter_rt_sigaction
sys_enter_rt_sigaction
sys_enter_rt_sigaction
sys_enter_rt_sigaction
sys_enter_rt_sigaction
sys_enter_rt_sigaction
sys_enter_rt_sigaction
sys_enter_rt_sigaction
sys_enter_rt_sigaction
sys_enter_rt_sigaction
sys_enter_rt_sigaction
sys_enter_rt_sigaction
sys_enter_rt_sigaction
sys_enter_rt_sigaction
sys_enter_rt_sigaction
sys_enter_rt_sigaction
sys_enter_rt_sigaction
sys_enter_rt_sigaction
sys_enter_rt_sigaction
sys_enter_rt_sigaction
sys_enter_rt_sigaction
sys_enter_rt_sigaction
sys_enter_rt_sigaction
sys_enter_rt_sigaction
sys_enter_rt_sigaction
sys_enter_rt_sigaction
sys_enter_rt_sigaction
sys_enter_rt_sigaction
sys_enter_rt_sigaction
sys_enter_rt_sigaction
sys_enter_rt_sigaction
sys_enter_rt_sigaction
sys_enter_rt_sigaction
sys_enter_rt_sigaction
sys_enter_rt_sigaction
sys_enter_rt_sigaction
sys_enter_rt_sigaction
sys_enter_rt_sigaction
sys_enter_rt_sigaction
sys_enter_rt_sigaction
sys_enter_rt_sigaction
sys_enter_rt_sigaction
sys_enter_rt_sigaction
sys_enter_rt_sigaction
sys_enter_rt_sigaction
sys_enter_rt_sigaction
sys_enter_rt_sigaction
sys_enter_rt_sigaction
sys_enter_rt_sigaction
sys_enter_rt_sigaction
sys_enter_rt_sigaction
sys_enter_rt_sigaction
sys_enter_rt_sigaction
sys_enter_rt_sigaction
sys_enter_rt_sigaction
sys_enter_rt_sigaction
sys_enter_rt_sigaction
sys_enter_rt_sigaction
sys_enter_rt_sigaction
sys_enter_rt_sigaction
sys_enter_rt_sigaction
sys_enter_rt_sigaction
sys_enter_rt_sigaction
sys_enter_rt_sigaction
sys_enter_rt_sigaction
sys_enter_rt_sigaction
sys_enter_rt_sigaction
sys_enter_rt_sigaction
sys_enter_rt_sigaction
sys_enter_rt_sigaction
sys_enter_rt_sigaction
sys_enter_rt_sigaction
sys_enter_rt_sigaction
sys_enter_rt_sigaction
sys_enter_rt_sigaction
sys_enter_rt_sigaction
sys_enter_rt_sigaction
sys_enter_rt_sigaction
sys_enter_rt_sigaction
sys_enter_rt_sigaction
sys_enter_rt_sigaction
sys_enter_rt_sigaction
sys_enter_rt_sigaction
sys_enter_rt_sigaction
sys_enter_rt_sigaction
sys_enter_rt_sigaction
sys_enter_rt_sigaction
sys_enter_rt_sigaction
sys_enter_rt_sigaction
sys_enter_rt_sigaction
sys_enter_rt_sigaction
sys_enter_rt_sigaction
sys_enter_rt_sigaction
sys_enter_rt_sigaction
sys_enter_rt_sigaction
sys_enter_rt_sigaction
sys_enter_rt_sigaction
sys_enter_rt_sigprocmask
sys_enter_clone
sys_enter_rt_sigprocmask
sys_enter_gettid
sys_enter_sigaltstack
sys_enter_sigaltstack
sys_enter_gettid
sys_enter_rt_sigprocmask
sys_enter_rt_sigprocmask
sys_enter_clone
sys_enter_rt_sigprocmask
sys_enter_gettid
sys_enter_sigaltstack
sys_enter_sigaltstack
sys_enter_rt_sigprocmask
sys_enter_gettid
sys_enter_rt_sigprocmask
sys_enter_clone
sys_enter_rt_sigprocmask
sys_enter_futex
sys_enter_gettid
sys_enter_sigaltstack
sys_enter_rt_sigprocmask
sys_enter_clone
sys_enter_sigaltstack
sys_enter_gettid
sys_enter_rt_sigprocmask
sys_enter_rt_sigprocmask
sys_enter_gettid
sys_enter_futex
sys_enter_futex
sys_enter_futex
sys_enter_sigaltstack
sys_enter_sigaltstack
sys_enter_gettid
sys_enter_rt_sigprocmask
sys_enter_futex
sys_enter_futex
sys_enter_mmap
sys_enter_futex
sys_enter_futex
sys_enter_futex
sys_enter_openat
sys_enter_read
sys_enter_read
sys_enter_close
sys_enter_socket
sys_enter_close
sys_enter_socket
sys_enter_setsockopt
sys_enter_bind
sys_enter_socket
sys_enter_setsockopt
sys_enter_bind
sys_enter_close
sys_enter_close
sys_enter_getpid
sys_enter_getppid
sys_enter_mmap
sys_enter_mmap
sys_enter_getppid
sys_enter_openat
sys_enter_pipe2
sys_enter_getpid
sys_enter_clone
sys_enter_setsid
sys_enter_close
sys_enter_read
sys_enter_chdir
sys_enter_execve
sys_enter_close
sys_enter_mmap
sys_enter_mmap
sys_enter_exit_group
sys_enter_mprotect
sys_enter_mmap
sys_enter_mmap
sys_enter_mprotect
sys_enter_mmap
sys_enter_mprotect
sys_enter_mmap
sys_enter_mprotect
sys_enter_mmap
sys_enter_mmap
sys_enter_close
sys_enter_munmap
sys_enter_sched_getaffinity
sys_enter_mmap
sys_enter_munmap
sys_enter_mmap
sys_enter_mmap
sys_enter_mmap
sys_enter_mmap
sys_enter_mmap
sys_enter_mmap
sys_enter_rt_sigprocmask
sys_enter_sigaltstack
sys_enter_sigaltstack
sys_enter_gettid
sys_enter_rt_sigprocmask
sys_enter_rt_sigaction
sys_enter_rt_sigaction
sys_enter_rt_sigaction
sys_enter_rt_sigaction
sys_enter_rt_sigaction
sys_enter_rt_sigaction
sys_enter_rt_sigaction
sys_enter_rt_sigaction
sys_enter_rt_sigaction
sys_enter_rt_sigaction
sys_enter_rt_sigaction
sys_enter_rt_sigaction
sys_enter_rt_sigaction
sys_enter_rt_sigaction
sys_enter_rt_sigaction
sys_enter_rt_sigaction
sys_enter_rt_sigaction
sys_enter_rt_sigaction
sys_enter_rt_sigaction
sys_enter_rt_sigaction
sys_enter_rt_sigaction
sys_enter_rt_sigaction
sys_enter_rt_sigaction
sys_enter_rt_sigaction
sys_enter_rt_sigaction
sys_enter_rt_sigaction
sys_enter_rt_sigaction
sys_enter_rt_sigaction
sys_enter_rt_sigaction
sys_enter_rt_sigaction
sys_enter_rt_sigaction
sys_enter_rt_sigaction
sys_enter_rt_sigaction
sys_enter_rt_sigaction
sys_enter_rt_sigaction
sys_enter_rt_sigaction
sys_enter_rt_sigaction
sys_enter_rt_sigaction
sys_enter_rt_sigaction
sys_enter_rt_sigaction
sys_enter_rt_sigaction
sys_enter_rt_sigaction
sys_enter_rt_sigaction
sys_enter_rt_sigaction
sys_enter_rt_sigaction
sys_enter_rt_sigaction
sys_enter_rt_sigaction
sys_enter_rt_sigaction
sys_enter_rt_sigaction
sys_enter_rt_sigaction
sys_enter_rt_sigaction
sys_enter_rt_sigaction
sys_enter_rt_sigaction
sys_enter_rt_sigaction
sys_enter_rt_sigaction
sys_enter_rt_sigaction
sys_enter_rt_sigaction
sys_enter_rt_sigaction
sys_enter_rt_sigaction
sys_enter_rt_sigaction
sys_enter_rt_sigaction
sys_enter_rt_sigaction
sys_enter_rt_sigaction
sys_enter_rt_sigaction
sys_enter_rt_sigaction
sys_enter_rt_sigaction
sys_enter_rt_sigaction
sys_enter_rt_sigaction
sys_enter_rt_sigaction
sys_enter_rt_sigaction
sys_enter_rt_sigaction
sys_enter_rt_sigaction
sys_enter_rt_sigaction
sys_enter_rt_sigaction
sys_enter_rt_sigaction
sys_enter_rt_sigaction
sys_enter_rt_sigaction
sys_enter_rt_sigaction
sys_enter_rt_sigaction
sys_enter_rt_sigaction
sys_enter_rt_sigaction
sys_enter_rt_sigaction
sys_enter_rt_sigaction
sys_enter_rt_sigaction
sys_enter_rt_sigaction
sys_enter_rt_sigaction
sys_enter_rt_sigaction
sys_enter_rt_sigaction
sys_enter_rt_sigaction
sys_enter_rt_sigaction
sys_enter_rt_sigaction
sys_enter_rt_sigaction
sys_enter_rt_sigaction
sys_enter_rt_sigaction
sys_enter_rt_sigaction
sys_enter_rt_sigaction
sys_enter_rt_sigaction
sys_enter_rt_sigaction
sys_enter_rt_sigaction
sys_enter_rt_sigaction
sys_enter_rt_sigaction
sys_enter_rt_sigaction
sys_enter_rt_sigaction
sys_enter_rt_sigaction
sys_enter_rt_sigaction
sys_enter_rt_sigaction
sys_enter_rt_sigaction
sys_enter_rt_sigaction
sys_enter_rt_sigaction
sys_enter_rt_sigaction
sys_enter_rt_sigaction
sys_enter_rt_sigaction
sys_enter_rt_sigaction
sys_enter_rt_sigaction
sys_enter_rt_sigprocmask
sys_enter_clone
sys_enter_rt_sigprocmask
sys_enter_gettid
sys_enter_sigaltstack
sys_enter_sigaltstack
sys_enter_gettid
sys_enter_rt_sigprocmask
sys_enter_rt_sigprocmask
sys_enter_clone
sys_enter_rt_sigprocmask
sys_enter_gettid
sys_enter_sigaltstack
sys_enter_sigaltstack
sys_enter_gettid
sys_enter_rt_sigprocmask
sys_enter_rt_sigprocmask
sys_enter_clone
sys_enter_rt_sigprocmask
sys_enter_clone
sys_enter_rt_sigprocmask
sys_enter_futex
sys_enter_futex
sys_enter_rt_sigprocmask
sys_enter_futex
sys_enter_gettid
sys_enter_sigaltstack
sys_enter_futex
sys_enter_mmap
sys_enter_gettid
sys_enter_sigaltstack
sys_enter_sigaltstack
sys_enter_gettid
sys_enter_rt_sigprocmask
sys_enter_futex
sys_enter_futex
sys_enter_sigaltstack
sys_enter_gettid
sys_enter_rt_sigprocmask
sys_enter_futex
sys_enter_futex
sys_enter_futex
sys_enter_openat
sys_enter_read
sys_enter_read
sys_enter_close
sys_enter_socket
sys_enter_close
sys_enter_socket
sys_enter_setsockopt
sys_enter_bind
sys_enter_socket
sys_enter_setsockopt
sys_enter_bind
sys_enter_close
sys_enter_close
sys_enter_getpid
sys_enter_getppid
sys_enter_mmap
sys_enter_mmap
sys_enter_getppid
sys_enter_openat
sys_enter_pipe2
sys_enter_getpid
sys_enter_clone
sys_enter_setsid
sys_enter_close
sys_enter_read
sys_enter_chdir
sys_enter_execve
sys_enter_close
sys_enter_exit_group
sys_enter_mmap
sys_enter_mmap
sys_enter_mprotect
sys_enter_mmap
sys_enter_mmap
sys_enter_mprotect
sys_enter_mmap
sys_enter_mprotect
sys_enter_mmap
sys_enter_mprotect
sys_enter_mmap
sys_enter_mmap
sys_enter_close
sys_enter_munmap
sys_enter_sched_getaffinity
sys_enter_mmap
sys_enter_munmap
sys_enter_mmap
sys_enter_mmap
sys_enter_mmap
sys_enter_mmap
sys_enter_mmap
sys_enter_mmap
sys_enter_rt_sigprocmask
sys_enter_sigaltstack
sys_enter_sigaltstack
sys_enter_gettid
sys_enter_rt_sigprocmask
sys_enter_rt_sigaction
sys_enter_rt_sigaction
sys_enter_rt_sigaction
sys_enter_rt_sigaction
sys_enter_rt_sigaction
sys_enter_rt_sigaction
sys_enter_rt_sigaction
sys_enter_rt_sigaction
sys_enter_rt_sigaction
sys_enter_rt_sigaction
sys_enter_rt_sigaction
sys_enter_rt_sigaction
sys_enter_rt_sigaction
sys_enter_rt_sigaction
sys_enter_rt_sigaction
sys_enter_rt_sigaction
sys_enter_rt_sigaction
sys_enter_rt_sigaction
sys_enter_rt_sigaction
sys_enter_rt_sigaction
sys_enter_rt_sigaction
sys_enter_rt_sigaction
sys_enter_rt_sigaction
sys_enter_rt_sigaction
sys_enter_rt_sigaction
sys_enter_rt_sigaction
sys_enter_rt_sigaction
sys_enter_rt_sigaction
sys_enter_rt_sigaction
sys_enter_rt_sigaction
sys_enter_rt_sigaction
sys_enter_rt_sigaction
sys_enter_rt_sigaction
sys_enter_rt_sigaction
sys_enter_rt_sigaction
sys_enter_rt_sigaction
sys_enter_rt_sigaction
sys_enter_rt_sigaction
sys_enter_rt_sigaction
sys_enter_rt_sigaction
sys_enter_rt_sigaction
sys_enter_rt_sigaction
sys_enter_rt_sigaction
sys_enter_rt_sigaction
sys_enter_rt_sigaction
sys_enter_rt_sigaction
sys_enter_rt_sigaction
sys_enter_rt_sigaction
sys_enter_rt_sigaction
sys_enter_rt_sigaction
sys_enter_rt_sigaction
sys_enter_rt_sigaction
sys_enter_rt_sigaction
sys_enter_rt_sigaction
sys_enter_rt_sigaction
sys_enter_rt_sigaction
sys_enter_rt_sigaction
sys_enter_rt_sigaction
sys_enter_rt_sigaction
sys_enter_rt_sigaction
sys_enter_rt_sigaction
sys_enter_rt_sigaction
sys_enter_rt_sigaction
sys_enter_rt_sigaction
sys_enter_rt_sigaction
sys_enter_rt_sigaction
sys_enter_rt_sigaction
sys_enter_rt_sigaction
sys_enter_rt_sigaction
sys_enter_rt_sigaction
sys_enter_rt_sigaction
sys_enter_rt_sigaction
sys_enter_rt_sigaction
sys_enter_rt_sigaction
sys_enter_rt_sigaction
sys_enter_rt_sigaction
sys_enter_rt_sigaction
sys_enter_rt_sigaction
sys_enter_rt_sigaction
sys_enter_rt_sigaction
sys_enter_rt_sigaction
sys_enter_rt_sigaction
sys_enter_rt_sigaction
sys_enter_rt_sigaction
sys_enter_rt_sigaction
sys_enter_rt_sigaction
sys_enter_rt_sigaction
sys_enter_rt_sigaction
sys_enter_rt_sigaction
sys_enter_rt_sigaction
sys_enter_rt_sigaction
sys_enter_rt_sigaction
sys_enter_rt_sigaction
sys_enter_rt_sigaction
sys_enter_rt_sigaction
sys_enter_rt_sigaction
sys_enter_rt_sigaction
sys_enter_rt_sigaction
sys_enter_rt_sigaction
sys_enter_rt_sigaction
sys_enter_rt_sigaction
sys_enter_rt_sigaction
sys_enter_rt_sigaction
sys_enter_rt_sigaction
sys_enter_rt_sigaction
sys_enter_rt_sigaction
sys_enter_rt_sigaction
sys_enter_rt_sigaction
sys_enter_rt_sigaction
sys_enter_rt_sigaction
sys_enter_rt_sigaction
sys_enter_rt_sigaction
sys_enter_rt_sigaction
sys_enter_rt_sigaction
sys_enter_rt_sigprocmask
sys_enter_clone
sys_enter_rt_sigprocmask
sys_enter_gettid
sys_enter_sigaltstack
sys_enter_sigaltstack
sys_enter_gettid
sys_enter_rt_sigprocmask
sys_enter_rt_sigprocmask
sys_enter_clone
sys_enter_rt_sigprocmask
sys_enter_rt_sigprocmask
sys_enter_clone
sys_enter_gettid
sys_enter_sigaltstack
sys_enter_sigaltstack
sys_enter_gettid
sys_enter_rt_sigprocmask
sys_enter_rt_sigprocmask
sys_enter_rt_sigprocmask
sys_enter_futex
sys_enter_clone
sys_enter_gettid
sys_enter_sigaltstack
sys_enter_sigaltstack
sys_enter_rt_sigprocmask
sys_enter_gettid
sys_enter_rt_sigprocmask
sys_enter_gettid
sys_enter_futex
sys_enter_sigaltstack
sys_enter_sigaltstack
sys_enter_gettid
sys_enter_rt_sigprocmask
sys_enter_futex
sys_enter_futex
sys_enter_futex
sys_enter_mmap
sys_enter_futex
sys_enter_futex
sys_enter_futex
sys_enter_openat
sys_enter_futex
sys_enter_read
sys_enter_read
sys_enter_close
sys_enter_socket
sys_enter_close
sys_enter_socket
sys_enter_setsockopt
sys_enter_bind
sys_enter_socket
sys_enter_setsockopt
sys_enter_bind
sys_enter_close
sys_enter_close
sys_enter_getpid
sys_enter_getppid
sys_enter_mmap
sys_enter_mmap
sys_enter_getppid
sys_enter_openat
sys_enter_pipe2
sys_enter_getpid
sys_enter_clone
sys_enter_setsid
sys_enter_close
sys_enter_read
sys_enter_chdir
sys_enter_execve
sys_enter_close
sys_enter_exit_group
sys_enter_mmap
sys_enter_mmap
sys_enter_mprotect
sys_enter_mmap
sys_enter_mmap
sys_enter_mprotect
sys_enter_mmap
sys_enter_mprotect
sys_enter_mmap
sys_enter_mprotect
sys_enter_mmap
sys_enter_mmap
sys_enter_close
sys_enter_munmap
sys_enter_sched_getaffinity
sys_enter_mmap
sys_enter_munmap
sys_enter_mmap
sys_enter_mmap
sys_enter_mmap
sys_enter_mmap
sys_enter_mmap
sys_enter_mmap
sys_enter_rt_sigprocmask
sys_enter_sigaltstack
sys_enter_sigaltstack
sys_enter_gettid
sys_enter_rt_sigprocmask
sys_enter_rt_sigaction
sys_enter_rt_sigaction
sys_enter_rt_sigaction
sys_enter_rt_sigaction
sys_enter_rt_sigaction
sys_enter_rt_sigaction
sys_enter_rt_sigaction
sys_enter_rt_sigaction
sys_enter_rt_sigaction
sys_enter_rt_sigaction
sys_enter_rt_sigaction
sys_enter_rt_sigaction
sys_enter_rt_sigaction
sys_enter_rt_sigaction
sys_enter_rt_sigaction
sys_enter_rt_sigaction
sys_enter_rt_sigaction
sys_enter_rt_sigaction
sys_enter_rt_sigaction
sys_enter_rt_sigaction
sys_enter_rt_sigaction
sys_enter_rt_sigaction
sys_enter_rt_sigaction
sys_enter_rt_sigaction
sys_enter_rt_sigaction
sys_enter_rt_sigaction
sys_enter_rt_sigaction
sys_enter_rt_sigaction
sys_enter_rt_sigaction
sys_enter_rt_sigaction
sys_enter_rt_sigaction
sys_enter_rt_sigaction
sys_enter_rt_sigaction
sys_enter_rt_sigaction
sys_enter_rt_sigaction
sys_enter_rt_sigaction
sys_enter_rt_sigaction
sys_enter_rt_sigaction
sys_enter_rt_sigaction
sys_enter_rt_sigaction
sys_enter_rt_sigaction
sys_enter_rt_sigaction
sys_enter_rt_sigaction
sys_enter_rt_sigaction
sys_enter_rt_sigaction
sys_enter_rt_sigaction
sys_enter_rt_sigaction
sys_enter_rt_sigaction
sys_enter_rt_sigaction
sys_enter_rt_sigaction
sys_enter_rt_sigaction
sys_enter_rt_sigaction
sys_enter_rt_sigaction
sys_enter_rt_sigaction
sys_enter_rt_sigaction
sys_enter_rt_sigaction
sys_enter_rt_sigaction
sys_enter_rt_sigaction
sys_enter_rt_sigaction
sys_enter_rt_sigaction
sys_enter_rt_sigaction
sys_enter_rt_sigaction
sys_enter_rt_sigaction
sys_enter_rt_sigaction
sys_enter_rt_sigaction
sys_enter_rt_sigaction
sys_enter_rt_sigaction
sys_enter_rt_sigaction
sys_enter_rt_sigaction
sys_enter_rt_sigaction
sys_enter_rt_sigaction
sys_enter_rt_sigaction
sys_enter_rt_sigaction
sys_enter_rt_sigaction
sys_enter_rt_sigaction
sys_enter_rt_sigaction
sys_enter_rt_sigaction
sys_enter_rt_sigaction
sys_enter_rt_sigaction
sys_enter_rt_sigaction
sys_enter_rt_sigaction
sys_enter_rt_sigaction
sys_enter_rt_sigaction
sys_enter_rt_sigaction
sys_enter_rt_sigaction
sys_enter_rt_sigaction
sys_enter_rt_sigaction
sys_enter_rt_sigaction
sys_enter_rt_sigaction
sys_enter_rt_sigaction
sys_enter_rt_sigaction
sys_enter_rt_sigaction
sys_enter_rt_sigaction
sys_enter_rt_sigaction
sys_enter_rt_sigaction
sys_enter_rt_sigaction
sys_enter_rt_sigaction
sys_enter_rt_sigaction
sys_enter_rt_sigaction
sys_enter_rt_sigaction
sys_enter_rt_sigaction
sys_enter_rt_sigaction
sys_enter_rt_sigaction
sys_enter_rt_sigaction
sys_enter_rt_sigaction
sys_enter_rt_sigaction
sys_enter_rt_sigaction
sys_enter_rt_sigaction
sys_enter_rt_sigaction
sys_enter_rt_sigaction
sys_enter_rt_sigaction
sys_enter_rt_sigaction
sys_enter_rt_sigaction
sys_enter_rt_sigaction
sys_enter_rt_sigprocmask
sys_enter_clone
sys_enter_rt_sigprocmask
sys_enter_gettid
sys_enter_sigaltstack
sys_enter_sigaltstack
sys_enter_gettid
sys_enter_rt_sigprocmask
sys_enter_rt_sigprocmask
sys_enter_clone
sys_enter_rt_sigprocmask
sys_enter_gettid
sys_enter_sigaltstack
sys_enter_sigaltstack
sys_enter_gettid
sys_enter_rt_sigprocmask
sys_enter_clone
sys_enter_rt_sigprocmask
sys_enter_rt_sigprocmask
sys_enter_futex
sys_enter_gettid
sys_enter_sigaltstack
sys_enter_sigaltstack
sys_enter_gettid
sys_enter_rt_sigprocmask
sys_enter_futex
sys_enter_futex
sys_enter_rt_sigprocmask
sys_enter_clone
sys_enter_rt_sigprocmask
sys_enter_futex
sys_enter_mmap
sys_enter_gettid
sys_enter_sigaltstack
sys_enter_sigaltstack
sys_enter_gettid
sys_enter_rt_sigprocmask
sys_enter_futex
sys_enter_futex
sys_enter_futex
sys_enter_openat
sys_enter_read
sys_enter_read
sys_enter_close
sys_enter_socket
sys_enter_close
sys_enter_socket
sys_enter_setsockopt
sys_enter_bind
sys_enter_socket
sys_enter_setsockopt
sys_enter_bind
sys_enter_close
sys_enter_close
sys_enter_getpid
sys_enter_getppid
sys_enter_mmap
sys_enter_mmap
sys_enter_getppid
sys_enter_openat
sys_enter_pipe2
sys_enter_getpid
sys_enter_clone
sys_enter_setsid
sys_enter_close
sys_enter_chdir
sys_enter_read
sys_enter_execve
sys_enter_close
sys_enter_exit_group
sys_enter_mmap
sys_enter_mmap
sys_enter_mprotect
sys_enter_mmap
sys_enter_mmap
sys_enter_mprotect
sys_enter_mmap
sys_enter_mprotect
sys_enter_mmap
sys_enter_mprotect
sys_enter_mmap
sys_enter_mmap
sys_enter_close
sys_enter_munmap
sys_enter_sched_getaffinity
sys_enter_mmap
sys_enter_munmap
sys_enter_mmap
sys_enter_mmap
sys_enter_mmap
sys_enter_mmap
sys_enter_mmap
sys_enter_mmap
sys_enter_rt_sigprocmask
sys_enter_sigaltstack
sys_enter_sigaltstack
sys_enter_gettid
sys_enter_rt_sigprocmask
sys_enter_rt_sigaction
sys_enter_rt_sigaction
sys_enter_rt_sigaction
sys_enter_rt_sigaction
sys_enter_rt_sigaction
sys_enter_rt_sigaction
sys_enter_rt_sigaction
sys_enter_rt_sigaction
sys_enter_rt_sigaction
sys_enter_rt_sigaction
sys_enter_rt_sigaction
sys_enter_rt_sigaction
sys_enter_rt_sigaction
sys_enter_rt_sigaction
sys_enter_rt_sigaction
sys_enter_rt_sigaction
sys_enter_rt_sigaction
sys_enter_rt_sigaction
sys_enter_rt_sigaction
sys_enter_rt_sigaction
sys_enter_rt_sigaction
sys_enter_rt_sigaction
sys_enter_rt_sigaction
sys_enter_rt_sigaction
sys_enter_rt_sigaction
sys_enter_rt_sigaction
sys_enter_rt_sigaction
sys_enter_rt_sigaction
sys_enter_rt_sigaction
sys_enter_rt_sigaction
sys_enter_rt_sigaction
sys_enter_rt_sigaction
sys_enter_rt_sigaction
sys_enter_rt_sigaction
sys_enter_rt_sigaction
sys_enter_rt_sigaction
sys_enter_rt_sigaction
sys_enter_rt_sigaction
sys_enter_rt_sigaction
sys_enter_rt_sigaction
sys_enter_rt_sigaction
sys_enter_rt_sigaction
sys_enter_rt_sigaction
sys_enter_rt_sigaction
sys_enter_rt_sigaction
sys_enter_rt_sigaction
sys_enter_rt_sigaction
sys_enter_rt_sigaction
sys_enter_rt_sigaction
sys_enter_rt_sigaction
sys_enter_rt_sigaction
sys_enter_rt_sigaction
sys_enter_rt_sigaction
sys_enter_rt_sigaction
sys_enter_rt_sigaction
sys_enter_rt_sigaction
sys_enter_rt_sigaction
sys_enter_rt_sigaction
sys_enter_rt_sigaction
sys_enter_rt_sigaction
sys_enter_rt_sigaction
sys_enter_rt_sigaction
sys_enter_rt_sigaction
sys_enter_rt_sigaction
sys_enter_rt_sigaction
sys_enter_rt_sigaction
sys_enter_rt_sigaction
sys_enter_rt_sigaction
sys_enter_rt_sigaction
sys_enter_rt_sigaction
sys_enter_rt_sigaction
sys_enter_rt_sigaction
sys_enter_rt_sigaction
sys_enter_rt_sigaction
sys_enter_rt_sigaction
sys_enter_rt_sigaction
sys_enter_rt_sigaction
sys_enter_rt_sigaction
sys_enter_rt_sigaction
sys_enter_rt_sigaction
sys_enter_rt_sigaction
sys_enter_rt_sigaction
sys_enter_rt_sigaction
sys_enter_rt_sigaction
sys_enter_rt_sigaction
sys_enter_rt_sigaction
sys_enter_rt_sigaction
sys_enter_rt_sigaction
sys_enter_rt_sigaction
sys_enter_rt_sigaction
sys_enter_rt_sigaction
sys_enter_rt_sigaction
sys_enter_rt_sigaction
sys_enter_rt_sigaction
sys_enter_rt_sigaction
sys_enter_rt_sigaction
sys_enter_rt_sigaction
sys_enter_rt_sigaction
sys_enter_rt_sigaction
sys_enter_rt_sigaction
sys_enter_rt_sigaction
sys_enter_rt_sigaction
sys_enter_rt_sigaction
sys_enter_rt_sigaction
sys_enter_rt_sigaction
sys_enter_rt_sigaction
sys_enter_rt_sigaction
sys_enter_rt_sigaction
sys_enter_rt_sigaction
sys_enter_rt_sigaction
sys_enter_rt_sigaction
sys_enter_rt_sigaction
sys_enter_rt_sigaction
sys_enter_rt_sigaction
sys_enter_rt_sigprocmask
sys_enter_clone
sys_enter_rt_sigprocmask
sys_enter_gettid
sys_enter_sigaltstack
sys_enter_sigaltstack
sys_enter_gettid
sys_enter_rt_sigprocmask
sys_enter_rt_sigprocmask
sys_enter_clone
sys_enter_rt_sigprocmask
sys_enter_gettid
sys_enter_sigaltstack
sys_enter_sigaltstack
sys_enter_gettid
sys_enter_rt_sigprocmask
sys_enter_rt_sigprocmask
sys_enter_clone
sys_enter_rt_sigprocmask
sys_enter_futex
sys_enter_rt_sigprocmask
sys_enter_clone
sys_enter_gettid
sys_enter_sigaltstack
sys_enter_sigaltstack
sys_enter_gettid
sys_enter_rt_sigprocmask
sys_enter_rt_sigprocmask
sys_enter_futex
sys_enter_futex
sys_enter_futex
sys_enter_gettid
sys_enter_sigaltstack
sys_enter_sigaltstack
sys_enter_gettid
sys_enter_rt_sigprocmask
sys_enter_futex
sys_enter_futex
sys_enter_mmap
sys_enter_futex
sys_enter_futex
sys_enter_futex
sys_enter_openat
sys_enter_read
sys_enter_read
sys_enter_close
sys_enter_socket
sys_enter_close
sys_enter_socket
sys_enter_setsockopt
sys_enter_bind
sys_enter_socket
sys_enter_setsockopt
sys_enter_bind
sys_enter_close
sys_enter_close
sys_enter_getpid
sys_enter_getppid
sys_enter_mmap
sys_enter_mmap
sys_enter_getppid
sys_enter_openat
sys_enter_pipe2
sys_enter_getpid
sys_enter_clone
sys_enter_setsid
sys_enter_close
sys_enter_read
sys_enter_chdir
sys_enter_execve
sys_enter_close
sys_enter_exit_group
sys_enter_mmap
sys_enter_mmap
sys_enter_mprotect
sys_enter_mmap
sys_enter_mmap
sys_enter_mprotect
sys_enter_mmap
sys_enter_mprotect
sys_enter_mmap
sys_enter_mprotect
sys_enter_mmap
sys_enter_mmap
sys_enter_close
sys_enter_munmap
sys_enter_sched_getaffinity
sys_enter_mmap
sys_enter_munmap
sys_enter_mmap
sys_enter_mmap
sys_enter_mmap
sys_enter_mmap
sys_enter_mmap
sys_enter_mmap
sys_enter_rt_sigprocmask
sys_enter_sigaltstack
sys_enter_sigaltstack
sys_enter_gettid
sys_enter_rt_sigprocmask
sys_enter_rt_sigaction
sys_enter_rt_sigaction
sys_enter_rt_sigaction
sys_enter_rt_sigaction
sys_enter_rt_sigaction
sys_enter_rt_sigaction
sys_enter_rt_sigaction
sys_enter_rt_sigaction
sys_enter_rt_sigaction
sys_enter_rt_sigaction
sys_enter_rt_sigaction
sys_enter_rt_sigaction
sys_enter_rt_sigaction
sys_enter_rt_sigaction
sys_enter_rt_sigaction
sys_enter_rt_sigaction
sys_enter_rt_sigaction
sys_enter_rt_sigaction
sys_enter_rt_sigaction
sys_enter_rt_sigaction
sys_enter_rt_sigaction
sys_enter_rt_sigaction
sys_enter_rt_sigaction
sys_enter_rt_sigaction
sys_enter_rt_sigaction
sys_enter_rt_sigaction
sys_enter_rt_sigaction
sys_enter_rt_sigaction
sys_enter_rt_sigaction
sys_enter_rt_sigaction
sys_enter_rt_sigaction
sys_enter_rt_sigaction
sys_enter_rt_sigaction
sys_enter_rt_sigaction
sys_enter_rt_sigaction
sys_enter_rt_sigaction
sys_enter_rt_sigaction
sys_enter_rt_sigaction
sys_enter_rt_sigaction
sys_enter_rt_sigaction
sys_enter_rt_sigaction
sys_enter_rt_sigaction
sys_enter_rt_sigaction
sys_enter_rt_sigaction
sys_enter_rt_sigaction
sys_enter_rt_sigaction
sys_enter_rt_sigaction
sys_enter_rt_sigaction
sys_enter_rt_sigaction
sys_enter_rt_sigaction
sys_enter_rt_sigaction
sys_enter_rt_sigaction
sys_enter_rt_sigaction
sys_enter_rt_sigaction
sys_enter_rt_sigaction
sys_enter_rt_sigaction
sys_enter_rt_sigaction
sys_enter_rt_sigaction
sys_enter_rt_sigaction
sys_enter_rt_sigaction
sys_enter_rt_sigaction
sys_enter_rt_sigaction
sys_enter_rt_sigaction
sys_enter_rt_sigaction
sys_enter_rt_sigaction
sys_enter_rt_sigaction
sys_enter_rt_sigaction
sys_enter_rt_sigaction
sys_enter_rt_sigaction
sys_enter_rt_sigaction
sys_enter_rt_sigaction
sys_enter_rt_sigaction
sys_enter_rt_sigaction
sys_enter_rt_sigaction
sys_enter_rt_sigaction
sys_enter_rt_sigaction
sys_enter_rt_sigaction
sys_enter_rt_sigaction
sys_enter_rt_sigaction
sys_enter_rt_sigaction
sys_enter_rt_sigaction
sys_enter_rt_sigaction
sys_enter_rt_sigaction
sys_enter_rt_sigaction
sys_enter_rt_sigaction
sys_enter_rt_sigaction
sys_enter_rt_sigaction
sys_enter_rt_sigaction
sys_enter_rt_sigaction
sys_enter_rt_sigaction
sys_enter_rt_sigaction
sys_enter_rt_sigaction
sys_enter_rt_sigaction
sys_enter_rt_sigaction
sys_enter_rt_sigaction
sys_enter_rt_sigaction
sys_enter_rt_sigaction
sys_enter_rt_sigaction
sys_enter_rt_sigaction
sys_enter_rt_sigaction
sys_enter_rt_sigaction
sys_enter_rt_sigaction
sys_enter_rt_sigaction
sys_enter_rt_sigaction
sys_enter_rt_sigaction
sys_enter_rt_sigaction
sys_enter_rt_sigaction
sys_enter_rt_sigaction
sys_enter_rt_sigaction
sys_enter_rt_sigaction
sys_enter_rt_sigaction
sys_enter_rt_sigaction
sys_enter_rt_sigaction
sys_enter_rt_sigaction
sys_enter_rt_sigprocmask
sys_enter_clone
sys_enter_rt_sigprocmask
sys_enter_gettid
sys_enter_sigaltstack
sys_enter_sigaltstack
sys_enter_gettid
sys_enter_rt_sigprocmask
sys_enter_rt_sigprocmask
sys_enter_clone
sys_enter_rt_sigprocmask
sys_enter_gettid
sys_enter_sigaltstack
sys_enter_sigaltstack
sys_enter_gettid
sys_enter_rt_sigprocmask
sys_enter_rt_sigprocmask
sys_enter_clone
sys_enter_rt_sigprocmask
sys_enter_clone
sys_enter_rt_sigprocmask
sys_enter_futex
sys_enter_gettid
sys_enter_rt_sigprocmask
sys_enter_sigaltstack
sys_enter_sigaltstack
sys_enter_gettid
sys_enter_rt_sigprocmask
sys_enter_gettid
sys_enter_sigaltstack
sys_enter_sigaltstack
sys_enter_futex
sys_enter_gettid
sys_enter_futex
sys_enter_futex
sys_enter_rt_sigprocmask
sys_enter_futex
sys_enter_futex
sys_enter_mmap
sys_enter_futex
sys_enter_futex
sys_enter_futex
sys_enter_openat
sys_enter_futex
sys_enter_futex
sys_enter_read
sys_enter_read
sys_enter_close
sys_enter_socket
sys_enter_close
sys_enter_socket
sys_enter_setsockopt
sys_enter_bind
sys_enter_socket
sys_enter_setsockopt
sys_enter_bind
sys_enter_close
sys_enter_close
sys_enter_mmap
sys_enter_getpid
sys_enter_getppid
sys_enter_mmap
sys_enter_mmap
sys_enter_getppid
sys_enter_openat
sys_enter_pipe2
sys_enter_getpid
sys_enter_clone
sys_enter_setsid
sys_enter_close
sys_enter_read
sys_enter_chdir
sys_enter_execve
sys_enter_close
sys_enter_exit_group
sys_enter_mmap
sys_enter_mmap
sys_enter_mprotect
sys_enter_mmap
sys_enter_mmap
sys_enter_mprotect
sys_enter_mmap
sys_enter_mprotect
sys_enter_mmap
sys_enter_mprotect
sys_enter_mmap
sys_enter_mmap
sys_enter_close
sys_enter_munmap
sys_enter_sched_getaffinity
sys_enter_mmap
sys_enter_munmap
sys_enter_mmap
sys_enter_mmap
sys_enter_mmap
sys_enter_mmap
sys_enter_mmap
sys_enter_mmap
sys_enter_rt_sigprocmask
sys_enter_sigaltstack
sys_enter_sigaltstack
sys_enter_gettid
sys_enter_rt_sigprocmask
sys_enter_rt_sigaction
sys_enter_rt_sigaction
sys_enter_rt_sigaction
sys_enter_rt_sigaction
sys_enter_rt_sigaction
sys_enter_rt_sigaction
sys_enter_rt_sigaction
sys_enter_rt_sigaction
sys_enter_rt_sigaction
sys_enter_rt_sigaction
sys_enter_rt_sigaction
sys_enter_rt_sigaction
sys_enter_rt_sigaction
sys_enter_rt_sigaction
sys_enter_rt_sigaction
sys_enter_rt_sigaction
sys_enter_rt_sigaction
sys_enter_rt_sigaction
sys_enter_rt_sigaction
sys_enter_rt_sigaction
sys_enter_rt_sigaction
sys_enter_rt_sigaction
sys_enter_rt_sigaction
sys_enter_rt_sigaction
sys_enter_rt_sigaction
sys_enter_rt_sigaction
sys_enter_rt_sigaction
sys_enter_rt_sigaction
sys_enter_rt_sigaction
sys_enter_rt_sigaction
sys_enter_rt_sigaction
sys_enter_rt_sigaction
sys_enter_rt_sigaction
sys_enter_rt_sigaction
sys_enter_rt_sigaction
sys_enter_rt_sigaction
sys_enter_rt_sigaction
sys_enter_rt_sigaction
sys_enter_rt_sigaction
sys_enter_rt_sigaction
sys_enter_rt_sigaction
sys_enter_rt_sigaction
sys_enter_rt_sigaction
sys_enter_rt_sigaction
sys_enter_rt_sigaction
sys_enter_rt_sigaction
sys_enter_rt_sigaction
sys_enter_rt_sigaction
sys_enter_rt_sigaction
sys_enter_rt_sigaction
sys_enter_rt_sigaction
sys_enter_rt_sigaction
sys_enter_rt_sigaction
sys_enter_rt_sigaction
sys_enter_rt_sigaction
sys_enter_rt_sigaction
sys_enter_rt_sigaction
sys_enter_rt_sigaction
sys_enter_rt_sigaction
sys_enter_rt_sigaction
sys_enter_rt_sigaction
sys_enter_rt_sigaction
sys_enter_rt_sigaction
sys_enter_rt_sigaction
sys_enter_rt_sigaction
sys_enter_rt_sigaction
sys_enter_rt_sigaction
sys_enter_rt_sigaction
sys_enter_rt_sigaction
sys_enter_rt_sigaction
sys_enter_rt_sigaction
sys_enter_rt_sigaction
sys_enter_rt_sigaction
sys_enter_rt_sigaction
sys_enter_rt_sigaction
sys_enter_rt_sigaction
sys_enter_rt_sigaction
sys_enter_rt_sigaction
sys_enter_rt_sigaction
sys_enter_rt_sigaction
sys_enter_rt_sigaction
sys_enter_rt_sigaction
sys_enter_rt_sigaction
sys_enter_rt_sigaction
sys_enter_rt_sigaction
sys_enter_rt_sigaction
sys_enter_rt_sigaction
sys_enter_rt_sigaction
sys_enter_rt_sigaction
sys_enter_rt_sigaction
sys_enter_rt_sigaction
sys_enter_rt_sigaction
sys_enter_rt_sigaction
sys_enter_rt_sigaction
sys_enter_rt_sigaction
sys_enter_rt_sigaction
sys_enter_rt_sigaction
sys_enter_rt_sigaction
sys_enter_rt_sigaction
sys_enter_rt_sigaction
sys_enter_rt_sigaction
sys_enter_rt_sigaction
sys_enter_rt_sigaction
sys_enter_rt_sigaction
sys_enter_rt_sigaction
sys_enter_rt_sigaction
sys_enter_rt_sigaction
sys_enter_rt_sigaction
sys_enter_rt_sigaction
sys_enter_rt_sigaction
sys_enter_rt_sigaction
sys_enter_rt_sigaction
sys_enter_rt_sigaction
sys_enter_rt_sigaction
sys_enter_rt_sigprocmask
sys_enter_clone
sys_enter_rt_sigprocmask
sys_enter_gettid
sys_enter_sigaltstack
sys_enter_sigaltstack
sys_enter_gettid
sys_enter_rt_sigprocmask
sys_enter_rt_sigprocmask
sys_enter_clone
sys_enter_rt_sigprocmask
sys_enter_gettid
sys_enter_sigaltstack
sys_enter_sigaltstack
sys_enter_gettid
sys_enter_rt_sigprocmask
sys_enter_rt_sigprocmask
sys_enter_clone
sys_enter_rt_sigprocmask
sys_enter_clone
sys_enter_rt_sigprocmask
sys_enter_rt_sigprocmask
sys_enter_futex
sys_enter_gettid
sys_enter_sigaltstack
sys_enter_sigaltstack
sys_enter_gettid
sys_enter_rt_sigprocmask
sys_enter_gettid
sys_enter_futex
sys_enter_futex
sys_enter_sigaltstack
sys_enter_sigaltstack
sys_enter_gettid
sys_enter_rt_sigprocmask
sys_enter_futex
sys_enter_futex
sys_enter_futex
sys_enter_mmap
sys_enter_futex
sys_enter_futex
sys_enter_futex
sys_enter_openat
sys_enter_read
sys_enter_read
sys_enter_close
sys_enter_socket
sys_enter_close
sys_enter_socket
sys_enter_setsockopt
sys_enter_bind
sys_enter_socket
sys_enter_setsockopt
sys_enter_bind
sys_enter_close
sys_enter_close
sys_enter_getpid
sys_enter_getppid
sys_enter_mmap
sys_enter_mmap
sys_enter_getppid
sys_enter_openat
sys_enter_pipe2
sys_enter_getpid
sys_enter_clone
sys_enter_setsid
sys_enter_close
sys_enter_read
sys_enter_chdir
sys_enter_execve
sys_enter_close
sys_enter_exit_group
sys_enter_mmap
sys_enter_mmap
sys_enter_mprotect
sys_enter_mmap
sys_enter_mmap
sys_enter_mprotect
sys_enter_mmap
sys_enter_mprotect
sys_enter_mmap
sys_enter_mprotect
sys_enter_mmap
sys_enter_mmap
sys_enter_close
sys_enter_munmap
sys_enter_sched_getaffinity
sys_enter_mmap
sys_enter_munmap
sys_enter_mmap
sys_enter_mmap
sys_enter_mmap
sys_enter_mmap
sys_enter_mmap
sys_enter_mmap
sys_enter_rt_sigprocmask
sys_enter_sigaltstack
sys_enter_sigaltstack
sys_enter_gettid
sys_enter_rt_sigprocmask
sys_enter_rt_sigaction
sys_enter_rt_sigaction
sys_enter_rt_sigaction
sys_enter_rt_sigaction
sys_enter_rt_sigaction
sys_enter_rt_sigaction
sys_enter_rt_sigaction
sys_enter_rt_sigaction
sys_enter_rt_sigaction
sys_enter_rt_sigaction
sys_enter_rt_sigaction
sys_enter_rt_sigaction
sys_enter_rt_sigaction
sys_enter_rt_sigaction
sys_enter_rt_sigaction
sys_enter_rt_sigaction
sys_enter_rt_sigaction
sys_enter_rt_sigaction
sys_enter_rt_sigaction
sys_enter_rt_sigaction
sys_enter_rt_sigaction
sys_enter_rt_sigaction
sys_enter_rt_sigaction
sys_enter_rt_sigaction
sys_enter_rt_sigaction
sys_enter_rt_sigaction
sys_enter_rt_sigaction
sys_enter_rt_sigaction
sys_enter_rt_sigaction
sys_enter_rt_sigaction
sys_enter_rt_sigaction
sys_enter_rt_sigaction
sys_enter_rt_sigaction
sys_enter_rt_sigaction
sys_enter_rt_sigaction
sys_enter_rt_sigaction
sys_enter_rt_sigaction
sys_enter_rt_sigaction
sys_enter_rt_sigaction
sys_enter_rt_sigaction
sys_enter_rt_sigaction
sys_enter_rt_sigaction
sys_enter_rt_sigaction
sys_enter_rt_sigaction
sys_enter_rt_sigaction
sys_enter_rt_sigaction
sys_enter_rt_sigaction
sys_enter_rt_sigaction
sys_enter_rt_sigaction
sys_enter_rt_sigaction
sys_enter_rt_sigaction
sys_enter_rt_sigaction
sys_enter_rt_sigaction
sys_enter_rt_sigaction
sys_enter_rt_sigaction
sys_enter_rt_sigaction
sys_enter_rt_sigaction
sys_enter_rt_sigaction
sys_enter_rt_sigaction
sys_enter_rt_sigaction
sys_enter_rt_sigaction
sys_enter_rt_sigaction
sys_enter_rt_sigaction
sys_enter_rt_sigaction
sys_enter_rt_sigaction
sys_enter_rt_sigaction
sys_enter_rt_sigaction
sys_enter_rt_sigaction
sys_enter_rt_sigaction
sys_enter_rt_sigaction
sys_enter_rt_sigaction
sys_enter_rt_sigaction
sys_enter_rt_sigaction
sys_enter_rt_sigaction
sys_enter_rt_sigaction
sys_enter_rt_sigaction
sys_enter_rt_sigaction
sys_enter_rt_sigaction
sys_enter_rt_sigaction
sys_enter_rt_sigaction
sys_enter_rt_sigaction
sys_enter_rt_sigaction
sys_enter_rt_sigaction
sys_enter_rt_sigaction
sys_enter_rt_sigaction
sys_enter_rt_sigaction
sys_enter_rt_sigaction
sys_enter_rt_sigaction
sys_enter_rt_sigaction
sys_enter_rt_sigaction
sys_enter_rt_sigaction
sys_enter_rt_sigaction
sys_enter_rt_sigaction
sys_enter_rt_sigaction
sys_enter_rt_sigaction
sys_enter_rt_sigaction
sys_enter_rt_sigaction
sys_enter_rt_sigaction
sys_enter_rt_sigaction
sys_enter_rt_sigaction
sys_enter_rt_sigaction
sys_enter_rt_sigaction
sys_enter_rt_sigaction
sys_enter_rt_sigaction
sys_enter_rt_sigaction
sys_enter_rt_sigaction
sys_enter_rt_sigaction
sys_enter_rt_sigaction
sys_enter_rt_sigaction
sys_enter_rt_sigaction
sys_enter_rt_sigaction
sys_enter_rt_sigaction
sys_enter_rt_sigaction
sys_enter_rt_sigaction
sys_enter_rt_sigprocmask
sys_enter_clone
sys_enter_rt_sigprocmask
sys_enter_gettid
sys_enter_sigaltstack
sys_enter_sigaltstack
sys_enter_gettid
sys_enter_rt_sigprocmask
sys_enter_rt_sigprocmask
sys_enter_clone
sys_enter_rt_sigprocmask
sys_enter_gettid
sys_enter_sigaltstack
sys_enter_sigaltstack
sys_enter_gettid
sys_enter_rt_sigprocmask
sys_enter_rt_sigprocmask
sys_enter_clone
sys_enter_rt_sigprocmask
sys_enter_sched_yield
sys_enter_futex
sys_enter_futex
sys_enter_gettid
sys_enter_sigaltstack
sys_enter_sigaltstack
sys_enter_gettid
sys_enter_rt_sigprocmask
sys_enter_futex
sys_enter_futex
sys_enter_rt_sigprocmask
sys_enter_clone
sys_enter_rt_sigprocmask
sys_enter_futex
sys_enter_gettid
sys_enter_sigaltstack
sys_enter_sigaltstack
sys_enter_gettid
sys_enter_rt_sigprocmask
sys_enter_futex
sys_enter_futex
sys_enter_mmap
sys_enter_futex
sys_enter_futex
sys_enter_futex
sys_enter_openat
sys_enter_read
sys_enter_read
sys_enter_close
sys_enter_socket
sys_enter_close
sys_enter_socket
sys_enter_setsockopt
sys_enter_bind
sys_enter_socket
sys_enter_setsockopt
sys_enter_bind
sys_enter_close
sys_enter_close
sys_enter_getpid
sys_enter_getppid
sys_enter_mmap
sys_enter_mmap
sys_enter_getppid
sys_enter_openat
sys_enter_pipe2
sys_enter_getpid
sys_enter_clone
sys_enter_setsid
sys_enter_close
sys_enter_chdir
sys_enter_read
sys_enter_execve
sys_enter_close
sys_enter_mmap
sys_enter_exit_group
sys_enter_mmap
sys_enter_mprotect
sys_enter_mmap
sys_enter_mmap
sys_enter_mprotect
sys_enter_mmap
sys_enter_mprotect
sys_enter_mmap
sys_enter_mprotect
sys_enter_mmap
sys_enter_mmap
sys_enter_close
sys_enter_munmap
sys_enter_sched_getaffinity
sys_enter_mmap
sys_enter_munmap
sys_enter_mmap
sys_enter_mmap
sys_enter_mmap
sys_enter_mmap
sys_enter_mmap
sys_enter_mmap
sys_enter_rt_sigprocmask
sys_enter_sigaltstack
sys_enter_sigaltstack
sys_enter_gettid
sys_enter_rt_sigprocmask
sys_enter_rt_sigaction
sys_enter_rt_sigaction
sys_enter_rt_sigaction
sys_enter_rt_sigaction
sys_enter_rt_sigaction
sys_enter_rt_sigaction
sys_enter_rt_sigaction
sys_enter_rt_sigaction
sys_enter_rt_sigaction
sys_enter_rt_sigaction
sys_enter_rt_sigaction
sys_enter_rt_sigaction
sys_enter_rt_sigaction
sys_enter_rt_sigaction
sys_enter_rt_sigaction
sys_enter_rt_sigaction
sys_enter_rt_sigaction
sys_enter_rt_sigaction
sys_enter_rt_sigaction
sys_enter_rt_sigaction
sys_enter_rt_sigaction
sys_enter_rt_sigaction
sys_enter_rt_sigaction
sys_enter_rt_sigaction
sys_enter_rt_sigaction
sys_enter_rt_sigaction
sys_enter_rt_sigaction
sys_enter_rt_sigaction
sys_enter_rt_sigaction
sys_enter_rt_sigaction
sys_enter_rt_sigaction
sys_enter_rt_sigaction
sys_enter_rt_sigaction
sys_enter_rt_sigaction
sys_enter_rt_sigaction
sys_enter_rt_sigaction
sys_enter_rt_sigaction
sys_enter_rt_sigaction
sys_enter_rt_sigaction
sys_enter_rt_sigaction
sys_enter_rt_sigaction
sys_enter_rt_sigaction
sys_enter_rt_sigaction
sys_enter_rt_sigaction
sys_enter_rt_sigaction
sys_enter_rt_sigaction
sys_enter_rt_sigaction
sys_enter_rt_sigaction
sys_enter_rt_sigaction
sys_enter_rt_sigaction
sys_enter_rt_sigaction
sys_enter_rt_sigaction
sys_enter_rt_sigaction
sys_enter_rt_sigaction
sys_enter_rt_sigaction
sys_enter_rt_sigaction
sys_enter_rt_sigaction
sys_enter_rt_sigaction
sys_enter_rt_sigaction
sys_enter_rt_sigaction
sys_enter_rt_sigaction
sys_enter_rt_sigaction
sys_enter_rt_sigaction
sys_enter_rt_sigaction
sys_enter_rt_sigaction
sys_enter_rt_sigaction
sys_enter_rt_sigaction
sys_enter_rt_sigaction
sys_enter_rt_sigaction
sys_enter_rt_sigaction
sys_enter_rt_sigaction
sys_enter_rt_sigaction
sys_enter_rt_sigaction
sys_enter_rt_sigaction
sys_enter_rt_sigaction
sys_enter_rt_sigaction
sys_enter_rt_sigaction
sys_enter_rt_sigaction
sys_enter_rt_sigaction
sys_enter_rt_sigaction
sys_enter_rt_sigaction
sys_enter_rt_sigaction
sys_enter_rt_sigaction
sys_enter_rt_sigaction
sys_enter_rt_sigaction
sys_enter_rt_sigaction
sys_enter_rt_sigaction
sys_enter_rt_sigaction
sys_enter_rt_sigaction
sys_enter_rt_sigaction
sys_enter_rt_sigaction
sys_enter_rt_sigaction
sys_enter_rt_sigaction
sys_enter_rt_sigaction
sys_enter_rt_sigaction
sys_enter_rt_sigaction
sys_enter_rt_sigaction
sys_enter_rt_sigaction
sys_enter_rt_sigaction
sys_enter_rt_sigaction
sys_enter_rt_sigaction
sys_enter_rt_sigaction
sys_enter_rt_sigaction
sys_enter_rt_sigaction
sys_enter_rt_sigaction
sys_enter_rt_sigaction
sys_enter_rt_sigaction
sys_enter_rt_sigaction
sys_enter_rt_sigaction
sys_enter_rt_sigaction
sys_enter_rt_sigaction
sys_enter_rt_sigaction
sys_enter_rt_sigaction
sys_enter_rt_sigaction
sys_enter_rt_sigprocmask
sys_enter_clone
sys_enter_rt_sigprocmask
sys_enter_gettid
sys_enter_sigaltstack
sys_enter_sigaltstack
sys_enter_gettid
sys_enter_rt_sigprocmask
sys_enter_rt_sigprocmask
sys_enter_clone
sys_enter_rt_sigprocmask
sys_enter_gettid
sys_enter_sigaltstack
sys_enter_sigaltstack
sys_enter_gettid
sys_enter_rt_sigprocmask
sys_enter_rt_sigprocmask
sys_enter_clone
sys_enter_rt_sigprocmask
sys_enter_sched_yield
sys_enter_futex
sys_enter_futex
sys_enter_gettid
sys_enter_sigaltstack
sys_enter_sigaltstack
sys_enter_gettid
sys_enter_rt_sigprocmask
sys_enter_futex
sys_enter_futex
sys_enter_rt_sigprocmask
sys_enter_clone
sys_enter_rt_sigprocmask
sys_enter_futex
sys_enter_gettid
sys_enter_sigaltstack
sys_enter_sigaltstack
sys_enter_gettid
sys_enter_rt_sigprocmask
sys_enter_futex
sys_enter_futex
sys_enter_mmap
sys_enter_futex
sys_enter_futex
sys_enter_futex
sys_enter_openat
sys_enter_read
sys_enter_read
sys_enter_close
sys_enter_socket
sys_enter_close
sys_enter_socket
sys_enter_setsockopt
sys_enter_bind
sys_enter_socket
sys_enter_setsockopt
sys_enter_bind
sys_enter_close
sys_enter_close
sys_enter_getpid
sys_enter_getppid
sys_enter_mmap
sys_enter_mmap
sys_enter_getppid
sys_enter_openat
sys_enter_pipe2
sys_enter_getpid
sys_enter_clone
sys_enter_close
sys_enter_read
sys_enter_setsid
sys_enter_chdir
sys_enter_execve
sys_enter_close
sys_enter_exit_group
sys_enter_mmap
sys_enter_mmap
sys_enter_mprotect
sys_enter_mmap
sys_enter_mmap
sys_enter_mprotect
sys_enter_mmap
sys_enter_mprotect
sys_enter_mmap
sys_enter_mprotect
sys_enter_mmap
sys_enter_mmap
sys_enter_close
sys_enter_munmap
sys_enter_sched_getaffinity
sys_enter_mmap
sys_enter_munmap
sys_enter_mmap
sys_enter_mmap
sys_enter_mmap
sys_enter_mmap
sys_enter_mmap
sys_enter_mmap
sys_enter_rt_sigprocmask
sys_enter_sigaltstack
sys_enter_sigaltstack
sys_enter_gettid
sys_enter_rt_sigprocmask
sys_enter_rt_sigaction
sys_enter_rt_sigaction
sys_enter_rt_sigaction
sys_enter_rt_sigaction
sys_enter_rt_sigaction
sys_enter_rt_sigaction
sys_enter_rt_sigaction
sys_enter_rt_sigaction
sys_enter_rt_sigaction
sys_enter_rt_sigaction
sys_enter_rt_sigaction
sys_enter_rt_sigaction
sys_enter_rt_sigaction
sys_enter_rt_sigaction
sys_enter_rt_sigaction
sys_enter_rt_sigaction
sys_enter_rt_sigaction
sys_enter_rt_sigaction
sys_enter_rt_sigaction
sys_enter_rt_sigaction
sys_enter_rt_sigaction
sys_enter_rt_sigaction
sys_enter_rt_sigaction
sys_enter_rt_sigaction
sys_enter_rt_sigaction
sys_enter_rt_sigaction
sys_enter_rt_sigaction
sys_enter_rt_sigaction
sys_enter_rt_sigaction
sys_enter_rt_sigaction
sys_enter_rt_sigaction
sys_enter_rt_sigaction
sys_enter_rt_sigaction
sys_enter_rt_sigaction
sys_enter_rt_sigaction
sys_enter_rt_sigaction
sys_enter_rt_sigaction
sys_enter_rt_sigaction
sys_enter_rt_sigaction
sys_enter_rt_sigaction
sys_enter_rt_sigaction
sys_enter_rt_sigaction
sys_enter_rt_sigaction
sys_enter_rt_sigaction
sys_enter_rt_sigaction
sys_enter_rt_sigaction
sys_enter_rt_sigaction
sys_enter_rt_sigaction
sys_enter_rt_sigaction
sys_enter_rt_sigaction
sys_enter_rt_sigaction
sys_enter_rt_sigaction
sys_enter_rt_sigaction
sys_enter_rt_sigaction
sys_enter_rt_sigaction
sys_enter_rt_sigaction
sys_enter_rt_sigaction
sys_enter_rt_sigaction
sys_enter_rt_sigaction
sys_enter_rt_sigaction
sys_enter_rt_sigaction
sys_enter_rt_sigaction
sys_enter_rt_sigaction
sys_enter_rt_sigaction
sys_enter_rt_sigaction
sys_enter_rt_sigaction
sys_enter_rt_sigaction
sys_enter_rt_sigaction
sys_enter_rt_sigaction
sys_enter_rt_sigaction
sys_enter_rt_sigaction
sys_enter_rt_sigaction
sys_enter_rt_sigaction
sys_enter_rt_sigaction
sys_enter_rt_sigaction
sys_enter_rt_sigaction
sys_enter_rt_sigaction
sys_enter_rt_sigaction
sys_enter_rt_sigaction
sys_enter_rt_sigaction
sys_enter_rt_sigaction
sys_enter_rt_sigaction
sys_enter_rt_sigaction
sys_enter_rt_sigaction
sys_enter_rt_sigaction
sys_enter_rt_sigaction
sys_enter_rt_sigaction
sys_enter_rt_sigaction
sys_enter_rt_sigaction
sys_enter_rt_sigaction
sys_enter_rt_sigaction
sys_enter_rt_sigaction
sys_enter_rt_sigaction
sys_enter_rt_sigaction
sys_enter_rt_sigaction
sys_enter_rt_sigaction
sys_enter_rt_sigaction
sys_enter_rt_sigaction
sys_enter_rt_sigaction
sys_enter_rt_sigaction
sys_enter_rt_sigaction
sys_enter_rt_sigaction
sys_enter_rt_sigaction
sys_enter_rt_sigaction
sys_enter_rt_sigaction
sys_enter_rt_sigaction
sys_enter_rt_sigaction
sys_enter_rt_sigaction
sys_enter_rt_sigaction
sys_enter_rt_sigaction
sys_enter_rt_sigaction
sys_enter_rt_sigaction
sys_enter_rt_sigaction
sys_enter_rt_sigaction
sys_enter_rt_sigprocmask
sys_enter_clone
sys_enter_rt_sigprocmask
sys_enter_gettid
sys_enter_sigaltstack
sys_enter_sigaltstack
sys_enter_gettid
sys_enter_rt_sigprocmask
sys_enter_rt_sigprocmask
sys_enter_clone
sys_enter_rt_sigprocmask
sys_enter_gettid
sys_enter_sigaltstack
sys_enter_sigaltstack
sys_enter_gettid
sys_enter_rt_sigprocmask
sys_enter_rt_sigprocmask
sys_enter_clone
sys_enter_rt_sigprocmask
sys_enter_futex
sys_enter_gettid
sys_enter_gettid
sys_enter_sigaltstack
sys_enter_sigaltstack
sys_enter_gettid
sys_enter_rt_sigprocmask
sys_enter_futex
sys_enter_futex
sys_enter_rt_sigprocmask
sys_enter_clone
sys_enter_rt_sigprocmask
sys_enter_futex
sys_enter_sigaltstack
sys_enter_sigaltstack
sys_enter_gettid
sys_enter_rt_sigprocmask
sys_enter_futex
sys_enter_futex
sys_enter_mmap
sys_enter_futex
sys_enter_futex
sys_enter_futex
sys_enter_openat
sys_enter_read
sys_enter_read
sys_enter_close
sys_enter_socket
sys_enter_close
sys_enter_socket
sys_enter_setsockopt
sys_enter_bind
sys_enter_socket
sys_enter_setsockopt
sys_enter_bind
sys_enter_close
sys_enter_close
sys_enter_getpid
sys_enter_getppid
sys_enter_mmap
sys_enter_mmap
sys_enter_getppid
sys_enter_openat
sys_enter_pipe2
sys_enter_getpid
sys_enter_clone
sys_enter_setsid
sys_enter_close
sys_enter_read
sys_enter_chdir
sys_enter_execve
sys_enter_close
sys_enter_exit_group
sys_enter_mmap
sys_enter_mmap
sys_enter_mprotect
sys_enter_mmap
sys_enter_mmap
sys_enter_mprotect
sys_enter_mmap
sys_enter_mprotect
sys_enter_mmap
sys_enter_mprotect
sys_enter_mmap
sys_enter_mmap
sys_enter_close
sys_enter_munmap
sys_enter_sched_getaffinity
sys_enter_mmap
sys_enter_munmap
sys_enter_mmap
sys_enter_mmap
sys_enter_mmap
sys_enter_mmap
sys_enter_mmap
sys_enter_mmap
sys_enter_rt_sigprocmask
sys_enter_sigaltstack
sys_enter_sigaltstack
sys_enter_gettid
sys_enter_rt_sigprocmask
sys_enter_rt_sigaction
sys_enter_rt_sigaction
sys_enter_rt_sigaction
sys_enter_rt_sigaction
sys_enter_rt_sigaction
sys_enter_rt_sigaction
sys_enter_rt_sigaction
sys_enter_rt_sigaction
sys_enter_rt_sigaction
sys_enter_rt_sigaction
sys_enter_rt_sigaction
sys_enter_rt_sigaction
sys_enter_rt_sigaction
sys_enter_rt_sigaction
sys_enter_rt_sigaction
sys_enter_rt_sigaction
sys_enter_rt_sigaction
sys_enter_rt_sigaction
sys_enter_rt_sigaction
sys_enter_rt_sigaction
sys_enter_rt_sigaction
sys_enter_rt_sigaction
sys_enter_rt_sigaction
sys_enter_rt_sigaction
sys_enter_rt_sigaction
sys_enter_rt_sigaction
sys_enter_rt_sigaction
sys_enter_rt_sigaction
sys_enter_rt_sigaction
sys_enter_rt_sigaction
sys_enter_rt_sigaction
sys_enter_rt_sigaction
sys_enter_rt_sigaction
sys_enter_rt_sigaction
sys_enter_rt_sigaction
sys_enter_rt_sigaction
sys_enter_rt_sigaction
sys_enter_rt_sigaction
sys_enter_rt_sigaction
sys_enter_rt_sigaction
sys_enter_rt_sigaction
sys_enter_rt_sigaction
sys_enter_rt_sigaction
sys_enter_rt_sigaction
sys_enter_rt_sigaction
sys_enter_rt_sigaction
sys_enter_rt_sigaction
sys_enter_rt_sigaction
sys_enter_rt_sigaction
sys_enter_rt_sigaction
sys_enter_rt_sigaction
sys_enter_rt_sigaction
sys_enter_rt_sigaction
sys_enter_rt_sigaction
sys_enter_rt_sigaction
sys_enter_rt_sigaction
sys_enter_rt_sigaction
sys_enter_rt_sigaction
sys_enter_rt_sigaction
sys_enter_rt_sigaction
sys_enter_rt_sigaction
sys_enter_rt_sigaction
sys_enter_rt_sigaction
sys_enter_rt_sigaction
sys_enter_rt_sigaction
sys_enter_rt_sigaction
sys_enter_rt_sigaction
sys_enter_rt_sigaction
sys_enter_rt_sigaction
sys_enter_rt_sigaction
sys_enter_rt_sigaction
sys_enter_rt_sigaction
sys_enter_rt_sigaction
sys_enter_rt_sigaction
sys_enter_rt_sigaction
sys_enter_rt_sigaction
sys_enter_rt_sigaction
sys_enter_rt_sigaction
sys_enter_rt_sigaction
sys_enter_rt_sigaction
sys_enter_rt_sigaction
sys_enter_rt_sigaction
sys_enter_rt_sigaction
sys_enter_rt_sigaction
sys_enter_rt_sigaction
sys_enter_rt_sigaction
sys_enter_rt_sigaction
sys_enter_rt_sigaction
sys_enter_rt_sigaction
sys_enter_rt_sigaction
sys_enter_rt_sigaction
sys_enter_rt_sigaction
sys_enter_rt_sigaction
sys_enter_rt_sigaction
sys_enter_rt_sigaction
sys_enter_rt_sigaction
sys_enter_rt_sigaction
sys_enter_rt_sigaction
sys_enter_rt_sigaction
sys_enter_rt_sigaction
sys_enter_rt_sigaction
sys_enter_rt_sigaction
sys_enter_rt_sigaction
sys_enter_rt_sigaction
sys_enter_rt_sigaction
sys_enter_rt_sigaction
sys_enter_rt_sigaction
sys_enter_rt_sigaction
sys_enter_rt_sigaction
sys_enter_rt_sigaction
sys_enter_rt_sigaction
sys_enter_rt_sigaction
sys_enter_rt_sigaction
sys_enter_rt_sigaction
sys_enter_rt_sigprocmask
sys_enter_clone
sys_enter_rt_sigprocmask
sys_enter_gettid
sys_enter_sigaltstack
sys_enter_sigaltstack
sys_enter_gettid
sys_enter_rt_sigprocmask
sys_enter_rt_sigprocmask
sys_enter_clone
sys_enter_rt_sigprocmask
sys_enter_gettid
sys_enter_sigaltstack
sys_enter_sigaltstack
sys_enter_gettid
sys_enter_rt_sigprocmask
sys_enter_sched_yield
sys_enter_futex
sys_enter_rt_sigprocmask
sys_enter_clone
sys_enter_rt_sigprocmask
sys_enter_clone
sys_enter_rt_sigprocmask
sys_enter_futex
sys_enter_gettid
sys_enter_sigaltstack
sys_enter_sigaltstack
sys_enter_rt_sigprocmask
sys_enter_gettid
sys_enter_rt_sigprocmask
sys_enter_gettid
sys_enter_futex
sys_enter_sigaltstack
sys_enter_sigaltstack
sys_enter_gettid
sys_enter_futex
sys_enter_rt_sigprocmask
sys_enter_futex
sys_enter_futex
sys_enter_futex
sys_enter_mmap
sys_enter_futex
sys_enter_futex
sys_enter_futex
sys_enter_openat
sys_enter_read
sys_enter_read
sys_enter_close
sys_enter_socket
sys_enter_close
sys_enter_socket
sys_enter_setsockopt
sys_enter_bind
sys_enter_socket
sys_enter_setsockopt
sys_enter_bind
sys_enter_close
sys_enter_close
sys_enter_getpid
sys_enter_getppid
sys_enter_mmap
sys_enter_mmap
sys_enter_getppid
sys_enter_openat
sys_enter_pipe2
sys_enter_getpid
sys_enter_clone
sys_enter_setsid
sys_enter_close
sys_enter_read
sys_enter_chdir
sys_enter_execve
sys_enter_close
sys_enter_exit_group
sys_enter_mmap
sys_enter_mmap
sys_enter_mprotect
sys_enter_mmap
sys_enter_mmap
sys_enter_mprotect
sys_enter_mmap
sys_enter_mprotect
sys_enter_mmap
sys_enter_mprotect
sys_enter_mmap
sys_enter_mmap
sys_enter_close
sys_enter_munmap
sys_enter_sched_getaffinity
sys_enter_mmap
sys_enter_munmap
sys_enter_mmap
sys_enter_mmap
sys_enter_mmap
sys_enter_mmap
sys_enter_mmap
sys_enter_mmap
sys_enter_rt_sigprocmask
sys_enter_sigaltstack
sys_enter_sigaltstack
sys_enter_gettid
sys_enter_rt_sigprocmask
sys_enter_rt_sigaction
sys_enter_rt_sigaction
sys_enter_rt_sigaction
sys_enter_rt_sigaction
sys_enter_rt_sigaction
sys_enter_rt_sigaction
sys_enter_rt_sigaction
sys_enter_rt_sigaction
sys_enter_rt_sigaction
sys_enter_rt_sigaction
sys_enter_rt_sigaction
sys_enter_rt_sigaction
sys_enter_rt_sigaction
sys_enter_rt_sigaction
sys_enter_rt_sigaction
sys_enter_rt_sigaction
sys_enter_rt_sigaction
sys_enter_rt_sigaction
sys_enter_rt_sigaction
sys_enter_rt_sigaction
sys_enter_rt_sigaction
sys_enter_rt_sigaction
sys_enter_rt_sigaction
sys_enter_rt_sigaction
sys_enter_rt_sigaction
sys_enter_rt_sigaction
sys_enter_rt_sigaction
sys_enter_rt_sigaction
sys_enter_rt_sigaction
sys_enter_rt_sigaction
sys_enter_rt_sigaction
sys_enter_rt_sigaction
sys_enter_rt_sigaction
sys_enter_rt_sigaction
sys_enter_rt_sigaction
sys_enter_rt_sigaction
sys_enter_rt_sigaction
sys_enter_rt_sigaction
sys_enter_rt_sigaction
sys_enter_rt_sigaction
sys_enter_rt_sigaction
sys_enter_rt_sigaction
sys_enter_rt_sigaction
sys_enter_rt_sigaction
sys_enter_rt_sigaction
sys_enter_rt_sigaction
sys_enter_rt_sigaction
sys_enter_rt_sigaction
sys_enter_rt_sigaction
sys_enter_rt_sigaction
sys_enter_rt_sigaction
sys_enter_rt_sigaction
sys_enter_rt_sigaction
sys_enter_rt_sigaction
sys_enter_rt_sigaction
sys_enter_rt_sigaction
sys_enter_rt_sigaction
sys_enter_rt_sigaction
sys_enter_rt_sigaction
sys_enter_rt_sigaction
sys_enter_rt_sigaction
sys_enter_rt_sigaction
sys_enter_rt_sigaction
sys_enter_rt_sigaction
sys_enter_rt_sigaction
sys_enter_rt_sigaction
sys_enter_rt_sigaction
sys_enter_rt_sigaction
sys_enter_rt_sigaction
sys_enter_rt_sigaction
sys_enter_rt_sigaction
sys_enter_rt_sigaction
sys_enter_rt_sigaction
sys_enter_rt_sigaction
sys_enter_rt_sigaction
sys_enter_rt_sigaction
sys_enter_rt_sigaction
sys_enter_rt_sigaction
sys_enter_rt_sigaction
sys_enter_rt_sigaction
sys_enter_rt_sigaction
sys_enter_rt_sigaction
sys_enter_rt_sigaction
sys_enter_rt_sigaction
sys_enter_rt_sigaction
sys_enter_rt_sigaction
sys_enter_rt_sigaction
sys_enter_rt_sigaction
sys_enter_rt_sigaction
sys_enter_rt_sigaction
sys_enter_rt_sigaction
sys_enter_rt_sigaction
sys_enter_rt_sigaction
sys_enter_rt_sigaction
sys_enter_rt_sigaction
sys_enter_rt_sigaction
sys_enter_rt_sigaction
sys_enter_rt_sigaction
sys_enter_rt_sigaction
sys_enter_rt_sigaction
sys_enter_rt_sigaction
sys_enter_rt_sigaction
sys_enter_rt_sigaction
sys_enter_rt_sigaction
sys_enter_rt_sigaction
sys_enter_rt_sigaction
sys_enter_rt_sigaction
sys_enter_rt_sigaction
sys_enter_rt_sigaction
sys_enter_rt_sigaction
sys_enter_rt_sigaction
sys_enter_rt_sigaction
sys_enter_rt_sigaction
sys_enter_rt_sigaction
sys_enter_rt_sigprocmask
sys_enter_clone
sys_enter_rt_sigprocmask
sys_enter_gettid
sys_enter_sigaltstack
sys_enter_sigaltstack
sys_enter_gettid
sys_enter_rt_sigprocmask
sys_enter_rt_sigprocmask
sys_enter_clone
sys_enter_rt_sigprocmask
sys_enter_gettid
sys_enter_sigaltstack
sys_enter_sigaltstack
sys_enter_gettid
sys_enter_rt_sigprocmask
sys_enter_rt_sigprocmask
sys_enter_clone
sys_enter_rt_sigprocmask
sys_enter_futex
sys_enter_gettid
sys_enter_sigaltstack
sys_enter_sigaltstack
sys_enter_gettid
sys_enter_rt_sigprocmask
sys_enter_rt_sigprocmask
sys_enter_clone
sys_enter_futex
sys_enter_futex
sys_enter_rt_sigprocmask
sys_enter_futex
sys_enter_gettid
sys_enter_sigaltstack
sys_enter_sigaltstack
sys_enter_gettid
sys_enter_rt_sigprocmask
sys_enter_futex
sys_enter_futex
sys_enter_mmap
sys_enter_futex
sys_enter_futex
sys_enter_futex
sys_enter_openat
sys_enter_read
sys_enter_read
sys_enter_close
sys_enter_socket
sys_enter_close
sys_enter_socket
sys_enter_setsockopt
sys_enter_bind
sys_enter_socket
sys_enter_setsockopt
sys_enter_bind
sys_enter_close
sys_enter_close
sys_enter_getpid
sys_enter_getppid
sys_enter_mmap
sys_enter_mmap
sys_enter_getppid
sys_enter_openat
sys_enter_pipe2
sys_enter_getpid
sys_enter_clone
sys_enter_setsid
sys_enter_close
sys_enter_read
sys_enter_chdir
sys_enter_execve
sys_enter_close
sys_enter_mmap
sys_enter_mmap
sys_enter_exit_group
sys_enter_mprotect
sys_enter_mmap
sys_enter_mmap
sys_enter_mprotect
sys_enter_mmap
sys_enter_mprotect
sys_enter_mmap
sys_enter_mprotect
sys_enter_mmap
sys_enter_mmap
sys_enter_close
sys_enter_munmap
sys_enter_sched_getaffinity
sys_enter_mmap
sys_enter_munmap
sys_enter_mmap
sys_enter_mmap
sys_enter_mmap
sys_enter_mmap
sys_enter_mmap
sys_enter_mmap
sys_enter_rt_sigprocmask
sys_enter_sigaltstack
sys_enter_sigaltstack
sys_enter_gettid
sys_enter_rt_sigprocmask
sys_enter_rt_sigaction
sys_enter_rt_sigaction
sys_enter_rt_sigaction
sys_enter_rt_sigaction
sys_enter_rt_sigaction
sys_enter_rt_sigaction
sys_enter_rt_sigaction
sys_enter_rt_sigaction
sys_enter_rt_sigaction
sys_enter_rt_sigaction
sys_enter_rt_sigaction
sys_enter_rt_sigaction
sys_enter_rt_sigaction
sys_enter_rt_sigaction
sys_enter_rt_sigaction
sys_enter_rt_sigaction
sys_enter_rt_sigaction
sys_enter_rt_sigaction
sys_enter_rt_sigaction
sys_enter_rt_sigaction
sys_enter_rt_sigaction
sys_enter_rt_sigaction
sys_enter_rt_sigaction
sys_enter_rt_sigaction
sys_enter_rt_sigaction
sys_enter_rt_sigaction
sys_enter_rt_sigaction
sys_enter_rt_sigaction
sys_enter_rt_sigaction
sys_enter_rt_sigaction
sys_enter_rt_sigaction
sys_enter_rt_sigaction
sys_enter_rt_sigaction
sys_enter_rt_sigaction
sys_enter_rt_sigaction
sys_enter_rt_sigaction
sys_enter_rt_sigaction
sys_enter_rt_sigaction
sys_enter_rt_sigaction
sys_enter_rt_sigaction
sys_enter_rt_sigaction
sys_enter_rt_sigaction
sys_enter_rt_sigaction
sys_enter_rt_sigaction
sys_enter_rt_sigaction
sys_enter_rt_sigaction
sys_enter_rt_sigaction
sys_enter_rt_sigaction
sys_enter_rt_sigaction
sys_enter_rt_sigaction
sys_enter_rt_sigaction
sys_enter_rt_sigaction
sys_enter_rt_sigaction
sys_enter_rt_sigaction
sys_enter_rt_sigaction
sys_enter_rt_sigaction
sys_enter_rt_sigaction
sys_enter_rt_sigaction
sys_enter_rt_sigaction
sys_enter_rt_sigaction
sys_enter_rt_sigaction
sys_enter_rt_sigaction
sys_enter_rt_sigaction
sys_enter_rt_sigaction
sys_enter_rt_sigaction
sys_enter_rt_sigaction
sys_enter_rt_sigaction
sys_enter_rt_sigaction
sys_enter_rt_sigaction
sys_enter_rt_sigaction
sys_enter_rt_sigaction
sys_enter_rt_sigaction
sys_enter_rt_sigaction
sys_enter_rt_sigaction
sys_enter_rt_sigaction
sys_enter_rt_sigaction
sys_enter_rt_sigaction
sys_enter_rt_sigaction
sys_enter_rt_sigaction
sys_enter_rt_sigaction
sys_enter_rt_sigaction
sys_enter_rt_sigaction
sys_enter_rt_sigaction
sys_enter_rt_sigaction
sys_enter_rt_sigaction
sys_enter_rt_sigaction
sys_enter_rt_sigaction
sys_enter_rt_sigaction
sys_enter_rt_sigaction
sys_enter_rt_sigaction
sys_enter_rt_sigaction
sys_enter_rt_sigaction
sys_enter_rt_sigaction
sys_enter_rt_sigaction
sys_enter_rt_sigaction
sys_enter_rt_sigaction
sys_enter_rt_sigaction
sys_enter_rt_sigaction
sys_enter_rt_sigaction
sys_enter_rt_sigaction
sys_enter_rt_sigaction
sys_enter_rt_sigaction
sys_enter_rt_sigaction
sys_enter_rt_sigaction
sys_enter_rt_sigaction
sys_enter_rt_sigaction
sys_enter_rt_sigaction
sys_enter_rt_sigaction
sys_enter_rt_sigaction
sys_enter_rt_sigaction
sys_enter_rt_sigaction
sys_enter_rt_sigaction
sys_enter_rt_sigaction
sys_enter_rt_sigaction
sys_enter_rt_sigprocmask
sys_enter_clone
sys_enter_rt_sigprocmask
sys_enter_gettid
sys_enter_sigaltstack
sys_enter_sigaltstack
sys_enter_gettid
sys_enter_rt_sigprocmask
sys_enter_clone
sys_enter_rt_sigprocmask
sys_enter_rt_sigprocmask
sys_enter_gettid
sys_enter_sigaltstack
sys_enter_sigaltstack
sys_enter_gettid
sys_enter_rt_sigprocmask
sys_enter_rt_sigprocmask
sys_enter_clone
sys_enter_rt_sigprocmask
sys_enter_clone
sys_enter_rt_sigprocmask
sys_enter_futex
sys_enter_gettid
sys_enter_sigaltstack
sys_enter_rt_sigprocmask
sys_enter_sigaltstack
sys_enter_gettid
sys_enter_rt_sigprocmask
sys_enter_gettid
sys_enter_futex
sys_enter_sigaltstack
sys_enter_sigaltstack
sys_enter_futex
sys_enter_gettid
sys_enter_rt_sigprocmask
sys_enter_futex
sys_enter_futex
sys_enter_futex
sys_enter_mmap
sys_enter_futex
sys_enter_futex
sys_enter_futex
sys_enter_openat
sys_enter_read
sys_enter_read
sys_enter_close
sys_enter_socket
sys_enter_close
sys_enter_socket
sys_enter_setsockopt
sys_enter_bind
sys_enter_socket
sys_enter_setsockopt
sys_enter_bind
sys_enter_close
sys_enter_close
sys_enter_getpid
sys_enter_getppid
sys_enter_mmap
sys_enter_mmap
sys_enter_getppid
sys_enter_openat
sys_enter_pipe2
sys_enter_getpid
sys_enter_clone
sys_enter_setsid
sys_enter_close
sys_enter_chdir
sys_enter_read
sys_enter_execve
sys_enter_close
sys_enter_mmap
sys_enter_mmap
sys_enter_exit_group
sys_enter_mprotect
sys_enter_mmap
sys_enter_mmap
sys_enter_mprotect
sys_enter_mmap
sys_enter_mprotect
sys_enter_mmap
sys_enter_mprotect
sys_enter_mmap
sys_enter_mmap
sys_enter_close
sys_enter_munmap
sys_enter_sched_getaffinity
sys_enter_mmap
sys_enter_munmap
sys_enter_mmap
sys_enter_mmap
sys_enter_mmap
sys_enter_mmap
sys_enter_mmap
sys_enter_mmap
sys_enter_rt_sigprocmask
sys_enter_sigaltstack
sys_enter_sigaltstack
sys_enter_gettid
sys_enter_rt_sigprocmask
sys_enter_rt_sigaction
sys_enter_rt_sigaction
sys_enter_rt_sigaction
sys_enter_rt_sigaction
sys_enter_rt_sigaction
sys_enter_rt_sigaction
sys_enter_rt_sigaction
sys_enter_rt_sigaction
sys_enter_rt_sigaction
sys_enter_rt_sigaction
sys_enter_rt_sigaction
sys_enter_rt_sigaction
sys_enter_rt_sigaction
sys_enter_rt_sigaction
sys_enter_rt_sigaction
sys_enter_rt_sigaction
sys_enter_rt_sigaction
sys_enter_rt_sigaction
sys_enter_rt_sigaction
sys_enter_rt_sigaction
sys_enter_rt_sigaction
sys_enter_rt_sigaction
sys_enter_rt_sigaction
sys_enter_rt_sigaction
sys_enter_rt_sigaction
sys_enter_rt_sigaction
sys_enter_rt_sigaction
sys_enter_rt_sigaction
sys_enter_rt_sigaction
sys_enter_rt_sigaction
sys_enter_rt_sigaction
sys_enter_rt_sigaction
sys_enter_rt_sigaction
sys_enter_rt_sigaction
sys_enter_rt_sigaction
sys_enter_rt_sigaction
sys_enter_rt_sigaction
sys_enter_rt_sigaction
sys_enter_rt_sigaction
sys_enter_rt_sigaction
sys_enter_rt_sigaction
sys_enter_rt_sigaction
sys_enter_rt_sigaction
sys_enter_rt_sigaction
sys_enter_rt_sigaction
sys_enter_rt_sigaction
sys_enter_rt_sigaction
sys_enter_rt_sigaction
sys_enter_rt_sigaction
sys_enter_rt_sigaction
sys_enter_rt_sigaction
sys_enter_rt_sigaction
sys_enter_rt_sigaction
sys_enter_rt_sigaction
sys_enter_rt_sigaction
sys_enter_rt_sigaction
sys_enter_rt_sigaction
sys_enter_rt_sigaction
sys_enter_rt_sigaction
sys_enter_rt_sigaction
sys_enter_rt_sigaction
sys_enter_rt_sigaction
sys_enter_rt_sigaction
sys_enter_rt_sigaction
sys_enter_rt_sigaction
sys_enter_rt_sigaction
sys_enter_rt_sigaction
sys_enter_rt_sigaction
sys_enter_rt_sigaction
sys_enter_rt_sigaction
sys_enter_rt_sigaction
sys_enter_rt_sigaction
sys_enter_rt_sigaction
sys_enter_rt_sigaction
sys_enter_rt_sigaction
sys_enter_rt_sigaction
sys_enter_rt_sigaction
sys_enter_rt_sigaction
sys_enter_rt_sigaction
sys_enter_rt_sigaction
sys_enter_rt_sigaction
sys_enter_rt_sigaction
sys_enter_rt_sigaction
sys_enter_rt_sigaction
sys_enter_rt_sigaction
sys_enter_rt_sigaction
sys_enter_rt_sigaction
sys_enter_rt_sigaction
sys_enter_rt_sigaction
sys_enter_rt_sigaction
sys_enter_rt_sigaction
sys_enter_rt_sigaction
sys_enter_rt_sigaction
sys_enter_rt_sigaction
sys_enter_rt_sigaction
sys_enter_rt_sigaction
sys_enter_rt_sigaction
sys_enter_rt_sigaction
sys_enter_rt_sigaction
sys_enter_rt_sigaction
sys_enter_rt_sigaction
sys_enter_rt_sigaction
sys_enter_rt_sigaction
sys_enter_rt_sigaction
sys_enter_rt_sigaction
sys_enter_rt_sigaction
sys_enter_rt_sigaction
sys_enter_rt_sigaction
sys_enter_rt_sigaction
sys_enter_rt_sigaction
sys_enter_rt_sigaction
sys_enter_rt_sigaction
sys_enter_rt_sigaction
sys_enter_rt_sigaction
sys_enter_rt_sigprocmask
sys_enter_clone
sys_enter_rt_sigprocmask
sys_enter_gettid
sys_enter_sigaltstack
sys_enter_sigaltstack
sys_enter_gettid
sys_enter_rt_sigprocmask
sys_enter_rt_sigprocmask
sys_enter_clone
sys_enter_rt_sigprocmask
sys_enter_gettid
sys_enter_sigaltstack
sys_enter_sigaltstack
sys_enter_gettid
sys_enter_rt_sigprocmask
sys_enter_sched_yield
sys_enter_futex
sys_enter_rt_sigprocmask
sys_enter_clone
sys_enter_rt_sigprocmask
sys_enter_futex
sys_enter_futex
sys_enter_futex
sys_enter_rt_sigprocmask
sys_enter_clone
sys_enter_rt_sigprocmask
sys_enter_futex
sys_enter_gettid
sys_enter_sigaltstack
sys_enter_sigaltstack
sys_enter_gettid
sys_enter_rt_sigprocmask
sys_enter_gettid
sys_enter_sigaltstack
sys_enter_sigaltstack
sys_enter_gettid
sys_enter_rt_sigprocmask
sys_enter_futex
sys_enter_futex
sys_enter_mmap
sys_enter_futex
sys_enter_futex
sys_enter_futex
sys_enter_openat
sys_enter_read
sys_enter_read
sys_enter_close
sys_enter_socket
sys_enter_close
sys_enter_socket
sys_enter_setsockopt
sys_enter_bind
sys_enter_socket
sys_enter_setsockopt
sys_enter_bind
sys_enter_close
sys_enter_close
sys_enter_getpid
sys_enter_getppid
sys_enter_mmap
sys_enter_mmap
sys_enter_mmap
sys_enter_getppid
sys_enter_openat
sys_enter_pipe2
sys_enter_getpid
sys_enter_clone
sys_enter_setsid
sys_enter_close
sys_enter_read
sys_enter_chdir
sys_enter_execve
sys_enter_close
sys_enter_mmap
sys_enter_exit_group
sys_enter_mmap
sys_enter_mprotect
sys_enter_mmap
sys_enter_mmap
sys_enter_mprotect
sys_enter_mmap
sys_enter_mprotect
sys_enter_mmap
sys_enter_mprotect
sys_enter_mmap
sys_enter_mmap
sys_enter_close
sys_enter_munmap
sys_enter_sched_getaffinity
sys_enter_mmap
sys_enter_munmap
sys_enter_mmap
sys_enter_mmap
sys_enter_mmap
sys_enter_mmap
sys_enter_mmap
sys_enter_mmap
sys_enter_rt_sigprocmask
sys_enter_sigaltstack
sys_enter_sigaltstack
sys_enter_gettid
sys_enter_rt_sigprocmask
sys_enter_rt_sigaction
sys_enter_rt_sigaction
sys_enter_rt_sigaction
sys_enter_rt_sigaction
sys_enter_rt_sigaction
sys_enter_rt_sigaction
sys_enter_rt_sigaction
sys_enter_rt_sigaction
sys_enter_rt_sigaction
sys_enter_rt_sigaction
sys_enter_rt_sigaction
sys_enter_rt_sigaction
sys_enter_rt_sigaction
sys_enter_rt_sigaction
sys_enter_rt_sigaction
sys_enter_rt_sigaction
sys_enter_rt_sigaction
sys_enter_rt_sigaction
sys_enter_rt_sigaction
sys_enter_rt_sigaction
sys_enter_rt_sigaction
sys_enter_rt_sigaction
sys_enter_rt_sigaction
sys_enter_rt_sigaction
sys_enter_rt_sigaction
sys_enter_rt_sigaction
sys_enter_rt_sigaction
sys_enter_rt_sigaction
sys_enter_rt_sigaction
sys_enter_rt_sigaction
sys_enter_rt_sigaction
sys_enter_rt_sigaction
sys_enter_rt_sigaction
sys_enter_rt_sigaction
sys_enter_rt_sigaction
sys_enter_rt_sigaction
sys_enter_rt_sigaction
sys_enter_rt_sigaction
sys_enter_rt_sigaction
sys_enter_rt_sigaction
sys_enter_rt_sigaction
sys_enter_rt_sigaction
sys_enter_rt_sigaction
sys_enter_rt_sigaction
sys_enter_rt_sigaction
sys_enter_rt_sigaction
sys_enter_rt_sigaction
sys_enter_rt_sigaction
sys_enter_rt_sigaction
sys_enter_rt_sigaction
sys_enter_rt_sigaction
sys_enter_rt_sigaction
sys_enter_rt_sigaction
sys_enter_rt_sigaction
sys_enter_rt_sigaction
sys_enter_rt_sigaction
sys_enter_rt_sigaction
sys_enter_rt_sigaction
sys_enter_rt_sigaction
sys_enter_rt_sigaction
sys_enter_rt_sigaction
sys_enter_rt_sigaction
sys_enter_rt_sigaction
sys_enter_rt_sigaction
sys_enter_rt_sigaction
sys_enter_rt_sigaction
sys_enter_rt_sigaction
sys_enter_rt_sigaction
sys_enter_rt_sigaction
sys_enter_rt_sigaction
sys_enter_rt_sigaction
sys_enter_rt_sigaction
sys_enter_rt_sigaction
sys_enter_rt_sigaction
sys_enter_rt_sigaction
sys_enter_rt_sigaction
sys_enter_rt_sigaction
sys_enter_rt_sigaction
sys_enter_rt_sigaction
sys_enter_rt_sigaction
sys_enter_rt_sigaction
sys_enter_rt_sigaction
sys_enter_rt_sigaction
sys_enter_rt_sigaction
sys_enter_rt_sigaction
sys_enter_rt_sigaction
sys_enter_rt_sigaction
sys_enter_rt_sigaction
sys_enter_rt_sigaction
sys_enter_rt_sigaction
sys_enter_rt_sigaction
sys_enter_rt_sigaction
sys_enter_rt_sigaction
sys_enter_rt_sigaction
sys_enter_rt_sigaction
sys_enter_rt_sigaction
sys_enter_rt_sigaction
sys_enter_rt_sigaction
sys_enter_rt_sigaction
sys_enter_rt_sigaction
sys_enter_rt_sigaction
sys_enter_rt_sigaction
sys_enter_rt_sigaction
sys_enter_rt_sigaction
sys_enter_rt_sigaction
sys_enter_rt_sigaction
sys_enter_rt_sigaction
sys_enter_rt_sigaction
sys_enter_rt_sigaction
sys_enter_rt_sigaction
sys_enter_rt_sigaction
sys_enter_rt_sigaction
sys_enter_rt_sigaction
sys_enter_rt_sigaction
sys_enter_rt_sigprocmask
sys_enter_clone
sys_enter_rt_sigprocmask
sys_enter_gettid
sys_enter_sigaltstack
sys_enter_sigaltstack
sys_enter_gettid
sys_enter_rt_sigprocmask
sys_enter_rt_sigprocmask
sys_enter_clone
sys_enter_rt_sigprocmask
sys_enter_gettid
sys_enter_sigaltstack
sys_enter_sigaltstack
sys_enter_gettid
sys_enter_rt_sigprocmask
sys_enter_rt_sigprocmask
sys_enter_clone
sys_enter_rt_sigprocmask
sys_enter_futex
sys_enter_rt_sigprocmask
sys_enter_clone
sys_enter_gettid
sys_enter_sigaltstack
sys_enter_sigaltstack
sys_enter_rt_sigprocmask
sys_enter_gettid
sys_enter_rt_sigprocmask
sys_enter_futex
sys_enter_futex
sys_enter_gettid
sys_enter_sigaltstack
sys_enter_sigaltstack
sys_enter_gettid
sys_enter_rt_sigprocmask
sys_enter_futex
sys_enter_futex
sys_enter_futex
sys_enter_mmap
sys_enter_futex
sys_enter_futex
sys_enter_futex
sys_enter_openat
sys_enter_read
sys_enter_read
sys_enter_close
sys_enter_socket
sys_enter_close
sys_enter_socket
sys_enter_setsockopt
sys_enter_bind
sys_enter_socket
sys_enter_setsockopt
sys_enter_bind
sys_enter_close
sys_enter_close
sys_enter_getpid
sys_enter_getppid
sys_enter_mmap
sys_enter_mmap
sys_enter_getppid
sys_enter_openat
sys_enter_pipe2
sys_enter_getpid
sys_enter_clone
sys_enter_setsid
sys_enter_close
sys_enter_read
sys_enter_chdir
sys_enter_execve
sys_enter_close
sys_enter_mmap
sys_enter_mmap
sys_enter_exit_group
sys_enter_mprotect
sys_enter_mmap
sys_enter_mmap
sys_enter_mprotect
sys_enter_mmap
sys_enter_mprotect
sys_enter_mmap
sys_enter_mprotect
sys_enter_mmap
sys_enter_mmap
sys_enter_close
sys_enter_munmap
sys_enter_sched_getaffinity
sys_enter_mmap
sys_enter_munmap
sys_enter_mmap
sys_enter_mmap
sys_enter_mmap
sys_enter_mmap
sys_enter_mmap
sys_enter_mmap
sys_enter_rt_sigprocmask
sys_enter_sigaltstack
sys_enter_sigaltstack
sys_enter_gettid
sys_enter_rt_sigprocmask
sys_enter_rt_sigaction
sys_enter_rt_sigaction
sys_enter_rt_sigaction
sys_enter_rt_sigaction
sys_enter_rt_sigaction
sys_enter_rt_sigaction
sys_enter_rt_sigaction
sys_enter_rt_sigaction
sys_enter_rt_sigaction
sys_enter_rt_sigaction
sys_enter_rt_sigaction
sys_enter_rt_sigaction
sys_enter_rt_sigaction
sys_enter_rt_sigaction
sys_enter_rt_sigaction
sys_enter_rt_sigaction
sys_enter_rt_sigaction
sys_enter_rt_sigaction
sys_enter_rt_sigaction
sys_enter_rt_sigaction
sys_enter_rt_sigaction
sys_enter_rt_sigaction
sys_enter_rt_sigaction
sys_enter_rt_sigaction
sys_enter_rt_sigaction
sys_enter_rt_sigaction
sys_enter_rt_sigaction
sys_enter_rt_sigaction
sys_enter_rt_sigaction
sys_enter_rt_sigaction
sys_enter_rt_sigaction
sys_enter_rt_sigaction
sys_enter_rt_sigaction
sys_enter_rt_sigaction
sys_enter_rt_sigaction
sys_enter_rt_sigaction
sys_enter_rt_sigaction
sys_enter_rt_sigaction
sys_enter_rt_sigaction
sys_enter_rt_sigaction
sys_enter_rt_sigaction
sys_enter_rt_sigaction
sys_enter_rt_sigaction
sys_enter_rt_sigaction
sys_enter_rt_sigaction
sys_enter_rt_sigaction
sys_enter_rt_sigaction
sys_enter_rt_sigaction
sys_enter_rt_sigaction
sys_enter_rt_sigaction
sys_enter_rt_sigaction
sys_enter_rt_sigaction
sys_enter_rt_sigaction
sys_enter_rt_sigaction
sys_enter_rt_sigaction
sys_enter_rt_sigaction
sys_enter_rt_sigaction
sys_enter_rt_sigaction
sys_enter_rt_sigaction
sys_enter_rt_sigaction
sys_enter_rt_sigaction
sys_enter_rt_sigaction
sys_enter_rt_sigaction
sys_enter_rt_sigaction
sys_enter_rt_sigaction
sys_enter_rt_sigaction
sys_enter_rt_sigaction
sys_enter_rt_sigaction
sys_enter_rt_sigaction
sys_enter_rt_sigaction
sys_enter_rt_sigaction
sys_enter_rt_sigaction
sys_enter_rt_sigaction
sys_enter_rt_sigaction
sys_enter_rt_sigaction
sys_enter_rt_sigaction
sys_enter_rt_sigaction
sys_enter_rt_sigaction
sys_enter_rt_sigaction
sys_enter_rt_sigaction
sys_enter_rt_sigaction
sys_enter_rt_sigaction
sys_enter_rt_sigaction
sys_enter_rt_sigaction
sys_enter_rt_sigaction
sys_enter_rt_sigaction
sys_enter_rt_sigaction
sys_enter_rt_sigaction
sys_enter_rt_sigaction
sys_enter_rt_sigaction
sys_enter_rt_sigaction
sys_enter_rt_sigaction
sys_enter_rt_sigaction
sys_enter_rt_sigaction
sys_enter_rt_sigaction
sys_enter_rt_sigaction
sys_enter_rt_sigaction
sys_enter_rt_sigaction
sys_enter_rt_sigaction
sys_enter_rt_sigaction
sys_enter_rt_sigaction
sys_enter_rt_sigaction
sys_enter_rt_sigaction
sys_enter_rt_sigaction
sys_enter_rt_sigaction
sys_enter_rt_sigaction
sys_enter_rt_sigaction
sys_enter_rt_sigaction
sys_enter_rt_sigaction
sys_enter_rt_sigaction
sys_enter_rt_sigaction
sys_enter_rt_sigaction
sys_enter_rt_sigaction
sys_enter_rt_sigaction
sys_enter_rt_sigprocmask
sys_enter_clone
sys_enter_rt_sigprocmask
sys_enter_gettid
sys_enter_sigaltstack
sys_enter_sigaltstack
sys_enter_gettid
sys_enter_rt_sigprocmask
sys_enter_rt_sigprocmask
sys_enter_clone
sys_enter_rt_sigprocmask
sys_enter_gettid
sys_enter_sigaltstack
sys_enter_sigaltstack
sys_enter_gettid
sys_enter_rt_sigprocmask
sys_enter_rt_sigprocmask
sys_enter_clone
sys_enter_rt_sigprocmask
sys_enter_futex
sys_enter_rt_sigprocmask
sys_enter_clone
sys_enter_rt_sigprocmask
sys_enter_futex
sys_enter_gettid
sys_enter_sigaltstack
sys_enter_gettid
sys_enter_sigaltstack
sys_enter_sigaltstack
sys_enter_gettid
sys_enter_rt_sigprocmask
sys_enter_futex
sys_enter_futex
sys_enter_sigaltstack
sys_enter_gettid
sys_enter_rt_sigprocmask
sys_enter_futex
sys_enter_futex
sys_enter_mmap
sys_enter_futex
sys_enter_futex
sys_enter_futex
sys_enter_openat
sys_enter_read
sys_enter_read
sys_enter_close
sys_enter_socket
sys_enter_close
sys_enter_socket
sys_enter_setsockopt
sys_enter_bind
sys_enter_socket
sys_enter_setsockopt
sys_enter_bind
sys_enter_close
sys_enter_close
sys_enter_getpid
sys_enter_getppid
sys_enter_mmap
sys_enter_mmap
sys_enter_getppid
sys_enter_openat
sys_enter_pipe2
sys_enter_getpid
sys_enter_clone
sys_enter_setsid
sys_enter_close
sys_enter_read
sys_enter_chdir
sys_enter_execve
sys_enter_close
sys_enter_exit_group
sys_enter_mmap
sys_enter_mmap
sys_enter_mprotect
sys_enter_mmap
sys_enter_mmap
sys_enter_mprotect
sys_enter_mmap
sys_enter_mprotect
sys_enter_mmap
sys_enter_mprotect
sys_enter_mmap
sys_enter_mmap
sys_enter_close
sys_enter_munmap
sys_enter_sched_getaffinity
sys_enter_mmap
sys_enter_munmap
sys_enter_mmap
sys_enter_mmap
sys_enter_mmap
sys_enter_mmap
sys_enter_mmap
sys_enter_mmap
sys_enter_rt_sigprocmask
sys_enter_sigaltstack
sys_enter_sigaltstack
sys_enter_gettid
sys_enter_rt_sigprocmask
sys_enter_rt_sigaction
sys_enter_rt_sigaction
sys_enter_rt_sigaction
sys_enter_rt_sigaction
sys_enter_rt_sigaction
sys_enter_rt_sigaction
sys_enter_rt_sigaction
sys_enter_rt_sigaction
sys_enter_rt_sigaction
sys_enter_rt_sigaction
sys_enter_rt_sigaction
sys_enter_rt_sigaction
sys_enter_rt_sigaction
sys_enter_rt_sigaction
sys_enter_rt_sigaction
sys_enter_rt_sigaction
sys_enter_rt_sigaction
sys_enter_rt_sigaction
sys_enter_rt_sigaction
sys_enter_rt_sigaction
sys_enter_rt_sigaction
sys_enter_rt_sigaction
sys_enter_rt_sigaction
sys_enter_rt_sigaction
sys_enter_rt_sigaction
sys_enter_rt_sigaction
sys_enter_rt_sigaction
sys_enter_rt_sigaction
sys_enter_rt_sigaction
sys_enter_rt_sigaction
sys_enter_rt_sigaction
sys_enter_rt_sigaction
sys_enter_rt_sigaction
sys_enter_rt_sigaction
sys_enter_rt_sigaction
sys_enter_rt_sigaction
sys_enter_rt_sigaction
sys_enter_rt_sigaction
sys_enter_rt_sigaction
sys_enter_rt_sigaction
sys_enter_rt_sigaction
sys_enter_rt_sigaction
sys_enter_rt_sigaction
sys_enter_rt_sigaction
sys_enter_rt_sigaction
sys_enter_rt_sigaction
sys_enter_rt_sigaction
sys_enter_rt_sigaction
sys_enter_rt_sigaction
sys_enter_rt_sigaction
sys_enter_rt_sigaction
sys_enter_rt_sigaction
sys_enter_rt_sigaction
sys_enter_rt_sigaction
sys_enter_rt_sigaction
sys_enter_rt_sigaction
sys_enter_rt_sigaction
sys_enter_rt_sigaction
sys_enter_rt_sigaction
sys_enter_rt_sigaction
sys_enter_rt_sigaction
sys_enter_rt_sigaction
sys_enter_rt_sigaction
sys_enter_rt_sigaction
sys_enter_rt_sigaction
sys_enter_rt_sigaction
sys_enter_rt_sigaction
sys_enter_rt_sigaction
sys_enter_rt_sigaction
sys_enter_rt_sigaction
sys_enter_rt_sigaction
sys_enter_rt_sigaction
sys_enter_rt_sigaction
sys_enter_rt_sigaction
sys_enter_rt_sigaction
sys_enter_rt_sigaction
sys_enter_rt_sigaction
sys_enter_rt_sigaction
sys_enter_rt_sigaction
sys_enter_rt_sigaction
sys_enter_rt_sigaction
sys_enter_rt_sigaction
sys_enter_rt_sigaction
sys_enter_rt_sigaction
sys_enter_rt_sigaction
sys_enter_rt_sigaction
sys_enter_rt_sigaction
sys_enter_rt_sigaction
sys_enter_rt_sigaction
sys_enter_rt_sigaction
sys_enter_rt_sigaction
sys_enter_rt_sigaction
sys_enter_rt_sigaction
sys_enter_rt_sigaction
sys_enter_rt_sigaction
sys_enter_rt_sigaction
sys_enter_rt_sigaction
sys_enter_rt_sigaction
sys_enter_rt_sigaction
sys_enter_rt_sigaction
sys_enter_rt_sigaction
sys_enter_rt_sigaction
sys_enter_rt_sigaction
sys_enter_rt_sigaction
sys_enter_rt_sigaction
sys_enter_rt_sigaction
sys_enter_rt_sigaction
sys_enter_rt_sigaction
sys_enter_rt_sigaction
sys_enter_rt_sigaction
sys_enter_rt_sigaction
sys_enter_rt_sigaction
sys_enter_rt_sigaction
sys_enter_rt_sigaction
sys_enter_rt_sigprocmask
sys_enter_clone
sys_enter_rt_sigprocmask
sys_enter_gettid
sys_enter_sigaltstack
sys_enter_sigaltstack
sys_enter_gettid
sys_enter_rt_sigprocmask
sys_enter_rt_sigprocmask
sys_enter_clone
sys_enter_rt_sigprocmask
sys_enter_gettid
sys_enter_sigaltstack
sys_enter_sigaltstack
sys_enter_gettid
sys_enter_rt_sigprocmask
sys_enter_rt_sigprocmask
sys_enter_clone
sys_enter_rt_sigprocmask
sys_enter_futex
sys_enter_rt_sigprocmask
sys_enter_clone
sys_enter_rt_sigprocmask
sys_enter_futex
sys_enter_gettid
sys_enter_gettid
sys_enter_sigaltstack
sys_enter_sigaltstack
sys_enter_gettid
sys_enter_rt_sigprocmask
sys_enter_futex
sys_enter_futex
sys_enter_sigaltstack
sys_enter_sigaltstack
sys_enter_gettid
sys_enter_rt_sigprocmask
sys_enter_futex
sys_enter_futex
sys_enter_mmap
sys_enter_futex
sys_enter_futex
sys_enter_futex
sys_enter_openat
sys_enter_read
sys_enter_read
sys_enter_close
sys_enter_socket
sys_enter_close
sys_enter_socket
sys_enter_setsockopt
sys_enter_bind
sys_enter_socket
sys_enter_setsockopt
sys_enter_bind
sys_enter_close
sys_enter_close
sys_enter_getpid
sys_enter_getppid
sys_enter_mmap
sys_enter_mmap
sys_enter_getppid
sys_enter_openat
sys_enter_pipe2
sys_enter_getpid
sys_enter_clone
sys_enter_setsid
sys_enter_close
sys_enter_read
sys_enter_chdir
sys_enter_execve
sys_enter_close
sys_enter_exit_group
sys_enter_mmap
sys_enter_mmap
sys_enter_mprotect
sys_enter_mmap
sys_enter_mmap
sys_enter_mprotect
sys_enter_mmap
sys_enter_mprotect
sys_enter_mmap
sys_enter_mprotect
sys_enter_mmap
sys_enter_mmap
sys_enter_close
sys_enter_munmap
sys_enter_sched_getaffinity
sys_enter_mmap
sys_enter_munmap
sys_enter_mmap
sys_enter_mmap
sys_enter_mmap
sys_enter_mmap
sys_enter_mmap
sys_enter_mmap
sys_enter_rt_sigprocmask
sys_enter_sigaltstack
sys_enter_sigaltstack
sys_enter_gettid
sys_enter_rt_sigprocmask
sys_enter_rt_sigaction
sys_enter_rt_sigaction
sys_enter_rt_sigaction
sys_enter_rt_sigaction
sys_enter_rt_sigaction
sys_enter_rt_sigaction
sys_enter_rt_sigaction
sys_enter_rt_sigaction
sys_enter_rt_sigaction
sys_enter_rt_sigaction
sys_enter_rt_sigaction
sys_enter_rt_sigaction
sys_enter_rt_sigaction
sys_enter_rt_sigaction
sys_enter_rt_sigaction
sys_enter_rt_sigaction
sys_enter_rt_sigaction
sys_enter_rt_sigaction
sys_enter_rt_sigaction
sys_enter_rt_sigaction
sys_enter_rt_sigaction
sys_enter_rt_sigaction
sys_enter_rt_sigaction
sys_enter_rt_sigaction
sys_enter_rt_sigaction
sys_enter_rt_sigaction
sys_enter_rt_sigaction
sys_enter_rt_sigaction
sys_enter_rt_sigaction
sys_enter_rt_sigaction
sys_enter_rt_sigaction
sys_enter_rt_sigaction
sys_enter_rt_sigaction
sys_enter_rt_sigaction
sys_enter_rt_sigaction
sys_enter_rt_sigaction
sys_enter_rt_sigaction
sys_enter_rt_sigaction
sys_enter_rt_sigaction
sys_enter_rt_sigaction
sys_enter_rt_sigaction
sys_enter_rt_sigaction
sys_enter_rt_sigaction
sys_enter_rt_sigaction
sys_enter_rt_sigaction
sys_enter_rt_sigaction
sys_enter_rt_sigaction
sys_enter_rt_sigaction
sys_enter_rt_sigaction
sys_enter_rt_sigaction
sys_enter_rt_sigaction
sys_enter_rt_sigaction
sys_enter_rt_sigaction
sys_enter_rt_sigaction
sys_enter_rt_sigaction
sys_enter_rt_sigaction
sys_enter_rt_sigaction
sys_enter_rt_sigaction
sys_enter_rt_sigaction
sys_enter_rt_sigaction
sys_enter_rt_sigaction
sys_enter_rt_sigaction
sys_enter_rt_sigaction
sys_enter_rt_sigaction
sys_enter_rt_sigaction
sys_enter_rt_sigaction
sys_enter_rt_sigaction
sys_enter_rt_sigaction
sys_enter_rt_sigaction
sys_enter_rt_sigaction
sys_enter_rt_sigaction
sys_enter_rt_sigaction
sys_enter_rt_sigaction
sys_enter_rt_sigaction
sys_enter_rt_sigaction
sys_enter_rt_sigaction
sys_enter_rt_sigaction
sys_enter_rt_sigaction
sys_enter_rt_sigaction
sys_enter_rt_sigaction
sys_enter_rt_sigaction
sys_enter_rt_sigaction
sys_enter_rt_sigaction
sys_enter_rt_sigaction
sys_enter_rt_sigaction
sys_enter_rt_sigaction
sys_enter_rt_sigaction
sys_enter_rt_sigaction
sys_enter_rt_sigaction
sys_enter_rt_sigaction
sys_enter_rt_sigaction
sys_enter_rt_sigaction
sys_enter_rt_sigaction
sys_enter_rt_sigaction
sys_enter_rt_sigaction
sys_enter_rt_sigaction
sys_enter_rt_sigaction
sys_enter_rt_sigaction
sys_enter_rt_sigaction
sys_enter_rt_sigaction
sys_enter_rt_sigaction
sys_enter_rt_sigaction
sys_enter_rt_sigaction
sys_enter_rt_sigaction
sys_enter_rt_sigaction
sys_enter_rt_sigaction
sys_enter_rt_sigaction
sys_enter_rt_sigaction
sys_enter_rt_sigaction
sys_enter_rt_sigaction
sys_enter_rt_sigaction
sys_enter_rt_sigaction
sys_enter_rt_sigaction
sys_enter_rt_sigaction
sys_enter_rt_sigprocmask
sys_enter_clone
sys_enter_rt_sigprocmask
sys_enter_gettid
sys_enter_sigaltstack
sys_enter_sigaltstack
sys_enter_gettid
sys_enter_rt_sigprocmask
sys_enter_rt_sigprocmask
sys_enter_clone
sys_enter_rt_sigprocmask
sys_enter_gettid
sys_enter_sigaltstack
sys_enter_sigaltstack
sys_enter_rt_sigprocmask
sys_enter_clone
sys_enter_gettid
sys_enter_rt_sigprocmask
sys_enter_rt_sigprocmask
sys_enter_clone
sys_enter_rt_sigprocmask
sys_enter_futex
sys_enter_gettid
sys_enter_sigaltstack
sys_enter_rt_sigprocmask
sys_enter_gettid
sys_enter_sigaltstack
sys_enter_gettid
sys_enter_sigaltstack
sys_enter_sigaltstack
sys_enter_rt_sigprocmask
sys_enter_gettid
sys_enter_rt_sigprocmask
sys_enter_futex
sys_enter_futex
sys_enter_futex
sys_enter_futex
sys_enter_futex
sys_enter_mmap
sys_enter_futex
sys_enter_futex
sys_enter_futex
sys_enter_openat
sys_enter_read
sys_enter_read
sys_enter_close
sys_enter_socket
sys_enter_close
sys_enter_socket
sys_enter_setsockopt
sys_enter_bind
sys_enter_socket
sys_enter_setsockopt
sys_enter_bind
sys_enter_close
sys_enter_close
sys_enter_getpid
sys_enter_getppid
sys_enter_mmap
sys_enter_mmap
sys_enter_getppid
sys_enter_openat
sys_enter_pipe2
sys_enter_getpid
sys_enter_clone
sys_enter_setsid
sys_enter_chdir
sys_enter_close
sys_enter_read
sys_enter_execve
sys_enter_close
sys_enter_mmap
sys_enter_mmap
sys_enter_exit_group
sys_enter_mprotect
sys_enter_mmap
sys_enter_mmap
sys_enter_mprotect
sys_enter_mmap
sys_enter_mprotect
sys_enter_mmap
sys_enter_mprotect
sys_enter_mmap
sys_enter_mmap
sys_enter_close
sys_enter_munmap
sys_enter_sched_getaffinity
sys_enter_mmap
sys_enter_munmap
sys_enter_mmap
sys_enter_mmap
sys_enter_mmap
sys_enter_mmap
sys_enter_mmap
sys_enter_mmap
sys_enter_rt_sigprocmask
sys_enter_sigaltstack
sys_enter_sigaltstack
sys_enter_gettid
sys_enter_rt_sigprocmask
sys_enter_rt_sigaction
sys_enter_rt_sigaction
sys_enter_rt_sigaction
sys_enter_rt_sigaction
sys_enter_rt_sigaction
sys_enter_rt_sigaction
sys_enter_rt_sigaction
sys_enter_rt_sigaction
sys_enter_rt_sigaction
sys_enter_rt_sigaction
sys_enter_rt_sigaction
sys_enter_rt_sigaction
sys_enter_rt_sigaction
sys_enter_rt_sigaction
sys_enter_rt_sigaction
sys_enter_rt_sigaction
sys_enter_rt_sigaction
sys_enter_rt_sigaction
sys_enter_rt_sigaction
sys_enter_rt_sigaction
sys_enter_rt_sigaction
sys_enter_rt_sigaction
sys_enter_rt_sigaction
sys_enter_rt_sigaction
sys_enter_rt_sigaction
sys_enter_rt_sigaction
sys_enter_rt_sigaction
sys_enter_rt_sigaction
sys_enter_rt_sigaction
sys_enter_rt_sigaction
sys_enter_rt_sigaction
sys_enter_rt_sigaction
sys_enter_rt_sigaction
sys_enter_rt_sigaction
sys_enter_rt_sigaction
sys_enter_rt_sigaction
sys_enter_rt_sigaction
sys_enter_rt_sigaction
sys_enter_rt_sigaction
sys_enter_rt_sigaction
sys_enter_rt_sigaction
sys_enter_rt_sigaction
sys_enter_rt_sigaction
sys_enter_rt_sigaction
sys_enter_rt_sigaction
sys_enter_rt_sigaction
sys_enter_rt_sigaction
sys_enter_rt_sigaction
sys_enter_rt_sigaction
sys_enter_rt_sigaction
sys_enter_rt_sigaction
sys_enter_rt_sigaction
sys_enter_rt_sigaction
sys_enter_rt_sigaction
sys_enter_rt_sigaction
sys_enter_rt_sigaction
sys_enter_rt_sigaction
sys_enter_rt_sigaction
sys_enter_rt_sigaction
sys_enter_rt_sigaction
sys_enter_rt_sigaction
sys_enter_rt_sigaction
sys_enter_rt_sigaction
sys_enter_rt_sigaction
sys_enter_rt_sigaction
sys_enter_rt_sigaction
sys_enter_rt_sigaction
sys_enter_rt_sigaction
sys_enter_rt_sigaction
sys_enter_rt_sigaction
sys_enter_rt_sigaction
sys_enter_rt_sigaction
sys_enter_rt_sigaction
sys_enter_rt_sigaction
sys_enter_rt_sigaction
sys_enter_rt_sigaction
sys_enter_rt_sigaction
sys_enter_rt_sigaction
sys_enter_rt_sigaction
sys_enter_rt_sigaction
sys_enter_rt_sigaction
sys_enter_rt_sigaction
sys_enter_rt_sigaction
sys_enter_rt_sigaction
sys_enter_rt_sigaction
sys_enter_rt_sigaction
sys_enter_rt_sigaction
sys_enter_rt_sigaction
sys_enter_rt_sigaction
sys_enter_rt_sigaction
sys_enter_rt_sigaction
sys_enter_rt_sigaction
sys_enter_rt_sigaction
sys_enter_rt_sigaction
sys_enter_rt_sigaction
sys_enter_rt_sigaction
sys_enter_rt_sigaction
sys_enter_rt_sigaction
sys_enter_rt_sigaction
sys_enter_rt_sigaction
sys_enter_rt_sigaction
sys_enter_rt_sigaction
sys_enter_rt_sigaction
sys_enter_rt_sigaction
sys_enter_rt_sigaction
sys_enter_rt_sigaction
sys_enter_rt_sigaction
sys_enter_rt_sigaction
sys_enter_rt_sigaction
sys_enter_rt_sigaction
sys_enter_rt_sigaction
sys_enter_rt_sigaction
sys_enter_rt_sigaction
sys_enter_rt_sigaction
sys_enter_rt_sigprocmask
sys_enter_clone
sys_enter_rt_sigprocmask
sys_enter_gettid
sys_enter_sigaltstack
sys_enter_sigaltstack
sys_enter_gettid
sys_enter_rt_sigprocmask
sys_enter_rt_sigprocmask
sys_enter_clone
sys_enter_rt_sigprocmask
sys_enter_gettid
sys_enter_sigaltstack
sys_enter_sigaltstack
sys_enter_gettid
sys_enter_rt_sigprocmask
sys_enter_rt_sigprocmask
sys_enter_clone
sys_enter_rt_sigprocmask
sys_enter_futex
sys_enter_gettid
sys_enter_gettid
sys_enter_sigaltstack
sys_enter_sigaltstack
sys_enter_gettid
sys_enter_rt_sigprocmask
sys_enter_futex
sys_enter_futex
sys_enter_rt_sigprocmask
sys_enter_clone
sys_enter_rt_sigprocmask
sys_enter_futex
sys_enter_mmap
sys_enter_sigaltstack
sys_enter_sigaltstack
sys_enter_gettid
sys_enter_rt_sigprocmask
sys_enter_futex
sys_enter_futex
sys_enter_futex
sys_enter_openat
sys_enter_read
sys_enter_read
sys_enter_close
sys_enter_socket
sys_enter_close
sys_enter_socket
sys_enter_setsockopt
sys_enter_bind
sys_enter_socket
sys_enter_setsockopt
sys_enter_bind
sys_enter_close
sys_enter_close
sys_enter_getpid
sys_enter_getppid
sys_enter_mmap
sys_enter_mmap
sys_enter_getppid
sys_enter_openat
sys_enter_pipe2
sys_enter_getpid
sys_enter_clone
sys_enter_setsid
sys_enter_close
sys_enter_read
sys_enter_chdir
sys_enter_execve
sys_enter_close
sys_enter_exit_group
sys_enter_mmap
sys_enter_mmap
sys_enter_mprotect
sys_enter_mmap
sys_enter_mmap
sys_enter_mprotect
sys_enter_mmap
sys_enter_mprotect
sys_enter_mmap
sys_enter_mprotect
sys_enter_mmap
sys_enter_mmap
sys_enter_close
sys_enter_munmap
sys_enter_sched_getaffinity
sys_enter_mmap
sys_enter_munmap
sys_enter_mmap
sys_enter_mmap
sys_enter_mmap
sys_enter_mmap
sys_enter_mmap
sys_enter_mmap
sys_enter_rt_sigprocmask
sys_enter_sigaltstack
sys_enter_sigaltstack
sys_enter_gettid
sys_enter_rt_sigprocmask
sys_enter_rt_sigaction
sys_enter_rt_sigaction
sys_enter_rt_sigaction
sys_enter_rt_sigaction
sys_enter_rt_sigaction
sys_enter_rt_sigaction
sys_enter_rt_sigaction
sys_enter_rt_sigaction
sys_enter_rt_sigaction
sys_enter_rt_sigaction
sys_enter_rt_sigaction
sys_enter_rt_sigaction
sys_enter_rt_sigaction
sys_enter_rt_sigaction
sys_enter_rt_sigaction
sys_enter_rt_sigaction
sys_enter_rt_sigaction
sys_enter_rt_sigaction
sys_enter_rt_sigaction
sys_enter_rt_sigaction
sys_enter_rt_sigaction
sys_enter_rt_sigaction
sys_enter_rt_sigaction
sys_enter_rt_sigaction
sys_enter_rt_sigaction
sys_enter_rt_sigaction
sys_enter_rt_sigaction
sys_enter_rt_sigaction
sys_enter_rt_sigaction
sys_enter_rt_sigaction
sys_enter_rt_sigaction
sys_enter_rt_sigaction
sys_enter_rt_sigaction
sys_enter_rt_sigaction
sys_enter_rt_sigaction
sys_enter_rt_sigaction
sys_enter_rt_sigaction
sys_enter_rt_sigaction
sys_enter_rt_sigaction
sys_enter_rt_sigaction
sys_enter_rt_sigaction
sys_enter_rt_sigaction
sys_enter_rt_sigaction
sys_enter_rt_sigaction
sys_enter_rt_sigaction
sys_enter_rt_sigaction
sys_enter_rt_sigaction
sys_enter_rt_sigaction
sys_enter_rt_sigaction
sys_enter_rt_sigaction
sys_enter_rt_sigaction
sys_enter_rt_sigaction
sys_enter_rt_sigaction
sys_enter_rt_sigaction
sys_enter_rt_sigaction
sys_enter_rt_sigaction
sys_enter_rt_sigaction
sys_enter_rt_sigaction
sys_enter_rt_sigaction
sys_enter_rt_sigaction
sys_enter_rt_sigaction
sys_enter_rt_sigaction
sys_enter_rt_sigaction
sys_enter_rt_sigaction
sys_enter_rt_sigaction
sys_enter_rt_sigaction
sys_enter_rt_sigaction
sys_enter_rt_sigaction
sys_enter_rt_sigaction
sys_enter_rt_sigaction
sys_enter_rt_sigaction
sys_enter_rt_sigaction
sys_enter_rt_sigaction
sys_enter_rt_sigaction
sys_enter_rt_sigaction
sys_enter_rt_sigaction
sys_enter_rt_sigaction
sys_enter_rt_sigaction
sys_enter_rt_sigaction
sys_enter_rt_sigaction
sys_enter_rt_sigaction
sys_enter_rt_sigaction
sys_enter_rt_sigaction
sys_enter_rt_sigaction
sys_enter_rt_sigaction
sys_enter_rt_sigaction
sys_enter_rt_sigaction
sys_enter_rt_sigaction
sys_enter_rt_sigaction
sys_enter_rt_sigaction
sys_enter_rt_sigaction
sys_enter_rt_sigaction
sys_enter_rt_sigaction
sys_enter_rt_sigaction
sys_enter_rt_sigaction
sys_enter_rt_sigaction
sys_enter_rt_sigaction
sys_enter_rt_sigaction
sys_enter_rt_sigaction
sys_enter_rt_sigaction
sys_enter_rt_sigaction
sys_enter_rt_sigaction
sys_enter_rt_sigaction
sys_enter_rt_sigaction
sys_enter_rt_sigaction
sys_enter_rt_sigaction
sys_enter_rt_sigaction
sys_enter_rt_sigaction
sys_enter_rt_sigaction
sys_enter_rt_sigaction
sys_enter_rt_sigaction
sys_enter_rt_sigaction
sys_enter_rt_sigaction
sys_enter_rt_sigaction
sys_enter_rt_sigprocmask
sys_enter_clone
sys_enter_rt_sigprocmask
sys_enter_gettid
sys_enter_sigaltstack
sys_enter_sigaltstack
sys_enter_gettid
sys_enter_rt_sigprocmask
sys_enter_rt_sigprocmask
sys_enter_clone
sys_enter_rt_sigprocmask
sys_enter_gettid
sys_enter_rt_sigprocmask
sys_enter_clone
sys_enter_sigaltstack
sys_enter_sigaltstack
sys_enter_gettid
sys_enter_rt_sigprocmask
sys_enter_rt_sigprocmask
sys_enter_sched_yield
sys_enter_gettid
sys_enter_futex
sys_enter_sigaltstack
sys_enter_futex
sys_enter_rt_sigprocmask
sys_enter_clone
sys_enter_sigaltstack
sys_enter_gettid
sys_enter_rt_sigprocmask
sys_enter_futex
sys_enter_futex
sys_enter_rt_sigprocmask
sys_enter_futex
sys_enter_gettid
sys_enter_sigaltstack
sys_enter_sigaltstack
sys_enter_gettid
sys_enter_rt_sigprocmask
sys_enter_futex
sys_enter_futex
sys_enter_mmap
sys_enter_futex
sys_enter_futex
sys_enter_futex
sys_enter_openat
sys_enter_read
sys_enter_read
sys_enter_close
sys_enter_socket
sys_enter_close
sys_enter_socket
sys_enter_setsockopt
sys_enter_bind
sys_enter_socket
sys_enter_setsockopt
sys_enter_bind
sys_enter_close
sys_enter_close
sys_enter_getpid
sys_enter_getppid
sys_enter_mmap
sys_enter_mmap
sys_enter_getppid
sys_enter_openat
sys_enter_pipe2
sys_enter_getpid
sys_enter_clone
sys_enter_setsid
sys_enter_close
sys_enter_read
sys_enter_chdir
sys_enter_execve
sys_enter_close
sys_enter_exit_group
sys_enter_mmap
sys_enter_mmap
sys_enter_mprotect
sys_enter_mmap
sys_enter_mmap
sys_enter_mprotect
sys_enter_mmap
sys_enter_mprotect
sys_enter_mmap
sys_enter_mprotect
sys_enter_mmap
sys_enter_mmap
sys_enter_close
sys_enter_munmap
sys_enter_sched_getaffinity
sys_enter_mmap
sys_enter_munmap
sys_enter_mmap
sys_enter_mmap
sys_enter_mmap
sys_enter_mmap
sys_enter_mmap
sys_enter_mmap
sys_enter_rt_sigprocmask
sys_enter_sigaltstack
sys_enter_sigaltstack
sys_enter_gettid
sys_enter_rt_sigprocmask
sys_enter_rt_sigaction
sys_enter_rt_sigaction
sys_enter_rt_sigaction
sys_enter_rt_sigaction
sys_enter_rt_sigaction
sys_enter_rt_sigaction
sys_enter_rt_sigaction
sys_enter_rt_sigaction
sys_enter_rt_sigaction
sys_enter_rt_sigaction
sys_enter_rt_sigaction
sys_enter_rt_sigaction
sys_enter_rt_sigaction
sys_enter_rt_sigaction
sys_enter_rt_sigaction
sys_enter_rt_sigaction
sys_enter_rt_sigaction
sys_enter_rt_sigaction
sys_enter_rt_sigaction
sys_enter_rt_sigaction
sys_enter_rt_sigaction
sys_enter_rt_sigaction
sys_enter_rt_sigaction
sys_enter_rt_sigaction
sys_enter_rt_sigaction
sys_enter_rt_sigaction
sys_enter_rt_sigaction
sys_enter_rt_sigaction
sys_enter_rt_sigaction
sys_enter_rt_sigaction
sys_enter_rt_sigaction
sys_enter_rt_sigaction
sys_enter_rt_sigaction
sys_enter_rt_sigaction
sys_enter_rt_sigaction
sys_enter_rt_sigaction
sys_enter_rt_sigaction
sys_enter_rt_sigaction
sys_enter_rt_sigaction
sys_enter_rt_sigaction
sys_enter_rt_sigaction
sys_enter_rt_sigaction
sys_enter_rt_sigaction
sys_enter_rt_sigaction
sys_enter_rt_sigaction
sys_enter_rt_sigaction
sys_enter_rt_sigaction
sys_enter_rt_sigaction
sys_enter_rt_sigaction
sys_enter_rt_sigaction
sys_enter_rt_sigaction
sys_enter_rt_sigaction
sys_enter_rt_sigaction
sys_enter_rt_sigaction
sys_enter_rt_sigaction
sys_enter_rt_sigaction
sys_enter_rt_sigaction
sys_enter_rt_sigaction
sys_enter_rt_sigaction
sys_enter_rt_sigaction
sys_enter_rt_sigaction
sys_enter_rt_sigaction
sys_enter_rt_sigaction
sys_enter_rt_sigaction
sys_enter_rt_sigaction
sys_enter_rt_sigaction
sys_enter_rt_sigaction
sys_enter_rt_sigaction
sys_enter_rt_sigaction
sys_enter_rt_sigaction
sys_enter_rt_sigaction
sys_enter_rt_sigaction
sys_enter_rt_sigaction
sys_enter_rt_sigaction
sys_enter_rt_sigaction
sys_enter_rt_sigaction
sys_enter_rt_sigaction
sys_enter_rt_sigaction
sys_enter_rt_sigaction
sys_enter_rt_sigaction
sys_enter_rt_sigaction
sys_enter_rt_sigaction
sys_enter_rt_sigaction
sys_enter_rt_sigaction
sys_enter_rt_sigaction
sys_enter_rt_sigaction
sys_enter_rt_sigaction
sys_enter_rt_sigaction
sys_enter_rt_sigaction
sys_enter_rt_sigaction
sys_enter_rt_sigaction
sys_enter_rt_sigaction
sys_enter_rt_sigaction
sys_enter_rt_sigaction
sys_enter_rt_sigaction
sys_enter_rt_sigaction
sys_enter_rt_sigaction
sys_enter_rt_sigaction
sys_enter_rt_sigaction
sys_enter_rt_sigaction
sys_enter_rt_sigaction
sys_enter_rt_sigaction
sys_enter_rt_sigaction
sys_enter_rt_sigaction
sys_enter_rt_sigaction
sys_enter_rt_sigaction
sys_enter_rt_sigaction
sys_enter_rt_sigaction
sys_enter_rt_sigaction
sys_enter_rt_sigaction
sys_enter_rt_sigaction
sys_enter_rt_sigaction
sys_enter_rt_sigaction
sys_enter_rt_sigaction
sys_enter_rt_sigprocmask
sys_enter_clone
sys_enter_rt_sigprocmask
sys_enter_gettid
sys_enter_sigaltstack
sys_enter_sigaltstack
sys_enter_gettid
sys_enter_rt_sigprocmask
sys_enter_rt_sigprocmask
sys_enter_clone
sys_enter_rt_sigprocmask
sys_enter_gettid
sys_enter_sigaltstack
sys_enter_sigaltstack
sys_enter_gettid
sys_enter_rt_sigprocmask
sys_enter_rt_sigprocmask
sys_enter_clone
sys_enter_rt_sigprocmask
sys_enter_clone
sys_enter_rt_sigprocmask
sys_enter_futex
sys_enter_gettid
sys_enter_sigaltstack
sys_enter_sigaltstack
sys_enter_rt_sigprocmask
sys_enter_gettid
sys_enter_gettid
sys_enter_rt_sigprocmask
sys_enter_sigaltstack
sys_enter_sigaltstack
sys_enter_gettid
sys_enter_rt_sigprocmask
sys_enter_futex
sys_enter_futex
sys_enter_futex
sys_enter_futex
sys_enter_futex
sys_enter_mmap
sys_enter_futex
sys_enter_futex
sys_enter_futex
sys_enter_openat
sys_enter_read
sys_enter_read
sys_enter_close
sys_enter_socket
sys_enter_close
sys_enter_socket
sys_enter_setsockopt
sys_enter_bind
sys_enter_socket
sys_enter_setsockopt
sys_enter_bind
sys_enter_close
sys_enter_close
sys_enter_getpid
sys_enter_getppid
sys_enter_mmap
sys_enter_mmap
sys_enter_getppid
sys_enter_openat
sys_enter_pipe2
sys_enter_getpid
sys_enter_clone
sys_enter_setsid
sys_enter_close
sys_enter_read
sys_enter_chdir
sys_enter_execve
sys_enter_close
sys_enter_exit_group
sys_enter_mmap
sys_enter_mmap
sys_enter_mprotect
sys_enter_mmap
sys_enter_mmap
sys_enter_mprotect
sys_enter_mmap
sys_enter_mprotect
sys_enter_mmap
sys_enter_mprotect
sys_enter_mmap
sys_enter_mmap
sys_enter_close
sys_enter_munmap
sys_enter_sched_getaffinity
sys_enter_mmap
sys_enter_munmap
sys_enter_mmap
sys_enter_mmap
sys_enter_mmap
sys_enter_mmap
sys_enter_mmap
sys_enter_mmap
sys_enter_rt_sigprocmask
sys_enter_sigaltstack
sys_enter_sigaltstack
sys_enter_gettid
sys_enter_rt_sigprocmask
sys_enter_rt_sigaction
sys_enter_rt_sigaction
sys_enter_rt_sigaction
sys_enter_rt_sigaction
sys_enter_rt_sigaction
sys_enter_rt_sigaction
sys_enter_rt_sigaction
sys_enter_rt_sigaction
sys_enter_rt_sigaction
sys_enter_rt_sigaction
sys_enter_rt_sigaction
sys_enter_rt_sigaction
sys_enter_rt_sigaction
sys_enter_rt_sigaction
sys_enter_rt_sigaction
sys_enter_rt_sigaction
sys_enter_rt_sigaction
sys_enter_rt_sigaction
sys_enter_rt_sigaction
sys_enter_rt_sigaction
sys_enter_rt_sigaction
sys_enter_rt_sigaction
sys_enter_rt_sigaction
sys_enter_rt_sigaction
sys_enter_rt_sigaction
sys_enter_rt_sigaction
sys_enter_rt_sigaction
sys_enter_rt_sigaction
sys_enter_rt_sigaction
sys_enter_rt_sigaction
sys_enter_rt_sigaction
sys_enter_rt_sigaction
sys_enter_rt_sigaction
sys_enter_rt_sigaction
sys_enter_rt_sigaction
sys_enter_rt_sigaction
sys_enter_rt_sigaction
sys_enter_rt_sigaction
sys_enter_rt_sigaction
sys_enter_rt_sigaction
sys_enter_rt_sigaction
sys_enter_rt_sigaction
sys_enter_rt_sigaction
sys_enter_rt_sigaction
sys_enter_rt_sigaction
sys_enter_rt_sigaction
sys_enter_rt_sigaction
sys_enter_rt_sigaction
sys_enter_rt_sigaction
sys_enter_rt_sigaction
sys_enter_rt_sigaction
sys_enter_rt_sigaction
sys_enter_rt_sigaction
sys_enter_rt_sigaction
sys_enter_rt_sigaction
sys_enter_rt_sigaction
sys_enter_rt_sigaction
sys_enter_rt_sigaction
sys_enter_rt_sigaction
sys_enter_rt_sigaction
sys_enter_rt_sigaction
sys_enter_rt_sigaction
sys_enter_rt_sigaction
sys_enter_rt_sigaction
sys_enter_rt_sigaction
sys_enter_rt_sigaction
sys_enter_rt_sigaction
sys_enter_rt_sigaction
sys_enter_rt_sigaction
sys_enter_rt_sigaction
sys_enter_rt_sigaction
sys_enter_rt_sigaction
sys_enter_rt_sigaction
sys_enter_rt_sigaction
sys_enter_rt_sigaction
sys_enter_rt_sigaction
sys_enter_rt_sigaction
sys_enter_rt_sigaction
sys_enter_rt_sigaction
sys_enter_rt_sigaction
sys_enter_rt_sigaction
sys_enter_rt_sigaction
sys_enter_rt_sigaction
sys_enter_rt_sigaction
sys_enter_rt_sigaction
sys_enter_rt_sigaction
sys_enter_rt_sigaction
sys_enter_rt_sigaction
sys_enter_rt_sigaction
sys_enter_rt_sigaction
sys_enter_rt_sigaction
sys_enter_rt_sigaction
sys_enter_rt_sigaction
sys_enter_rt_sigaction
sys_enter_rt_sigaction
sys_enter_rt_sigaction
sys_enter_rt_sigaction
sys_enter_rt_sigaction
sys_enter_rt_sigaction
sys_enter_rt_sigaction
sys_enter_rt_sigaction
sys_enter_rt_sigaction
sys_enter_rt_sigaction
sys_enter_rt_sigaction
sys_enter_rt_sigaction
sys_enter_rt_sigaction
sys_enter_rt_sigaction
sys_enter_rt_sigaction
sys_enter_rt_sigaction
sys_enter_rt_sigaction
sys_enter_rt_sigaction
sys_enter_rt_sigaction
sys_enter_rt_sigaction
sys_enter_rt_sigaction
sys_enter_rt_sigprocmask
sys_enter_clone
sys_enter_rt_sigprocmask
sys_enter_gettid
sys_enter_sigaltstack
sys_enter_sigaltstack
sys_enter_gettid
sys_enter_rt_sigprocmask
sys_enter_rt_sigprocmask
sys_enter_clone
sys_enter_rt_sigprocmask
sys_enter_gettid
sys_enter_sigaltstack
sys_enter_sigaltstack
sys_enter_gettid
sys_enter_rt_sigprocmask
sys_enter_rt_sigprocmask
sys_enter_clone
sys_enter_rt_sigprocmask
sys_enter_clone
sys_enter_rt_sigprocmask
sys_enter_futex
sys_enter_gettid
sys_enter_sigaltstack
sys_enter_sigaltstack
sys_enter_gettid
sys_enter_rt_sigprocmask
sys_enter_futex
sys_enter_rt_sigprocmask
sys_enter_gettid
sys_enter_sigaltstack
sys_enter_sigaltstack
sys_enter_gettid
sys_enter_rt_sigprocmask
sys_enter_futex
sys_enter_futex
sys_enter_futex
sys_enter_mmap
sys_enter_futex
sys_enter_futex
sys_enter_futex
sys_enter_futex
sys_enter_openat
sys_enter_read
sys_enter_read
sys_enter_close
sys_enter_socket
sys_enter_close
sys_enter_socket
sys_enter_setsockopt
sys_enter_bind
sys_enter_socket
sys_enter_setsockopt
sys_enter_bind
sys_enter_close
sys_enter_close
sys_enter_getpid
sys_enter_getppid
sys_enter_mmap
sys_enter_mmap
sys_enter_getppid
sys_enter_openat
sys_enter_pipe2
sys_enter_getpid
sys_enter_clone
sys_enter_setsid
sys_enter_close
sys_enter_read
sys_enter_chdir
sys_enter_execve
sys_enter_close
sys_enter_exit_group
sys_enter_mmap
sys_enter_mmap
sys_enter_mprotect
sys_enter_mmap
sys_enter_mmap
sys_enter_mprotect
sys_enter_mmap
sys_enter_mprotect
sys_enter_mmap
sys_enter_mprotect
sys_enter_mmap
sys_enter_mmap
sys_enter_close
sys_enter_munmap
sys_enter_sched_getaffinity
sys_enter_mmap
sys_enter_munmap
sys_enter_mmap
sys_enter_mmap
sys_enter_mmap
sys_enter_mmap
sys_enter_mmap
sys_enter_mmap
sys_enter_rt_sigprocmask
sys_enter_sigaltstack
sys_enter_sigaltstack
sys_enter_gettid
sys_enter_rt_sigprocmask
sys_enter_rt_sigaction
sys_enter_rt_sigaction
sys_enter_rt_sigaction
sys_enter_rt_sigaction
sys_enter_rt_sigaction
sys_enter_rt_sigaction
sys_enter_rt_sigaction
sys_enter_rt_sigaction
sys_enter_rt_sigaction
sys_enter_rt_sigaction
sys_enter_rt_sigaction
sys_enter_rt_sigaction
sys_enter_rt_sigaction
sys_enter_rt_sigaction
sys_enter_rt_sigaction
sys_enter_rt_sigaction
sys_enter_rt_sigaction
sys_enter_rt_sigaction
sys_enter_rt_sigaction
sys_enter_rt_sigaction
sys_enter_rt_sigaction
sys_enter_rt_sigaction
sys_enter_rt_sigaction
sys_enter_rt_sigaction
sys_enter_rt_sigaction
sys_enter_rt_sigaction
sys_enter_rt_sigaction
sys_enter_rt_sigaction
sys_enter_rt_sigaction
sys_enter_rt_sigaction
sys_enter_rt_sigaction
sys_enter_rt_sigaction
sys_enter_rt_sigaction
sys_enter_rt_sigaction
sys_enter_rt_sigaction
sys_enter_rt_sigaction
sys_enter_rt_sigaction
sys_enter_rt_sigaction
sys_enter_rt_sigaction
sys_enter_rt_sigaction
sys_enter_rt_sigaction
sys_enter_rt_sigaction
sys_enter_rt_sigaction
sys_enter_rt_sigaction
sys_enter_rt_sigaction
sys_enter_rt_sigaction
sys_enter_rt_sigaction
sys_enter_rt_sigaction
sys_enter_rt_sigaction
sys_enter_rt_sigaction
sys_enter_rt_sigaction
sys_enter_rt_sigaction
sys_enter_rt_sigaction
sys_enter_rt_sigaction
sys_enter_rt_sigaction
sys_enter_rt_sigaction
sys_enter_rt_sigaction
sys_enter_rt_sigaction
sys_enter_rt_sigaction
sys_enter_rt_sigaction
sys_enter_rt_sigaction
sys_enter_rt_sigaction
sys_enter_rt_sigaction
sys_enter_rt_sigaction
sys_enter_rt_sigaction
sys_enter_rt_sigaction
sys_enter_rt_sigaction
sys_enter_rt_sigaction
sys_enter_rt_sigaction
sys_enter_rt_sigaction
sys_enter_rt_sigaction
sys_enter_rt_sigaction
sys_enter_rt_sigaction
sys_enter_rt_sigaction
sys_enter_rt_sigaction
sys_enter_rt_sigaction
sys_enter_rt_sigaction
sys_enter_rt_sigaction
sys_enter_rt_sigaction
sys_enter_rt_sigaction
sys_enter_rt_sigaction
sys_enter_rt_sigaction
sys_enter_rt_sigaction
sys_enter_rt_sigaction
sys_enter_rt_sigaction
sys_enter_rt_sigaction
sys_enter_rt_sigaction
sys_enter_rt_sigaction
sys_enter_rt_sigaction
sys_enter_rt_sigaction
sys_enter_rt_sigaction
sys_enter_rt_sigaction
sys_enter_rt_sigaction
sys_enter_rt_sigaction
sys_enter_rt_sigaction
sys_enter_rt_sigaction
sys_enter_rt_sigaction
sys_enter_rt_sigaction
sys_enter_rt_sigaction
sys_enter_rt_sigaction
sys_enter_rt_sigaction
sys_enter_rt_sigaction
sys_enter_rt_sigaction
sys_enter_rt_sigaction
sys_enter_rt_sigaction
sys_enter_rt_sigaction
sys_enter_rt_sigaction
sys_enter_rt_sigaction
sys_enter_rt_sigaction
sys_enter_rt_sigaction
sys_enter_rt_sigaction
sys_enter_rt_sigaction
sys_enter_rt_sigaction
sys_enter_rt_sigaction
sys_enter_rt_sigprocmask
sys_enter_clone
sys_enter_rt_sigprocmask
sys_enter_gettid
sys_enter_sigaltstack
sys_enter_sigaltstack
sys_enter_gettid
sys_enter_rt_sigprocmask
sys_enter_rt_sigprocmask
sys_enter_clone
sys_enter_rt_sigprocmask
sys_enter_gettid
sys_enter_sigaltstack
sys_enter_sigaltstack
sys_enter_rt_sigprocmask
sys_enter_clone
sys_enter_gettid
sys_enter_rt_sigprocmask
sys_enter_rt_sigprocmask
sys_enter_sched_yield
sys_enter_gettid
sys_enter_futex
sys_enter_futex
sys_enter_sigaltstack
sys_enter_sigaltstack
sys_enter_gettid
sys_enter_rt_sigprocmask
sys_enter_futex
sys_enter_futex
sys_enter_rt_sigprocmask
sys_enter_clone
sys_enter_futex
sys_enter_futex
sys_enter_rt_sigprocmask
sys_enter_futex
sys_enter_gettid
sys_enter_sigaltstack
sys_enter_sigaltstack
sys_enter_gettid
sys_enter_rt_sigprocmask
sys_enter_futex
sys_enter_futex
sys_enter_mmap
sys_enter_futex
sys_enter_futex
sys_enter_futex
sys_enter_openat
sys_enter_futex
sys_enter_futex
sys_enter_read
sys_enter_read
sys_enter_close
sys_enter_socket
sys_enter_close
sys_enter_socket
sys_enter_setsockopt
sys_enter_bind
sys_enter_socket
sys_enter_setsockopt
sys_enter_bind
sys_enter_close
sys_enter_close
sys_enter_getpid
sys_enter_getppid
sys_enter_mmap
sys_enter_mmap
sys_enter_getppid
sys_enter_openat
sys_enter_pipe2
sys_enter_getpid
sys_enter_clone
sys_enter_setsid
sys_enter_close
sys_enter_read
sys_enter_chdir
sys_enter_execve
sys_enter_close
sys_enter_exit_group
sys_enter_mmap
sys_enter_mmap
sys_enter_mprotect
sys_enter_mmap
sys_enter_mmap
sys_enter_mprotect
sys_enter_mmap
sys_enter_mprotect
sys_enter_mmap
sys_enter_mprotect
sys_enter_mmap
sys_enter_mmap
sys_enter_close
sys_enter_munmap
sys_enter_sched_getaffinity
sys_enter_mmap
sys_enter_munmap
sys_enter_mmap
sys_enter_mmap
sys_enter_mmap
sys_enter_mmap
sys_enter_mmap
sys_enter_mmap
sys_enter_rt_sigprocmask
sys_enter_sigaltstack
sys_enter_sigaltstack
sys_enter_gettid
sys_enter_rt_sigprocmask
sys_enter_rt_sigaction
sys_enter_rt_sigaction
sys_enter_rt_sigaction
sys_enter_rt_sigaction
sys_enter_rt_sigaction
sys_enter_rt_sigaction
sys_enter_rt_sigaction
sys_enter_rt_sigaction
sys_enter_rt_sigaction
sys_enter_rt_sigaction
sys_enter_rt_sigaction
sys_enter_rt_sigaction
sys_enter_rt_sigaction
sys_enter_rt_sigaction
sys_enter_rt_sigaction
sys_enter_rt_sigaction
sys_enter_rt_sigaction
sys_enter_rt_sigaction
sys_enter_rt_sigaction
sys_enter_rt_sigaction
sys_enter_rt_sigaction
sys_enter_rt_sigaction
sys_enter_rt_sigaction
sys_enter_rt_sigaction
sys_enter_rt_sigaction
sys_enter_rt_sigaction
sys_enter_rt_sigaction
sys_enter_rt_sigaction
sys_enter_rt_sigaction
sys_enter_rt_sigaction
sys_enter_rt_sigaction
sys_enter_rt_sigaction
sys_enter_rt_sigaction
sys_enter_rt_sigaction
sys_enter_rt_sigaction
sys_enter_rt_sigaction
sys_enter_rt_sigaction
sys_enter_rt_sigaction
sys_enter_rt_sigaction
sys_enter_rt_sigaction
sys_enter_rt_sigaction
sys_enter_rt_sigaction
sys_enter_rt_sigaction
sys_enter_rt_sigaction
sys_enter_rt_sigaction
sys_enter_rt_sigaction
sys_enter_rt_sigaction
sys_enter_rt_sigaction
sys_enter_rt_sigaction
sys_enter_rt_sigaction
sys_enter_rt_sigaction
sys_enter_rt_sigaction
sys_enter_rt_sigaction
sys_enter_rt_sigaction
sys_enter_rt_sigaction
sys_enter_rt_sigaction
sys_enter_rt_sigaction
sys_enter_rt_sigaction
sys_enter_rt_sigaction
sys_enter_rt_sigaction
sys_enter_rt_sigaction
sys_enter_rt_sigaction
sys_enter_rt_sigaction
sys_enter_rt_sigaction
sys_enter_rt_sigaction
sys_enter_rt_sigaction
sys_enter_rt_sigaction
sys_enter_rt_sigaction
sys_enter_rt_sigaction
sys_enter_rt_sigaction
sys_enter_rt_sigaction
sys_enter_rt_sigaction
sys_enter_rt_sigaction
sys_enter_rt_sigaction
sys_enter_rt_sigaction
sys_enter_rt_sigaction
sys_enter_rt_sigaction
sys_enter_rt_sigaction
sys_enter_rt_sigaction
sys_enter_rt_sigaction
sys_enter_rt_sigaction
sys_enter_rt_sigaction
sys_enter_rt_sigaction
sys_enter_rt_sigaction
sys_enter_rt_sigaction
sys_enter_rt_sigaction
sys_enter_rt_sigaction
sys_enter_rt_sigaction
sys_enter_rt_sigaction
sys_enter_rt_sigaction
sys_enter_rt_sigaction
sys_enter_rt_sigaction
sys_enter_rt_sigaction
sys_enter_rt_sigaction
sys_enter_rt_sigaction
sys_enter_rt_sigaction
sys_enter_rt_sigaction
sys_enter_rt_sigaction
sys_enter_rt_sigaction
sys_enter_rt_sigaction
sys_enter_rt_sigaction
sys_enter_rt_sigaction
sys_enter_rt_sigaction
sys_enter_rt_sigaction
sys_enter_rt_sigaction
sys_enter_rt_sigaction
sys_enter_rt_sigaction
sys_enter_rt_sigaction
sys_enter_rt_sigaction
sys_enter_rt_sigaction
sys_enter_rt_sigaction
sys_enter_rt_sigaction
sys_enter_rt_sigaction
sys_enter_rt_sigaction
sys_enter_rt_sigprocmask
sys_enter_clone
sys_enter_rt_sigprocmask
sys_enter_gettid
sys_enter_sigaltstack
sys_enter_sigaltstack
sys_enter_gettid
sys_enter_rt_sigprocmask
sys_enter_rt_sigprocmask
sys_enter_clone
sys_enter_rt_sigprocmask
sys_enter_gettid
sys_enter_sigaltstack
sys_enter_sigaltstack
sys_enter_gettid
sys_enter_rt_sigprocmask
sys_enter_rt_sigprocmask
sys_enter_clone
sys_enter_rt_sigprocmask
sys_enter_futex
sys_enter_rt_sigprocmask
sys_enter_clone
sys_enter_rt_sigprocmask
sys_enter_futex
sys_enter_gettid
sys_enter_sigaltstack
sys_enter_sigaltstack
sys_enter_gettid
sys_enter_rt_sigprocmask
sys_enter_futex
sys_enter_futex
sys_enter_gettid
sys_enter_sigaltstack
sys_enter_sigaltstack
sys_enter_gettid
sys_enter_rt_sigprocmask
sys_enter_futex
sys_enter_futex
sys_enter_mmap
sys_enter_futex
sys_enter_futex
sys_enter_futex
sys_enter_openat
sys_enter_read
sys_enter_read
sys_enter_close
sys_enter_socket
sys_enter_close
sys_enter_socket
sys_enter_setsockopt
sys_enter_bind
sys_enter_socket
sys_enter_setsockopt
sys_enter_bind
sys_enter_close
sys_enter_close
sys_enter_getpid
sys_enter_getppid
sys_enter_mmap
sys_enter_mmap
sys_enter_getppid
sys_enter_openat
sys_enter_pipe2
sys_enter_getpid
sys_enter_clone
sys_enter_setsid
sys_enter_close
sys_enter_read
sys_enter_chdir
sys_enter_execve
sys_enter_close
sys_enter_exit_group
sys_enter_mmap
sys_enter_mmap
sys_enter_mprotect
sys_enter_mmap
sys_enter_mmap
sys_enter_mprotect
sys_enter_mmap
sys_enter_mprotect
sys_enter_mmap
sys_enter_mprotect
sys_enter_mmap
sys_enter_mmap
sys_enter_close
sys_enter_munmap
sys_enter_sched_getaffinity
sys_enter_mmap
sys_enter_munmap
sys_enter_mmap
sys_enter_mmap
sys_enter_mmap
sys_enter_mmap
sys_enter_mmap
sys_enter_mmap
sys_enter_rt_sigprocmask
sys_enter_sigaltstack
sys_enter_sigaltstack
sys_enter_gettid
sys_enter_rt_sigprocmask
sys_enter_rt_sigaction
sys_enter_rt_sigaction
sys_enter_rt_sigaction
sys_enter_rt_sigaction
sys_enter_rt_sigaction
sys_enter_rt_sigaction
sys_enter_rt_sigaction
sys_enter_rt_sigaction
sys_enter_rt_sigaction
sys_enter_rt_sigaction
sys_enter_rt_sigaction
sys_enter_rt_sigaction
sys_enter_rt_sigaction
sys_enter_rt_sigaction
sys_enter_rt_sigaction
sys_enter_rt_sigaction
sys_enter_rt_sigaction
sys_enter_rt_sigaction
sys_enter_rt_sigaction
sys_enter_rt_sigaction
sys_enter_rt_sigaction
sys_enter_rt_sigaction
sys_enter_rt_sigaction
sys_enter_rt_sigaction
sys_enter_rt_sigaction
sys_enter_rt_sigaction
sys_enter_rt_sigaction
sys_enter_rt_sigaction
sys_enter_rt_sigaction
sys_enter_rt_sigaction
sys_enter_rt_sigaction
sys_enter_rt_sigaction
sys_enter_rt_sigaction
sys_enter_rt_sigaction
sys_enter_rt_sigaction
sys_enter_rt_sigaction
sys_enter_rt_sigaction
sys_enter_rt_sigaction
sys_enter_rt_sigaction
sys_enter_rt_sigaction
sys_enter_rt_sigaction
sys_enter_rt_sigaction
sys_enter_rt_sigaction
sys_enter_rt_sigaction
sys_enter_rt_sigaction
sys_enter_rt_sigaction
sys_enter_rt_sigaction
sys_enter_rt_sigaction
sys_enter_rt_sigaction
sys_enter_rt_sigaction
sys_enter_rt_sigaction
sys_enter_rt_sigaction
sys_enter_rt_sigaction
sys_enter_rt_sigaction
sys_enter_rt_sigaction
sys_enter_rt_sigaction
sys_enter_rt_sigaction
sys_enter_rt_sigaction
sys_enter_rt_sigaction
sys_enter_rt_sigaction
sys_enter_rt_sigaction
sys_enter_rt_sigaction
sys_enter_rt_sigaction
sys_enter_rt_sigaction
sys_enter_rt_sigaction
sys_enter_rt_sigaction
sys_enter_rt_sigaction
sys_enter_rt_sigaction
sys_enter_rt_sigaction
sys_enter_rt_sigaction
sys_enter_rt_sigaction
sys_enter_rt_sigaction
sys_enter_rt_sigaction
sys_enter_rt_sigaction
sys_enter_rt_sigaction
sys_enter_rt_sigaction
sys_enter_rt_sigaction
sys_enter_rt_sigaction
sys_enter_rt_sigaction
sys_enter_rt_sigaction
sys_enter_rt_sigaction
sys_enter_rt_sigaction
sys_enter_rt_sigaction
sys_enter_rt_sigaction
sys_enter_rt_sigaction
sys_enter_rt_sigaction
sys_enter_rt_sigaction
sys_enter_rt_sigaction
sys_enter_rt_sigaction
sys_enter_rt_sigaction
sys_enter_rt_sigaction
sys_enter_rt_sigaction
sys_enter_rt_sigaction
sys_enter_rt_sigaction
sys_enter_rt_sigaction
sys_enter_rt_sigaction
sys_enter_rt_sigaction
sys_enter_rt_sigaction
sys_enter_rt_sigaction
sys_enter_rt_sigaction
sys_enter_rt_sigaction
sys_enter_rt_sigaction
sys_enter_rt_sigaction
sys_enter_rt_sigaction
sys_enter_rt_sigaction
sys_enter_rt_sigaction
sys_enter_rt_sigaction
sys_enter_rt_sigaction
sys_enter_rt_sigaction
sys_enter_rt_sigaction
sys_enter_rt_sigaction
sys_enter_rt_sigaction
sys_enter_rt_sigaction
sys_enter_rt_sigaction
sys_enter_rt_sigprocmask
sys_enter_clone
sys_enter_rt_sigprocmask
sys_enter_gettid
sys_enter_sigaltstack
sys_enter_sigaltstack
sys_enter_gettid
sys_enter_rt_sigprocmask
sys_enter_rt_sigprocmask
sys_enter_clone
sys_enter_rt_sigprocmask
sys_enter_gettid
sys_enter_sigaltstack
sys_enter_sigaltstack
sys_enter_gettid
sys_enter_rt_sigprocmask
sys_enter_rt_sigprocmask
sys_enter_clone
sys_enter_rt_sigprocmask
sys_enter_futex
sys_enter_gettid
sys_enter_sigaltstack
sys_enter_sigaltstack
sys_enter_gettid
sys_enter_rt_sigprocmask
sys_enter_futex
sys_enter_rt_sigprocmask
sys_enter_clone
sys_enter_rt_sigprocmask
sys_enter_gettid
sys_enter_sigaltstack
sys_enter_sigaltstack
sys_enter_gettid
sys_enter_rt_sigprocmask
sys_enter_futex
sys_enter_futex
sys_enter_futex
sys_enter_futex
sys_enter_futex
sys_enter_futex
sys_enter_mmap
sys_enter_openat
sys_enter_futex
sys_enter_futex
sys_enter_futex
sys_enter_read
sys_enter_read
sys_enter_close
sys_enter_futex
sys_enter_futex
sys_enter_futex
sys_enter_futex
sys_enter_socket
sys_enter_close
sys_enter_socket
sys_enter_setsockopt
sys_enter_bind
sys_enter_socket
sys_enter_setsockopt
sys_enter_bind
sys_enter_close
sys_enter_close
sys_enter_mmap
sys_enter_getpid
sys_enter_getppid
sys_enter_mmap
sys_enter_mmap
sys_enter_getppid
sys_enter_openat
sys_enter_pipe2
sys_enter_getpid
sys_enter_clone
sys_enter_setsid
sys_enter_close
sys_enter_read
sys_enter_chdir
sys_enter_execve
sys_enter_close
sys_enter_mmap
sys_enter_mmap
sys_enter_exit_group
sys_enter_mprotect
sys_enter_mmap
sys_enter_mmap
sys_enter_mprotect
sys_enter_mmap
sys_enter_mprotect
sys_enter_mmap
sys_enter_mprotect
sys_enter_mmap
sys_enter_mmap
sys_enter_close
sys_enter_munmap
sys_enter_sched_getaffinity
sys_enter_mmap
sys_enter_munmap
sys_enter_mmap
sys_enter_mmap
sys_enter_mmap
sys_enter_mmap
sys_enter_mmap
sys_enter_mmap
sys_enter_rt_sigprocmask
sys_enter_sigaltstack
sys_enter_sigaltstack
sys_enter_gettid
sys_enter_rt_sigprocmask
sys_enter_rt_sigaction
sys_enter_rt_sigaction
sys_enter_rt_sigaction
sys_enter_rt_sigaction
sys_enter_rt_sigaction
sys_enter_rt_sigaction
sys_enter_rt_sigaction
sys_enter_rt_sigaction
sys_enter_rt_sigaction
sys_enter_rt_sigaction
sys_enter_rt_sigaction
sys_enter_rt_sigaction
sys_enter_rt_sigaction
sys_enter_rt_sigaction
sys_enter_rt_sigaction
sys_enter_rt_sigaction
sys_enter_rt_sigaction
sys_enter_rt_sigaction
sys_enter_rt_sigaction
sys_enter_rt_sigaction
sys_enter_rt_sigaction
sys_enter_rt_sigaction
sys_enter_rt_sigaction
sys_enter_rt_sigaction
sys_enter_rt_sigaction
sys_enter_rt_sigaction
sys_enter_rt_sigaction
sys_enter_rt_sigaction
sys_enter_rt_sigaction
sys_enter_rt_sigaction
sys_enter_rt_sigaction
sys_enter_rt_sigaction
sys_enter_rt_sigaction
sys_enter_rt_sigaction
sys_enter_rt_sigaction
sys_enter_rt_sigaction
sys_enter_rt_sigaction
sys_enter_rt_sigaction
sys_enter_rt_sigaction
sys_enter_rt_sigaction
sys_enter_rt_sigaction
sys_enter_rt_sigaction
sys_enter_rt_sigaction
sys_enter_rt_sigaction
sys_enter_rt_sigaction
sys_enter_rt_sigaction
sys_enter_rt_sigaction
sys_enter_rt_sigaction
sys_enter_rt_sigaction
sys_enter_rt_sigaction
sys_enter_rt_sigaction
sys_enter_rt_sigaction
sys_enter_rt_sigaction
sys_enter_rt_sigaction
sys_enter_rt_sigaction
sys_enter_rt_sigaction
sys_enter_rt_sigaction
sys_enter_rt_sigaction
sys_enter_rt_sigaction
sys_enter_rt_sigaction
sys_enter_rt_sigaction
sys_enter_rt_sigaction
sys_enter_rt_sigaction
sys_enter_rt_sigaction
sys_enter_rt_sigaction
sys_enter_rt_sigaction
sys_enter_rt_sigaction
sys_enter_rt_sigaction
sys_enter_rt_sigaction
sys_enter_rt_sigaction
sys_enter_rt_sigaction
sys_enter_rt_sigaction
sys_enter_rt_sigaction
sys_enter_rt_sigaction
sys_enter_rt_sigaction
sys_enter_rt_sigaction
sys_enter_rt_sigaction
sys_enter_rt_sigaction
sys_enter_rt_sigaction
sys_enter_rt_sigaction
sys_enter_rt_sigaction
sys_enter_rt_sigaction
sys_enter_rt_sigaction
sys_enter_rt_sigaction
sys_enter_rt_sigaction
sys_enter_rt_sigaction
sys_enter_rt_sigaction
sys_enter_rt_sigaction
sys_enter_rt_sigaction
sys_enter_rt_sigaction
sys_enter_rt_sigaction
sys_enter_rt_sigaction
sys_enter_rt_sigaction
sys_enter_rt_sigaction
sys_enter_rt_sigaction
sys_enter_rt_sigaction
sys_enter_rt_sigaction
sys_enter_rt_sigaction
sys_enter_rt_sigaction
sys_enter_rt_sigaction
sys_enter_rt_sigaction
sys_enter_rt_sigaction
sys_enter_rt_sigaction
sys_enter_rt_sigaction
sys_enter_rt_sigaction
sys_enter_rt_sigaction
sys_enter_rt_sigaction
sys_enter_rt_sigaction
sys_enter_rt_sigaction
sys_enter_rt_sigaction
sys_enter_rt_sigaction
sys_enter_rt_sigaction
sys_enter_rt_sigaction
sys_enter_rt_sigaction
sys_enter_rt_sigprocmask
sys_enter_clone
sys_enter_rt_sigprocmask
sys_enter_gettid
sys_enter_sigaltstack
sys_enter_sigaltstack
sys_enter_gettid
sys_enter_rt_sigprocmask
sys_enter_gettid
sys_enter_sigaltstack
sys_enter_sigaltstack
sys_enter_gettid
sys_enter_rt_sigprocmask
sys_enter_rt_sigprocmask
sys_enter_clone
sys_enter_rt_sigprocmask
sys_enter_futex
sys_enter_gettid
sys_enter_sigaltstack
sys_enter_sigaltstack
sys_enter_gettid
sys_enter_rt_sigprocmask
sys_enter_futex
sys_enter_futex
sys_enter_rt_sigprocmask
sys_enter_clone
sys_enter_rt_sigprocmask
sys_enter_rt_sigprocmask
sys_enter_clone
sys_enter_rt_sigprocmask
sys_enter_futex
sys_enter_gettid
sys_enter_sigaltstack
sys_enter_sigaltstack
sys_enter_gettid
sys_enter_rt_sigprocmask
sys_enter_futex
sys_enter_futex
sys_enter_mmap
sys_enter_futex
sys_enter_futex
sys_enter_futex
sys_enter_openat
sys_enter_futex
sys_enter_futex
sys_enter_read
sys_enter_read
sys_enter_close
sys_enter_socket
sys_enter_close
sys_enter_socket
sys_enter_setsockopt
sys_enter_bind
sys_enter_socket
sys_enter_setsockopt
sys_enter_bind
sys_enter_close
sys_enter_close
sys_enter_getpid
sys_enter_getppid
sys_enter_mmap
sys_enter_mmap
sys_enter_getppid
sys_enter_openat
sys_enter_pipe2
sys_enter_getpid
sys_enter_clone
sys_enter_setsid
sys_enter_close
sys_enter_read
sys_enter_chdir
sys_enter_execve
sys_enter_close
sys_enter_mmap
sys_enter_exit_group
sys_enter_mmap
sys_enter_mprotect
sys_enter_mmap
sys_enter_mmap
sys_enter_mprotect
sys_enter_mmap
sys_enter_mprotect
sys_enter_mmap
sys_enter_mprotect
sys_enter_mmap
sys_enter_mmap
sys_enter_close
sys_enter_munmap
sys_enter_sched_getaffinity
sys_enter_mmap
sys_enter_munmap
sys_enter_mmap
sys_enter_mmap
sys_enter_mmap
sys_enter_mmap
sys_enter_mmap
sys_enter_mmap
sys_enter_rt_sigprocmask
sys_enter_sigaltstack
sys_enter_sigaltstack
sys_enter_gettid
sys_enter_rt_sigprocmask
sys_enter_rt_sigaction
sys_enter_rt_sigaction
sys_enter_rt_sigaction
sys_enter_rt_sigaction
sys_enter_rt_sigaction
sys_enter_rt_sigaction
sys_enter_rt_sigaction
sys_enter_rt_sigaction
sys_enter_rt_sigaction
sys_enter_rt_sigaction
sys_enter_rt_sigaction
sys_enter_rt_sigaction
sys_enter_rt_sigaction
sys_enter_rt_sigaction
sys_enter_rt_sigaction
sys_enter_rt_sigaction
sys_enter_rt_sigaction
sys_enter_rt_sigaction
sys_enter_rt_sigaction
sys_enter_rt_sigaction
sys_enter_rt_sigaction
sys_enter_rt_sigaction
sys_enter_rt_sigaction
sys_enter_rt_sigaction
sys_enter_rt_sigaction
sys_enter_rt_sigaction
sys_enter_rt_sigaction
sys_enter_rt_sigaction
sys_enter_rt_sigaction
sys_enter_rt_sigaction
sys_enter_rt_sigaction
sys_enter_rt_sigaction
sys_enter_rt_sigaction
sys_enter_rt_sigaction
sys_enter_rt_sigaction
sys_enter_rt_sigaction
sys_enter_rt_sigaction
sys_enter_rt_sigaction
sys_enter_rt_sigaction
sys_enter_rt_sigaction
sys_enter_rt_sigaction
sys_enter_rt_sigaction
sys_enter_rt_sigaction
sys_enter_rt_sigaction
sys_enter_rt_sigaction
sys_enter_rt_sigaction
sys_enter_rt_sigaction
sys_enter_rt_sigaction
sys_enter_rt_sigaction
sys_enter_rt_sigaction
sys_enter_rt_sigaction
sys_enter_rt_sigaction
sys_enter_rt_sigaction
sys_enter_rt_sigaction
sys_enter_rt_sigaction
sys_enter_rt_sigaction
sys_enter_rt_sigaction
sys_enter_rt_sigaction
sys_enter_rt_sigaction
sys_enter_rt_sigaction
sys_enter_rt_sigaction
sys_enter_rt_sigaction
sys_enter_rt_sigaction
sys_enter_rt_sigaction
sys_enter_rt_sigaction
sys_enter_rt_sigaction
sys_enter_rt_sigaction
sys_enter_rt_sigaction
sys_enter_rt_sigaction
sys_enter_rt_sigaction
sys_enter_rt_sigaction
sys_enter_rt_sigaction
sys_enter_rt_sigaction
sys_enter_rt_sigaction
sys_enter_rt_sigaction
sys_enter_rt_sigaction
sys_enter_rt_sigaction
sys_enter_rt_sigaction
sys_enter_rt_sigaction
sys_enter_rt_sigaction
sys_enter_rt_sigaction
sys_enter_rt_sigaction
sys_enter_rt_sigaction
sys_enter_rt_sigaction
sys_enter_rt_sigaction
sys_enter_rt_sigaction
sys_enter_rt_sigaction
sys_enter_rt_sigaction
sys_enter_rt_sigaction
sys_enter_rt_sigaction
sys_enter_rt_sigaction
sys_enter_rt_sigaction
sys_enter_rt_sigaction
sys_enter_rt_sigaction
sys_enter_rt_sigaction
sys_enter_rt_sigaction
sys_enter_rt_sigaction
sys_enter_rt_sigaction
sys_enter_rt_sigaction
sys_enter_rt_sigaction
sys_enter_rt_sigaction
sys_enter_rt_sigaction
sys_enter_rt_sigaction
sys_enter_rt_sigaction
sys_enter_rt_sigaction
sys_enter_rt_sigaction
sys_enter_rt_sigaction
sys_enter_rt_sigaction
sys_enter_rt_sigaction
sys_enter_rt_sigaction
sys_enter_rt_sigaction
sys_enter_rt_sigaction
sys_enter_rt_sigaction
sys_enter_rt_sigaction
sys_enter_rt_sigprocmask
sys_enter_clone
sys_enter_rt_sigprocmask
sys_enter_gettid
sys_enter_sigaltstack
sys_enter_sigaltstack
sys_enter_gettid
sys_enter_rt_sigprocmask
sys_enter_rt_sigprocmask
sys_enter_clone
sys_enter_rt_sigprocmask
sys_enter_gettid
sys_enter_sigaltstack
sys_enter_sigaltstack
sys_enter_gettid
sys_enter_rt_sigprocmask
sys_enter_rt_sigprocmask
sys_enter_clone
sys_enter_rt_sigprocmask
sys_enter_futex
sys_enter_rt_sigprocmask
sys_enter_clone
sys_enter_gettid
sys_enter_sigaltstack
sys_enter_sigaltstack
sys_enter_gettid
sys_enter_rt_sigprocmask
sys_enter_futex
sys_enter_rt_sigprocmask
sys_enter_futex
sys_enter_gettid
sys_enter_sigaltstack
sys_enter_sigaltstack
sys_enter_gettid
sys_enter_rt_sigprocmask
sys_enter_futex
sys_enter_futex
sys_enter_mmap
sys_enter_futex
sys_enter_futex
sys_enter_futex
sys_enter_futex
sys_enter_openat
sys_enter_read
sys_enter_read
sys_enter_close
sys_enter_socket
sys_enter_close
sys_enter_socket
sys_enter_setsockopt
sys_enter_bind
sys_enter_socket
sys_enter_setsockopt
sys_enter_bind
sys_enter_close
sys_enter_close
sys_enter_getpid
sys_enter_getppid
sys_enter_mmap
sys_enter_mmap
sys_enter_getppid
sys_enter_openat
sys_enter_pipe2
sys_enter_getpid
sys_enter_clone
sys_enter_setsid
sys_enter_close
sys_enter_read
sys_enter_chdir
sys_enter_execve
sys_enter_close
sys_enter_exit_group
sys_enter_mmap
sys_enter_mmap
sys_enter_mprotect
sys_enter_mmap
sys_enter_mmap
sys_enter_mprotect
sys_enter_mmap
sys_enter_mprotect
sys_enter_mmap
sys_enter_mprotect
sys_enter_mmap
sys_enter_mmap
sys_enter_close
sys_enter_munmap
sys_enter_sched_getaffinity
sys_enter_mmap
sys_enter_munmap
sys_enter_mmap
sys_enter_mmap
sys_enter_mmap
sys_enter_mmap
sys_enter_mmap
sys_enter_mmap
sys_enter_rt_sigprocmask
sys_enter_sigaltstack
sys_enter_sigaltstack
sys_enter_gettid
sys_enter_rt_sigprocmask
sys_enter_rt_sigaction
sys_enter_rt_sigaction
sys_enter_rt_sigaction
sys_enter_rt_sigaction
sys_enter_rt_sigaction
sys_enter_rt_sigaction
sys_enter_rt_sigaction
sys_enter_rt_sigaction
sys_enter_rt_sigaction
sys_enter_rt_sigaction
sys_enter_rt_sigaction
sys_enter_rt_sigaction
sys_enter_rt_sigaction
sys_enter_rt_sigaction
sys_enter_rt_sigaction
sys_enter_rt_sigaction
sys_enter_rt_sigaction
sys_enter_rt_sigaction
sys_enter_rt_sigaction
sys_enter_rt_sigaction
sys_enter_rt_sigaction
sys_enter_rt_sigaction
sys_enter_rt_sigaction
sys_enter_rt_sigaction
sys_enter_rt_sigaction
sys_enter_rt_sigaction
sys_enter_rt_sigaction
sys_enter_rt_sigaction
sys_enter_rt_sigaction
sys_enter_rt_sigaction
sys_enter_rt_sigaction
sys_enter_rt_sigaction
sys_enter_rt_sigaction
sys_enter_rt_sigaction
sys_enter_rt_sigaction
sys_enter_rt_sigaction
sys_enter_rt_sigaction
sys_enter_rt_sigaction
sys_enter_rt_sigaction
sys_enter_rt_sigaction
sys_enter_rt_sigaction
sys_enter_rt_sigaction
sys_enter_rt_sigaction
sys_enter_rt_sigaction
sys_enter_rt_sigaction
sys_enter_rt_sigaction
sys_enter_rt_sigaction
sys_enter_rt_sigaction
sys_enter_rt_sigaction
sys_enter_rt_sigaction
sys_enter_rt_sigaction
sys_enter_rt_sigaction
sys_enter_rt_sigaction
sys_enter_rt_sigaction
sys_enter_rt_sigaction
sys_enter_rt_sigaction
sys_enter_rt_sigaction
sys_enter_rt_sigaction
sys_enter_rt_sigaction
sys_enter_rt_sigaction
sys_enter_rt_sigaction
sys_enter_rt_sigaction
sys_enter_rt_sigaction
sys_enter_rt_sigaction
sys_enter_rt_sigaction
sys_enter_rt_sigaction
sys_enter_rt_sigaction
sys_enter_rt_sigaction
sys_enter_rt_sigaction
sys_enter_rt_sigaction
sys_enter_rt_sigaction
sys_enter_rt_sigaction
sys_enter_rt_sigaction
sys_enter_rt_sigaction
sys_enter_rt_sigaction
sys_enter_rt_sigaction
sys_enter_rt_sigaction
sys_enter_rt_sigaction
sys_enter_rt_sigaction
sys_enter_rt_sigaction
sys_enter_rt_sigaction
sys_enter_rt_sigaction
sys_enter_rt_sigaction
sys_enter_rt_sigaction
sys_enter_rt_sigaction
sys_enter_rt_sigaction
sys_enter_rt_sigaction
sys_enter_rt_sigaction
sys_enter_rt_sigaction
sys_enter_rt_sigaction
sys_enter_rt_sigaction
sys_enter_rt_sigaction
sys_enter_rt_sigaction
sys_enter_rt_sigaction
sys_enter_rt_sigaction
sys_enter_rt_sigaction
sys_enter_rt_sigaction
sys_enter_rt_sigaction
sys_enter_rt_sigaction
sys_enter_rt_sigaction
sys_enter_rt_sigaction
sys_enter_rt_sigaction
sys_enter_rt_sigaction
sys_enter_rt_sigaction
sys_enter_rt_sigaction
sys_enter_rt_sigaction
sys_enter_rt_sigaction
sys_enter_rt_sigaction
sys_enter_rt_sigaction
sys_enter_rt_sigaction
sys_enter_rt_sigaction
sys_enter_rt_sigaction
sys_enter_rt_sigaction
sys_enter_rt_sigaction
sys_enter_rt_sigprocmask
sys_enter_clone
sys_enter_rt_sigprocmask
sys_enter_gettid
sys_enter_sigaltstack
sys_enter_sigaltstack
sys_enter_gettid
sys_enter_rt_sigprocmask
sys_enter_rt_sigprocmask
sys_enter_clone
sys_enter_rt_sigprocmask
sys_enter_gettid
sys_enter_sigaltstack
sys_enter_sigaltstack
sys_enter_gettid
sys_enter_rt_sigprocmask
sys_enter_clone
sys_enter_rt_sigprocmask
sys_enter_rt_sigprocmask
sys_enter_sched_yield
sys_enter_futex
sys_enter_futex
sys_enter_gettid
sys_enter_sigaltstack
sys_enter_sigaltstack
sys_enter_gettid
sys_enter_rt_sigprocmask
sys_enter_futex
sys_enter_rt_sigprocmask
sys_enter_clone
sys_enter_futex
sys_enter_rt_sigprocmask
sys_enter_futex
sys_enter_gettid
sys_enter_sigaltstack
sys_enter_sigaltstack
sys_enter_gettid
sys_enter_rt_sigprocmask
sys_enter_futex
sys_enter_futex
sys_enter_mmap
sys_enter_futex
sys_enter_futex
sys_enter_futex
sys_enter_openat
sys_enter_read
sys_enter_read
sys_enter_close
sys_enter_socket
sys_enter_close
sys_enter_socket
sys_enter_setsockopt
sys_enter_bind
sys_enter_socket
sys_enter_setsockopt
sys_enter_bind
sys_enter_close
sys_enter_close
sys_enter_getpid
sys_enter_getppid
sys_enter_mmap
sys_enter_mmap
sys_enter_getppid
sys_enter_openat
sys_enter_pipe2
sys_enter_getpid
sys_enter_clone
sys_enter_setsid
sys_enter_chdir
sys_enter_close
sys_enter_read
sys_enter_execve
sys_enter_close
sys_enter_exit_group
sys_enter_mmap
sys_enter_mmap
sys_enter_mprotect
sys_enter_mmap
sys_enter_mmap
sys_enter_mprotect
sys_enter_mmap
sys_enter_mprotect
sys_enter_mmap
sys_enter_mprotect
sys_enter_mmap
sys_enter_mmap
sys_enter_close
sys_enter_munmap
sys_enter_sched_getaffinity
sys_enter_mmap
sys_enter_munmap
sys_enter_mmap
sys_enter_mmap
sys_enter_mmap
sys_enter_mmap
sys_enter_mmap
sys_enter_mmap
sys_enter_rt_sigprocmask
sys_enter_sigaltstack
sys_enter_sigaltstack
sys_enter_gettid
sys_enter_rt_sigprocmask
sys_enter_rt_sigaction
sys_enter_rt_sigaction
sys_enter_rt_sigaction
sys_enter_rt_sigaction
sys_enter_rt_sigaction
sys_enter_rt_sigaction
sys_enter_rt_sigaction
sys_enter_rt_sigaction
sys_enter_rt_sigaction
sys_enter_rt_sigaction
sys_enter_rt_sigaction
sys_enter_rt_sigaction
sys_enter_rt_sigaction
sys_enter_rt_sigaction
sys_enter_rt_sigaction
sys_enter_rt_sigaction
sys_enter_rt_sigaction
sys_enter_rt_sigaction
sys_enter_rt_sigaction
sys_enter_rt_sigaction
sys_enter_rt_sigaction
sys_enter_rt_sigaction
sys_enter_rt_sigaction
sys_enter_rt_sigaction
sys_enter_rt_sigaction
sys_enter_rt_sigaction
sys_enter_rt_sigaction
sys_enter_rt_sigaction
sys_enter_rt_sigaction
sys_enter_rt_sigaction
sys_enter_rt_sigaction
sys_enter_rt_sigaction
sys_enter_rt_sigaction
sys_enter_rt_sigaction
sys_enter_rt_sigaction
sys_enter_rt_sigaction
sys_enter_rt_sigaction
sys_enter_rt_sigaction
sys_enter_rt_sigaction
sys_enter_rt_sigaction
sys_enter_rt_sigaction
sys_enter_rt_sigaction
sys_enter_rt_sigaction
sys_enter_rt_sigaction
sys_enter_rt_sigaction
sys_enter_rt_sigaction
sys_enter_rt_sigaction
sys_enter_rt_sigaction
sys_enter_rt_sigaction
sys_enter_rt_sigaction
sys_enter_rt_sigaction
sys_enter_rt_sigaction
sys_enter_rt_sigaction
sys_enter_rt_sigaction
sys_enter_rt_sigaction
sys_enter_rt_sigaction
sys_enter_rt_sigaction
sys_enter_rt_sigaction
sys_enter_rt_sigaction
sys_enter_rt_sigaction
sys_enter_rt_sigaction
sys_enter_rt_sigaction
sys_enter_rt_sigaction
sys_enter_rt_sigaction
sys_enter_rt_sigaction
sys_enter_rt_sigaction
sys_enter_rt_sigaction
sys_enter_rt_sigaction
sys_enter_rt_sigaction
sys_enter_rt_sigaction
sys_enter_rt_sigaction
sys_enter_rt_sigaction
sys_enter_rt_sigaction
sys_enter_rt_sigaction
sys_enter_rt_sigaction
sys_enter_rt_sigaction
sys_enter_rt_sigaction
sys_enter_rt_sigaction
sys_enter_rt_sigaction
sys_enter_rt_sigaction
sys_enter_rt_sigaction
sys_enter_rt_sigaction
sys_enter_rt_sigaction
sys_enter_rt_sigaction
sys_enter_rt_sigaction
sys_enter_rt_sigaction
sys_enter_rt_sigaction
sys_enter_rt_sigaction
sys_enter_rt_sigaction
sys_enter_rt_sigaction
sys_enter_rt_sigaction
sys_enter_rt_sigaction
sys_enter_rt_sigaction
sys_enter_rt_sigaction
sys_enter_rt_sigaction
sys_enter_rt_sigaction
sys_enter_rt_sigaction
sys_enter_rt_sigaction
sys_enter_rt_sigaction
sys_enter_rt_sigaction
sys_enter_rt_sigaction
sys_enter_rt_sigaction
sys_enter_rt_sigaction
sys_enter_rt_sigaction
sys_enter_rt_sigaction
sys_enter_rt_sigaction
sys_enter_rt_sigaction
sys_enter_rt_sigaction
sys_enter_rt_sigaction
sys_enter_rt_sigaction
sys_enter_rt_sigaction
sys_enter_rt_sigaction
sys_enter_rt_sigaction
sys_enter_rt_sigaction
sys_enter_rt_sigprocmask
sys_enter_clone
sys_enter_rt_sigprocmask
sys_enter_gettid
sys_enter_sigaltstack
sys_enter_sigaltstack
sys_enter_gettid
sys_enter_rt_sigprocmask
sys_enter_rt_sigprocmask
sys_enter_clone
sys_enter_rt_sigprocmask
sys_enter_gettid
sys_enter_sigaltstack
sys_enter_sigaltstack
sys_enter_gettid
sys_enter_rt_sigprocmask
sys_enter_rt_sigprocmask
sys_enter_clone
sys_enter_rt_sigprocmask
sys_enter_clone
sys_enter_rt_sigprocmask
sys_enter_futex
sys_enter_gettid
sys_enter_sigaltstack
sys_enter_sigaltstack
sys_enter_rt_sigprocmask
sys_enter_gettid
sys_enter_gettid
sys_enter_rt_sigprocmask
sys_enter_sigaltstack
sys_enter_sigaltstack
sys_enter_futex
sys_enter_gettid
sys_enter_rt_sigprocmask
sys_enter_futex
sys_enter_futex
sys_enter_futex
sys_enter_futex
sys_enter_mmap
sys_enter_futex
sys_enter_futex
sys_enter_futex
sys_enter_openat
sys_enter_read
sys_enter_read
sys_enter_close
sys_enter_socket
sys_enter_close
sys_enter_socket
sys_enter_setsockopt
sys_enter_bind
sys_enter_socket
sys_enter_setsockopt
sys_enter_bind
sys_enter_close
sys_enter_close
sys_enter_getpid
sys_enter_getppid
sys_enter_mmap
sys_enter_mmap
sys_enter_getppid
sys_enter_openat
sys_enter_pipe2
sys_enter_getpid
sys_enter_clone
sys_enter_setsid
sys_enter_close
sys_enter_read
sys_enter_chdir
sys_enter_execve
sys_enter_close
sys_enter_exit_group
sys_enter_mmap
sys_enter_mmap
sys_enter_mprotect
sys_enter_mmap
sys_enter_mmap
sys_enter_mprotect
sys_enter_mmap
sys_enter_mprotect
sys_enter_mmap
sys_enter_mprotect
sys_enter_mmap
sys_enter_mmap
sys_enter_close
sys_enter_munmap
sys_enter_sched_getaffinity
sys_enter_mmap
sys_enter_munmap
sys_enter_mmap
sys_enter_mmap
sys_enter_mmap
sys_enter_mmap
sys_enter_mmap
sys_enter_mmap
sys_enter_rt_sigprocmask
sys_enter_sigaltstack
sys_enter_sigaltstack
sys_enter_gettid
sys_enter_rt_sigprocmask
sys_enter_rt_sigaction
sys_enter_rt_sigaction
sys_enter_rt_sigaction
sys_enter_rt_sigaction
sys_enter_rt_sigaction
sys_enter_rt_sigaction
sys_enter_rt_sigaction
sys_enter_rt_sigaction
sys_enter_rt_sigaction
sys_enter_rt_sigaction
sys_enter_rt_sigaction
sys_enter_rt_sigaction
sys_enter_rt_sigaction
sys_enter_rt_sigaction
sys_enter_rt_sigaction
sys_enter_rt_sigaction
sys_enter_rt_sigaction
sys_enter_rt_sigaction
sys_enter_rt_sigaction
sys_enter_rt_sigaction
sys_enter_rt_sigaction
sys_enter_rt_sigaction
sys_enter_rt_sigaction
sys_enter_rt_sigaction
sys_enter_rt_sigaction
sys_enter_rt_sigaction
sys_enter_rt_sigaction
sys_enter_rt_sigaction
sys_enter_rt_sigaction
sys_enter_rt_sigaction
sys_enter_rt_sigaction
sys_enter_rt_sigaction
sys_enter_rt_sigaction
sys_enter_rt_sigaction
sys_enter_rt_sigaction
sys_enter_rt_sigaction
sys_enter_rt_sigaction
sys_enter_rt_sigaction
sys_enter_rt_sigaction
sys_enter_rt_sigaction
sys_enter_rt_sigaction
sys_enter_rt_sigaction
sys_enter_rt_sigaction
sys_enter_rt_sigaction
sys_enter_rt_sigaction
sys_enter_rt_sigaction
sys_enter_rt_sigaction
sys_enter_rt_sigaction
sys_enter_rt_sigaction
sys_enter_rt_sigaction
sys_enter_rt_sigaction
sys_enter_rt_sigaction
sys_enter_rt_sigaction
sys_enter_rt_sigaction
sys_enter_rt_sigaction
sys_enter_rt_sigaction
sys_enter_rt_sigaction
sys_enter_rt_sigaction
sys_enter_rt_sigaction
sys_enter_rt_sigaction
sys_enter_rt_sigaction
sys_enter_rt_sigaction
sys_enter_rt_sigaction
sys_enter_rt_sigaction
sys_enter_rt_sigaction
sys_enter_rt_sigaction
sys_enter_rt_sigaction
sys_enter_rt_sigaction
sys_enter_rt_sigaction
sys_enter_rt_sigaction
sys_enter_rt_sigaction
sys_enter_rt_sigaction
sys_enter_rt_sigaction
sys_enter_rt_sigaction
sys_enter_rt_sigaction
sys_enter_rt_sigaction
sys_enter_rt_sigaction
sys_enter_rt_sigaction
sys_enter_rt_sigaction
sys_enter_rt_sigaction
sys_enter_rt_sigaction
sys_enter_rt_sigaction
sys_enter_rt_sigaction
sys_enter_rt_sigaction
sys_enter_rt_sigaction
sys_enter_rt_sigaction
sys_enter_rt_sigaction
sys_enter_rt_sigaction
sys_enter_rt_sigaction
sys_enter_rt_sigaction
sys_enter_rt_sigaction
sys_enter_rt_sigaction
sys_enter_rt_sigaction
sys_enter_rt_sigaction
sys_enter_rt_sigaction
sys_enter_rt_sigaction
sys_enter_rt_sigaction
sys_enter_rt_sigaction
sys_enter_rt_sigaction
sys_enter_rt_sigaction
sys_enter_rt_sigaction
sys_enter_rt_sigaction
sys_enter_rt_sigaction
sys_enter_rt_sigaction
sys_enter_rt_sigaction
sys_enter_rt_sigaction
sys_enter_rt_sigaction
sys_enter_rt_sigaction
sys_enter_rt_sigaction
sys_enter_rt_sigaction
sys_enter_rt_sigaction
sys_enter_rt_sigaction
sys_enter_rt_sigaction
sys_enter_rt_sigaction
sys_enter_rt_sigprocmask
sys_enter_clone
sys_enter_rt_sigprocmask
sys_enter_gettid
sys_enter_sigaltstack
sys_enter_sigaltstack
sys_enter_gettid
sys_enter_rt_sigprocmask
sys_enter_rt_sigprocmask
sys_enter_clone
sys_enter_rt_sigprocmask
sys_enter_gettid
sys_enter_sigaltstack
sys_enter_sigaltstack
sys_enter_gettid
sys_enter_rt_sigprocmask
sys_enter_rt_sigprocmask
sys_enter_clone
sys_enter_rt_sigprocmask
sys_enter_clone
sys_enter_rt_sigprocmask
sys_enter_futex
sys_enter_gettid
sys_enter_rt_sigprocmask
sys_enter_sigaltstack
sys_enter_sigaltstack
sys_enter_gettid
sys_enter_gettid
sys_enter_rt_sigprocmask
sys_enter_sigaltstack
sys_enter_sigaltstack
sys_enter_gettid
sys_enter_futex
sys_enter_rt_sigprocmask
sys_enter_futex
sys_enter_futex
sys_enter_futex
sys_enter_futex
sys_enter_mmap
sys_enter_futex
sys_enter_futex
sys_enter_futex
sys_enter_openat
sys_enter_read
sys_enter_read
sys_enter_close
sys_enter_socket
sys_enter_close
sys_enter_socket
sys_enter_setsockopt
sys_enter_bind
sys_enter_socket
sys_enter_setsockopt
sys_enter_bind
sys_enter_close
sys_enter_close
sys_enter_getpid
sys_enter_getppid
sys_enter_mmap
sys_enter_mmap
sys_enter_getppid
sys_enter_openat
sys_enter_pipe2
sys_enter_getpid
sys_enter_clone
sys_enter_setsid
sys_enter_close
sys_enter_read
sys_enter_chdir
sys_enter_execve
sys_enter_close
sys_enter_mmap
sys_enter_mmap
sys_enter_exit_group
sys_enter_mprotect
sys_enter_mmap
sys_enter_mmap
sys_enter_mprotect
sys_enter_mmap
sys_enter_mprotect
sys_enter_mmap
sys_enter_mprotect
sys_enter_mmap
sys_enter_mmap
sys_enter_close
sys_enter_munmap
sys_enter_sched_getaffinity
sys_enter_mmap
sys_enter_munmap
sys_enter_mmap
sys_enter_mmap
sys_enter_mmap
sys_enter_mmap
sys_enter_mmap
sys_enter_mmap
sys_enter_rt_sigprocmask
sys_enter_sigaltstack
sys_enter_sigaltstack
sys_enter_gettid
sys_enter_rt_sigprocmask
sys_enter_rt_sigaction
sys_enter_rt_sigaction
sys_enter_rt_sigaction
sys_enter_rt_sigaction
sys_enter_rt_sigaction
sys_enter_rt_sigaction
sys_enter_rt_sigaction
sys_enter_rt_sigaction
sys_enter_rt_sigaction
sys_enter_rt_sigaction
sys_enter_rt_sigaction
sys_enter_rt_sigaction
sys_enter_rt_sigaction
sys_enter_rt_sigaction
sys_enter_rt_sigaction
sys_enter_rt_sigaction
sys_enter_rt_sigaction
sys_enter_rt_sigaction
sys_enter_rt_sigaction
sys_enter_rt_sigaction
sys_enter_rt_sigaction
sys_enter_rt_sigaction
sys_enter_rt_sigaction
sys_enter_rt_sigaction
sys_enter_rt_sigaction
sys_enter_rt_sigaction
sys_enter_rt_sigaction
sys_enter_rt_sigaction
sys_enter_rt_sigaction
sys_enter_rt_sigaction
sys_enter_rt_sigaction
sys_enter_rt_sigaction
sys_enter_rt_sigaction
sys_enter_rt_sigaction
sys_enter_rt_sigaction
sys_enter_rt_sigaction
sys_enter_rt_sigaction
sys_enter_rt_sigaction
sys_enter_rt_sigaction
sys_enter_rt_sigaction
sys_enter_rt_sigaction
sys_enter_rt_sigaction
sys_enter_rt_sigaction
sys_enter_rt_sigaction
sys_enter_rt_sigaction
sys_enter_rt_sigaction
sys_enter_rt_sigaction
sys_enter_rt_sigaction
sys_enter_rt_sigaction
sys_enter_rt_sigaction
sys_enter_rt_sigaction
sys_enter_rt_sigaction
sys_enter_rt_sigaction
sys_enter_rt_sigaction
sys_enter_rt_sigaction
sys_enter_rt_sigaction
sys_enter_rt_sigaction
sys_enter_rt_sigaction
sys_enter_rt_sigaction
sys_enter_rt_sigaction
sys_enter_rt_sigaction
sys_enter_rt_sigaction
sys_enter_rt_sigaction
sys_enter_rt_sigaction
sys_enter_rt_sigaction
sys_enter_rt_sigaction
sys_enter_rt_sigaction
sys_enter_rt_sigaction
sys_enter_rt_sigaction
sys_enter_rt_sigaction
sys_enter_rt_sigaction
sys_enter_rt_sigaction
sys_enter_rt_sigaction
sys_enter_rt_sigaction
sys_enter_rt_sigaction
sys_enter_rt_sigaction
sys_enter_rt_sigaction
sys_enter_rt_sigaction
sys_enter_rt_sigaction
sys_enter_rt_sigaction
sys_enter_rt_sigaction
sys_enter_rt_sigaction
sys_enter_rt_sigaction
sys_enter_rt_sigaction
sys_enter_rt_sigaction
sys_enter_rt_sigaction
sys_enter_rt_sigaction
sys_enter_rt_sigaction
sys_enter_rt_sigaction
sys_enter_rt_sigaction
sys_enter_rt_sigaction
sys_enter_rt_sigaction
sys_enter_rt_sigaction
sys_enter_rt_sigaction
sys_enter_rt_sigaction
sys_enter_rt_sigaction
sys_enter_rt_sigaction
sys_enter_rt_sigaction
sys_enter_rt_sigaction
sys_enter_rt_sigaction
sys_enter_rt_sigaction
sys_enter_rt_sigaction
sys_enter_rt_sigaction
sys_enter_rt_sigaction
sys_enter_rt_sigaction
sys_enter_rt_sigaction
sys_enter_rt_sigaction
sys_enter_rt_sigaction
sys_enter_rt_sigaction
sys_enter_rt_sigaction
sys_enter_rt_sigaction
sys_enter_rt_sigaction
sys_enter_rt_sigaction
sys_enter_rt_sigaction
sys_enter_rt_sigprocmask
sys_enter_clone
sys_enter_rt_sigprocmask
sys_enter_gettid
sys_enter_sigaltstack
sys_enter_sigaltstack
sys_enter_gettid
sys_enter_rt_sigprocmask
sys_enter_rt_sigprocmask
sys_enter_clone
sys_enter_rt_sigprocmask
sys_enter_gettid
sys_enter_sigaltstack
sys_enter_sigaltstack
sys_enter_gettid
sys_enter_rt_sigprocmask
sys_enter_clone
sys_enter_rt_sigprocmask
sys_enter_rt_sigprocmask
sys_enter_futex
sys_enter_gettid
sys_enter_rt_sigprocmask
sys_enter_clone
sys_enter_sigaltstack
sys_enter_sigaltstack
sys_enter_gettid
sys_enter_rt_sigprocmask
sys_enter_gettid
sys_enter_rt_sigprocmask
sys_enter_sigaltstack
sys_enter_sigaltstack
sys_enter_gettid
sys_enter_futex
sys_enter_futex
sys_enter_rt_sigprocmask
sys_enter_futex
sys_enter_futex
sys_enter_futex
sys_enter_mmap
sys_enter_futex
sys_enter_futex
sys_enter_futex
sys_enter_openat
sys_enter_read
sys_enter_read
sys_enter_close
sys_enter_socket
sys_enter_close
sys_enter_socket
sys_enter_setsockopt
sys_enter_bind
sys_enter_socket
sys_enter_setsockopt
sys_enter_bind
sys_enter_close
sys_enter_close
sys_enter_getpid
sys_enter_getppid
sys_enter_mmap
sys_enter_mmap
sys_enter_getppid
sys_enter_openat
sys_enter_pipe2
sys_enter_getpid
sys_enter_clone
sys_enter_setsid
sys_enter_close
sys_enter_read
sys_enter_chdir
sys_enter_execve
sys_enter_close
sys_enter_exit_group
sys_enter_mmap
sys_enter_mmap
sys_enter_mprotect
sys_enter_mmap
sys_enter_mmap
sys_enter_mprotect
sys_enter_mmap
sys_enter_mprotect
sys_enter_mmap
sys_enter_mprotect
sys_enter_mmap
sys_enter_mmap
sys_enter_close
sys_enter_munmap
sys_enter_sched_getaffinity
sys_enter_mmap
sys_enter_munmap
sys_enter_mmap
sys_enter_mmap
sys_enter_mmap
sys_enter_mmap
sys_enter_mmap
sys_enter_mmap
sys_enter_rt_sigprocmask
sys_enter_sigaltstack
sys_enter_sigaltstack
sys_enter_gettid
sys_enter_rt_sigprocmask
sys_enter_rt_sigaction
sys_enter_rt_sigaction
sys_enter_rt_sigaction
sys_enter_rt_sigaction
sys_enter_rt_sigaction
sys_enter_rt_sigaction
sys_enter_rt_sigaction
sys_enter_rt_sigaction
sys_enter_rt_sigaction
sys_enter_rt_sigaction
sys_enter_rt_sigaction
sys_enter_rt_sigaction
sys_enter_rt_sigaction
sys_enter_rt_sigaction
sys_enter_rt_sigaction
sys_enter_rt_sigaction
sys_enter_rt_sigaction
sys_enter_rt_sigaction
sys_enter_rt_sigaction
sys_enter_rt_sigaction
sys_enter_rt_sigaction
sys_enter_rt_sigaction
sys_enter_rt_sigaction
sys_enter_rt_sigaction
sys_enter_rt_sigaction
sys_enter_rt_sigaction
sys_enter_rt_sigaction
sys_enter_rt_sigaction
sys_enter_rt_sigaction
sys_enter_rt_sigaction
sys_enter_rt_sigaction
sys_enter_rt_sigaction
sys_enter_rt_sigaction
sys_enter_rt_sigaction
sys_enter_rt_sigaction
sys_enter_rt_sigaction
sys_enter_rt_sigaction
sys_enter_rt_sigaction
sys_enter_rt_sigaction
sys_enter_rt_sigaction
sys_enter_rt_sigaction
sys_enter_rt_sigaction
sys_enter_rt_sigaction
sys_enter_rt_sigaction
sys_enter_rt_sigaction
sys_enter_rt_sigaction
sys_enter_rt_sigaction
sys_enter_rt_sigaction
sys_enter_rt_sigaction
sys_enter_rt_sigaction
sys_enter_rt_sigaction
sys_enter_rt_sigaction
sys_enter_rt_sigaction
sys_enter_rt_sigaction
sys_enter_rt_sigaction
sys_enter_rt_sigaction
sys_enter_rt_sigaction
sys_enter_rt_sigaction
sys_enter_rt_sigaction
sys_enter_rt_sigaction
sys_enter_rt_sigaction
sys_enter_rt_sigaction
sys_enter_rt_sigaction
sys_enter_rt_sigaction
sys_enter_rt_sigaction
sys_enter_rt_sigaction
sys_enter_rt_sigaction
sys_enter_rt_sigaction
sys_enter_rt_sigaction
sys_enter_rt_sigaction
sys_enter_rt_sigaction
sys_enter_rt_sigaction
sys_enter_rt_sigaction
sys_enter_rt_sigaction
sys_enter_rt_sigaction
sys_enter_rt_sigaction
sys_enter_rt_sigaction
sys_enter_rt_sigaction
sys_enter_rt_sigaction
sys_enter_rt_sigaction
sys_enter_rt_sigaction
sys_enter_rt_sigaction
sys_enter_rt_sigaction
sys_enter_rt_sigaction
sys_enter_rt_sigaction
sys_enter_rt_sigaction
sys_enter_rt_sigaction
sys_enter_rt_sigaction
sys_enter_rt_sigaction
sys_enter_rt_sigaction
sys_enter_rt_sigaction
sys_enter_rt_sigaction
sys_enter_rt_sigaction
sys_enter_rt_sigaction
sys_enter_rt_sigaction
sys_enter_rt_sigaction
sys_enter_rt_sigaction
sys_enter_rt_sigaction
sys_enter_rt_sigaction
sys_enter_rt_sigaction
sys_enter_rt_sigaction
sys_enter_rt_sigaction
sys_enter_rt_sigaction
sys_enter_rt_sigaction
sys_enter_rt_sigaction
sys_enter_rt_sigaction
sys_enter_rt_sigaction
sys_enter_rt_sigaction
sys_enter_rt_sigaction
sys_enter_rt_sigaction
sys_enter_rt_sigaction
sys_enter_rt_sigaction
sys_enter_rt_sigaction
sys_enter_rt_sigaction
sys_enter_rt_sigprocmask
sys_enter_clone
sys_enter_rt_sigprocmask
sys_enter_gettid
sys_enter_sigaltstack
sys_enter_sigaltstack
sys_enter_gettid
sys_enter_rt_sigprocmask
sys_enter_rt_sigprocmask
sys_enter_clone
sys_enter_rt_sigprocmask
sys_enter_gettid
sys_enter_sigaltstack
sys_enter_sigaltstack
sys_enter_gettid
sys_enter_rt_sigprocmask
sys_enter_rt_sigprocmask
sys_enter_clone
sys_enter_rt_sigprocmask
sys_enter_clone
sys_enter_rt_sigprocmask
sys_enter_futex
sys_enter_gettid
sys_enter_sigaltstack
sys_enter_rt_sigprocmask
sys_enter_sigaltstack
sys_enter_gettid
sys_enter_gettid
sys_enter_rt_sigprocmask
sys_enter_sigaltstack
sys_enter_sigaltstack
sys_enter_gettid
sys_enter_rt_sigprocmask
sys_enter_futex
sys_enter_futex
sys_enter_futex
sys_enter_futex
sys_enter_futex
sys_enter_mmap
sys_enter_futex
sys_enter_futex
sys_enter_futex
sys_enter_openat
sys_enter_read
sys_enter_read
sys_enter_close
sys_enter_socket
sys_enter_close
sys_enter_socket
sys_enter_setsockopt
sys_enter_bind
sys_enter_socket
sys_enter_setsockopt
sys_enter_bind
sys_enter_close
sys_enter_close
sys_enter_getpid
sys_enter_getppid
sys_enter_mmap
sys_enter_mmap
sys_enter_getppid
sys_enter_openat
sys_enter_pipe2
sys_enter_getpid
sys_enter_clone
sys_enter_setsid
sys_enter_close
sys_enter_read
sys_enter_chdir
sys_enter_execve
sys_enter_close
sys_enter_exit_group
sys_enter_mmap
sys_enter_mmap
sys_enter_mprotect
sys_enter_mmap
sys_enter_mmap
sys_enter_mprotect
sys_enter_mmap
sys_enter_mprotect
sys_enter_mmap
sys_enter_mprotect
sys_enter_mmap
sys_enter_mmap
sys_enter_close
sys_enter_munmap
sys_enter_sched_getaffinity
sys_enter_mmap
sys_enter_munmap
sys_enter_mmap
sys_enter_mmap
sys_enter_mmap
sys_enter_mmap
sys_enter_mmap
sys_enter_mmap
sys_enter_rt_sigprocmask
sys_enter_sigaltstack
sys_enter_sigaltstack
sys_enter_gettid
sys_enter_rt_sigprocmask
sys_enter_rt_sigaction
sys_enter_rt_sigaction
sys_enter_rt_sigaction
sys_enter_rt_sigaction
sys_enter_rt_sigaction
sys_enter_rt_sigaction
sys_enter_rt_sigaction
sys_enter_rt_sigaction
sys_enter_rt_sigaction
sys_enter_rt_sigaction
sys_enter_rt_sigaction
sys_enter_rt_sigaction
sys_enter_rt_sigaction
sys_enter_rt_sigaction
sys_enter_rt_sigaction
sys_enter_rt_sigaction
sys_enter_rt_sigaction
sys_enter_rt_sigaction
sys_enter_rt_sigaction
sys_enter_rt_sigaction
sys_enter_rt_sigaction
sys_enter_rt_sigaction
sys_enter_rt_sigaction
sys_enter_rt_sigaction
sys_enter_rt_sigaction
sys_enter_rt_sigaction
sys_enter_rt_sigaction
sys_enter_rt_sigaction
sys_enter_rt_sigaction
sys_enter_rt_sigaction
sys_enter_rt_sigaction
sys_enter_rt_sigaction
sys_enter_rt_sigaction
sys_enter_rt_sigaction
sys_enter_rt_sigaction
sys_enter_rt_sigaction
sys_enter_rt_sigaction
sys_enter_rt_sigaction
sys_enter_rt_sigaction
sys_enter_rt_sigaction
sys_enter_rt_sigaction
sys_enter_rt_sigaction
sys_enter_rt_sigaction
sys_enter_rt_sigaction
sys_enter_rt_sigaction
sys_enter_rt_sigaction
sys_enter_rt_sigaction
sys_enter_rt_sigaction
sys_enter_rt_sigaction
sys_enter_rt_sigaction
sys_enter_rt_sigaction
sys_enter_rt_sigaction
sys_enter_rt_sigaction
sys_enter_rt_sigaction
sys_enter_rt_sigaction
sys_enter_rt_sigaction
sys_enter_rt_sigaction
sys_enter_rt_sigaction
sys_enter_rt_sigaction
sys_enter_rt_sigaction
sys_enter_rt_sigaction
sys_enter_rt_sigaction
sys_enter_rt_sigaction
sys_enter_rt_sigaction
sys_enter_rt_sigaction
sys_enter_rt_sigaction
sys_enter_rt_sigaction
sys_enter_rt_sigaction
sys_enter_rt_sigaction
sys_enter_rt_sigaction
sys_enter_rt_sigaction
sys_enter_rt_sigaction
sys_enter_rt_sigaction
sys_enter_rt_sigaction
sys_enter_rt_sigaction
sys_enter_rt_sigaction
sys_enter_rt_sigaction
sys_enter_rt_sigaction
sys_enter_rt_sigaction
sys_enter_rt_sigaction
sys_enter_rt_sigaction
sys_enter_rt_sigaction
sys_enter_rt_sigaction
sys_enter_rt_sigaction
sys_enter_rt_sigaction
sys_enter_rt_sigaction
sys_enter_rt_sigaction
sys_enter_rt_sigaction
sys_enter_rt_sigaction
sys_enter_rt_sigaction
sys_enter_rt_sigaction
sys_enter_rt_sigaction
sys_enter_rt_sigaction
sys_enter_rt_sigaction
sys_enter_rt_sigaction
sys_enter_rt_sigaction
sys_enter_rt_sigaction
sys_enter_rt_sigaction
sys_enter_rt_sigaction
sys_enter_rt_sigaction
sys_enter_rt_sigaction
sys_enter_rt_sigaction
sys_enter_rt_sigaction
sys_enter_rt_sigaction
sys_enter_rt_sigaction
sys_enter_rt_sigaction
sys_enter_rt_sigaction
sys_enter_rt_sigaction
sys_enter_rt_sigaction
sys_enter_rt_sigaction
sys_enter_rt_sigaction
sys_enter_rt_sigaction
sys_enter_rt_sigaction
sys_enter_rt_sigaction
sys_enter_rt_sigprocmask
sys_enter_clone
sys_enter_rt_sigprocmask
sys_enter_gettid
sys_enter_sigaltstack
sys_enter_sigaltstack
sys_enter_gettid
sys_enter_rt_sigprocmask
sys_enter_rt_sigprocmask
sys_enter_clone
sys_enter_rt_sigprocmask
sys_enter_gettid
sys_enter_sigaltstack
sys_enter_sigaltstack
sys_enter_gettid
sys_enter_rt_sigprocmask
sys_enter_rt_sigprocmask
sys_enter_clone
sys_enter_rt_sigprocmask
sys_enter_futex
sys_enter_rt_sigprocmask
sys_enter_clone
sys_enter_gettid
sys_enter_sigaltstack
sys_enter_sigaltstack
sys_enter_gettid
sys_enter_rt_sigprocmask
sys_enter_futex
sys_enter_rt_sigprocmask
sys_enter_futex
sys_enter_gettid
sys_enter_sigaltstack
sys_enter_sigaltstack
sys_enter_gettid
sys_enter_rt_sigprocmask
sys_enter_futex
sys_enter_futex
sys_enter_futex
sys_enter_mmap
sys_enter_futex
sys_enter_futex
sys_enter_futex
sys_enter_openat
sys_enter_read
sys_enter_read
sys_enter_close
sys_enter_socket
sys_enter_close
sys_enter_socket
sys_enter_setsockopt
sys_enter_bind
sys_enter_socket
sys_enter_setsockopt
sys_enter_bind
sys_enter_close
sys_enter_close
sys_enter_getpid
sys_enter_getppid
sys_enter_mmap
sys_enter_mmap
sys_enter_getppid
sys_enter_openat
sys_enter_pipe2
sys_enter_getpid
sys_enter_clone
sys_enter_setsid
sys_enter_close
sys_enter_read
sys_enter_chdir
sys_enter_execve
sys_enter_close
sys_enter_exit_group
sys_enter_mmap
sys_enter_mmap
sys_enter_mprotect
sys_enter_mmap
sys_enter_mmap
sys_enter_mprotect
sys_enter_mmap
sys_enter_mprotect
sys_enter_mmap
sys_enter_mprotect
sys_enter_mmap
sys_enter_mmap
sys_enter_close
sys_enter_munmap
sys_enter_sched_getaffinity
sys_enter_mmap
sys_enter_munmap
sys_enter_mmap
sys_enter_mmap
sys_enter_mmap
sys_enter_mmap
sys_enter_mmap
sys_enter_mmap
sys_enter_rt_sigprocmask
sys_enter_sigaltstack
sys_enter_sigaltstack
sys_enter_gettid
sys_enter_rt_sigprocmask
sys_enter_rt_sigaction
sys_enter_rt_sigaction
sys_enter_rt_sigaction
sys_enter_rt_sigaction
sys_enter_rt_sigaction
sys_enter_rt_sigaction
sys_enter_rt_sigaction
sys_enter_rt_sigaction
sys_enter_rt_sigaction
sys_enter_rt_sigaction
sys_enter_rt_sigaction
sys_enter_rt_sigaction
sys_enter_rt_sigaction
sys_enter_rt_sigaction
sys_enter_rt_sigaction
sys_enter_rt_sigaction
sys_enter_rt_sigaction
sys_enter_rt_sigaction
sys_enter_rt_sigaction
sys_enter_rt_sigaction
sys_enter_rt_sigaction
sys_enter_rt_sigaction
sys_enter_rt_sigaction
sys_enter_rt_sigaction
sys_enter_rt_sigaction
sys_enter_rt_sigaction
sys_enter_rt_sigaction
sys_enter_rt_sigaction
sys_enter_rt_sigaction
sys_enter_rt_sigaction
sys_enter_rt_sigaction
sys_enter_rt_sigaction
sys_enter_rt_sigaction
sys_enter_rt_sigaction
sys_enter_rt_sigaction
sys_enter_rt_sigaction
sys_enter_rt_sigaction
sys_enter_rt_sigaction
sys_enter_rt_sigaction
sys_enter_rt_sigaction
sys_enter_rt_sigaction
sys_enter_rt_sigaction
sys_enter_rt_sigaction
sys_enter_rt_sigaction
sys_enter_rt_sigaction
sys_enter_rt_sigaction
sys_enter_rt_sigaction
sys_enter_rt_sigaction
sys_enter_rt_sigaction
sys_enter_rt_sigaction
sys_enter_rt_sigaction
sys_enter_rt_sigaction
sys_enter_rt_sigaction
sys_enter_rt_sigaction
sys_enter_rt_sigaction
sys_enter_rt_sigaction
sys_enter_rt_sigaction
sys_enter_rt_sigaction
sys_enter_rt_sigaction
sys_enter_rt_sigaction
sys_enter_rt_sigaction
sys_enter_rt_sigaction
sys_enter_rt_sigaction
sys_enter_rt_sigaction
sys_enter_rt_sigaction
sys_enter_rt_sigaction
sys_enter_rt_sigaction
sys_enter_rt_sigaction
sys_enter_rt_sigaction
sys_enter_rt_sigaction
sys_enter_rt_sigaction
sys_enter_rt_sigaction
sys_enter_rt_sigaction
sys_enter_rt_sigaction
sys_enter_rt_sigaction
sys_enter_rt_sigaction
sys_enter_rt_sigaction
sys_enter_rt_sigaction
sys_enter_rt_sigaction
sys_enter_rt_sigaction
sys_enter_rt_sigaction
sys_enter_rt_sigaction
sys_enter_rt_sigaction
sys_enter_rt_sigaction
sys_enter_rt_sigaction
sys_enter_rt_sigaction
sys_enter_rt_sigaction
sys_enter_rt_sigaction
sys_enter_rt_sigaction
sys_enter_rt_sigaction
sys_enter_rt_sigaction
sys_enter_rt_sigaction
sys_enter_rt_sigaction
sys_enter_rt_sigaction
sys_enter_rt_sigaction
sys_enter_rt_sigaction
sys_enter_rt_sigaction
sys_enter_rt_sigaction
sys_enter_rt_sigaction
sys_enter_rt_sigaction
sys_enter_rt_sigaction
sys_enter_rt_sigaction
sys_enter_rt_sigaction
sys_enter_rt_sigaction
sys_enter_rt_sigaction
sys_enter_rt_sigaction
sys_enter_rt_sigaction
sys_enter_rt_sigaction
sys_enter_rt_sigaction
sys_enter_rt_sigaction
sys_enter_rt_sigaction
sys_enter_rt_sigaction
sys_enter_rt_sigaction
sys_enter_rt_sigaction
sys_enter_rt_sigprocmask
sys_enter_clone
sys_enter_rt_sigprocmask
sys_enter_gettid
sys_enter_sigaltstack
sys_enter_sigaltstack
sys_enter_gettid
sys_enter_rt_sigprocmask
sys_enter_rt_sigprocmask
sys_enter_clone
sys_enter_rt_sigprocmask
sys_enter_gettid
sys_enter_sigaltstack
sys_enter_sigaltstack
sys_enter_gettid
sys_enter_rt_sigprocmask
sys_enter_rt_sigprocmask
sys_enter_clone
sys_enter_rt_sigprocmask
sys_enter_clone
sys_enter_rt_sigprocmask
sys_enter_futex
sys_enter_gettid
sys_enter_sigaltstack
sys_enter_sigaltstack
sys_enter_gettid
sys_enter_rt_sigprocmask
sys_enter_futex
sys_enter_futex
sys_enter_rt_sigprocmask
sys_enter_gettid
sys_enter_sigaltstack
sys_enter_sigaltstack
sys_enter_gettid
sys_enter_rt_sigprocmask
sys_enter_futex
sys_enter_futex
sys_enter_futex
sys_enter_mmap
sys_enter_futex
sys_enter_futex
sys_enter_futex
sys_enter_openat
sys_enter_read
sys_enter_read
sys_enter_close
sys_enter_socket
sys_enter_close
sys_enter_socket
sys_enter_setsockopt
sys_enter_bind
sys_enter_socket
sys_enter_setsockopt
sys_enter_bind
sys_enter_close
sys_enter_close
sys_enter_getpid
sys_enter_getppid
sys_enter_mmap
sys_enter_mmap
sys_enter_getppid
sys_enter_openat
sys_enter_pipe2
sys_enter_getpid
sys_enter_clone
sys_enter_setsid
sys_enter_close
sys_enter_read
sys_enter_chdir
sys_enter_execve
sys_enter_close
sys_enter_exit_group
sys_enter_mmap
sys_enter_mmap
sys_enter_mprotect
sys_enter_mmap
sys_enter_mmap
sys_enter_mprotect
sys_enter_mmap
sys_enter_mprotect
sys_enter_mmap
sys_enter_mprotect
sys_enter_mmap
sys_enter_mmap
sys_enter_close
sys_enter_munmap
sys_enter_sched_getaffinity
sys_enter_mmap
sys_enter_munmap
sys_enter_mmap
sys_enter_mmap
sys_enter_mmap
sys_enter_mmap
sys_enter_mmap
sys_enter_mmap
sys_enter_rt_sigprocmask
sys_enter_sigaltstack
sys_enter_sigaltstack
sys_enter_gettid
sys_enter_rt_sigprocmask
sys_enter_rt_sigaction
sys_enter_rt_sigaction
sys_enter_rt_sigaction
sys_enter_rt_sigaction
sys_enter_rt_sigaction
sys_enter_rt_sigaction
sys_enter_rt_sigaction
sys_enter_rt_sigaction
sys_enter_rt_sigaction
sys_enter_rt_sigaction
sys_enter_rt_sigaction
sys_enter_rt_sigaction
sys_enter_rt_sigaction
sys_enter_rt_sigaction
sys_enter_rt_sigaction
sys_enter_rt_sigaction
sys_enter_rt_sigaction
sys_enter_rt_sigaction
sys_enter_rt_sigaction
sys_enter_rt_sigaction
sys_enter_rt_sigaction
sys_enter_rt_sigaction
sys_enter_rt_sigaction
sys_enter_rt_sigaction
sys_enter_rt_sigaction
sys_enter_rt_sigaction
sys_enter_rt_sigaction
sys_enter_rt_sigaction
sys_enter_rt_sigaction
sys_enter_rt_sigaction
sys_enter_rt_sigaction
sys_enter_rt_sigaction
sys_enter_rt_sigaction
sys_enter_rt_sigaction
sys_enter_rt_sigaction
sys_enter_rt_sigaction
sys_enter_rt_sigaction
sys_enter_rt_sigaction
sys_enter_rt_sigaction
sys_enter_rt_sigaction
sys_enter_rt_sigaction
sys_enter_rt_sigaction
sys_enter_rt_sigaction
sys_enter_rt_sigaction
sys_enter_rt_sigaction
sys_enter_rt_sigaction
sys_enter_rt_sigaction
sys_enter_rt_sigaction
sys_enter_rt_sigaction
sys_enter_rt_sigaction
sys_enter_rt_sigaction
sys_enter_rt_sigaction
sys_enter_rt_sigaction
sys_enter_rt_sigaction
sys_enter_rt_sigaction
sys_enter_rt_sigaction
sys_enter_rt_sigaction
sys_enter_rt_sigaction
sys_enter_rt_sigaction
sys_enter_rt_sigaction
sys_enter_rt_sigaction
sys_enter_rt_sigaction
sys_enter_rt_sigaction
sys_enter_rt_sigaction
sys_enter_rt_sigaction
sys_enter_rt_sigaction
sys_enter_rt_sigaction
sys_enter_rt_sigaction
sys_enter_rt_sigaction
sys_enter_rt_sigaction
sys_enter_rt_sigaction
sys_enter_rt_sigaction
sys_enter_rt_sigaction
sys_enter_rt_sigaction
sys_enter_rt_sigaction
sys_enter_rt_sigaction
sys_enter_rt_sigaction
sys_enter_rt_sigaction
sys_enter_rt_sigaction
sys_enter_rt_sigaction
sys_enter_rt_sigaction
sys_enter_rt_sigaction
sys_enter_rt_sigaction
sys_enter_rt_sigaction
sys_enter_rt_sigaction
sys_enter_rt_sigaction
sys_enter_rt_sigaction
sys_enter_rt_sigaction
sys_enter_rt_sigaction
sys_enter_rt_sigaction
sys_enter_rt_sigaction
sys_enter_rt_sigaction
sys_enter_rt_sigaction
sys_enter_rt_sigaction
sys_enter_rt_sigaction
sys_enter_rt_sigaction
sys_enter_rt_sigaction
sys_enter_rt_sigaction
sys_enter_rt_sigaction
sys_enter_rt_sigaction
sys_enter_rt_sigaction
sys_enter_rt_sigaction
sys_enter_rt_sigaction
sys_enter_rt_sigaction
sys_enter_rt_sigaction
sys_enter_rt_sigaction
sys_enter_rt_sigaction
sys_enter_rt_sigaction
sys_enter_rt_sigaction
sys_enter_rt_sigaction
sys_enter_rt_sigaction
sys_enter_rt_sigaction
sys_enter_rt_sigaction
sys_enter_rt_sigaction
sys_enter_rt_sigprocmask
sys_enter_clone
sys_enter_rt_sigprocmask
sys_enter_gettid
sys_enter_sigaltstack
sys_enter_sigaltstack
sys_enter_gettid
sys_enter_rt_sigprocmask
sys_enter_rt_sigprocmask
sys_enter_clone
sys_enter_rt_sigprocmask
sys_enter_gettid
sys_enter_sigaltstack
sys_enter_sigaltstack
sys_enter_gettid
sys_enter_rt_sigprocmask
sys_enter_rt_sigprocmask
sys_enter_clone
sys_enter_rt_sigprocmask
sys_enter_clone
sys_enter_rt_sigprocmask
sys_enter_futex
sys_enter_gettid
sys_enter_sigaltstack
sys_enter_rt_sigprocmask
sys_enter_sigaltstack
sys_enter_gettid
sys_enter_gettid
sys_enter_rt_sigprocmask
sys_enter_sigaltstack
sys_enter_sigaltstack
sys_enter_futex
sys_enter_gettid
sys_enter_rt_sigprocmask
sys_enter_futex
sys_enter_futex
sys_enter_futex
sys_enter_futex
sys_enter_mmap
sys_enter_futex
sys_enter_futex
sys_enter_futex
sys_enter_openat
sys_enter_read
sys_enter_read
sys_enter_close
sys_enter_socket
sys_enter_close
sys_enter_socket
sys_enter_setsockopt
sys_enter_bind
sys_enter_socket
sys_enter_setsockopt
sys_enter_bind
sys_enter_close
sys_enter_close
sys_enter_getpid
sys_enter_getppid
sys_enter_mmap
sys_enter_mmap
sys_enter_getppid
sys_enter_openat
sys_enter_pipe2
sys_enter_getpid
sys_enter_clone
sys_enter_setsid
sys_enter_close
sys_enter_chdir
sys_enter_read
sys_enter_execve
sys_enter_close
sys_enter_exit_group
sys_enter_mmap
sys_enter_mmap
sys_enter_mprotect
sys_enter_mmap
sys_enter_mmap
sys_enter_mprotect
sys_enter_mmap
sys_enter_mprotect
sys_enter_mmap
sys_enter_mprotect
sys_enter_mmap
sys_enter_mmap
sys_enter_close
sys_enter_munmap
sys_enter_sched_getaffinity
sys_enter_mmap
sys_enter_munmap
sys_enter_mmap
sys_enter_mmap
sys_enter_mmap
sys_enter_mmap
sys_enter_mmap
sys_enter_mmap
sys_enter_rt_sigprocmask
sys_enter_sigaltstack
sys_enter_sigaltstack
sys_enter_gettid
sys_enter_rt_sigprocmask
sys_enter_rt_sigaction
sys_enter_rt_sigaction
sys_enter_rt_sigaction
sys_enter_rt_sigaction
sys_enter_rt_sigaction
sys_enter_rt_sigaction
sys_enter_rt_sigaction
sys_enter_rt_sigaction
sys_enter_rt_sigaction
sys_enter_rt_sigaction
sys_enter_rt_sigaction
sys_enter_rt_sigaction
sys_enter_rt_sigaction
sys_enter_rt_sigaction
sys_enter_rt_sigaction
sys_enter_rt_sigaction
sys_enter_rt_sigaction
sys_enter_rt_sigaction
sys_enter_rt_sigaction
sys_enter_rt_sigaction
sys_enter_rt_sigaction
sys_enter_rt_sigaction
sys_enter_rt_sigaction
sys_enter_rt_sigaction
sys_enter_rt_sigaction
sys_enter_rt_sigaction
sys_enter_rt_sigaction
sys_enter_rt_sigaction
sys_enter_rt_sigaction
sys_enter_rt_sigaction
sys_enter_rt_sigaction
sys_enter_rt_sigaction
sys_enter_rt_sigaction
sys_enter_rt_sigaction
sys_enter_rt_sigaction
sys_enter_rt_sigaction
sys_enter_rt_sigaction
sys_enter_rt_sigaction
sys_enter_rt_sigaction
sys_enter_rt_sigaction
sys_enter_rt_sigaction
sys_enter_rt_sigaction
sys_enter_rt_sigaction
sys_enter_rt_sigaction
sys_enter_rt_sigaction
sys_enter_rt_sigaction
sys_enter_rt_sigaction
sys_enter_rt_sigaction
sys_enter_rt_sigaction
sys_enter_rt_sigaction
sys_enter_rt_sigaction
sys_enter_rt_sigaction
sys_enter_rt_sigaction
sys_enter_rt_sigaction
sys_enter_rt_sigaction
sys_enter_rt_sigaction
sys_enter_rt_sigaction
sys_enter_rt_sigaction
sys_enter_rt_sigaction
sys_enter_rt_sigaction
sys_enter_rt_sigaction
sys_enter_rt_sigaction
sys_enter_rt_sigaction
sys_enter_rt_sigaction
sys_enter_rt_sigaction
sys_enter_rt_sigaction
sys_enter_rt_sigaction
sys_enter_rt_sigaction
sys_enter_rt_sigaction
sys_enter_rt_sigaction
sys_enter_rt_sigaction
sys_enter_rt_sigaction
sys_enter_rt_sigaction
sys_enter_rt_sigaction
sys_enter_rt_sigaction
sys_enter_rt_sigaction
sys_enter_rt_sigaction
sys_enter_rt_sigaction
sys_enter_rt_sigaction
sys_enter_rt_sigaction
sys_enter_rt_sigaction
sys_enter_rt_sigaction
sys_enter_rt_sigaction
sys_enter_rt_sigaction
sys_enter_rt_sigaction
sys_enter_rt_sigaction
sys_enter_rt_sigaction
sys_enter_rt_sigaction
sys_enter_rt_sigaction
sys_enter_rt_sigaction
sys_enter_rt_sigaction
sys_enter_rt_sigaction
sys_enter_rt_sigaction
sys_enter_rt_sigaction
sys_enter_rt_sigaction
sys_enter_rt_sigaction
sys_enter_rt_sigaction
sys_enter_rt_sigaction
sys_enter_rt_sigaction
sys_enter_rt_sigaction
sys_enter_rt_sigaction
sys_enter_rt_sigaction
sys_enter_rt_sigaction
sys_enter_rt_sigaction
sys_enter_rt_sigaction
sys_enter_rt_sigaction
sys_enter_rt_sigaction
sys_enter_rt_sigaction
sys_enter_rt_sigaction
sys_enter_rt_sigaction
sys_enter_rt_sigaction
sys_enter_rt_sigaction
sys_enter_rt_sigaction
sys_enter_rt_sigaction
sys_enter_rt_sigprocmask
sys_enter_clone
sys_enter_rt_sigprocmask
sys_enter_gettid
sys_enter_sigaltstack
sys_enter_sigaltstack
sys_enter_gettid
sys_enter_rt_sigprocmask
sys_enter_rt_sigprocmask
sys_enter_clone
sys_enter_rt_sigprocmask
sys_enter_gettid
sys_enter_sigaltstack
sys_enter_sigaltstack
sys_enter_rt_sigprocmask
sys_enter_clone
sys_enter_gettid
sys_enter_rt_sigprocmask
sys_enter_rt_sigprocmask
sys_enter_sched_yield
sys_enter_futex
sys_enter_futex
sys_enter_gettid
sys_enter_sigaltstack
sys_enter_sigaltstack
sys_enter_gettid
sys_enter_rt_sigprocmask
sys_enter_futex
sys_enter_futex
sys_enter_rt_sigprocmask
sys_enter_clone
sys_enter_rt_sigprocmask
sys_enter_futex
sys_enter_gettid
sys_enter_sigaltstack
sys_enter_sigaltstack
sys_enter_gettid
sys_enter_rt_sigprocmask
sys_enter_futex
sys_enter_futex
sys_enter_mmap
sys_enter_futex
sys_enter_futex
sys_enter_futex
sys_enter_openat
sys_enter_read
sys_enter_read
sys_enter_close
sys_enter_socket
sys_enter_close
sys_enter_socket
sys_enter_setsockopt
sys_enter_bind
sys_enter_socket
sys_enter_setsockopt
sys_enter_bind
sys_enter_close
sys_enter_close
sys_enter_getpid
sys_enter_getppid
sys_enter_mmap
sys_enter_mmap
sys_enter_getppid
sys_enter_openat
sys_enter_pipe2
sys_enter_getpid
sys_enter_clone
sys_enter_setsid
sys_enter_close
sys_enter_read
sys_enter_chdir
sys_enter_execve
sys_enter_close
sys_enter_mmap
sys_enter_exit_group
sys_enter_mmap
sys_enter_mprotect
sys_enter_mmap
sys_enter_mmap
sys_enter_mprotect
sys_enter_mmap
sys_enter_mprotect
sys_enter_mmap
sys_enter_mprotect
sys_enter_mmap
sys_enter_mmap
sys_enter_close
sys_enter_munmap
sys_enter_sched_getaffinity
sys_enter_mmap
sys_enter_munmap
sys_enter_mmap
sys_enter_mmap
sys_enter_mmap
sys_enter_mmap
sys_enter_mmap
sys_enter_mmap
sys_enter_rt_sigprocmask
sys_enter_sigaltstack
sys_enter_sigaltstack
sys_enter_gettid
sys_enter_rt_sigprocmask
sys_enter_rt_sigaction
sys_enter_rt_sigaction
sys_enter_rt_sigaction
sys_enter_rt_sigaction
sys_enter_rt_sigaction
sys_enter_rt_sigaction
sys_enter_rt_sigaction
sys_enter_rt_sigaction
sys_enter_rt_sigaction
sys_enter_rt_sigaction
sys_enter_rt_sigaction
sys_enter_rt_sigaction
sys_enter_rt_sigaction
sys_enter_rt_sigaction
sys_enter_rt_sigaction
sys_enter_rt_sigaction
sys_enter_rt_sigaction
sys_enter_rt_sigaction
sys_enter_rt_sigaction
sys_enter_rt_sigaction
sys_enter_rt_sigaction
sys_enter_rt_sigaction
sys_enter_rt_sigaction
sys_enter_rt_sigaction
sys_enter_rt_sigaction
sys_enter_rt_sigaction
sys_enter_rt_sigaction
sys_enter_rt_sigaction
sys_enter_rt_sigaction
sys_enter_rt_sigaction
sys_enter_rt_sigaction
sys_enter_rt_sigaction
sys_enter_rt_sigaction
sys_enter_rt_sigaction
sys_enter_rt_sigaction
sys_enter_rt_sigaction
sys_enter_rt_sigaction
sys_enter_rt_sigaction
sys_enter_rt_sigaction
sys_enter_rt_sigaction
sys_enter_rt_sigaction
sys_enter_rt_sigaction
sys_enter_rt_sigaction
sys_enter_rt_sigaction
sys_enter_rt_sigaction
sys_enter_rt_sigaction
sys_enter_rt_sigaction
sys_enter_rt_sigaction
sys_enter_rt_sigaction
sys_enter_rt_sigaction
sys_enter_rt_sigaction
sys_enter_rt_sigaction
sys_enter_rt_sigaction
sys_enter_rt_sigaction
sys_enter_rt_sigaction
sys_enter_rt_sigaction
sys_enter_rt_sigaction
sys_enter_rt_sigaction
sys_enter_rt_sigaction
sys_enter_rt_sigaction
sys_enter_rt_sigaction
sys_enter_rt_sigaction
sys_enter_rt_sigaction
sys_enter_rt_sigaction
sys_enter_rt_sigaction
sys_enter_rt_sigaction
sys_enter_rt_sigaction
sys_enter_rt_sigaction
sys_enter_rt_sigaction
sys_enter_rt_sigaction
sys_enter_rt_sigaction
sys_enter_rt_sigaction
sys_enter_rt_sigaction
sys_enter_rt_sigaction
sys_enter_rt_sigaction
sys_enter_rt_sigaction
sys_enter_rt_sigaction
sys_enter_rt_sigaction
sys_enter_rt_sigaction
sys_enter_rt_sigaction
sys_enter_rt_sigaction
sys_enter_rt_sigaction
sys_enter_rt_sigaction
sys_enter_rt_sigaction
sys_enter_rt_sigaction
sys_enter_rt_sigaction
sys_enter_rt_sigaction
sys_enter_rt_sigaction
sys_enter_rt_sigaction
sys_enter_rt_sigaction
sys_enter_rt_sigaction
sys_enter_rt_sigaction
sys_enter_rt_sigaction
sys_enter_rt_sigaction
sys_enter_rt_sigaction
sys_enter_rt_sigaction
sys_enter_rt_sigaction
sys_enter_rt_sigaction
sys_enter_rt_sigaction
sys_enter_rt_sigaction
sys_enter_rt_sigaction
sys_enter_rt_sigaction
sys_enter_rt_sigaction
sys_enter_rt_sigaction
sys_enter_rt_sigaction
sys_enter_rt_sigaction
sys_enter_rt_sigaction
sys_enter_rt_sigaction
sys_enter_rt_sigaction
sys_enter_rt_sigaction
sys_enter_rt_sigaction
sys_enter_rt_sigaction
sys_enter_rt_sigaction
sys_enter_rt_sigaction
sys_enter_rt_sigprocmask
sys_enter_clone
sys_enter_rt_sigprocmask
sys_enter_rt_sigprocmask
sys_enter_clone
sys_enter_rt_sigprocmask
sys_enter_gettid
sys_enter_sigaltstack
sys_enter_sigaltstack
sys_enter_gettid
sys_enter_rt_sigprocmask
sys_enter_rt_sigprocmask
sys_enter_clone
sys_enter_gettid
sys_enter_sigaltstack
sys_enter_sigaltstack
sys_enter_rt_sigprocmask
sys_enter_clone
sys_enter_gettid
sys_enter_rt_sigprocmask
sys_enter_rt_sigprocmask
sys_enter_futex
sys_enter_rt_sigprocmask
sys_enter_gettid
sys_enter_sigaltstack
sys_enter_sigaltstack
sys_enter_gettid
sys_enter_rt_sigprocmask
sys_enter_gettid
sys_enter_sigaltstack
sys_enter_futex
sys_enter_sigaltstack
sys_enter_gettid
sys_enter_futex
sys_enter_rt_sigprocmask
sys_enter_futex
sys_enter_futex
sys_enter_futex
sys_enter_mmap
sys_enter_futex
sys_enter_futex
sys_enter_futex
sys_enter_openat
sys_enter_read
sys_enter_read
sys_enter_close
sys_enter_socket
sys_enter_close
sys_enter_socket
sys_enter_setsockopt
sys_enter_bind
sys_enter_socket
sys_enter_setsockopt
sys_enter_bind
sys_enter_close
sys_enter_close
sys_enter_getpid
sys_enter_getppid
sys_enter_mmap
sys_enter_mmap
sys_enter_getppid
sys_enter_openat
sys_enter_pipe2
sys_enter_getpid
sys_enter_clone
sys_enter_setsid
sys_enter_close
sys_enter_read
sys_enter_chdir
sys_enter_execve
sys_enter_close
sys_enter_exit_group
sys_enter_mmap
sys_enter_mmap
sys_enter_mprotect
sys_enter_mmap
sys_enter_mmap
sys_enter_mprotect
sys_enter_mmap
sys_enter_mprotect
sys_enter_mmap
sys_enter_mprotect
sys_enter_mmap
sys_enter_mmap
sys_enter_close
sys_enter_munmap
sys_enter_sched_getaffinity
sys_enter_mmap
sys_enter_munmap
sys_enter_mmap
sys_enter_mmap
sys_enter_mmap
sys_enter_mmap
sys_enter_mmap
sys_enter_mmap
sys_enter_rt_sigprocmask
sys_enter_sigaltstack
sys_enter_sigaltstack
sys_enter_gettid
sys_enter_rt_sigprocmask
sys_enter_rt_sigaction
sys_enter_rt_sigaction
sys_enter_rt_sigaction
sys_enter_rt_sigaction
sys_enter_rt_sigaction
sys_enter_rt_sigaction
sys_enter_rt_sigaction
sys_enter_rt_sigaction
sys_enter_rt_sigaction
sys_enter_rt_sigaction
sys_enter_rt_sigaction
sys_enter_rt_sigaction
sys_enter_rt_sigaction
sys_enter_rt_sigaction
sys_enter_rt_sigaction
sys_enter_rt_sigaction
sys_enter_rt_sigaction
sys_enter_rt_sigaction
sys_enter_rt_sigaction
sys_enter_rt_sigaction
sys_enter_rt_sigaction
sys_enter_rt_sigaction
sys_enter_rt_sigaction
sys_enter_rt_sigaction
sys_enter_rt_sigaction
sys_enter_rt_sigaction
sys_enter_rt_sigaction
sys_enter_rt_sigaction
sys_enter_rt_sigaction
sys_enter_rt_sigaction
sys_enter_rt_sigaction
sys_enter_rt_sigaction
sys_enter_rt_sigaction
sys_enter_rt_sigaction
sys_enter_rt_sigaction
sys_enter_rt_sigaction
sys_enter_rt_sigaction
sys_enter_rt_sigaction
sys_enter_rt_sigaction
sys_enter_rt_sigaction
sys_enter_rt_sigaction
sys_enter_rt_sigaction
sys_enter_rt_sigaction
sys_enter_rt_sigaction
sys_enter_rt_sigaction
sys_enter_rt_sigaction
sys_enter_rt_sigaction
sys_enter_rt_sigaction
sys_enter_rt_sigaction
sys_enter_rt_sigaction
sys_enter_rt_sigaction
sys_enter_rt_sigaction
sys_enter_rt_sigaction
sys_enter_rt_sigaction
sys_enter_rt_sigaction
sys_enter_rt_sigaction
sys_enter_rt_sigaction
sys_enter_rt_sigaction
sys_enter_rt_sigaction
sys_enter_rt_sigaction
sys_enter_rt_sigaction
sys_enter_rt_sigaction
sys_enter_rt_sigaction
sys_enter_rt_sigaction
sys_enter_rt_sigaction
sys_enter_rt_sigaction
sys_enter_rt_sigaction
sys_enter_rt_sigaction
sys_enter_rt_sigaction
sys_enter_rt_sigaction
sys_enter_rt_sigaction
sys_enter_rt_sigaction
sys_enter_rt_sigaction
sys_enter_rt_sigaction
sys_enter_rt_sigaction
sys_enter_rt_sigaction
sys_enter_rt_sigaction
sys_enter_rt_sigaction
sys_enter_rt_sigaction
sys_enter_rt_sigaction
sys_enter_rt_sigaction
sys_enter_rt_sigaction
sys_enter_rt_sigaction
sys_enter_rt_sigaction
sys_enter_rt_sigaction
sys_enter_rt_sigaction
sys_enter_rt_sigaction
sys_enter_rt_sigaction
sys_enter_rt_sigaction
sys_enter_rt_sigaction
sys_enter_rt_sigaction
sys_enter_rt_sigaction
sys_enter_rt_sigaction
sys_enter_rt_sigaction
sys_enter_rt_sigaction
sys_enter_rt_sigaction
sys_enter_rt_sigaction
sys_enter_rt_sigaction
sys_enter_rt_sigaction
sys_enter_rt_sigaction
sys_enter_rt_sigaction
sys_enter_rt_sigaction
sys_enter_rt_sigaction
sys_enter_rt_sigaction
sys_enter_rt_sigaction
sys_enter_rt_sigaction
sys_enter_rt_sigaction
sys_enter_rt_sigaction
sys_enter_rt_sigaction
sys_enter_rt_sigaction
sys_enter_rt_sigaction
sys_enter_rt_sigaction
sys_enter_rt_sigaction
sys_enter_rt_sigaction
sys_enter_rt_sigprocmask
sys_enter_clone
sys_enter_rt_sigprocmask
sys_enter_gettid
sys_enter_sigaltstack
sys_enter_sigaltstack
sys_enter_gettid
sys_enter_rt_sigprocmask
sys_enter_rt_sigprocmask
sys_enter_clone
sys_enter_rt_sigprocmask
sys_enter_gettid
sys_enter_sigaltstack
sys_enter_sigaltstack
sys_enter_gettid
sys_enter_rt_sigprocmask
sys_enter_rt_sigprocmask
sys_enter_clone
sys_enter_mmap
sys_enter_rt_sigprocmask
sys_enter_futex
sys_enter_mmap
sys_enter_gettid
sys_enter_sigaltstack
sys_enter_sigaltstack
sys_enter_gettid
sys_enter_rt_sigprocmask
sys_enter_futex
sys_enter_rt_sigprocmask
sys_enter_clone
sys_enter_rt_sigprocmask
sys_enter_futex
sys_enter_gettid
sys_enter_sigaltstack
sys_enter_sigaltstack
sys_enter_gettid
sys_enter_rt_sigprocmask
sys_enter_futex
sys_enter_futex
sys_enter_mmap
sys_enter_futex
sys_enter_futex
sys_enter_futex
sys_enter_openat
sys_enter_futex
sys_enter_futex
sys_enter_read
sys_enter_futex
sys_enter_read
sys_enter_close
sys_enter_socket
sys_enter_close
sys_enter_socket
sys_enter_setsockopt
sys_enter_bind
sys_enter_socket
sys_enter_setsockopt
sys_enter_bind
sys_enter_close
sys_enter_close
sys_enter_getpid
sys_enter_getppid
sys_enter_mmap
sys_enter_mmap
sys_enter_getppid
sys_enter_openat
sys_enter_pipe2
sys_enter_getpid
sys_enter_clone
sys_enter_setsid
sys_enter_close
sys_enter_read
sys_enter_chdir
sys_enter_execve
sys_enter_close
sys_enter_exit_group
sys_enter_mmap
sys_enter_mmap
sys_enter_mprotect
sys_enter_mmap
sys_enter_mmap
sys_enter_mprotect
sys_enter_mmap
sys_enter_mprotect
sys_enter_mmap
sys_enter_mprotect
sys_enter_mmap
sys_enter_mmap
sys_enter_close
sys_enter_munmap
sys_enter_sched_getaffinity
sys_enter_mmap
sys_enter_munmap
sys_enter_mmap
sys_enter_mmap
sys_enter_mmap
sys_enter_mmap
sys_enter_mmap
sys_enter_mmap
sys_enter_rt_sigprocmask
sys_enter_sigaltstack
sys_enter_sigaltstack
sys_enter_gettid
sys_enter_rt_sigprocmask
sys_enter_rt_sigaction
sys_enter_rt_sigaction
sys_enter_rt_sigaction
sys_enter_rt_sigaction
sys_enter_rt_sigaction
sys_enter_rt_sigaction
sys_enter_rt_sigaction
sys_enter_rt_sigaction
sys_enter_rt_sigaction
sys_enter_rt_sigaction
sys_enter_rt_sigaction
sys_enter_rt_sigaction
sys_enter_rt_sigaction
sys_enter_rt_sigaction
sys_enter_rt_sigaction
sys_enter_rt_sigaction
sys_enter_rt_sigaction
sys_enter_rt_sigaction
sys_enter_rt_sigaction
sys_enter_rt_sigaction
sys_enter_rt_sigaction
sys_enter_rt_sigaction
sys_enter_rt_sigaction
sys_enter_rt_sigaction
sys_enter_rt_sigaction
sys_enter_rt_sigaction
sys_enter_rt_sigaction
sys_enter_rt_sigaction
sys_enter_rt_sigaction
sys_enter_rt_sigaction
sys_enter_rt_sigaction
sys_enter_rt_sigaction
sys_enter_rt_sigaction
sys_enter_rt_sigaction
sys_enter_rt_sigaction
sys_enter_rt_sigaction
sys_enter_rt_sigaction
sys_enter_rt_sigaction
sys_enter_rt_sigaction
sys_enter_rt_sigaction
sys_enter_rt_sigaction
sys_enter_rt_sigaction
sys_enter_rt_sigaction
sys_enter_rt_sigaction
sys_enter_rt_sigaction
sys_enter_rt_sigaction
sys_enter_rt_sigaction
sys_enter_rt_sigaction
sys_enter_rt_sigaction
sys_enter_rt_sigaction
sys_enter_rt_sigaction
sys_enter_rt_sigaction
sys_enter_rt_sigaction
sys_enter_rt_sigaction
sys_enter_rt_sigaction
sys_enter_rt_sigaction
sys_enter_rt_sigaction
sys_enter_rt_sigaction
sys_enter_rt_sigaction
sys_enter_rt_sigaction
sys_enter_rt_sigaction
sys_enter_rt_sigaction
sys_enter_rt_sigaction
sys_enter_rt_sigaction
sys_enter_rt_sigaction
sys_enter_rt_sigaction
sys_enter_rt_sigaction
sys_enter_rt_sigaction
sys_enter_rt_sigaction
sys_enter_rt_sigaction
sys_enter_rt_sigaction
sys_enter_rt_sigaction
sys_enter_rt_sigaction
sys_enter_rt_sigaction
sys_enter_rt_sigaction
sys_enter_rt_sigaction
sys_enter_rt_sigaction
sys_enter_rt_sigaction
sys_enter_rt_sigaction
sys_enter_rt_sigaction
sys_enter_rt_sigaction
sys_enter_rt_sigaction
sys_enter_rt_sigaction
sys_enter_rt_sigaction
sys_enter_rt_sigaction
sys_enter_rt_sigaction
sys_enter_rt_sigaction
sys_enter_rt_sigaction
sys_enter_rt_sigaction
sys_enter_rt_sigaction
sys_enter_rt_sigaction
sys_enter_rt_sigaction
sys_enter_rt_sigaction
sys_enter_rt_sigaction
sys_enter_rt_sigaction
sys_enter_rt_sigaction
sys_enter_rt_sigaction
sys_enter_rt_sigaction
sys_enter_rt_sigaction
sys_enter_rt_sigaction
sys_enter_rt_sigaction
sys_enter_rt_sigaction
sys_enter_rt_sigaction
sys_enter_rt_sigaction
sys_enter_rt_sigaction
sys_enter_rt_sigaction
sys_enter_rt_sigaction
sys_enter_rt_sigaction
sys_enter_rt_sigaction
sys_enter_rt_sigaction
sys_enter_rt_sigaction
sys_enter_rt_sigaction
sys_enter_rt_sigaction
sys_enter_rt_sigaction
sys_enter_rt_sigprocmask
sys_enter_clone
sys_enter_rt_sigprocmask
sys_enter_gettid
sys_enter_sigaltstack
sys_enter_sigaltstack
sys_enter_gettid
sys_enter_rt_sigprocmask
sys_enter_rt_sigprocmask
sys_enter_clone
sys_enter_rt_sigprocmask
sys_enter_gettid
sys_enter_sigaltstack
sys_enter_sigaltstack
sys_enter_gettid
sys_enter_rt_sigprocmask
sys_enter_rt_sigprocmask
sys_enter_clone
sys_enter_rt_sigprocmask
sys_enter_rt_sigprocmask
sys_enter_clone
sys_enter_futex
sys_enter_gettid
sys_enter_sigaltstack
sys_enter_sigaltstack
sys_enter_gettid
sys_enter_rt_sigprocmask
sys_enter_futex
sys_enter_rt_sigprocmask
sys_enter_gettid
sys_enter_sigaltstack
sys_enter_sigaltstack
sys_enter_gettid
sys_enter_rt_sigprocmask
sys_enter_futex
sys_enter_futex
sys_enter_futex
sys_enter_mmap
sys_enter_futex
sys_enter_futex
sys_enter_futex
sys_enter_futex
sys_enter_openat
sys_enter_futex
sys_enter_futex
sys_enter_futex
sys_enter_futex
sys_enter_futex
sys_enter_futex
sys_enter_futex
sys_enter_futex
sys_enter_read
sys_enter_read
sys_enter_close
sys_enter_socket
sys_enter_close
sys_enter_socket
sys_enter_setsockopt
sys_enter_bind
sys_enter_socket
sys_enter_setsockopt
sys_enter_bind
sys_enter_close
sys_enter_close
sys_enter_getpid
sys_enter_getppid
sys_enter_mmap
sys_enter_mmap
sys_enter_getppid
sys_enter_openat
sys_enter_pipe2
sys_enter_getpid
sys_enter_clone
sys_enter_setsid
sys_enter_close
sys_enter_read
sys_enter_chdir
sys_enter_execve
sys_enter_close
sys_enter_exit_group
sys_enter_mmap
sys_enter_mmap
sys_enter_mprotect
sys_enter_mmap
sys_enter_mmap
sys_enter_mprotect
sys_enter_mmap
sys_enter_mprotect
sys_enter_mmap
sys_enter_mprotect
sys_enter_mmap
sys_enter_mmap
sys_enter_close
sys_enter_munmap
sys_enter_sched_getaffinity
sys_enter_mmap
sys_enter_munmap
sys_enter_mmap
sys_enter_mmap
sys_enter_mmap
sys_enter_mmap
sys_enter_mmap
sys_enter_mmap
sys_enter_rt_sigprocmask
sys_enter_sigaltstack
sys_enter_sigaltstack
sys_enter_gettid
sys_enter_rt_sigprocmask
sys_enter_rt_sigaction
sys_enter_rt_sigaction
sys_enter_rt_sigaction
sys_enter_rt_sigaction
sys_enter_rt_sigaction
sys_enter_rt_sigaction
sys_enter_rt_sigaction
sys_enter_rt_sigaction
sys_enter_rt_sigaction
sys_enter_rt_sigaction
sys_enter_rt_sigaction
sys_enter_rt_sigaction
sys_enter_rt_sigaction
sys_enter_rt_sigaction
sys_enter_rt_sigaction
sys_enter_rt_sigaction
sys_enter_rt_sigaction
sys_enter_rt_sigaction
sys_enter_rt_sigaction
sys_enter_rt_sigaction
sys_enter_rt_sigaction
sys_enter_rt_sigaction
sys_enter_rt_sigaction
sys_enter_rt_sigaction
sys_enter_rt_sigaction
sys_enter_rt_sigaction
sys_enter_rt_sigaction
sys_enter_rt_sigaction
sys_enter_rt_sigaction
sys_enter_rt_sigaction
sys_enter_rt_sigaction
sys_enter_rt_sigaction
sys_enter_rt_sigaction
sys_enter_rt_sigaction
sys_enter_rt_sigaction
sys_enter_rt_sigaction
sys_enter_rt_sigaction
sys_enter_rt_sigaction
sys_enter_rt_sigaction
sys_enter_rt_sigaction
sys_enter_rt_sigaction
sys_enter_rt_sigaction
sys_enter_rt_sigaction
sys_enter_rt_sigaction
sys_enter_rt_sigaction
sys_enter_rt_sigaction
sys_enter_rt_sigaction
sys_enter_rt_sigaction
sys_enter_rt_sigaction
sys_enter_rt_sigaction
sys_enter_rt_sigaction
sys_enter_rt_sigaction
sys_enter_rt_sigaction
sys_enter_rt_sigaction
sys_enter_rt_sigaction
sys_enter_rt_sigaction
sys_enter_rt_sigaction
sys_enter_rt_sigaction
sys_enter_rt_sigaction
sys_enter_rt_sigaction
sys_enter_rt_sigaction
sys_enter_rt_sigaction
sys_enter_rt_sigaction
sys_enter_rt_sigaction
sys_enter_rt_sigaction
sys_enter_rt_sigaction
sys_enter_rt_sigaction
sys_enter_rt_sigaction
sys_enter_rt_sigaction
sys_enter_rt_sigaction
sys_enter_rt_sigaction
sys_enter_rt_sigaction
sys_enter_rt_sigaction
sys_enter_rt_sigaction
sys_enter_rt_sigaction
sys_enter_rt_sigaction
sys_enter_rt_sigaction
sys_enter_rt_sigaction
sys_enter_rt_sigaction
sys_enter_rt_sigaction
sys_enter_rt_sigaction
sys_enter_rt_sigaction
sys_enter_rt_sigaction
sys_enter_rt_sigaction
sys_enter_rt_sigaction
sys_enter_rt_sigaction
sys_enter_rt_sigaction
sys_enter_rt_sigaction
sys_enter_rt_sigaction
sys_enter_rt_sigaction
sys_enter_rt_sigaction
sys_enter_rt_sigaction
sys_enter_rt_sigaction
sys_enter_rt_sigaction
sys_enter_rt_sigaction
sys_enter_rt_sigaction
sys_enter_rt_sigaction
sys_enter_rt_sigaction
sys_enter_rt_sigaction
sys_enter_rt_sigaction
sys_enter_rt_sigaction
sys_enter_rt_sigaction
sys_enter_rt_sigaction
sys_enter_rt_sigaction
sys_enter_rt_sigaction
sys_enter_rt_sigaction
sys_enter_rt_sigaction
sys_enter_rt_sigaction
sys_enter_rt_sigaction
sys_enter_rt_sigaction
sys_enter_rt_sigaction
sys_enter_rt_sigaction
sys_enter_rt_sigaction
sys_enter_rt_sigaction
sys_enter_rt_sigprocmask
sys_enter_clone
sys_enter_rt_sigprocmask
sys_enter_rt_sigprocmask
sys_enter_clone
sys_enter_rt_sigprocmask
sys_enter_gettid
sys_enter_sigaltstack
sys_enter_sigaltstack
sys_enter_rt_sigprocmask
sys_enter_gettid
sys_enter_gettid
sys_enter_clone
sys_enter_rt_sigprocmask
sys_enter_sigaltstack
sys_enter_sigaltstack
sys_enter_gettid
sys_enter_rt_sigprocmask
sys_enter_rt_sigprocmask
sys_enter_futex
sys_enter_gettid
sys_enter_sigaltstack
sys_enter_sigaltstack
sys_enter_gettid
sys_enter_rt_sigprocmask
sys_enter_futex
sys_enter_futex
sys_enter_rt_sigprocmask
sys_enter_clone
sys_enter_rt_sigprocmask
sys_enter_gettid
sys_enter_futex
sys_enter_sigaltstack
sys_enter_sigaltstack
sys_enter_gettid
sys_enter_rt_sigprocmask
sys_enter_futex
sys_enter_futex
sys_enter_mmap
sys_enter_futex
sys_enter_futex
sys_enter_futex
sys_enter_openat
sys_enter_read
sys_enter_read
sys_enter_close
sys_enter_socket
sys_enter_close
sys_enter_socket
sys_enter_setsockopt
sys_enter_bind
sys_enter_socket
sys_enter_setsockopt
sys_enter_bind
sys_enter_close
sys_enter_close
sys_enter_getpid
sys_enter_getppid
sys_enter_mmap
sys_enter_mmap
sys_enter_getppid
sys_enter_openat
sys_enter_pipe2
sys_enter_getpid
sys_enter_clone
sys_enter_setsid
sys_enter_close
sys_enter_read
sys_enter_chdir
sys_enter_execve
sys_enter_close
sys_enter_exit_group
sys_enter_mmap
sys_enter_mmap
sys_enter_mprotect
sys_enter_mmap
sys_enter_mmap
sys_enter_mprotect
sys_enter_mmap
sys_enter_mprotect
sys_enter_mmap
sys_enter_mprotect
sys_enter_mmap
sys_enter_mmap
sys_enter_close
sys_enter_munmap
sys_enter_sched_getaffinity
sys_enter_mmap
sys_enter_munmap
sys_enter_mmap
sys_enter_mmap
sys_enter_mmap
sys_enter_mmap
sys_enter_mmap
sys_enter_mmap
sys_enter_rt_sigprocmask
sys_enter_sigaltstack
sys_enter_sigaltstack
sys_enter_gettid
sys_enter_rt_sigprocmask
sys_enter_rt_sigaction
sys_enter_rt_sigaction
sys_enter_rt_sigaction
sys_enter_rt_sigaction
sys_enter_rt_sigaction
sys_enter_rt_sigaction
sys_enter_rt_sigaction
sys_enter_rt_sigaction
sys_enter_rt_sigaction
sys_enter_rt_sigaction
sys_enter_rt_sigaction
sys_enter_rt_sigaction
sys_enter_rt_sigaction
sys_enter_rt_sigaction
sys_enter_rt_sigaction
sys_enter_rt_sigaction
sys_enter_rt_sigaction
sys_enter_rt_sigaction
sys_enter_rt_sigaction
sys_enter_rt_sigaction
sys_enter_rt_sigaction
sys_enter_rt_sigaction
sys_enter_rt_sigaction
sys_enter_rt_sigaction
sys_enter_rt_sigaction
sys_enter_rt_sigaction
sys_enter_rt_sigaction
sys_enter_rt_sigaction
sys_enter_rt_sigaction
sys_enter_rt_sigaction
sys_enter_rt_sigaction
sys_enter_rt_sigaction
sys_enter_rt_sigaction
sys_enter_rt_sigaction
sys_enter_rt_sigaction
sys_enter_rt_sigaction
sys_enter_rt_sigaction
sys_enter_rt_sigaction
sys_enter_rt_sigaction
sys_enter_rt_sigaction
sys_enter_rt_sigaction
sys_enter_rt_sigaction
sys_enter_rt_sigaction
sys_enter_rt_sigaction
sys_enter_rt_sigaction
sys_enter_rt_sigaction
sys_enter_rt_sigaction
sys_enter_rt_sigaction
sys_enter_rt_sigaction
sys_enter_rt_sigaction
sys_enter_rt_sigaction
sys_enter_rt_sigaction
sys_enter_rt_sigaction
sys_enter_rt_sigaction
sys_enter_rt_sigaction
sys_enter_rt_sigaction
sys_enter_rt_sigaction
sys_enter_rt_sigaction
sys_enter_rt_sigaction
sys_enter_rt_sigaction
sys_enter_rt_sigaction
sys_enter_rt_sigaction
sys_enter_rt_sigaction
sys_enter_rt_sigaction
sys_enter_rt_sigaction
sys_enter_rt_sigaction
sys_enter_rt_sigaction
sys_enter_rt_sigaction
sys_enter_rt_sigaction
sys_enter_rt_sigaction
sys_enter_rt_sigaction
sys_enter_rt_sigaction
sys_enter_rt_sigaction
sys_enter_rt_sigaction
sys_enter_rt_sigaction
sys_enter_rt_sigaction
sys_enter_rt_sigaction
sys_enter_rt_sigaction
sys_enter_rt_sigaction
sys_enter_rt_sigaction
sys_enter_rt_sigaction
sys_enter_rt_sigaction
sys_enter_rt_sigaction
sys_enter_rt_sigaction
sys_enter_rt_sigaction
sys_enter_rt_sigaction
sys_enter_rt_sigaction
sys_enter_rt_sigaction
sys_enter_rt_sigaction
sys_enter_rt_sigaction
sys_enter_rt_sigaction
sys_enter_rt_sigaction
sys_enter_rt_sigaction
sys_enter_rt_sigaction
sys_enter_rt_sigaction
sys_enter_rt_sigaction
sys_enter_rt_sigaction
sys_enter_rt_sigaction
sys_enter_rt_sigaction
sys_enter_rt_sigaction
sys_enter_rt_sigaction
sys_enter_rt_sigaction
sys_enter_rt_sigaction
sys_enter_rt_sigaction
sys_enter_rt_sigaction
sys_enter_rt_sigaction
sys_enter_rt_sigaction
sys_enter_rt_sigaction
sys_enter_rt_sigaction
sys_enter_rt_sigaction
sys_enter_rt_sigaction
sys_enter_rt_sigaction
sys_enter_rt_sigaction
sys_enter_rt_sigaction
sys_enter_rt_sigprocmask
sys_enter_clone
sys_enter_rt_sigprocmask
sys_enter_gettid
sys_enter_sigaltstack
sys_enter_sigaltstack
sys_enter_gettid
sys_enter_rt_sigprocmask
sys_enter_rt_sigprocmask
sys_enter_clone
sys_enter_rt_sigprocmask
sys_enter_gettid
sys_enter_sigaltstack
sys_enter_sigaltstack
sys_enter_gettid
sys_enter_rt_sigprocmask
sys_enter_rt_sigprocmask
sys_enter_clone
sys_enter_rt_sigprocmask
sys_enter_futex
sys_enter_gettid
sys_enter_rt_sigprocmask
sys_enter_sigaltstack
sys_enter_sigaltstack
sys_enter_clone
sys_enter_gettid
sys_enter_rt_sigprocmask
sys_enter_futex
sys_enter_futex
sys_enter_rt_sigprocmask
sys_enter_futex
sys_enter_gettid
sys_enter_sigaltstack
sys_enter_sigaltstack
sys_enter_gettid
sys_enter_rt_sigprocmask
sys_enter_futex
sys_enter_futex
sys_enter_mmap
sys_enter_futex
sys_enter_futex
sys_enter_futex
sys_enter_openat
sys_enter_read
sys_enter_read
sys_enter_close
sys_enter_socket
sys_enter_close
sys_enter_socket
sys_enter_setsockopt
sys_enter_bind
sys_enter_socket
sys_enter_setsockopt
sys_enter_bind
sys_enter_close
sys_enter_close
sys_enter_getpid
sys_enter_getppid
sys_enter_mmap
sys_enter_mmap
sys_enter_getppid
sys_enter_openat
sys_enter_pipe2
sys_enter_getpid
sys_enter_clone
sys_enter_setsid
sys_enter_close
sys_enter_read
sys_enter_chdir
sys_enter_execve
sys_enter_close
sys_enter_exit_group
sys_enter_mmap
sys_enter_mmap
sys_enter_mprotect
sys_enter_mmap
sys_enter_mmap
sys_enter_mprotect
sys_enter_mmap
sys_enter_mprotect
sys_enter_mmap
sys_enter_mprotect
sys_enter_mmap
sys_enter_mmap
sys_enter_close
sys_enter_munmap
sys_enter_sched_getaffinity
sys_enter_mmap
sys_enter_munmap
sys_enter_mmap
sys_enter_mmap
sys_enter_mmap
sys_enter_mmap
sys_enter_mmap
sys_enter_mmap
sys_enter_rt_sigprocmask
sys_enter_sigaltstack
sys_enter_sigaltstack
sys_enter_gettid
sys_enter_rt_sigprocmask
sys_enter_rt_sigaction
sys_enter_rt_sigaction
sys_enter_rt_sigaction
sys_enter_rt_sigaction
sys_enter_rt_sigaction
sys_enter_rt_sigaction
sys_enter_rt_sigaction
sys_enter_rt_sigaction
sys_enter_rt_sigaction
sys_enter_rt_sigaction
sys_enter_rt_sigaction
sys_enter_rt_sigaction
sys_enter_rt_sigaction
sys_enter_rt_sigaction
sys_enter_rt_sigaction
sys_enter_rt_sigaction
sys_enter_rt_sigaction
sys_enter_rt_sigaction
sys_enter_rt_sigaction
sys_enter_rt_sigaction
sys_enter_rt_sigaction
sys_enter_rt_sigaction
sys_enter_rt_sigaction
sys_enter_rt_sigaction
sys_enter_rt_sigaction
sys_enter_rt_sigaction
sys_enter_rt_sigaction
sys_enter_rt_sigaction
sys_enter_rt_sigaction
sys_enter_rt_sigaction
sys_enter_rt_sigaction
sys_enter_rt_sigaction
sys_enter_rt_sigaction
sys_enter_rt_sigaction
sys_enter_rt_sigaction
sys_enter_rt_sigaction
sys_enter_rt_sigaction
sys_enter_rt_sigaction
sys_enter_rt_sigaction
sys_enter_rt_sigaction
sys_enter_rt_sigaction
sys_enter_rt_sigaction
sys_enter_rt_sigaction
sys_enter_rt_sigaction
sys_enter_rt_sigaction
sys_enter_rt_sigaction
sys_enter_rt_sigaction
sys_enter_rt_sigaction
sys_enter_rt_sigaction
sys_enter_rt_sigaction
sys_enter_rt_sigaction
sys_enter_rt_sigaction
sys_enter_rt_sigaction
sys_enter_rt_sigaction
sys_enter_rt_sigaction
sys_enter_rt_sigaction
sys_enter_rt_sigaction
sys_enter_rt_sigaction
sys_enter_rt_sigaction
sys_enter_rt_sigaction
sys_enter_rt_sigaction
sys_enter_rt_sigaction
sys_enter_rt_sigaction
sys_enter_rt_sigaction
sys_enter_rt_sigaction
sys_enter_rt_sigaction
sys_enter_rt_sigaction
sys_enter_rt_sigaction
sys_enter_rt_sigaction
sys_enter_rt_sigaction
sys_enter_rt_sigaction
sys_enter_rt_sigaction
sys_enter_rt_sigaction
sys_enter_rt_sigaction
sys_enter_rt_sigaction
sys_enter_rt_sigaction
sys_enter_rt_sigaction
sys_enter_rt_sigaction
sys_enter_rt_sigaction
sys_enter_rt_sigaction
sys_enter_rt_sigaction
sys_enter_rt_sigaction
sys_enter_rt_sigaction
sys_enter_rt_sigaction
sys_enter_rt_sigaction
sys_enter_rt_sigaction
sys_enter_rt_sigaction
sys_enter_rt_sigaction
sys_enter_rt_sigaction
sys_enter_rt_sigaction
sys_enter_rt_sigaction
sys_enter_rt_sigaction
sys_enter_rt_sigaction
sys_enter_rt_sigaction
sys_enter_rt_sigaction
sys_enter_rt_sigaction
sys_enter_rt_sigaction
sys_enter_rt_sigaction
sys_enter_rt_sigaction
sys_enter_rt_sigaction
sys_enter_rt_sigaction
sys_enter_rt_sigaction
sys_enter_rt_sigaction
sys_enter_rt_sigaction
sys_enter_rt_sigaction
sys_enter_rt_sigaction
sys_enter_rt_sigaction
sys_enter_rt_sigaction
sys_enter_rt_sigaction
sys_enter_rt_sigaction
sys_enter_rt_sigaction
sys_enter_rt_sigaction
sys_enter_rt_sigaction
sys_enter_rt_sigaction
sys_enter_rt_sigprocmask
sys_enter_clone
sys_enter_rt_sigprocmask
sys_enter_gettid
sys_enter_sigaltstack
sys_enter_sigaltstack
sys_enter_gettid
sys_enter_rt_sigprocmask
sys_enter_rt_sigprocmask
sys_enter_clone
sys_enter_rt_sigprocmask
sys_enter_gettid
sys_enter_sigaltstack
sys_enter_sigaltstack
sys_enter_rt_sigprocmask
sys_enter_clone
sys_enter_gettid
sys_enter_rt_sigprocmask
sys_enter_rt_sigprocmask
sys_enter_sched_yield
sys_enter_futex
sys_enter_futex
sys_enter_futex
sys_enter_futex
sys_enter_gettid
sys_enter_sigaltstack
sys_enter_sigaltstack
sys_enter_rt_sigprocmask
sys_enter_gettid
sys_enter_clone
sys_enter_rt_sigprocmask
sys_enter_futex
sys_enter_futex
sys_enter_rt_sigprocmask
sys_enter_futex
sys_enter_gettid
sys_enter_sigaltstack
sys_enter_sigaltstack
sys_enter_gettid
sys_enter_rt_sigprocmask
sys_enter_futex
sys_enter_futex
sys_enter_mmap
sys_enter_futex
sys_enter_futex
sys_enter_futex
sys_enter_openat
sys_enter_read
sys_enter_read
sys_enter_close
sys_enter_socket
sys_enter_close
sys_enter_socket
sys_enter_setsockopt
sys_enter_bind
sys_enter_socket
sys_enter_setsockopt
sys_enter_bind
sys_enter_close
sys_enter_close
sys_enter_getpid
sys_enter_getppid
sys_enter_mmap
sys_enter_mmap
sys_enter_getppid
sys_enter_openat
sys_enter_pipe2
sys_enter_getpid
sys_enter_clone
sys_enter_close
sys_enter_read
sys_enter_setsid
sys_enter_chdir
sys_enter_execve
sys_enter_close
sys_enter_exit_group
sys_enter_mmap
sys_enter_mmap
sys_enter_mprotect
sys_enter_mmap
sys_enter_mmap
sys_enter_mprotect
sys_enter_mmap
sys_enter_mprotect
sys_enter_mmap
sys_enter_mprotect
sys_enter_mmap
sys_enter_mmap
sys_enter_close
sys_enter_munmap
sys_enter_sched_getaffinity
sys_enter_mmap
sys_enter_munmap
sys_enter_mmap
sys_enter_mmap
sys_enter_mmap
sys_enter_mmap
sys_enter_mmap
sys_enter_mmap
sys_enter_rt_sigprocmask
sys_enter_sigaltstack
sys_enter_sigaltstack
sys_enter_gettid
sys_enter_rt_sigprocmask
sys_enter_rt_sigaction
sys_enter_rt_sigaction
sys_enter_rt_sigaction
sys_enter_rt_sigaction
sys_enter_rt_sigaction
sys_enter_rt_sigaction
sys_enter_rt_sigaction
sys_enter_rt_sigaction
sys_enter_rt_sigaction
sys_enter_rt_sigaction
sys_enter_rt_sigaction
sys_enter_rt_sigaction
sys_enter_rt_sigaction
sys_enter_rt_sigaction
sys_enter_rt_sigaction
sys_enter_rt_sigaction
sys_enter_rt_sigaction
sys_enter_rt_sigaction
sys_enter_rt_sigaction
sys_enter_rt_sigaction
sys_enter_rt_sigaction
sys_enter_rt_sigaction
sys_enter_rt_sigaction
sys_enter_rt_sigaction
sys_enter_rt_sigaction
sys_enter_rt_sigaction
sys_enter_rt_sigaction
sys_enter_rt_sigaction
sys_enter_rt_sigaction
sys_enter_rt_sigaction
sys_enter_rt_sigaction
sys_enter_rt_sigaction
sys_enter_rt_sigaction
sys_enter_rt_sigaction
sys_enter_rt_sigaction
sys_enter_rt_sigaction
sys_enter_rt_sigaction
sys_enter_rt_sigaction
sys_enter_rt_sigaction
sys_enter_rt_sigaction
sys_enter_rt_sigaction
sys_enter_rt_sigaction
sys_enter_rt_sigaction
sys_enter_rt_sigaction
sys_enter_rt_sigaction
sys_enter_rt_sigaction
sys_enter_rt_sigaction
sys_enter_rt_sigaction
sys_enter_rt_sigaction
sys_enter_rt_sigaction
sys_enter_rt_sigaction
sys_enter_rt_sigaction
sys_enter_rt_sigaction
sys_enter_rt_sigaction
sys_enter_rt_sigaction
sys_enter_rt_sigaction
sys_enter_rt_sigaction
sys_enter_rt_sigaction
sys_enter_rt_sigaction
sys_enter_rt_sigaction
sys_enter_rt_sigaction
sys_enter_rt_sigaction
sys_enter_rt_sigaction
sys_enter_rt_sigaction
sys_enter_rt_sigaction
sys_enter_rt_sigaction
sys_enter_rt_sigaction
sys_enter_rt_sigaction
sys_enter_rt_sigaction
sys_enter_rt_sigaction
sys_enter_rt_sigaction
sys_enter_rt_sigaction
sys_enter_rt_sigaction
sys_enter_rt_sigaction
sys_enter_rt_sigaction
sys_enter_rt_sigaction
sys_enter_rt_sigaction
sys_enter_rt_sigaction
sys_enter_rt_sigaction
sys_enter_rt_sigaction
sys_enter_rt_sigaction
sys_enter_rt_sigaction
sys_enter_rt_sigaction
sys_enter_rt_sigaction
sys_enter_rt_sigaction
sys_enter_rt_sigaction
sys_enter_rt_sigaction
sys_enter_rt_sigaction
sys_enter_rt_sigaction
sys_enter_rt_sigaction
sys_enter_rt_sigaction
sys_enter_rt_sigaction
sys_enter_rt_sigaction
sys_enter_rt_sigaction
sys_enter_rt_sigaction
sys_enter_rt_sigaction
sys_enter_rt_sigaction
sys_enter_rt_sigaction
sys_enter_rt_sigaction
sys_enter_rt_sigaction
sys_enter_rt_sigaction
sys_enter_rt_sigaction
sys_enter_rt_sigaction
sys_enter_rt_sigaction
sys_enter_rt_sigaction
sys_enter_rt_sigaction
sys_enter_rt_sigaction
sys_enter_rt_sigaction
sys_enter_rt_sigaction
sys_enter_rt_sigaction
sys_enter_rt_sigaction
sys_enter_rt_sigaction
sys_enter_rt_sigaction
sys_enter_rt_sigaction
sys_enter_rt_sigprocmask
sys_enter_clone
sys_enter_rt_sigprocmask
sys_enter_gettid
sys_enter_sigaltstack
sys_enter_sigaltstack
sys_enter_gettid
sys_enter_rt_sigprocmask
sys_enter_rt_sigprocmask
sys_enter_clone
sys_enter_rt_sigprocmask
sys_enter_gettid
sys_enter_sigaltstack
sys_enter_sigaltstack
sys_enter_gettid
sys_enter_rt_sigprocmask
sys_enter_rt_sigprocmask
sys_enter_clone
sys_enter_rt_sigprocmask
sys_enter_clone
sys_enter_rt_sigprocmask
sys_enter_futex
sys_enter_gettid
sys_enter_sigaltstack
sys_enter_sigaltstack
sys_enter_gettid
sys_enter_rt_sigprocmask
sys_enter_rt_sigprocmask
sys_enter_gettid
sys_enter_sigaltstack
sys_enter_futex
sys_enter_sigaltstack
sys_enter_gettid
sys_enter_futex
sys_enter_rt_sigprocmask
sys_enter_futex
sys_enter_futex
sys_enter_futex
sys_enter_mmap
sys_enter_futex
sys_enter_futex
sys_enter_futex
sys_enter_openat
sys_enter_read
sys_enter_read
sys_enter_close
sys_enter_socket
sys_enter_close
sys_enter_socket
sys_enter_setsockopt
sys_enter_bind
sys_enter_socket
sys_enter_setsockopt
sys_enter_bind
sys_enter_close
sys_enter_close
sys_enter_getpid
sys_enter_getppid
sys_enter_mmap
sys_enter_mmap
sys_enter_getppid
sys_enter_openat
sys_enter_pipe2
sys_enter_getpid
sys_enter_clone
sys_enter_setsid
sys_enter_close
sys_enter_read
sys_enter_chdir
sys_enter_execve
sys_enter_close
sys_enter_exit_group
sys_enter_mmap
sys_enter_mmap
sys_enter_mprotect
sys_enter_mmap
sys_enter_mmap
sys_enter_mprotect
sys_enter_mmap
sys_enter_mprotect
sys_enter_mmap
sys_enter_mprotect
sys_enter_mmap
sys_enter_mmap
sys_enter_close
sys_enter_munmap
sys_enter_sched_getaffinity
sys_enter_mmap
sys_enter_munmap
sys_enter_mmap
sys_enter_mmap
sys_enter_mmap
sys_enter_mmap
sys_enter_mmap
sys_enter_mmap
sys_enter_rt_sigprocmask
sys_enter_sigaltstack
sys_enter_sigaltstack
sys_enter_gettid
sys_enter_rt_sigprocmask
sys_enter_rt_sigaction
sys_enter_rt_sigaction
sys_enter_rt_sigaction
sys_enter_rt_sigaction
sys_enter_rt_sigaction
sys_enter_rt_sigaction
sys_enter_rt_sigaction
sys_enter_rt_sigaction
sys_enter_rt_sigaction
sys_enter_rt_sigaction
sys_enter_rt_sigaction
sys_enter_rt_sigaction
sys_enter_rt_sigaction
sys_enter_rt_sigaction
sys_enter_rt_sigaction
sys_enter_rt_sigaction
sys_enter_rt_sigaction
sys_enter_rt_sigaction
sys_enter_rt_sigaction
sys_enter_rt_sigaction
sys_enter_rt_sigaction
sys_enter_rt_sigaction
sys_enter_rt_sigaction
sys_enter_rt_sigaction
sys_enter_rt_sigaction
sys_enter_rt_sigaction
sys_enter_rt_sigaction
sys_enter_rt_sigaction
sys_enter_rt_sigaction
sys_enter_rt_sigaction
sys_enter_rt_sigaction
sys_enter_rt_sigaction
sys_enter_rt_sigaction
sys_enter_rt_sigaction
sys_enter_rt_sigaction
sys_enter_rt_sigaction
sys_enter_rt_sigaction
sys_enter_rt_sigaction
sys_enter_rt_sigaction
sys_enter_rt_sigaction
sys_enter_rt_sigaction
sys_enter_rt_sigaction
sys_enter_rt_sigaction
sys_enter_rt_sigaction
sys_enter_rt_sigaction
sys_enter_rt_sigaction
sys_enter_rt_sigaction
sys_enter_rt_sigaction
sys_enter_rt_sigaction
sys_enter_rt_sigaction
sys_enter_rt_sigaction
sys_enter_rt_sigaction
sys_enter_rt_sigaction
sys_enter_rt_sigaction
sys_enter_rt_sigaction
sys_enter_rt_sigaction
sys_enter_rt_sigaction
sys_enter_rt_sigaction
sys_enter_rt_sigaction
sys_enter_rt_sigaction
sys_enter_rt_sigaction
sys_enter_rt_sigaction
sys_enter_rt_sigaction
sys_enter_rt_sigaction
sys_enter_rt_sigaction
sys_enter_rt_sigaction
sys_enter_rt_sigaction
sys_enter_rt_sigaction
sys_enter_rt_sigaction
sys_enter_rt_sigaction
sys_enter_rt_sigaction
sys_enter_rt_sigaction
sys_enter_rt_sigaction
sys_enter_rt_sigaction
sys_enter_rt_sigaction
sys_enter_rt_sigaction
sys_enter_rt_sigaction
sys_enter_rt_sigaction
sys_enter_rt_sigaction
sys_enter_rt_sigaction
sys_enter_rt_sigaction
sys_enter_rt_sigaction
sys_enter_rt_sigaction
sys_enter_rt_sigaction
sys_enter_rt_sigaction
sys_enter_rt_sigaction
sys_enter_rt_sigaction
sys_enter_rt_sigaction
sys_enter_rt_sigaction
sys_enter_rt_sigaction
sys_enter_rt_sigaction
sys_enter_rt_sigaction
sys_enter_rt_sigaction
sys_enter_rt_sigaction
sys_enter_rt_sigaction
sys_enter_rt_sigaction
sys_enter_rt_sigaction
sys_enter_rt_sigaction
sys_enter_rt_sigaction
sys_enter_rt_sigaction
sys_enter_rt_sigaction
sys_enter_rt_sigaction
sys_enter_rt_sigaction
sys_enter_rt_sigaction
sys_enter_rt_sigaction
sys_enter_rt_sigaction
sys_enter_rt_sigaction
sys_enter_rt_sigaction
sys_enter_rt_sigaction
sys_enter_rt_sigaction
sys_enter_rt_sigaction
sys_enter_rt_sigaction
sys_enter_rt_sigaction
sys_enter_rt_sigaction
sys_enter_rt_sigprocmask
sys_enter_clone
sys_enter_rt_sigprocmask
sys_enter_gettid
sys_enter_sigaltstack
sys_enter_sigaltstack
sys_enter_gettid
sys_enter_rt_sigprocmask
sys_enter_rt_sigprocmask
sys_enter_clone
sys_enter_rt_sigprocmask
sys_enter_gettid
sys_enter_sigaltstack
sys_enter_sigaltstack
sys_enter_gettid
sys_enter_rt_sigprocmask
sys_enter_rt_sigprocmask
sys_enter_clone
sys_enter_rt_sigprocmask
sys_enter_clone
sys_enter_rt_sigprocmask
sys_enter_futex
sys_enter_gettid
sys_enter_sigaltstack
sys_enter_rt_sigprocmask
sys_enter_gettid
sys_enter_sigaltstack
sys_enter_sigaltstack
sys_enter_sigaltstack
sys_enter_gettid
sys_enter_rt_sigprocmask
sys_enter_gettid
sys_enter_rt_sigprocmask
sys_enter_futex
sys_enter_futex
sys_enter_futex
sys_enter_futex
sys_enter_futex
sys_enter_mmap
sys_enter_futex
sys_enter_futex
sys_enter_futex
sys_enter_openat
sys_enter_read
sys_enter_read
sys_enter_close
sys_enter_socket
sys_enter_close
sys_enter_socket
sys_enter_setsockopt
sys_enter_bind
sys_enter_socket
sys_enter_setsockopt
sys_enter_bind
sys_enter_close
sys_enter_close
sys_enter_getpid
sys_enter_getppid
sys_enter_mmap
sys_enter_mmap
sys_enter_getppid
sys_enter_openat
sys_enter_pipe2
sys_enter_getpid
sys_enter_clone
sys_enter_setsid
sys_enter_close
sys_enter_read
sys_enter_chdir
sys_enter_execve
sys_enter_close
sys_enter_exit_group
sys_enter_mmap
sys_enter_mmap
sys_enter_mprotect
sys_enter_mmap
sys_enter_mmap
sys_enter_mprotect
sys_enter_mmap
sys_enter_mprotect
sys_enter_mmap
sys_enter_mprotect
sys_enter_mmap
sys_enter_mmap
sys_enter_close
sys_enter_munmap
sys_enter_sched_getaffinity
sys_enter_mmap
sys_enter_munmap
sys_enter_mmap
sys_enter_mmap
sys_enter_mmap
sys_enter_mmap
sys_enter_mmap
sys_enter_mmap
sys_enter_rt_sigprocmask
sys_enter_sigaltstack
sys_enter_sigaltstack
sys_enter_gettid
sys_enter_rt_sigprocmask
sys_enter_rt_sigaction
sys_enter_rt_sigaction
sys_enter_rt_sigaction
sys_enter_rt_sigaction
sys_enter_rt_sigaction
sys_enter_rt_sigaction
sys_enter_rt_sigaction
sys_enter_rt_sigaction
sys_enter_rt_sigaction
sys_enter_rt_sigaction
sys_enter_rt_sigaction
sys_enter_rt_sigaction
sys_enter_rt_sigaction
sys_enter_rt_sigaction
sys_enter_rt_sigaction
sys_enter_rt_sigaction
sys_enter_rt_sigaction
sys_enter_rt_sigaction
sys_enter_rt_sigaction
sys_enter_rt_sigaction
sys_enter_rt_sigaction
sys_enter_rt_sigaction
sys_enter_rt_sigaction
sys_enter_rt_sigaction
sys_enter_rt_sigaction
sys_enter_rt_sigaction
sys_enter_rt_sigaction
sys_enter_rt_sigaction
sys_enter_rt_sigaction
sys_enter_rt_sigaction
sys_enter_rt_sigaction
sys_enter_rt_sigaction
sys_enter_rt_sigaction
sys_enter_rt_sigaction
sys_enter_rt_sigaction
sys_enter_rt_sigaction
sys_enter_rt_sigaction
sys_enter_rt_sigaction
sys_enter_rt_sigaction
sys_enter_rt_sigaction
sys_enter_rt_sigaction
sys_enter_rt_sigaction
sys_enter_rt_sigaction
sys_enter_rt_sigaction
sys_enter_rt_sigaction
sys_enter_rt_sigaction
sys_enter_rt_sigaction
sys_enter_rt_sigaction
sys_enter_rt_sigaction
sys_enter_rt_sigaction
sys_enter_rt_sigaction
sys_enter_rt_sigaction
sys_enter_rt_sigaction
sys_enter_rt_sigaction
sys_enter_rt_sigaction
sys_enter_rt_sigaction
sys_enter_rt_sigaction
sys_enter_rt_sigaction
sys_enter_rt_sigaction
sys_enter_rt_sigaction
sys_enter_rt_sigaction
sys_enter_rt_sigaction
sys_enter_rt_sigaction
sys_enter_rt_sigaction
sys_enter_rt_sigaction
sys_enter_rt_sigaction
sys_enter_rt_sigaction
sys_enter_rt_sigaction
sys_enter_rt_sigaction
sys_enter_rt_sigaction
sys_enter_rt_sigaction
sys_enter_rt_sigaction
sys_enter_rt_sigaction
sys_enter_rt_sigaction
sys_enter_rt_sigaction
sys_enter_rt_sigaction
sys_enter_rt_sigaction
sys_enter_rt_sigaction
sys_enter_rt_sigaction
sys_enter_rt_sigaction
sys_enter_rt_sigaction
sys_enter_rt_sigaction
sys_enter_rt_sigaction
sys_enter_rt_sigaction
sys_enter_rt_sigaction
sys_enter_rt_sigaction
sys_enter_rt_sigaction
sys_enter_rt_sigaction
sys_enter_rt_sigaction
sys_enter_rt_sigaction
sys_enter_rt_sigaction
sys_enter_rt_sigaction
sys_enter_rt_sigaction
sys_enter_rt_sigaction
sys_enter_rt_sigaction
sys_enter_rt_sigaction
sys_enter_rt_sigaction
sys_enter_rt_sigaction
sys_enter_rt_sigaction
sys_enter_rt_sigaction
sys_enter_rt_sigaction
sys_enter_rt_sigaction
sys_enter_rt_sigaction
sys_enter_rt_sigaction
sys_enter_rt_sigaction
sys_enter_rt_sigaction
sys_enter_rt_sigaction
sys_enter_rt_sigaction
sys_enter_rt_sigaction
sys_enter_rt_sigaction
sys_enter_rt_sigaction
sys_enter_rt_sigaction
sys_enter_rt_sigaction
sys_enter_rt_sigaction
sys_enter_rt_sigprocmask
sys_enter_clone
sys_enter_rt_sigprocmask
sys_enter_gettid
sys_enter_sigaltstack
sys_enter_sigaltstack
sys_enter_gettid
sys_enter_rt_sigprocmask
sys_enter_rt_sigprocmask
sys_enter_clone
sys_enter_rt_sigprocmask
sys_enter_gettid
sys_enter_sigaltstack
sys_enter_sigaltstack
sys_enter_gettid
sys_enter_rt_sigprocmask
sys_enter_clone
sys_enter_rt_sigprocmask
sys_enter_rt_sigprocmask
sys_enter_sched_yield
sys_enter_futex
sys_enter_futex
sys_enter_gettid
sys_enter_sigaltstack
sys_enter_sigaltstack
sys_enter_gettid
sys_enter_rt_sigprocmask
sys_enter_clone
sys_enter_rt_sigprocmask
sys_enter_futex
sys_enter_futex
sys_enter_rt_sigprocmask
sys_enter_futex
sys_enter_gettid
sys_enter_sigaltstack
sys_enter_sigaltstack
sys_enter_gettid
sys_enter_rt_sigprocmask
sys_enter_futex
sys_enter_futex
sys_enter_mmap
sys_enter_futex
sys_enter_futex
sys_enter_futex
sys_enter_openat
sys_enter_futex
sys_enter_futex
sys_enter_read
sys_enter_read
sys_enter_close
sys_enter_socket
sys_enter_close
sys_enter_socket
sys_enter_setsockopt
sys_enter_bind
sys_enter_socket
sys_enter_setsockopt
sys_enter_bind
sys_enter_close
sys_enter_close
sys_enter_mmap
sys_enter_mmap
sys_enter_getpid
sys_enter_getppid
sys_enter_mmap
sys_enter_mmap
sys_enter_getppid
sys_enter_openat
sys_enter_pipe2
sys_enter_getpid
sys_enter_clone
sys_enter_setsid
sys_enter_close
sys_enter_read
sys_enter_chdir
sys_enter_execve
sys_enter_close
sys_enter_exit_group
sys_enter_mmap
sys_enter_mmap
sys_enter_mprotect
sys_enter_mmap
sys_enter_mmap
sys_enter_mprotect
sys_enter_mmap
sys_enter_mprotect
sys_enter_mmap
sys_enter_mprotect
sys_enter_mmap
sys_enter_mmap
sys_enter_close
sys_enter_munmap
sys_enter_sched_getaffinity
sys_enter_mmap
sys_enter_munmap
sys_enter_mmap
sys_enter_mmap
sys_enter_mmap
sys_enter_mmap
sys_enter_mmap
sys_enter_mmap
sys_enter_rt_sigprocmask
sys_enter_sigaltstack
sys_enter_sigaltstack
sys_enter_gettid
sys_enter_rt_sigprocmask
sys_enter_rt_sigaction
sys_enter_rt_sigaction
sys_enter_rt_sigaction
sys_enter_rt_sigaction
sys_enter_rt_sigaction
sys_enter_rt_sigaction
sys_enter_rt_sigaction
sys_enter_rt_sigaction
sys_enter_rt_sigaction
sys_enter_rt_sigaction
sys_enter_rt_sigaction
sys_enter_rt_sigaction
sys_enter_rt_sigaction
sys_enter_rt_sigaction
sys_enter_rt_sigaction
sys_enter_rt_sigaction
sys_enter_rt_sigaction
sys_enter_rt_sigaction
sys_enter_rt_sigaction
sys_enter_rt_sigaction
sys_enter_rt_sigaction
sys_enter_rt_sigaction
sys_enter_rt_sigaction
sys_enter_rt_sigaction
sys_enter_rt_sigaction
sys_enter_rt_sigaction
sys_enter_rt_sigaction
sys_enter_rt_sigaction
sys_enter_rt_sigaction
sys_enter_rt_sigaction
sys_enter_rt_sigaction
sys_enter_rt_sigaction
sys_enter_rt_sigaction
sys_enter_rt_sigaction
sys_enter_rt_sigaction
sys_enter_rt_sigaction
sys_enter_rt_sigaction
sys_enter_rt_sigaction
sys_enter_rt_sigaction
sys_enter_rt_sigaction
sys_enter_rt_sigaction
sys_enter_rt_sigaction
sys_enter_rt_sigaction
sys_enter_rt_sigaction
sys_enter_rt_sigaction
sys_enter_rt_sigaction
sys_enter_rt_sigaction
sys_enter_rt_sigaction
sys_enter_rt_sigaction
sys_enter_rt_sigaction
sys_enter_rt_sigaction
sys_enter_rt_sigaction
sys_enter_rt_sigaction
sys_enter_rt_sigaction
sys_enter_rt_sigaction
sys_enter_rt_sigaction
sys_enter_rt_sigaction
sys_enter_rt_sigaction
sys_enter_rt_sigaction
sys_enter_rt_sigaction
sys_enter_rt_sigaction
sys_enter_rt_sigaction
sys_enter_rt_sigaction
sys_enter_rt_sigaction
sys_enter_rt_sigaction
sys_enter_rt_sigaction
sys_enter_rt_sigaction
sys_enter_rt_sigaction
sys_enter_rt_sigaction
sys_enter_rt_sigaction
sys_enter_rt_sigaction
sys_enter_rt_sigaction
sys_enter_rt_sigaction
sys_enter_rt_sigaction
sys_enter_rt_sigaction
sys_enter_rt_sigaction
sys_enter_rt_sigaction
sys_enter_rt_sigaction
sys_enter_rt_sigaction
sys_enter_rt_sigaction
sys_enter_rt_sigaction
sys_enter_rt_sigaction
sys_enter_rt_sigaction
sys_enter_rt_sigaction
sys_enter_rt_sigaction
sys_enter_rt_sigaction
sys_enter_rt_sigaction
sys_enter_rt_sigaction
sys_enter_rt_sigaction
sys_enter_rt_sigaction
sys_enter_rt_sigaction
sys_enter_rt_sigaction
sys_enter_rt_sigaction
sys_enter_rt_sigaction
sys_enter_rt_sigaction
sys_enter_rt_sigaction
sys_enter_rt_sigaction
sys_enter_rt_sigaction
sys_enter_rt_sigaction
sys_enter_rt_sigaction
sys_enter_rt_sigaction
sys_enter_rt_sigaction
sys_enter_rt_sigaction
sys_enter_rt_sigaction
sys_enter_rt_sigaction
sys_enter_rt_sigaction
sys_enter_rt_sigaction
sys_enter_rt_sigaction
sys_enter_rt_sigaction
sys_enter_rt_sigaction
sys_enter_rt_sigaction
sys_enter_rt_sigaction
sys_enter_rt_sigaction
sys_enter_rt_sigaction
sys_enter_rt_sigprocmask
sys_enter_clone
sys_enter_rt_sigprocmask
sys_enter_gettid
sys_enter_sigaltstack
sys_enter_sigaltstack
sys_enter_gettid
sys_enter_rt_sigprocmask
sys_enter_rt_sigprocmask
sys_enter_clone
sys_enter_rt_sigprocmask
sys_enter_gettid
sys_enter_sigaltstack
sys_enter_sigaltstack
sys_enter_gettid
sys_enter_rt_sigprocmask
sys_enter_sched_yield
sys_enter_futex
sys_enter_sched_yield
sys_enter_rt_sigprocmask
sys_enter_clone
sys_enter_futex
sys_enter_rt_sigprocmask
sys_enter_clone
sys_enter_rt_sigprocmask
sys_enter_futex
sys_enter_gettid
sys_enter_sigaltstack
sys_enter_sigaltstack
sys_enter_gettid
sys_enter_rt_sigprocmask
sys_enter_futex
sys_enter_futex
sys_enter_sigaltstack
sys_enter_gettid
sys_enter_rt_sigprocmask
sys_enter_futex
sys_enter_rt_sigprocmask
sys_enter_futex
sys_enter_gettid
sys_enter_sigaltstack
sys_enter_futex
sys_enter_mmap
sys_enter_futex
sys_enter_futex
sys_enter_futex
sys_enter_openat
sys_enter_read
sys_enter_read
sys_enter_close
sys_enter_socket
sys_enter_close
sys_enter_socket
sys_enter_setsockopt
sys_enter_bind
sys_enter_socket
sys_enter_setsockopt
sys_enter_bind
sys_enter_close
sys_enter_close
sys_enter_getpid
sys_enter_getppid
sys_enter_mmap
sys_enter_mmap
sys_enter_getppid
sys_enter_openat
sys_enter_pipe2
sys_enter_getpid
sys_enter_clone
sys_enter_setsid
sys_enter_close
sys_enter_read
sys_enter_chdir
sys_enter_execve
sys_enter_close
sys_enter_exit_group
sys_enter_mmap
sys_enter_mmap
sys_enter_mprotect
sys_enter_mmap
sys_enter_mmap
sys_enter_mprotect
sys_enter_mmap
sys_enter_mprotect
sys_enter_mmap
sys_enter_mprotect
sys_enter_mmap
sys_enter_mmap
sys_enter_close
sys_enter_munmap
sys_enter_sched_getaffinity
sys_enter_mmap
sys_enter_munmap
sys_enter_mmap
sys_enter_mmap
sys_enter_mmap
sys_enter_mmap
sys_enter_mmap
sys_enter_mmap
sys_enter_rt_sigprocmask
sys_enter_sigaltstack
sys_enter_sigaltstack
sys_enter_gettid
sys_enter_rt_sigprocmask
sys_enter_rt_sigaction
sys_enter_rt_sigaction
sys_enter_rt_sigaction
sys_enter_rt_sigaction
sys_enter_rt_sigaction
sys_enter_rt_sigaction
sys_enter_rt_sigaction
sys_enter_rt_sigaction
sys_enter_rt_sigaction
sys_enter_rt_sigaction
sys_enter_rt_sigaction
sys_enter_rt_sigaction
sys_enter_rt_sigaction
sys_enter_rt_sigaction
sys_enter_rt_sigaction
sys_enter_rt_sigaction
sys_enter_rt_sigaction
sys_enter_rt_sigaction
sys_enter_rt_sigaction
sys_enter_rt_sigaction
sys_enter_rt_sigaction
sys_enter_rt_sigaction
sys_enter_rt_sigaction
sys_enter_rt_sigaction
sys_enter_rt_sigaction
sys_enter_rt_sigaction
sys_enter_rt_sigaction
sys_enter_rt_sigaction
sys_enter_rt_sigaction
sys_enter_rt_sigaction
sys_enter_rt_sigaction
sys_enter_rt_sigaction
sys_enter_rt_sigaction
sys_enter_rt_sigaction
sys_enter_rt_sigaction
sys_enter_rt_sigaction
sys_enter_rt_sigaction
sys_enter_rt_sigaction
sys_enter_rt_sigaction
sys_enter_rt_sigaction
sys_enter_rt_sigaction
sys_enter_rt_sigaction
sys_enter_rt_sigaction
sys_enter_rt_sigaction
sys_enter_rt_sigaction
sys_enter_rt_sigaction
sys_enter_rt_sigaction
sys_enter_rt_sigaction
sys_enter_rt_sigaction
sys_enter_rt_sigaction
sys_enter_rt_sigaction
sys_enter_rt_sigaction
sys_enter_rt_sigaction
sys_enter_rt_sigaction
sys_enter_rt_sigaction
sys_enter_rt_sigaction
sys_enter_rt_sigaction
sys_enter_rt_sigaction
sys_enter_rt_sigaction
sys_enter_rt_sigaction
sys_enter_rt_sigaction
sys_enter_rt_sigaction
sys_enter_rt_sigaction
sys_enter_rt_sigaction
sys_enter_rt_sigaction
sys_enter_rt_sigaction
sys_enter_rt_sigaction
sys_enter_rt_sigaction
sys_enter_rt_sigaction
sys_enter_rt_sigaction
sys_enter_rt_sigaction
sys_enter_rt_sigaction
sys_enter_rt_sigaction
sys_enter_rt_sigaction
sys_enter_rt_sigaction
sys_enter_rt_sigaction
sys_enter_rt_sigaction
sys_enter_rt_sigaction
sys_enter_rt_sigaction
sys_enter_rt_sigaction
sys_enter_rt_sigaction
sys_enter_rt_sigaction
sys_enter_rt_sigaction
sys_enter_rt_sigaction
sys_enter_rt_sigaction
sys_enter_rt_sigaction
sys_enter_rt_sigaction
sys_enter_rt_sigaction
sys_enter_rt_sigaction
sys_enter_rt_sigaction
sys_enter_rt_sigaction
sys_enter_rt_sigaction
sys_enter_rt_sigaction
sys_enter_rt_sigaction
sys_enter_rt_sigaction
sys_enter_rt_sigaction
sys_enter_rt_sigaction
sys_enter_rt_sigaction
sys_enter_rt_sigaction
sys_enter_rt_sigaction
sys_enter_rt_sigaction
sys_enter_rt_sigaction
sys_enter_rt_sigaction
sys_enter_rt_sigaction
sys_enter_rt_sigaction
sys_enter_rt_sigaction
sys_enter_rt_sigaction
sys_enter_rt_sigaction
sys_enter_rt_sigaction
sys_enter_rt_sigaction
sys_enter_rt_sigaction
sys_enter_rt_sigaction
sys_enter_rt_sigaction
sys_enter_rt_sigaction
sys_enter_rt_sigprocmask
sys_enter_clone
sys_enter_rt_sigprocmask
sys_enter_gettid
sys_enter_sigaltstack
sys_enter_sigaltstack
sys_enter_gettid
sys_enter_rt_sigprocmask
sys_enter_rt_sigprocmask
sys_enter_clone
sys_enter_rt_sigprocmask
sys_enter_rt_sigprocmask
sys_enter_clone
sys_enter_gettid
sys_enter_sigaltstack
sys_enter_sigaltstack
sys_enter_gettid
sys_enter_rt_sigprocmask
sys_enter_rt_sigprocmask
sys_enter_gettid
sys_enter_futex
sys_enter_sigaltstack
sys_enter_sigaltstack
sys_enter_gettid
sys_enter_rt_sigprocmask
sys_enter_rt_sigprocmask
sys_enter_clone
sys_enter_futex
sys_enter_futex
sys_enter_rt_sigprocmask
sys_enter_futex
sys_enter_gettid
sys_enter_sigaltstack
sys_enter_sigaltstack
sys_enter_gettid
sys_enter_rt_sigprocmask
sys_enter_futex
sys_enter_futex
sys_enter_mmap
sys_enter_futex
sys_enter_futex
sys_enter_futex
sys_enter_openat
sys_enter_read
sys_enter_read
sys_enter_close
sys_enter_socket
sys_enter_close
sys_enter_socket
sys_enter_setsockopt
sys_enter_bind
sys_enter_socket
sys_enter_setsockopt
sys_enter_bind
sys_enter_close
sys_enter_close
sys_enter_getpid
sys_enter_getppid
sys_enter_mmap
sys_enter_mmap
sys_enter_getppid
sys_enter_openat
sys_enter_pipe2
sys_enter_getpid
sys_enter_clone
sys_enter_setsid
sys_enter_close
sys_enter_read
sys_enter_chdir
sys_enter_execve
sys_enter_close
sys_enter_exit_group
sys_enter_mmap
sys_enter_mmap
sys_enter_mprotect
sys_enter_mmap
sys_enter_mmap
sys_enter_mprotect
sys_enter_mmap
sys_enter_mprotect
sys_enter_mmap
sys_enter_mprotect
sys_enter_mmap
sys_enter_mmap
sys_enter_close
sys_enter_munmap
sys_enter_sched_getaffinity
sys_enter_mmap
sys_enter_munmap
sys_enter_mmap
sys_enter_mmap
sys_enter_mmap
sys_enter_mmap
sys_enter_mmap
sys_enter_mmap
sys_enter_rt_sigprocmask
sys_enter_sigaltstack
sys_enter_sigaltstack
sys_enter_gettid
sys_enter_rt_sigprocmask
sys_enter_rt_sigaction
sys_enter_rt_sigaction
sys_enter_rt_sigaction
sys_enter_rt_sigaction
sys_enter_rt_sigaction
sys_enter_rt_sigaction
sys_enter_rt_sigaction
sys_enter_rt_sigaction
sys_enter_rt_sigaction
sys_enter_rt_sigaction
sys_enter_rt_sigaction
sys_enter_rt_sigaction
sys_enter_rt_sigaction
sys_enter_rt_sigaction
sys_enter_rt_sigaction
sys_enter_rt_sigaction
sys_enter_rt_sigaction
sys_enter_rt_sigaction
sys_enter_rt_sigaction
sys_enter_rt_sigaction
sys_enter_rt_sigaction
sys_enter_rt_sigaction
sys_enter_rt_sigaction
sys_enter_rt_sigaction
sys_enter_rt_sigaction
sys_enter_rt_sigaction
sys_enter_rt_sigaction
sys_enter_rt_sigaction
sys_enter_rt_sigaction
sys_enter_rt_sigaction
sys_enter_rt_sigaction
sys_enter_rt_sigaction
sys_enter_rt_sigaction
sys_enter_rt_sigaction
sys_enter_rt_sigaction
sys_enter_rt_sigaction
sys_enter_rt_sigaction
sys_enter_rt_sigaction
sys_enter_rt_sigaction
sys_enter_rt_sigaction
sys_enter_rt_sigaction
sys_enter_rt_sigaction
sys_enter_rt_sigaction
sys_enter_rt_sigaction
sys_enter_rt_sigaction
sys_enter_rt_sigaction
sys_enter_rt_sigaction
sys_enter_rt_sigaction
sys_enter_rt_sigaction
sys_enter_rt_sigaction
sys_enter_rt_sigaction
sys_enter_rt_sigaction
sys_enter_rt_sigaction
sys_enter_rt_sigaction
sys_enter_rt_sigaction
sys_enter_rt_sigaction
sys_enter_rt_sigaction
sys_enter_rt_sigaction
sys_enter_rt_sigaction
sys_enter_rt_sigaction
sys_enter_rt_sigaction
sys_enter_rt_sigaction
sys_enter_rt_sigaction
sys_enter_rt_sigaction
sys_enter_rt_sigaction
sys_enter_rt_sigaction
sys_enter_rt_sigaction
sys_enter_rt_sigaction
sys_enter_rt_sigaction
sys_enter_rt_sigaction
sys_enter_rt_sigaction
sys_enter_rt_sigaction
sys_enter_rt_sigaction
sys_enter_rt_sigaction
sys_enter_rt_sigaction
sys_enter_rt_sigaction
sys_enter_rt_sigaction
sys_enter_rt_sigaction
sys_enter_rt_sigaction
sys_enter_rt_sigaction
sys_enter_rt_sigaction
sys_enter_rt_sigaction
sys_enter_rt_sigaction
sys_enter_rt_sigaction
sys_enter_rt_sigaction
sys_enter_rt_sigaction
sys_enter_rt_sigaction
sys_enter_rt_sigaction
sys_enter_rt_sigaction
sys_enter_rt_sigaction
sys_enter_rt_sigaction
sys_enter_rt_sigaction
sys_enter_rt_sigaction
sys_enter_rt_sigaction
sys_enter_rt_sigaction
sys_enter_rt_sigaction
sys_enter_rt_sigaction
sys_enter_rt_sigaction
sys_enter_rt_sigaction
sys_enter_rt_sigaction
sys_enter_rt_sigaction
sys_enter_rt_sigaction
sys_enter_rt_sigaction
sys_enter_rt_sigaction
sys_enter_rt_sigaction
sys_enter_rt_sigaction
sys_enter_rt_sigaction
sys_enter_rt_sigaction
sys_enter_rt_sigaction
sys_enter_rt_sigaction
sys_enter_rt_sigaction
sys_enter_rt_sigaction
sys_enter_rt_sigaction
sys_enter_rt_sigaction
sys_enter_rt_sigprocmask
sys_enter_clone
sys_enter_rt_sigprocmask
sys_enter_gettid
sys_enter_sigaltstack
sys_enter_sigaltstack
sys_enter_gettid
sys_enter_rt_sigprocmask
sys_enter_rt_sigprocmask
sys_enter_clone
sys_enter_rt_sigprocmask
sys_enter_gettid
sys_enter_sigaltstack
sys_enter_sigaltstack
sys_enter_gettid
sys_enter_rt_sigprocmask
sys_enter_rt_sigprocmask
sys_enter_clone
sys_enter_rt_sigprocmask
sys_enter_futex
sys_enter_gettid
sys_enter_rt_sigprocmask
sys_enter_clone
sys_enter_rt_sigprocmask
sys_enter_futex
sys_enter_gettid
sys_enter_sigaltstack
sys_enter_sigaltstack
sys_enter_gettid
sys_enter_rt_sigprocmask
sys_enter_futex
sys_enter_futex
sys_enter_sigaltstack
sys_enter_sigaltstack
sys_enter_gettid
sys_enter_rt_sigprocmask
sys_enter_futex
sys_enter_futex
sys_enter_mmap
sys_enter_futex
sys_enter_futex
sys_enter_futex
sys_enter_openat
sys_enter_read
sys_enter_read
sys_enter_close
sys_enter_socket
sys_enter_close
sys_enter_socket
sys_enter_setsockopt
sys_enter_bind
sys_enter_socket
sys_enter_setsockopt
sys_enter_bind
sys_enter_close
sys_enter_close
sys_enter_getpid
sys_enter_getppid
sys_enter_mmap
sys_enter_mmap
sys_enter_getppid
sys_enter_openat
sys_enter_pipe2
sys_enter_getpid
sys_enter_clone
sys_enter_setsid
sys_enter_close
sys_enter_read
sys_enter_chdir
sys_enter_execve
sys_enter_close
sys_enter_exit_group
sys_enter_mmap
sys_enter_mmap
sys_enter_mprotect
sys_enter_mmap
sys_enter_mmap
sys_enter_mprotect
sys_enter_mmap
sys_enter_mprotect
sys_enter_mmap
sys_enter_mprotect
sys_enter_mmap
sys_enter_mmap
sys_enter_close
sys_enter_munmap
sys_enter_sched_getaffinity
sys_enter_mmap
sys_enter_munmap
sys_enter_mmap
sys_enter_mmap
sys_enter_mmap
sys_enter_mmap
sys_enter_mmap
sys_enter_mmap
sys_enter_rt_sigprocmask
sys_enter_sigaltstack
sys_enter_sigaltstack
sys_enter_gettid
sys_enter_rt_sigprocmask
sys_enter_rt_sigaction
sys_enter_rt_sigaction
sys_enter_rt_sigaction
sys_enter_rt_sigaction
sys_enter_rt_sigaction
sys_enter_rt_sigaction
sys_enter_rt_sigaction
sys_enter_rt_sigaction
sys_enter_rt_sigaction
sys_enter_rt_sigaction
sys_enter_rt_sigaction
sys_enter_rt_sigaction
sys_enter_rt_sigaction
sys_enter_rt_sigaction
sys_enter_rt_sigaction
sys_enter_rt_sigaction
sys_enter_rt_sigaction
sys_enter_rt_sigaction
sys_enter_rt_sigaction
sys_enter_rt_sigaction
sys_enter_rt_sigaction
sys_enter_rt_sigaction
sys_enter_rt_sigaction
sys_enter_rt_sigaction
sys_enter_rt_sigaction
sys_enter_rt_sigaction
sys_enter_rt_sigaction
sys_enter_rt_sigaction
sys_enter_rt_sigaction
sys_enter_rt_sigaction
sys_enter_rt_sigaction
sys_enter_rt_sigaction
sys_enter_rt_sigaction
sys_enter_rt_sigaction
sys_enter_rt_sigaction
sys_enter_rt_sigaction
sys_enter_rt_sigaction
sys_enter_rt_sigaction
sys_enter_rt_sigaction
sys_enter_rt_sigaction
sys_enter_rt_sigaction
sys_enter_rt_sigaction
sys_enter_rt_sigaction
sys_enter_rt_sigaction
sys_enter_rt_sigaction
sys_enter_rt_sigaction
sys_enter_rt_sigaction
sys_enter_rt_sigaction
sys_enter_rt_sigaction
sys_enter_rt_sigaction
sys_enter_rt_sigaction
sys_enter_rt_sigaction
sys_enter_rt_sigaction
sys_enter_rt_sigaction
sys_enter_rt_sigaction
sys_enter_rt_sigaction
sys_enter_rt_sigaction
sys_enter_rt_sigaction
sys_enter_rt_sigaction
sys_enter_rt_sigaction
sys_enter_rt_sigaction
sys_enter_rt_sigaction
sys_enter_rt_sigaction
sys_enter_rt_sigaction
sys_enter_rt_sigaction
sys_enter_rt_sigaction
sys_enter_rt_sigaction
sys_enter_rt_sigaction
sys_enter_rt_sigaction
sys_enter_rt_sigaction
sys_enter_rt_sigaction
sys_enter_rt_sigaction
sys_enter_rt_sigaction
sys_enter_rt_sigaction
sys_enter_rt_sigaction
sys_enter_rt_sigaction
sys_enter_rt_sigaction
sys_enter_rt_sigaction
sys_enter_rt_sigaction
sys_enter_rt_sigaction
sys_enter_rt_sigaction
sys_enter_rt_sigaction
sys_enter_rt_sigaction
sys_enter_rt_sigaction
sys_enter_rt_sigaction
sys_enter_rt_sigaction
sys_enter_rt_sigaction
sys_enter_rt_sigaction
sys_enter_rt_sigaction
sys_enter_rt_sigaction
sys_enter_rt_sigaction
sys_enter_rt_sigaction
sys_enter_rt_sigaction
sys_enter_rt_sigaction
sys_enter_rt_sigaction
sys_enter_rt_sigaction
sys_enter_rt_sigaction
sys_enter_rt_sigaction
sys_enter_rt_sigaction
sys_enter_rt_sigaction
sys_enter_rt_sigaction
sys_enter_rt_sigaction
sys_enter_rt_sigaction
sys_enter_rt_sigaction
sys_enter_rt_sigaction
sys_enter_rt_sigaction
sys_enter_rt_sigaction
sys_enter_rt_sigaction
sys_enter_rt_sigaction
sys_enter_rt_sigaction
sys_enter_rt_sigaction
sys_enter_rt_sigaction
sys_enter_rt_sigaction
sys_enter_rt_sigaction
sys_enter_rt_sigprocmask
sys_enter_clone
sys_enter_rt_sigprocmask
sys_enter_gettid
sys_enter_sigaltstack
sys_enter_sigaltstack
sys_enter_gettid
sys_enter_rt_sigprocmask
sys_enter_rt_sigprocmask
sys_enter_clone
sys_enter_rt_sigprocmask
sys_enter_gettid
sys_enter_sigaltstack
sys_enter_sigaltstack
sys_enter_gettid
sys_enter_rt_sigprocmask
sys_enter_rt_sigprocmask
sys_enter_clone
sys_enter_rt_sigprocmask
sys_enter_clone
sys_enter_rt_sigprocmask
sys_enter_futex
sys_enter_gettid
sys_enter_rt_sigprocmask
sys_enter_sigaltstack
sys_enter_sigaltstack
sys_enter_gettid
sys_enter_rt_sigprocmask
sys_enter_gettid
sys_enter_futex
sys_enter_sigaltstack
sys_enter_sigaltstack
sys_enter_gettid
sys_enter_rt_sigprocmask
sys_enter_futex
sys_enter_futex
sys_enter_futex
sys_enter_futex
sys_enter_mmap
sys_enter_futex
sys_enter_futex
sys_enter_futex
sys_enter_openat
sys_enter_read
sys_enter_read
sys_enter_close
sys_enter_socket
sys_enter_close
sys_enter_socket
sys_enter_setsockopt
sys_enter_bind
sys_enter_socket
sys_enter_setsockopt
sys_enter_bind
sys_enter_close
sys_enter_close
sys_enter_getpid
sys_enter_getppid
sys_enter_mmap
sys_enter_mmap
sys_enter_getppid
sys_enter_openat
sys_enter_pipe2
sys_enter_getpid
sys_enter_clone
sys_enter_setsid
sys_enter_close
sys_enter_read
sys_enter_chdir
sys_enter_execve
sys_enter_close
sys_enter_exit_group
sys_enter_mmap
sys_enter_mmap
sys_enter_mprotect
sys_enter_mmap
sys_enter_mmap
sys_enter_mprotect
sys_enter_mmap
sys_enter_mprotect
sys_enter_mmap
sys_enter_mprotect
sys_enter_mmap
sys_enter_mmap
sys_enter_close
sys_enter_munmap
sys_enter_sched_getaffinity
sys_enter_mmap
sys_enter_munmap
sys_enter_mmap
sys_enter_mmap
sys_enter_mmap
sys_enter_mmap
sys_enter_mmap
sys_enter_mmap
sys_enter_rt_sigprocmask
sys_enter_sigaltstack
sys_enter_sigaltstack
sys_enter_gettid
sys_enter_rt_sigprocmask
sys_enter_rt_sigaction
sys_enter_rt_sigaction
sys_enter_rt_sigaction
sys_enter_rt_sigaction
sys_enter_rt_sigaction
sys_enter_rt_sigaction
sys_enter_rt_sigaction
sys_enter_rt_sigaction
sys_enter_rt_sigaction
sys_enter_rt_sigaction
sys_enter_rt_sigaction
sys_enter_rt_sigaction
sys_enter_rt_sigaction
sys_enter_rt_sigaction
sys_enter_rt_sigaction
sys_enter_rt_sigaction
sys_enter_rt_sigaction
sys_enter_rt_sigaction
sys_enter_rt_sigaction
sys_enter_rt_sigaction
sys_enter_rt_sigaction
sys_enter_rt_sigaction
sys_enter_rt_sigaction
sys_enter_rt_sigaction
sys_enter_rt_sigaction
sys_enter_rt_sigaction
sys_enter_rt_sigaction
sys_enter_rt_sigaction
sys_enter_rt_sigaction
sys_enter_rt_sigaction
sys_enter_rt_sigaction
sys_enter_rt_sigaction
sys_enter_rt_sigaction
sys_enter_rt_sigaction
sys_enter_rt_sigaction
sys_enter_rt_sigaction
sys_enter_rt_sigaction
sys_enter_rt_sigaction
sys_enter_rt_sigaction
sys_enter_rt_sigaction
sys_enter_rt_sigaction
sys_enter_rt_sigaction
sys_enter_rt_sigaction
sys_enter_rt_sigaction
sys_enter_rt_sigaction
sys_enter_rt_sigaction
sys_enter_rt_sigaction
sys_enter_rt_sigaction
sys_enter_rt_sigaction
sys_enter_rt_sigaction
sys_enter_rt_sigaction
sys_enter_rt_sigaction
sys_enter_rt_sigaction
sys_enter_rt_sigaction
sys_enter_rt_sigaction
sys_enter_rt_sigaction
sys_enter_rt_sigaction
sys_enter_rt_sigaction
sys_enter_rt_sigaction
sys_enter_rt_sigaction
sys_enter_rt_sigaction
sys_enter_rt_sigaction
sys_enter_rt_sigaction
sys_enter_rt_sigaction
sys_enter_rt_sigaction
sys_enter_rt_sigaction
sys_enter_rt_sigaction
sys_enter_rt_sigaction
sys_enter_rt_sigaction
sys_enter_rt_sigaction
sys_enter_rt_sigaction
sys_enter_rt_sigaction
sys_enter_rt_sigaction
sys_enter_rt_sigaction
sys_enter_rt_sigaction
sys_enter_rt_sigaction
sys_enter_rt_sigaction
sys_enter_rt_sigaction
sys_enter_rt_sigaction
sys_enter_rt_sigaction
sys_enter_rt_sigaction
sys_enter_rt_sigaction
sys_enter_rt_sigaction
sys_enter_rt_sigaction
sys_enter_rt_sigaction
sys_enter_rt_sigaction
sys_enter_rt_sigaction
sys_enter_rt_sigaction
sys_enter_rt_sigaction
sys_enter_rt_sigaction
sys_enter_rt_sigaction
sys_enter_rt_sigaction
sys_enter_rt_sigaction
sys_enter_rt_sigaction
sys_enter_rt_sigaction
sys_enter_rt_sigaction
sys_enter_rt_sigaction
sys_enter_rt_sigaction
sys_enter_rt_sigaction
sys_enter_rt_sigaction
sys_enter_rt_sigaction
sys_enter_rt_sigaction
sys_enter_rt_sigaction
sys_enter_rt_sigaction
sys_enter_rt_sigaction
sys_enter_rt_sigaction
sys_enter_rt_sigaction
sys_enter_rt_sigaction
sys_enter_rt_sigaction
sys_enter_rt_sigaction
sys_enter_rt_sigaction
sys_enter_rt_sigaction
sys_enter_rt_sigaction
sys_enter_rt_sigaction
sys_enter_rt_sigprocmask
sys_enter_clone
sys_enter_rt_sigprocmask
sys_enter_gettid
sys_enter_sigaltstack
sys_enter_sigaltstack
sys_enter_gettid
sys_enter_rt_sigprocmask
sys_enter_rt_sigprocmask
sys_enter_clone
sys_enter_rt_sigprocmask
sys_enter_gettid
sys_enter_sigaltstack
sys_enter_sigaltstack
sys_enter_gettid
sys_enter_rt_sigprocmask
sys_enter_rt_sigprocmask
sys_enter_clone
sys_enter_rt_sigprocmask
sys_enter_clone
sys_enter_rt_sigprocmask
sys_enter_rt_sigprocmask
sys_enter_futex
sys_enter_gettid
sys_enter_sigaltstack
sys_enter_sigaltstack
sys_enter_gettid
sys_enter_rt_sigprocmask
sys_enter_futex
sys_enter_futex
sys_enter_gettid
sys_enter_sigaltstack
sys_enter_sigaltstack
sys_enter_gettid
sys_enter_rt_sigprocmask
sys_enter_futex
sys_enter_futex
sys_enter_futex
sys_enter_mmap
sys_enter_futex
sys_enter_futex
sys_enter_futex
sys_enter_openat
sys_enter_read
sys_enter_read
sys_enter_close
sys_enter_socket
sys_enter_close
sys_enter_socket
sys_enter_setsockopt
sys_enter_bind
sys_enter_socket
sys_enter_setsockopt
sys_enter_bind
sys_enter_close
sys_enter_close
sys_enter_getpid
sys_enter_getppid
sys_enter_mmap
sys_enter_mmap
sys_enter_getppid
sys_enter_openat
sys_enter_pipe2
sys_enter_getpid
sys_enter_clone
sys_enter_setsid
sys_enter_close
sys_enter_read
sys_enter_chdir
sys_enter_execve
sys_enter_close
sys_enter_exit_group
sys_enter_mmap
sys_enter_mmap
sys_enter_mprotect
sys_enter_mmap
sys_enter_mmap
sys_enter_mprotect
sys_enter_mmap
sys_enter_mprotect
sys_enter_mmap
sys_enter_mprotect
sys_enter_mmap
sys_enter_mmap
sys_enter_close
sys_enter_munmap
sys_enter_sched_getaffinity
sys_enter_mmap
sys_enter_munmap
sys_enter_mmap
sys_enter_mmap
sys_enter_mmap
sys_enter_mmap
sys_enter_mmap
sys_enter_mmap
sys_enter_rt_sigprocmask
sys_enter_sigaltstack
sys_enter_sigaltstack
sys_enter_gettid
sys_enter_rt_sigprocmask
sys_enter_rt_sigaction
sys_enter_rt_sigaction
sys_enter_rt_sigaction
sys_enter_rt_sigaction
sys_enter_rt_sigaction
sys_enter_rt_sigaction
sys_enter_rt_sigaction
sys_enter_rt_sigaction
sys_enter_rt_sigaction
sys_enter_rt_sigaction
sys_enter_rt_sigaction
sys_enter_rt_sigaction
sys_enter_rt_sigaction
sys_enter_rt_sigaction
sys_enter_rt_sigaction
sys_enter_rt_sigaction
sys_enter_rt_sigaction
sys_enter_rt_sigaction
sys_enter_rt_sigaction
sys_enter_rt_sigaction
sys_enter_rt_sigaction
sys_enter_rt_sigaction
sys_enter_rt_sigaction
sys_enter_rt_sigaction
sys_enter_rt_sigaction
sys_enter_rt_sigaction
sys_enter_rt_sigaction
sys_enter_rt_sigaction
sys_enter_rt_sigaction
sys_enter_rt_sigaction
sys_enter_rt_sigaction
sys_enter_rt_sigaction
sys_enter_rt_sigaction
sys_enter_rt_sigaction
sys_enter_rt_sigaction
sys_enter_rt_sigaction
sys_enter_rt_sigaction
sys_enter_rt_sigaction
sys_enter_rt_sigaction
sys_enter_rt_sigaction
sys_enter_rt_sigaction
sys_enter_rt_sigaction
sys_enter_rt_sigaction
sys_enter_rt_sigaction
sys_enter_rt_sigaction
sys_enter_rt_sigaction
sys_enter_rt_sigaction
sys_enter_rt_sigaction
sys_enter_rt_sigaction
sys_enter_rt_sigaction
sys_enter_rt_sigaction
sys_enter_rt_sigaction
sys_enter_rt_sigaction
sys_enter_rt_sigaction
sys_enter_rt_sigaction
sys_enter_rt_sigaction
sys_enter_rt_sigaction
sys_enter_rt_sigaction
sys_enter_rt_sigaction
sys_enter_rt_sigaction
sys_enter_rt_sigaction
sys_enter_rt_sigaction
sys_enter_rt_sigaction
sys_enter_rt_sigaction
sys_enter_rt_sigaction
sys_enter_rt_sigaction
sys_enter_rt_sigaction
sys_enter_rt_sigaction
sys_enter_rt_sigaction
sys_enter_rt_sigaction
sys_enter_rt_sigaction
sys_enter_rt_sigaction
sys_enter_rt_sigaction
sys_enter_rt_sigaction
sys_enter_rt_sigaction
sys_enter_rt_sigaction
sys_enter_rt_sigaction
sys_enter_rt_sigaction
sys_enter_rt_sigaction
sys_enter_rt_sigaction
sys_enter_rt_sigaction
sys_enter_rt_sigaction
sys_enter_rt_sigaction
sys_enter_rt_sigaction
sys_enter_rt_sigaction
sys_enter_rt_sigaction
sys_enter_rt_sigaction
sys_enter_rt_sigaction
sys_enter_rt_sigaction
sys_enter_rt_sigaction
sys_enter_rt_sigaction
sys_enter_rt_sigaction
sys_enter_rt_sigaction
sys_enter_rt_sigaction
sys_enter_rt_sigaction
sys_enter_rt_sigaction
sys_enter_rt_sigaction
sys_enter_rt_sigaction
sys_enter_rt_sigaction
sys_enter_rt_sigaction
sys_enter_rt_sigaction
sys_enter_rt_sigaction
sys_enter_rt_sigaction
sys_enter_rt_sigaction
sys_enter_rt_sigaction
sys_enter_rt_sigaction
sys_enter_rt_sigaction
sys_enter_rt_sigaction
sys_enter_rt_sigaction
sys_enter_rt_sigaction
sys_enter_rt_sigaction
sys_enter_rt_sigaction
sys_enter_rt_sigaction
sys_enter_rt_sigaction
sys_enter_rt_sigprocmask
sys_enter_clone
sys_enter_rt_sigprocmask
sys_enter_gettid
sys_enter_sigaltstack
sys_enter_sigaltstack
sys_enter_gettid
sys_enter_rt_sigprocmask
sys_enter_rt_sigprocmask
sys_enter_clone
sys_enter_gettid
sys_enter_sigaltstack
sys_enter_sigaltstack
sys_enter_rt_sigprocmask
sys_enter_rt_sigprocmask
sys_enter_clone
sys_enter_rt_sigprocmask
sys_enter_sched_yield
sys_enter_futex
sys_enter_futex
sys_enter_gettid
sys_enter_sigaltstack
sys_enter_sigaltstack
sys_enter_gettid
sys_enter_rt_sigprocmask
sys_enter_rt_sigprocmask
sys_enter_clone
sys_enter_rt_sigprocmask
sys_enter_futex
sys_enter_gettid
sys_enter_sigaltstack
sys_enter_sigaltstack
sys_enter_gettid
sys_enter_rt_sigprocmask
sys_enter_futex
sys_enter_futex
sys_enter_gettid
sys_enter_rt_sigprocmask
sys_enter_futex
sys_enter_futex
sys_enter_mmap
sys_enter_futex
sys_enter_futex
sys_enter_futex
sys_enter_openat
sys_enter_read
sys_enter_read
sys_enter_close
sys_enter_socket
sys_enter_close
sys_enter_socket
sys_enter_setsockopt
sys_enter_bind
sys_enter_socket
sys_enter_setsockopt
sys_enter_bind
sys_enter_close
sys_enter_close
sys_enter_getpid
sys_enter_getppid
sys_enter_mmap
sys_enter_mmap
sys_enter_getppid
sys_enter_openat
sys_enter_pipe2
sys_enter_getpid
sys_enter_clone
sys_enter_setsid
sys_enter_chdir
sys_enter_close
sys_enter_read
sys_enter_execve
sys_enter_close
sys_enter_exit_group
sys_enter_mmap
sys_enter_mmap
sys_enter_mprotect
sys_enter_mmap
sys_enter_mmap
sys_enter_mprotect
sys_enter_mmap
sys_enter_mprotect
sys_enter_mmap
sys_enter_mprotect
sys_enter_mmap
sys_enter_mmap
sys_enter_close
sys_enter_munmap
sys_enter_sched_getaffinity
sys_enter_mmap
sys_enter_munmap
sys_enter_mmap
sys_enter_mmap
sys_enter_mmap
sys_enter_mmap
sys_enter_mmap
sys_enter_mmap
sys_enter_rt_sigprocmask
sys_enter_sigaltstack
sys_enter_sigaltstack
sys_enter_gettid
sys_enter_rt_sigprocmask
sys_enter_rt_sigaction
sys_enter_rt_sigaction
sys_enter_rt_sigaction
sys_enter_rt_sigaction
sys_enter_rt_sigaction
sys_enter_rt_sigaction
sys_enter_rt_sigaction
sys_enter_rt_sigaction
sys_enter_rt_sigaction
sys_enter_rt_sigaction
sys_enter_rt_sigaction
sys_enter_rt_sigaction
sys_enter_rt_sigaction
sys_enter_rt_sigaction
sys_enter_rt_sigaction
sys_enter_rt_sigaction
sys_enter_rt_sigaction
sys_enter_rt_sigaction
sys_enter_rt_sigaction
sys_enter_rt_sigaction
sys_enter_rt_sigaction
sys_enter_rt_sigaction
sys_enter_rt_sigaction
sys_enter_rt_sigaction
sys_enter_rt_sigaction
sys_enter_rt_sigaction
sys_enter_rt_sigaction
sys_enter_rt_sigaction
sys_enter_rt_sigaction
sys_enter_rt_sigaction
sys_enter_rt_sigaction
sys_enter_rt_sigaction
sys_enter_rt_sigaction
sys_enter_rt_sigaction
sys_enter_rt_sigaction
sys_enter_rt_sigaction
sys_enter_rt_sigaction
sys_enter_rt_sigaction
sys_enter_rt_sigaction
sys_enter_rt_sigaction
sys_enter_rt_sigaction
sys_enter_rt_sigaction
sys_enter_rt_sigaction
sys_enter_rt_sigaction
sys_enter_rt_sigaction
sys_enter_rt_sigaction
sys_enter_rt_sigaction
sys_enter_rt_sigaction
sys_enter_rt_sigaction
sys_enter_rt_sigaction
sys_enter_rt_sigaction
sys_enter_rt_sigaction
sys_enter_rt_sigaction
sys_enter_rt_sigaction
sys_enter_rt_sigaction
sys_enter_rt_sigaction
sys_enter_rt_sigaction
sys_enter_rt_sigaction
sys_enter_rt_sigaction
sys_enter_rt_sigaction
sys_enter_rt_sigaction
sys_enter_rt_sigaction
sys_enter_rt_sigaction
sys_enter_rt_sigaction
sys_enter_rt_sigaction
sys_enter_rt_sigaction
sys_enter_rt_sigaction
sys_enter_rt_sigaction
sys_enter_rt_sigaction
sys_enter_rt_sigaction
sys_enter_rt_sigaction
sys_enter_rt_sigaction
sys_enter_rt_sigaction
sys_enter_rt_sigaction
sys_enter_rt_sigaction
sys_enter_rt_sigaction
sys_enter_rt_sigaction
sys_enter_rt_sigaction
sys_enter_rt_sigaction
sys_enter_rt_sigaction
sys_enter_rt_sigaction
sys_enter_rt_sigaction
sys_enter_rt_sigaction
sys_enter_rt_sigaction
sys_enter_rt_sigaction
sys_enter_rt_sigaction
sys_enter_rt_sigaction
sys_enter_rt_sigaction
sys_enter_rt_sigaction
sys_enter_rt_sigaction
sys_enter_rt_sigaction
sys_enter_rt_sigaction
sys_enter_rt_sigaction
sys_enter_rt_sigaction
sys_enter_rt_sigaction
sys_enter_rt_sigaction
sys_enter_rt_sigaction
sys_enter_rt_sigaction
sys_enter_rt_sigaction
sys_enter_rt_sigaction
sys_enter_rt_sigaction
sys_enter_rt_sigaction
sys_enter_rt_sigaction
sys_enter_rt_sigaction
sys_enter_rt_sigaction
sys_enter_rt_sigaction
sys_enter_rt_sigaction
sys_enter_rt_sigaction
sys_enter_rt_sigaction
sys_enter_rt_sigaction
sys_enter_rt_sigaction
sys_enter_rt_sigaction
sys_enter_rt_sigaction
sys_enter_rt_sigaction
sys_enter_rt_sigprocmask
sys_enter_clone
sys_enter_rt_sigprocmask
sys_enter_gettid
sys_enter_sigaltstack
sys_enter_sigaltstack
sys_enter_gettid
sys_enter_rt_sigprocmask
sys_enter_rt_sigprocmask
sys_enter_clone
sys_enter_rt_sigprocmask
sys_enter_gettid
sys_enter_sigaltstack
sys_enter_sigaltstack
sys_enter_rt_sigprocmask
sys_enter_clone
sys_enter_gettid
sys_enter_rt_sigprocmask
sys_enter_rt_sigprocmask
sys_enter_futex
sys_enter_rt_sigprocmask
sys_enter_clone
sys_enter_gettid
sys_enter_sigaltstack
sys_enter_sigaltstack
sys_enter_gettid
sys_enter_rt_sigprocmask
sys_enter_rt_sigprocmask
sys_enter_futex
sys_enter_futex
sys_enter_gettid
sys_enter_sigaltstack
sys_enter_sigaltstack
sys_enter_gettid
sys_enter_rt_sigprocmask
sys_enter_futex
sys_enter_futex
sys_enter_mmap
sys_enter_futex
sys_enter_futex
sys_enter_futex
sys_enter_openat
sys_enter_read
sys_enter_read
sys_enter_close
sys_enter_socket
sys_enter_close
sys_enter_socket
sys_enter_setsockopt
sys_enter_futex
sys_enter_bind
sys_enter_socket
sys_enter_setsockopt
sys_enter_bind
sys_enter_close
sys_enter_close
sys_enter_getpid
sys_enter_getppid
sys_enter_mmap
sys_enter_mmap
sys_enter_getppid
sys_enter_openat
sys_enter_pipe2
sys_enter_getpid
sys_enter_clone
sys_enter_setsid
sys_enter_close
sys_enter_read
sys_enter_chdir
sys_enter_execve
sys_enter_close
sys_enter_exit_group
sys_enter_mmap
sys_enter_mmap
sys_enter_mprotect
sys_enter_mmap
sys_enter_mmap
sys_enter_mprotect
sys_enter_mmap
sys_enter_mprotect
sys_enter_mmap
sys_enter_mprotect
sys_enter_mmap
sys_enter_mmap
sys_enter_close
sys_enter_munmap
sys_enter_sched_getaffinity
sys_enter_mmap
sys_enter_munmap
sys_enter_mmap
sys_enter_mmap
sys_enter_mmap
sys_enter_mmap
sys_enter_mmap
sys_enter_mmap
sys_enter_rt_sigprocmask
sys_enter_sigaltstack
sys_enter_sigaltstack
sys_enter_gettid
sys_enter_rt_sigprocmask
sys_enter_rt_sigaction
sys_enter_rt_sigaction
sys_enter_rt_sigaction
sys_enter_rt_sigaction
sys_enter_rt_sigaction
sys_enter_rt_sigaction
sys_enter_rt_sigaction
sys_enter_rt_sigaction
sys_enter_rt_sigaction
sys_enter_rt_sigaction
sys_enter_rt_sigaction
sys_enter_rt_sigaction
sys_enter_rt_sigaction
sys_enter_rt_sigaction
sys_enter_rt_sigaction
sys_enter_rt_sigaction
sys_enter_rt_sigaction
sys_enter_rt_sigaction
sys_enter_rt_sigaction
sys_enter_rt_sigaction
sys_enter_rt_sigaction
sys_enter_rt_sigaction
sys_enter_rt_sigaction
sys_enter_rt_sigaction
sys_enter_rt_sigaction
sys_enter_rt_sigaction
sys_enter_rt_sigaction
sys_enter_rt_sigaction
sys_enter_rt_sigaction
sys_enter_rt_sigaction
sys_enter_rt_sigaction
sys_enter_rt_sigaction
sys_enter_rt_sigaction
sys_enter_rt_sigaction
sys_enter_rt_sigaction
sys_enter_rt_sigaction
sys_enter_rt_sigaction
sys_enter_rt_sigaction
sys_enter_rt_sigaction
sys_enter_rt_sigaction
sys_enter_rt_sigaction
sys_enter_rt_sigaction
sys_enter_rt_sigaction
sys_enter_rt_sigaction
sys_enter_rt_sigaction
sys_enter_rt_sigaction
sys_enter_rt_sigaction
sys_enter_rt_sigaction
sys_enter_rt_sigaction
sys_enter_rt_sigaction
sys_enter_rt_sigaction
sys_enter_rt_sigaction
sys_enter_rt_sigaction
sys_enter_rt_sigaction
sys_enter_rt_sigaction
sys_enter_rt_sigaction
sys_enter_rt_sigaction
sys_enter_rt_sigaction
sys_enter_rt_sigaction
sys_enter_rt_sigaction
sys_enter_rt_sigaction
sys_enter_rt_sigaction
sys_enter_rt_sigaction
sys_enter_rt_sigaction
sys_enter_rt_sigaction
sys_enter_rt_sigaction
sys_enter_rt_sigaction
sys_enter_rt_sigaction
sys_enter_rt_sigaction
sys_enter_rt_sigaction
sys_enter_rt_sigaction
sys_enter_rt_sigaction
sys_enter_rt_sigaction
sys_enter_rt_sigaction
sys_enter_rt_sigaction
sys_enter_rt_sigaction
sys_enter_rt_sigaction
sys_enter_rt_sigaction
sys_enter_rt_sigaction
sys_enter_rt_sigaction
sys_enter_rt_sigaction
sys_enter_rt_sigaction
sys_enter_rt_sigaction
sys_enter_rt_sigaction
sys_enter_rt_sigaction
sys_enter_rt_sigaction
sys_enter_rt_sigaction
sys_enter_rt_sigaction
sys_enter_rt_sigaction
sys_enter_rt_sigaction
sys_enter_rt_sigaction
sys_enter_rt_sigaction
sys_enter_rt_sigaction
sys_enter_rt_sigaction
sys_enter_rt_sigaction
sys_enter_rt_sigaction
sys_enter_rt_sigaction
sys_enter_rt_sigaction
sys_enter_rt_sigaction
sys_enter_rt_sigaction
sys_enter_rt_sigaction
sys_enter_rt_sigaction
sys_enter_rt_sigaction
sys_enter_rt_sigaction
sys_enter_rt_sigaction
sys_enter_rt_sigaction
sys_enter_rt_sigaction
sys_enter_rt_sigaction
sys_enter_rt_sigaction
sys_enter_rt_sigaction
sys_enter_rt_sigaction
sys_enter_rt_sigaction
sys_enter_rt_sigaction
sys_enter_rt_sigaction
sys_enter_rt_sigprocmask
sys_enter_clone
sys_enter_rt_sigprocmask
sys_enter_gettid
sys_enter_sigaltstack
sys_enter_sigaltstack
sys_enter_gettid
sys_enter_rt_sigprocmask
sys_enter_rt_sigprocmask
sys_enter_clone
sys_enter_rt_sigprocmask
sys_enter_gettid
sys_enter_sigaltstack
sys_enter_sigaltstack
sys_enter_gettid
sys_enter_rt_sigprocmask
sys_enter_rt_sigprocmask
sys_enter_clone
sys_enter_rt_sigprocmask
sys_enter_clone
sys_enter_rt_sigprocmask
sys_enter_futex
sys_enter_gettid
sys_enter_sigaltstack
sys_enter_sigaltstack
sys_enter_gettid
sys_enter_rt_sigprocmask
sys_enter_rt_sigprocmask
sys_enter_futex
sys_enter_futex
sys_enter_futex
sys_enter_gettid
sys_enter_sigaltstack
sys_enter_sigaltstack
sys_enter_gettid
sys_enter_rt_sigprocmask
sys_enter_futex
sys_enter_futex
sys_enter_mmap
sys_enter_futex
sys_enter_futex
sys_enter_futex
sys_enter_openat
sys_enter_read
sys_enter_read
sys_enter_close
sys_enter_socket
sys_enter_close
sys_enter_socket
sys_enter_setsockopt
sys_enter_bind
sys_enter_socket
sys_enter_setsockopt
sys_enter_bind
sys_enter_close
sys_enter_close
sys_enter_getpid
sys_enter_getppid
sys_enter_mmap
sys_enter_mmap
sys_enter_getppid
sys_enter_openat
sys_enter_pipe2
sys_enter_getpid
sys_enter_clone
sys_enter_setsid
sys_enter_close
sys_enter_read
sys_enter_chdir
sys_enter_execve
sys_enter_close
sys_enter_exit_group
sys_enter_mmap
sys_enter_mmap
sys_enter_mprotect
sys_enter_mmap
sys_enter_mmap
sys_enter_mprotect
sys_enter_mmap
sys_enter_mprotect
sys_enter_mmap
sys_enter_mprotect
sys_enter_mmap
sys_enter_mmap
sys_enter_close
sys_enter_munmap
sys_enter_sched_getaffinity
sys_enter_mmap
sys_enter_munmap
sys_enter_mmap
sys_enter_mmap
sys_enter_mmap
sys_enter_mmap
sys_enter_mmap
sys_enter_mmap
sys_enter_rt_sigprocmask
sys_enter_sigaltstack
sys_enter_sigaltstack
sys_enter_gettid
sys_enter_rt_sigprocmask
sys_enter_rt_sigaction
sys_enter_rt_sigaction
sys_enter_rt_sigaction
sys_enter_rt_sigaction
sys_enter_rt_sigaction
sys_enter_rt_sigaction
sys_enter_rt_sigaction
sys_enter_rt_sigaction
sys_enter_rt_sigaction
sys_enter_rt_sigaction
sys_enter_rt_sigaction
sys_enter_rt_sigaction
sys_enter_rt_sigaction
sys_enter_rt_sigaction
sys_enter_rt_sigaction
sys_enter_rt_sigaction
sys_enter_rt_sigaction
sys_enter_rt_sigaction
sys_enter_rt_sigaction
sys_enter_rt_sigaction
sys_enter_rt_sigaction
sys_enter_rt_sigaction
sys_enter_rt_sigaction
sys_enter_rt_sigaction
sys_enter_rt_sigaction
sys_enter_rt_sigaction
sys_enter_rt_sigaction
sys_enter_rt_sigaction
sys_enter_rt_sigaction
sys_enter_rt_sigaction
sys_enter_rt_sigaction
sys_enter_rt_sigaction
sys_enter_rt_sigaction
sys_enter_rt_sigaction
sys_enter_rt_sigaction
sys_enter_rt_sigaction
sys_enter_rt_sigaction
sys_enter_rt_sigaction
sys_enter_rt_sigaction
sys_enter_rt_sigaction
sys_enter_rt_sigaction
sys_enter_rt_sigaction
sys_enter_rt_sigaction
sys_enter_rt_sigaction
sys_enter_rt_sigaction
sys_enter_rt_sigaction
sys_enter_rt_sigaction
sys_enter_rt_sigaction
sys_enter_rt_sigaction
sys_enter_rt_sigaction
sys_enter_rt_sigaction
sys_enter_rt_sigaction
sys_enter_rt_sigaction
sys_enter_rt_sigaction
sys_enter_rt_sigaction
sys_enter_rt_sigaction
sys_enter_rt_sigaction
sys_enter_rt_sigaction
sys_enter_rt_sigaction
sys_enter_rt_sigaction
sys_enter_rt_sigaction
sys_enter_rt_sigaction
sys_enter_rt_sigaction
sys_enter_rt_sigaction
sys_enter_rt_sigaction
sys_enter_rt_sigaction
sys_enter_rt_sigaction
sys_enter_rt_sigaction
sys_enter_rt_sigaction
sys_enter_rt_sigaction
sys_enter_rt_sigaction
sys_enter_rt_sigaction
sys_enter_rt_sigaction
sys_enter_rt_sigaction
sys_enter_rt_sigaction
sys_enter_rt_sigaction
sys_enter_rt_sigaction
sys_enter_rt_sigaction
sys_enter_rt_sigaction
sys_enter_rt_sigaction
sys_enter_rt_sigaction
sys_enter_rt_sigaction
sys_enter_rt_sigaction
sys_enter_rt_sigaction
sys_enter_rt_sigaction
sys_enter_rt_sigaction
sys_enter_rt_sigaction
sys_enter_rt_sigaction
sys_enter_rt_sigaction
sys_enter_rt_sigaction
sys_enter_rt_sigaction
sys_enter_rt_sigaction
sys_enter_rt_sigaction
sys_enter_rt_sigaction
sys_enter_rt_sigaction
sys_enter_rt_sigaction
sys_enter_rt_sigaction
sys_enter_rt_sigaction
sys_enter_rt_sigaction
sys_enter_rt_sigaction
sys_enter_rt_sigaction
sys_enter_rt_sigaction
sys_enter_rt_sigaction
sys_enter_rt_sigaction
sys_enter_rt_sigaction
sys_enter_rt_sigaction
sys_enter_rt_sigaction
sys_enter_rt_sigaction
sys_enter_rt_sigaction
sys_enter_rt_sigaction
sys_enter_rt_sigaction
sys_enter_rt_sigaction
sys_enter_rt_sigaction
sys_enter_rt_sigaction
sys_enter_rt_sigprocmask
sys_enter_clone
sys_enter_rt_sigprocmask
sys_enter_gettid
sys_enter_sigaltstack
sys_enter_sigaltstack
sys_enter_gettid
sys_enter_rt_sigprocmask
sys_enter_rt_sigprocmask
sys_enter_clone
sys_enter_rt_sigprocmask
sys_enter_gettid
sys_enter_sigaltstack
sys_enter_sigaltstack
sys_enter_gettid
sys_enter_rt_sigprocmask
sys_enter_rt_sigprocmask
sys_enter_clone
sys_enter_rt_sigprocmask
sys_enter_futex
sys_enter_gettid
sys_enter_rt_sigprocmask
sys_enter_clone
sys_enter_sigaltstack
sys_enter_sigaltstack
sys_enter_gettid
sys_enter_rt_sigprocmask
sys_enter_futex
sys_enter_rt_sigprocmask
sys_enter_gettid
sys_enter_futex
sys_enter_futex
sys_enter_sigaltstack
sys_enter_sigaltstack
sys_enter_gettid
sys_enter_rt_sigprocmask
sys_enter_futex
sys_enter_futex
sys_enter_mmap
sys_enter_futex
sys_enter_futex
sys_enter_futex
sys_enter_openat
sys_enter_read
sys_enter_read
sys_enter_close
sys_enter_socket
sys_enter_close
sys_enter_socket
sys_enter_setsockopt
sys_enter_bind
sys_enter_socket
sys_enter_setsockopt
sys_enter_bind
sys_enter_close
sys_enter_close
sys_enter_getpid
sys_enter_getppid
sys_enter_mmap
sys_enter_mmap
sys_enter_getppid
sys_enter_openat
sys_enter_pipe2
sys_enter_getpid
sys_enter_clone
sys_enter_setsid
sys_enter_close
sys_enter_read
sys_enter_chdir
sys_enter_execve
sys_enter_close
sys_enter_exit_group
sys_enter_mmap
sys_enter_mmap
sys_enter_mprotect
sys_enter_mmap
sys_enter_mmap
sys_enter_mprotect
sys_enter_mmap
sys_enter_mprotect
sys_enter_mmap
sys_enter_mprotect
sys_enter_mmap
sys_enter_mmap
sys_enter_close
sys_enter_munmap
sys_enter_sched_getaffinity
sys_enter_mmap
sys_enter_munmap
sys_enter_mmap
sys_enter_mmap
sys_enter_mmap
sys_enter_mmap
sys_enter_mmap
sys_enter_mmap
sys_enter_rt_sigprocmask
sys_enter_sigaltstack
sys_enter_sigaltstack
sys_enter_gettid
sys_enter_rt_sigprocmask
sys_enter_rt_sigaction
sys_enter_rt_sigaction
sys_enter_rt_sigaction
sys_enter_rt_sigaction
sys_enter_rt_sigaction
sys_enter_rt_sigaction
sys_enter_rt_sigaction
sys_enter_rt_sigaction
sys_enter_rt_sigaction
sys_enter_rt_sigaction
sys_enter_rt_sigaction
sys_enter_rt_sigaction
sys_enter_rt_sigaction
sys_enter_rt_sigaction
sys_enter_rt_sigaction
sys_enter_rt_sigaction
sys_enter_rt_sigaction
sys_enter_rt_sigaction
sys_enter_rt_sigaction
sys_enter_rt_sigaction
sys_enter_rt_sigaction
sys_enter_rt_sigaction
sys_enter_rt_sigaction
sys_enter_rt_sigaction
sys_enter_rt_sigaction
sys_enter_rt_sigaction
sys_enter_rt_sigaction
sys_enter_rt_sigaction
sys_enter_rt_sigaction
sys_enter_rt_sigaction
sys_enter_rt_sigaction
sys_enter_rt_sigaction
sys_enter_rt_sigaction
sys_enter_rt_sigaction
sys_enter_rt_sigaction
sys_enter_rt_sigaction
sys_enter_rt_sigaction
sys_enter_rt_sigaction
sys_enter_rt_sigaction
sys_enter_rt_sigaction
sys_enter_rt_sigaction
sys_enter_rt_sigaction
sys_enter_rt_sigaction
sys_enter_rt_sigaction
sys_enter_rt_sigaction
sys_enter_rt_sigaction
sys_enter_rt_sigaction
sys_enter_rt_sigaction
sys_enter_rt_sigaction
sys_enter_rt_sigaction
sys_enter_rt_sigaction
sys_enter_rt_sigaction
sys_enter_rt_sigaction
sys_enter_rt_sigaction
sys_enter_rt_sigaction
sys_enter_rt_sigaction
sys_enter_rt_sigaction
sys_enter_rt_sigaction
sys_enter_rt_sigaction
sys_enter_rt_sigaction
sys_enter_rt_sigaction
sys_enter_rt_sigaction
sys_enter_rt_sigaction
sys_enter_rt_sigaction
sys_enter_rt_sigaction
sys_enter_rt_sigaction
sys_enter_rt_sigaction
sys_enter_rt_sigaction
sys_enter_rt_sigaction
sys_enter_rt_sigaction
sys_enter_rt_sigaction
sys_enter_rt_sigaction
sys_enter_rt_sigaction
sys_enter_rt_sigaction
sys_enter_rt_sigaction
sys_enter_rt_sigaction
sys_enter_rt_sigaction
sys_enter_rt_sigaction
sys_enter_rt_sigaction
sys_enter_rt_sigaction
sys_enter_rt_sigaction
sys_enter_rt_sigaction
sys_enter_rt_sigaction
sys_enter_rt_sigaction
sys_enter_rt_sigaction
sys_enter_rt_sigaction
sys_enter_rt_sigaction
sys_enter_rt_sigaction
sys_enter_rt_sigaction
sys_enter_rt_sigaction
sys_enter_rt_sigaction
sys_enter_rt_sigaction
sys_enter_rt_sigaction
sys_enter_rt_sigaction
sys_enter_rt_sigaction
sys_enter_rt_sigaction
sys_enter_rt_sigaction
sys_enter_rt_sigaction
sys_enter_rt_sigaction
sys_enter_rt_sigaction
sys_enter_rt_sigaction
sys_enter_rt_sigaction
sys_enter_rt_sigaction
sys_enter_rt_sigaction
sys_enter_rt_sigaction
sys_enter_rt_sigaction
sys_enter_rt_sigaction
sys_enter_rt_sigaction
sys_enter_rt_sigaction
sys_enter_rt_sigaction
sys_enter_rt_sigaction
sys_enter_rt_sigaction
sys_enter_rt_sigaction
sys_enter_rt_sigaction
sys_enter_rt_sigprocmask
sys_enter_clone
sys_enter_rt_sigprocmask
sys_enter_gettid
sys_enter_sigaltstack
sys_enter_sigaltstack
sys_enter_gettid
sys_enter_rt_sigprocmask
sys_enter_rt_sigprocmask
sys_enter_clone
sys_enter_rt_sigprocmask
sys_enter_gettid
sys_enter_sigaltstack
sys_enter_sigaltstack
sys_enter_gettid
sys_enter_rt_sigprocmask
sys_enter_rt_sigprocmask
sys_enter_clone
sys_enter_rt_sigprocmask
sys_enter_clone
sys_enter_rt_sigprocmask
sys_enter_rt_sigprocmask
sys_enter_futex
sys_enter_gettid
sys_enter_sigaltstack
sys_enter_sigaltstack
sys_enter_gettid
sys_enter_rt_sigprocmask
sys_enter_gettid
sys_enter_sigaltstack
sys_enter_sigaltstack
sys_enter_gettid
sys_enter_futex
sys_enter_futex
sys_enter_rt_sigprocmask
sys_enter_futex
sys_enter_futex
sys_enter_futex
sys_enter_mmap
sys_enter_futex
sys_enter_futex
sys_enter_futex
sys_enter_openat
sys_enter_read
sys_enter_read
sys_enter_close
sys_enter_socket
sys_enter_close
sys_enter_socket
sys_enter_setsockopt
sys_enter_bind
sys_enter_socket
sys_enter_setsockopt
sys_enter_bind
sys_enter_close
sys_enter_close
sys_enter_getpid
sys_enter_getppid
sys_enter_mmap
sys_enter_mmap
sys_enter_getppid
sys_enter_openat
sys_enter_pipe2
sys_enter_getpid
sys_enter_clone
sys_enter_setsid
sys_enter_close
sys_enter_read
sys_enter_chdir
sys_enter_execve
sys_enter_close
sys_enter_mmap
sys_enter_exit_group
sys_enter_mmap
sys_enter_mprotect
sys_enter_mmap
sys_enter_mmap
sys_enter_mprotect
sys_enter_mmap
sys_enter_mprotect
sys_enter_mmap
sys_enter_mprotect
sys_enter_mmap
sys_enter_mmap
sys_enter_close
sys_enter_munmap
sys_enter_sched_getaffinity
sys_enter_mmap
sys_enter_munmap
sys_enter_mmap
sys_enter_mmap
sys_enter_mmap
sys_enter_mmap
sys_enter_mmap
sys_enter_mmap
sys_enter_rt_sigprocmask
sys_enter_sigaltstack
sys_enter_sigaltstack
sys_enter_gettid
sys_enter_rt_sigprocmask
sys_enter_rt_sigaction
sys_enter_rt_sigaction
sys_enter_rt_sigaction
sys_enter_rt_sigaction
sys_enter_rt_sigaction
sys_enter_rt_sigaction
sys_enter_rt_sigaction
sys_enter_rt_sigaction
sys_enter_rt_sigaction
sys_enter_rt_sigaction
sys_enter_rt_sigaction
sys_enter_rt_sigaction
sys_enter_rt_sigaction
sys_enter_rt_sigaction
sys_enter_rt_sigaction
sys_enter_rt_sigaction
sys_enter_rt_sigaction
sys_enter_rt_sigaction
sys_enter_rt_sigaction
sys_enter_rt_sigaction
sys_enter_rt_sigaction
sys_enter_rt_sigaction
sys_enter_rt_sigaction
sys_enter_rt_sigaction
sys_enter_rt_sigaction
sys_enter_rt_sigaction
sys_enter_rt_sigaction
sys_enter_rt_sigaction
sys_enter_rt_sigaction
sys_enter_rt_sigaction
sys_enter_rt_sigaction
sys_enter_rt_sigaction
sys_enter_rt_sigaction
sys_enter_rt_sigaction
sys_enter_rt_sigaction
sys_enter_rt_sigaction
sys_enter_rt_sigaction
sys_enter_rt_sigaction
sys_enter_rt_sigaction
sys_enter_rt_sigaction
sys_enter_rt_sigaction
sys_enter_rt_sigaction
sys_enter_rt_sigaction
sys_enter_rt_sigaction
sys_enter_rt_sigaction
sys_enter_rt_sigaction
sys_enter_rt_sigaction
sys_enter_rt_sigaction
sys_enter_rt_sigaction
sys_enter_rt_sigaction
sys_enter_rt_sigaction
sys_enter_rt_sigaction
sys_enter_rt_sigaction
sys_enter_rt_sigaction
sys_enter_rt_sigaction
sys_enter_rt_sigaction
sys_enter_rt_sigaction
sys_enter_rt_sigaction
sys_enter_rt_sigaction
sys_enter_rt_sigaction
sys_enter_rt_sigaction
sys_enter_rt_sigaction
sys_enter_rt_sigaction
sys_enter_rt_sigaction
sys_enter_rt_sigaction
sys_enter_rt_sigaction
sys_enter_rt_sigaction
sys_enter_rt_sigaction
sys_enter_rt_sigaction
sys_enter_rt_sigaction
sys_enter_rt_sigaction
sys_enter_rt_sigaction
sys_enter_rt_sigaction
sys_enter_rt_sigaction
sys_enter_rt_sigaction
sys_enter_rt_sigaction
sys_enter_rt_sigaction
sys_enter_rt_sigaction
sys_enter_rt_sigaction
sys_enter_rt_sigaction
sys_enter_rt_sigaction
sys_enter_rt_sigaction
sys_enter_rt_sigaction
sys_enter_rt_sigaction
sys_enter_rt_sigaction
sys_enter_rt_sigaction
sys_enter_rt_sigaction
sys_enter_rt_sigaction
sys_enter_rt_sigaction
sys_enter_rt_sigaction
sys_enter_rt_sigaction
sys_enter_rt_sigaction
sys_enter_rt_sigaction
sys_enter_rt_sigaction
sys_enter_rt_sigaction
sys_enter_rt_sigaction
sys_enter_rt_sigaction
sys_enter_rt_sigaction
sys_enter_rt_sigaction
sys_enter_rt_sigaction
sys_enter_rt_sigaction
sys_enter_rt_sigaction
sys_enter_rt_sigaction
sys_enter_rt_sigaction
sys_enter_rt_sigaction
sys_enter_rt_sigaction
sys_enter_rt_sigaction
sys_enter_rt_sigaction
sys_enter_rt_sigaction
sys_enter_rt_sigaction
sys_enter_rt_sigaction
sys_enter_rt_sigaction
sys_enter_rt_sigaction
sys_enter_rt_sigaction
sys_enter_rt_sigprocmask
sys_enter_clone
sys_enter_rt_sigprocmask
sys_enter_gettid
sys_enter_sigaltstack
sys_enter_sigaltstack
sys_enter_gettid
sys_enter_rt_sigprocmask
sys_enter_rt_sigprocmask
sys_enter_clone
sys_enter_rt_sigprocmask
sys_enter_gettid
sys_enter_sigaltstack
sys_enter_sigaltstack
sys_enter_gettid
sys_enter_rt_sigprocmask
sys_enter_rt_sigprocmask
sys_enter_clone
sys_enter_rt_sigprocmask
sys_enter_futex
sys_enter_rt_sigprocmask
sys_enter_clone
sys_enter_gettid
sys_enter_sigaltstack
sys_enter_sigaltstack
sys_enter_gettid
sys_enter_rt_sigprocmask
sys_enter_rt_sigprocmask
sys_enter_futex
sys_enter_futex
sys_enter_futex
sys_enter_gettid
sys_enter_sigaltstack
sys_enter_sigaltstack
sys_enter_gettid
sys_enter_rt_sigprocmask
sys_enter_futex
sys_enter_futex
sys_enter_mmap
sys_enter_futex
sys_enter_futex
sys_enter_futex
sys_enter_openat
sys_enter_read
sys_enter_read
sys_enter_close
sys_enter_socket
sys_enter_close
sys_enter_socket
sys_enter_setsockopt
sys_enter_bind
sys_enter_socket
sys_enter_setsockopt
sys_enter_bind
sys_enter_close
sys_enter_close
sys_enter_getpid
sys_enter_getppid
sys_enter_mmap
sys_enter_mmap
sys_enter_getppid
sys_enter_openat
sys_enter_pipe2
sys_enter_getpid
sys_enter_clone
sys_enter_setsid
sys_enter_close
sys_enter_read
sys_enter_chdir
sys_enter_execve
sys_enter_close
sys_enter_mmap
sys_enter_exit_group
sys_enter_mmap
sys_enter_mprotect
sys_enter_mmap
sys_enter_mmap
sys_enter_mprotect
sys_enter_mmap
sys_enter_mprotect
sys_enter_mmap
sys_enter_mprotect
sys_enter_mmap
sys_enter_mmap
sys_enter_close
sys_enter_munmap
sys_enter_sched_getaffinity
sys_enter_mmap
sys_enter_munmap
sys_enter_mmap
sys_enter_mmap
sys_enter_mmap
sys_enter_mmap
sys_enter_mmap
sys_enter_mmap
sys_enter_rt_sigprocmask
sys_enter_sigaltstack
sys_enter_sigaltstack
sys_enter_gettid
sys_enter_rt_sigprocmask
sys_enter_rt_sigaction
sys_enter_rt_sigaction
sys_enter_rt_sigaction
sys_enter_rt_sigaction
sys_enter_rt_sigaction
sys_enter_rt_sigaction
sys_enter_rt_sigaction
sys_enter_rt_sigaction
sys_enter_rt_sigaction
sys_enter_rt_sigaction
sys_enter_rt_sigaction
sys_enter_rt_sigaction
sys_enter_rt_sigaction
sys_enter_rt_sigaction
sys_enter_rt_sigaction
sys_enter_rt_sigaction
sys_enter_rt_sigaction
sys_enter_rt_sigaction
sys_enter_rt_sigaction
sys_enter_rt_sigaction
sys_enter_rt_sigaction
sys_enter_rt_sigaction
sys_enter_rt_sigaction
sys_enter_rt_sigaction
sys_enter_rt_sigaction
sys_enter_rt_sigaction
sys_enter_rt_sigaction
sys_enter_rt_sigaction
sys_enter_rt_sigaction
sys_enter_rt_sigaction
sys_enter_rt_sigaction
sys_enter_rt_sigaction
sys_enter_rt_sigaction
sys_enter_rt_sigaction
sys_enter_rt_sigaction
sys_enter_rt_sigaction
sys_enter_rt_sigaction
sys_enter_rt_sigaction
sys_enter_rt_sigaction
sys_enter_rt_sigaction
sys_enter_rt_sigaction
sys_enter_rt_sigaction
sys_enter_rt_sigaction
sys_enter_rt_sigaction
sys_enter_rt_sigaction
sys_enter_rt_sigaction
sys_enter_rt_sigaction
sys_enter_rt_sigaction
sys_enter_rt_sigaction
sys_enter_rt_sigaction
sys_enter_rt_sigaction
sys_enter_rt_sigaction
sys_enter_rt_sigaction
sys_enter_rt_sigaction
sys_enter_rt_sigaction
sys_enter_rt_sigaction
sys_enter_rt_sigaction
sys_enter_rt_sigaction
sys_enter_rt_sigaction
sys_enter_rt_sigaction
sys_enter_rt_sigaction
sys_enter_rt_sigaction
sys_enter_rt_sigaction
sys_enter_rt_sigaction
sys_enter_rt_sigaction
sys_enter_rt_sigaction
sys_enter_rt_sigaction
sys_enter_rt_sigaction
sys_enter_rt_sigaction
sys_enter_rt_sigaction
sys_enter_rt_sigaction
sys_enter_rt_sigaction
sys_enter_rt_sigaction
sys_enter_rt_sigaction
sys_enter_rt_sigaction
sys_enter_rt_sigaction
sys_enter_rt_sigaction
sys_enter_rt_sigaction
sys_enter_rt_sigaction
sys_enter_rt_sigaction
sys_enter_rt_sigaction
sys_enter_rt_sigaction
sys_enter_rt_sigaction
sys_enter_rt_sigaction
sys_enter_rt_sigaction
sys_enter_rt_sigaction
sys_enter_rt_sigaction
sys_enter_rt_sigaction
sys_enter_rt_sigaction
sys_enter_rt_sigaction
sys_enter_rt_sigaction
sys_enter_rt_sigaction
sys_enter_rt_sigaction
sys_enter_rt_sigaction
sys_enter_rt_sigaction
sys_enter_rt_sigaction
sys_enter_rt_sigaction
sys_enter_rt_sigaction
sys_enter_rt_sigaction
sys_enter_rt_sigaction
sys_enter_rt_sigaction
sys_enter_rt_sigaction
sys_enter_rt_sigaction
sys_enter_rt_sigaction
sys_enter_rt_sigaction
sys_enter_rt_sigaction
sys_enter_rt_sigaction
sys_enter_rt_sigaction
sys_enter_rt_sigaction
sys_enter_rt_sigaction
sys_enter_rt_sigaction
sys_enter_rt_sigaction
sys_enter_rt_sigaction
sys_enter_rt_sigaction
sys_enter_rt_sigprocmask
sys_enter_clone
sys_enter_rt_sigprocmask
sys_enter_gettid
sys_enter_sigaltstack
sys_enter_sigaltstack
sys_enter_gettid
sys_enter_rt_sigprocmask
sys_enter_rt_sigprocmask
sys_enter_clone
sys_enter_rt_sigprocmask
sys_enter_gettid
sys_enter_sigaltstack
sys_enter_sigaltstack
sys_enter_rt_sigprocmask
sys_enter_clone
sys_enter_gettid
sys_enter_rt_sigprocmask
sys_enter_rt_sigprocmask
sys_enter_sched_yield
sys_enter_gettid
sys_enter_futex
sys_enter_futex
sys_enter_futex
sys_enter_sigaltstack
sys_enter_futex
sys_enter_sigaltstack
sys_enter_gettid
sys_enter_rt_sigprocmask
sys_enter_futex
sys_enter_futex
sys_enter_rt_sigprocmask
sys_enter_clone
sys_enter_rt_sigprocmask
sys_enter_futex
sys_enter_gettid
sys_enter_sigaltstack
sys_enter_sigaltstack
sys_enter_gettid
sys_enter_rt_sigprocmask
sys_enter_futex
sys_enter_futex
sys_enter_mmap
sys_enter_futex
sys_enter_futex
sys_enter_futex
sys_enter_openat
sys_enter_read
sys_enter_read
sys_enter_close
sys_enter_socket
sys_enter_close
sys_enter_socket
sys_enter_setsockopt
sys_enter_bind
sys_enter_socket
sys_enter_setsockopt
sys_enter_bind
sys_enter_close
sys_enter_close
sys_enter_getpid
sys_enter_getppid
sys_enter_mmap
sys_enter_mmap
sys_enter_getppid
sys_enter_openat
sys_enter_pipe2
sys_enter_getpid
sys_enter_clone
sys_enter_setsid
sys_enter_close
sys_enter_read
sys_enter_chdir
sys_enter_execve
sys_enter_close
sys_enter_mmap
sys_enter_exit_group
sys_enter_mmap
sys_enter_mprotect
sys_enter_mmap
sys_enter_mmap
sys_enter_mprotect
sys_enter_mmap
sys_enter_mprotect
sys_enter_mmap
sys_enter_mprotect
sys_enter_mmap
sys_enter_mmap
sys_enter_close
sys_enter_munmap
sys_enter_sched_getaffinity
sys_enter_mmap
sys_enter_munmap
sys_enter_mmap
sys_enter_mmap
sys_enter_mmap
sys_enter_mmap
sys_enter_mmap
sys_enter_mmap
sys_enter_rt_sigprocmask
sys_enter_sigaltstack
sys_enter_sigaltstack
sys_enter_gettid
sys_enter_rt_sigprocmask
sys_enter_rt_sigaction
sys_enter_rt_sigaction
sys_enter_rt_sigaction
sys_enter_rt_sigaction
sys_enter_rt_sigaction
sys_enter_rt_sigaction
sys_enter_rt_sigaction
sys_enter_rt_sigaction
sys_enter_rt_sigaction
sys_enter_rt_sigaction
sys_enter_rt_sigaction
sys_enter_rt_sigaction
sys_enter_rt_sigaction
sys_enter_rt_sigaction
sys_enter_rt_sigaction
sys_enter_rt_sigaction
sys_enter_rt_sigaction
sys_enter_rt_sigaction
sys_enter_rt_sigaction
sys_enter_rt_sigaction
sys_enter_rt_sigaction
sys_enter_rt_sigaction
sys_enter_rt_sigaction
sys_enter_rt_sigaction
sys_enter_rt_sigaction
sys_enter_rt_sigaction
sys_enter_rt_sigaction
sys_enter_rt_sigaction
sys_enter_rt_sigaction
sys_enter_rt_sigaction
sys_enter_rt_sigaction
sys_enter_rt_sigaction
sys_enter_rt_sigaction
sys_enter_rt_sigaction
sys_enter_rt_sigaction
sys_enter_rt_sigaction
sys_enter_rt_sigaction
sys_enter_rt_sigaction
sys_enter_rt_sigaction
sys_enter_rt_sigaction
sys_enter_rt_sigaction
sys_enter_rt_sigaction
sys_enter_rt_sigaction
sys_enter_rt_sigaction
sys_enter_rt_sigaction
sys_enter_rt_sigaction
sys_enter_rt_sigaction
sys_enter_rt_sigaction
sys_enter_rt_sigaction
sys_enter_rt_sigaction
sys_enter_rt_sigaction
sys_enter_rt_sigaction
sys_enter_rt_sigaction
sys_enter_rt_sigaction
sys_enter_rt_sigaction
sys_enter_rt_sigaction
sys_enter_rt_sigaction
sys_enter_rt_sigaction
sys_enter_rt_sigaction
sys_enter_rt_sigaction
sys_enter_rt_sigaction
sys_enter_rt_sigaction
sys_enter_rt_sigaction
sys_enter_rt_sigaction
sys_enter_rt_sigaction
sys_enter_rt_sigaction
sys_enter_rt_sigaction
sys_enter_rt_sigaction
sys_enter_rt_sigaction
sys_enter_rt_sigaction
sys_enter_rt_sigaction
sys_enter_rt_sigaction
sys_enter_rt_sigaction
sys_enter_rt_sigaction
sys_enter_rt_sigaction
sys_enter_rt_sigaction
sys_enter_rt_sigaction
sys_enter_rt_sigaction
sys_enter_rt_sigaction
sys_enter_rt_sigaction
sys_enter_rt_sigaction
sys_enter_rt_sigaction
sys_enter_rt_sigaction
sys_enter_rt_sigaction
sys_enter_rt_sigaction
sys_enter_rt_sigaction
sys_enter_rt_sigaction
sys_enter_rt_sigaction
sys_enter_rt_sigaction
sys_enter_rt_sigaction
sys_enter_rt_sigaction
sys_enter_rt_sigaction
sys_enter_rt_sigaction
sys_enter_rt_sigaction
sys_enter_rt_sigaction
sys_enter_rt_sigaction
sys_enter_rt_sigaction
sys_enter_rt_sigaction
sys_enter_rt_sigaction
sys_enter_rt_sigaction
sys_enter_rt_sigaction
sys_enter_rt_sigaction
sys_enter_rt_sigaction
sys_enter_rt_sigaction
sys_enter_rt_sigaction
sys_enter_rt_sigaction
sys_enter_rt_sigaction
sys_enter_rt_sigaction
sys_enter_rt_sigaction
sys_enter_rt_sigaction
sys_enter_rt_sigaction
sys_enter_rt_sigaction
sys_enter_rt_sigaction
sys_enter_rt_sigaction
sys_enter_rt_sigprocmask
sys_enter_clone
sys_enter_rt_sigprocmask
sys_enter_gettid
sys_enter_sigaltstack
sys_enter_sigaltstack
sys_enter_gettid
sys_enter_rt_sigprocmask
sys_enter_rt_sigprocmask
sys_enter_clone
sys_enter_rt_sigprocmask
sys_enter_gettid
sys_enter_sigaltstack
sys_enter_sigaltstack
sys_enter_gettid
sys_enter_rt_sigprocmask
sys_enter_rt_sigprocmask
sys_enter_clone
sys_enter_rt_sigprocmask
sys_enter_clone
sys_enter_rt_sigprocmask
sys_enter_futex
sys_enter_gettid
sys_enter_sigaltstack
sys_enter_sigaltstack
sys_enter_gettid
sys_enter_rt_sigprocmask
sys_enter_futex
sys_enter_rt_sigprocmask
sys_enter_futex
sys_enter_futex
sys_enter_gettid
sys_enter_sigaltstack
sys_enter_sigaltstack
sys_enter_gettid
sys_enter_rt_sigprocmask
sys_enter_futex
sys_enter_futex
sys_enter_mmap
sys_enter_futex
sys_enter_futex
sys_enter_futex
sys_enter_openat
sys_enter_read
sys_enter_read
sys_enter_close
sys_enter_socket
sys_enter_close
sys_enter_socket
sys_enter_setsockopt
sys_enter_bind
sys_enter_socket
sys_enter_setsockopt
sys_enter_bind
sys_enter_close
sys_enter_close
sys_enter_getpid
sys_enter_getppid
sys_enter_mmap
sys_enter_mmap
sys_enter_getppid
sys_enter_openat
sys_enter_pipe2
sys_enter_getpid
sys_enter_clone
sys_enter_setsid
sys_enter_close
sys_enter_read
sys_enter_chdir
sys_enter_execve
sys_enter_close
sys_enter_mmap
sys_enter_mmap
sys_enter_exit_group
sys_enter_mprotect
sys_enter_mmap
sys_enter_mmap
sys_enter_mprotect
sys_enter_mmap
sys_enter_mprotect
sys_enter_mmap
sys_enter_mprotect
sys_enter_mmap
sys_enter_mmap
sys_enter_close
sys_enter_munmap
sys_enter_sched_getaffinity
sys_enter_mmap
sys_enter_munmap
sys_enter_mmap
sys_enter_mmap
sys_enter_mmap
sys_enter_mmap
sys_enter_mmap
sys_enter_mmap
sys_enter_rt_sigprocmask
sys_enter_sigaltstack
sys_enter_sigaltstack
sys_enter_gettid
sys_enter_rt_sigprocmask
sys_enter_rt_sigaction
sys_enter_rt_sigaction
sys_enter_rt_sigaction
sys_enter_rt_sigaction
sys_enter_rt_sigaction
sys_enter_rt_sigaction
sys_enter_rt_sigaction
sys_enter_rt_sigaction
sys_enter_rt_sigaction
sys_enter_rt_sigaction
sys_enter_rt_sigaction
sys_enter_rt_sigaction
sys_enter_rt_sigaction
sys_enter_rt_sigaction
sys_enter_rt_sigaction
sys_enter_rt_sigaction
sys_enter_rt_sigaction
sys_enter_rt_sigaction
sys_enter_rt_sigaction
sys_enter_rt_sigaction
sys_enter_rt_sigaction
sys_enter_rt_sigaction
sys_enter_rt_sigaction
sys_enter_rt_sigaction
sys_enter_rt_sigaction
sys_enter_rt_sigaction
sys_enter_rt_sigaction
sys_enter_rt_sigaction
sys_enter_rt_sigaction
sys_enter_rt_sigaction
sys_enter_rt_sigaction
sys_enter_rt_sigaction
sys_enter_rt_sigaction
sys_enter_rt_sigaction
sys_enter_rt_sigaction
sys_enter_rt_sigaction
sys_enter_rt_sigaction
sys_enter_rt_sigaction
sys_enter_rt_sigaction
sys_enter_rt_sigaction
sys_enter_rt_sigaction
sys_enter_rt_sigaction
sys_enter_rt_sigaction
sys_enter_rt_sigaction
sys_enter_rt_sigaction
sys_enter_rt_sigaction
sys_enter_rt_sigaction
sys_enter_rt_sigaction
sys_enter_rt_sigaction
sys_enter_rt_sigaction
sys_enter_rt_sigaction
sys_enter_rt_sigaction
sys_enter_rt_sigaction
sys_enter_rt_sigaction
sys_enter_rt_sigaction
sys_enter_rt_sigaction
sys_enter_rt_sigaction
sys_enter_rt_sigaction
sys_enter_rt_sigaction
sys_enter_rt_sigaction
sys_enter_rt_sigaction
sys_enter_rt_sigaction
sys_enter_rt_sigaction
sys_enter_rt_sigaction
sys_enter_rt_sigaction
sys_enter_rt_sigaction
sys_enter_rt_sigaction
sys_enter_rt_sigaction
sys_enter_rt_sigaction
sys_enter_rt_sigaction
sys_enter_rt_sigaction
sys_enter_rt_sigaction
sys_enter_rt_sigaction
sys_enter_rt_sigaction
sys_enter_rt_sigaction
sys_enter_rt_sigaction
sys_enter_rt_sigaction
sys_enter_rt_sigaction
sys_enter_rt_sigaction
sys_enter_rt_sigaction
sys_enter_rt_sigaction
sys_enter_rt_sigaction
sys_enter_rt_sigaction
sys_enter_rt_sigaction
sys_enter_rt_sigaction
sys_enter_rt_sigaction
sys_enter_rt_sigaction
sys_enter_rt_sigaction
sys_enter_rt_sigaction
sys_enter_rt_sigaction
sys_enter_rt_sigaction
sys_enter_rt_sigaction
sys_enter_rt_sigaction
sys_enter_rt_sigaction
sys_enter_rt_sigaction
sys_enter_rt_sigaction
sys_enter_rt_sigaction
sys_enter_rt_sigaction
sys_enter_rt_sigaction
sys_enter_rt_sigaction
sys_enter_rt_sigaction
sys_enter_rt_sigaction
sys_enter_rt_sigaction
sys_enter_rt_sigaction
sys_enter_rt_sigaction
sys_enter_rt_sigaction
sys_enter_rt_sigaction
sys_enter_rt_sigaction
sys_enter_rt_sigaction
sys_enter_rt_sigaction
sys_enter_rt_sigaction
sys_enter_rt_sigaction
sys_enter_rt_sigaction
sys_enter_rt_sigaction
sys_enter_rt_sigprocmask
sys_enter_clone
sys_enter_rt_sigprocmask
sys_enter_rt_sigprocmask
sys_enter_clone
sys_enter_rt_sigprocmask
sys_enter_gettid
sys_enter_sigaltstack
sys_enter_sigaltstack
sys_enter_gettid
sys_enter_rt_sigprocmask
sys_enter_gettid
sys_enter_sigaltstack
sys_enter_sigaltstack
sys_enter_gettid
sys_enter_rt_sigprocmask
sys_enter_rt_sigprocmask
sys_enter_clone
sys_enter_rt_sigprocmask
sys_enter_clone
sys_enter_rt_sigprocmask
sys_enter_futex
sys_enter_gettid
sys_enter_rt_sigprocmask
sys_enter_sigaltstack
sys_enter_sigaltstack
sys_enter_gettid
sys_enter_rt_sigprocmask
sys_enter_gettid
sys_enter_sigaltstack
sys_enter_sigaltstack
sys_enter_futex
sys_enter_gettid
sys_enter_rt_sigprocmask
sys_enter_futex
sys_enter_futex
sys_enter_futex
sys_enter_mmap
sys_enter_futex
sys_enter_futex
sys_enter_futex
sys_enter_futex
sys_enter_openat
sys_enter_futex
sys_enter_futex
sys_enter_read
sys_enter_read
sys_enter_close
sys_enter_socket
sys_enter_close
sys_enter_socket
sys_enter_setsockopt
sys_enter_bind
sys_enter_socket
sys_enter_setsockopt
sys_enter_bind
sys_enter_close
sys_enter_close
sys_enter_getpid
sys_enter_getppid
sys_enter_mmap
sys_enter_mmap
sys_enter_getppid
sys_enter_openat
sys_enter_pipe2
sys_enter_getpid
sys_enter_clone
sys_enter_setsid
sys_enter_close
sys_enter_read
sys_enter_chdir
sys_enter_execve
sys_enter_close
sys_enter_mmap
sys_enter_mmap
sys_enter_exit_group
sys_enter_mprotect
sys_enter_mmap
sys_enter_mmap
sys_enter_mprotect
sys_enter_mmap
sys_enter_mprotect
sys_enter_mmap
sys_enter_mprotect
sys_enter_mmap
sys_enter_mmap
sys_enter_close
sys_enter_munmap
sys_enter_sched_getaffinity
sys_enter_mmap
sys_enter_munmap
sys_enter_mmap
sys_enter_mmap
sys_enter_mmap
sys_enter_mmap
sys_enter_mmap
sys_enter_mmap
sys_enter_rt_sigprocmask
sys_enter_sigaltstack
sys_enter_sigaltstack
sys_enter_gettid
sys_enter_rt_sigprocmask
sys_enter_rt_sigaction
sys_enter_rt_sigaction
sys_enter_rt_sigaction
sys_enter_rt_sigaction
sys_enter_rt_sigaction
sys_enter_rt_sigaction
sys_enter_rt_sigaction
sys_enter_rt_sigaction
sys_enter_rt_sigaction
sys_enter_rt_sigaction
sys_enter_rt_sigaction
sys_enter_rt_sigaction
sys_enter_rt_sigaction
sys_enter_rt_sigaction
sys_enter_rt_sigaction
sys_enter_rt_sigaction
sys_enter_rt_sigaction
sys_enter_rt_sigaction
sys_enter_rt_sigaction
sys_enter_rt_sigaction
sys_enter_rt_sigaction
sys_enter_rt_sigaction
sys_enter_rt_sigaction
sys_enter_rt_sigaction
sys_enter_rt_sigaction
sys_enter_rt_sigaction
sys_enter_rt_sigaction
sys_enter_rt_sigaction
sys_enter_rt_sigaction
sys_enter_rt_sigaction
sys_enter_rt_sigaction
sys_enter_rt_sigaction
sys_enter_rt_sigaction
sys_enter_rt_sigaction
sys_enter_rt_sigaction
sys_enter_rt_sigaction
sys_enter_rt_sigaction
sys_enter_rt_sigaction
sys_enter_rt_sigaction
sys_enter_rt_sigaction
sys_enter_rt_sigaction
sys_enter_rt_sigaction
sys_enter_rt_sigaction
sys_enter_rt_sigaction
sys_enter_rt_sigaction
sys_enter_rt_sigaction
sys_enter_rt_sigaction
sys_enter_rt_sigaction
sys_enter_rt_sigaction
sys_enter_rt_sigaction
sys_enter_rt_sigaction
sys_enter_rt_sigaction
sys_enter_rt_sigaction
sys_enter_rt_sigaction
sys_enter_rt_sigaction
sys_enter_rt_sigaction
sys_enter_rt_sigaction
sys_enter_rt_sigaction
sys_enter_rt_sigaction
sys_enter_rt_sigaction
sys_enter_rt_sigaction
sys_enter_rt_sigaction
sys_enter_rt_sigaction
sys_enter_rt_sigaction
sys_enter_rt_sigaction
sys_enter_rt_sigaction
sys_enter_rt_sigaction
sys_enter_rt_sigaction
sys_enter_rt_sigaction
sys_enter_rt_sigaction
sys_enter_rt_sigaction
sys_enter_rt_sigaction
sys_enter_rt_sigaction
sys_enter_rt_sigaction
sys_enter_rt_sigaction
sys_enter_rt_sigaction
sys_enter_rt_sigaction
sys_enter_rt_sigaction
sys_enter_rt_sigaction
sys_enter_rt_sigaction
sys_enter_rt_sigaction
sys_enter_rt_sigaction
sys_enter_rt_sigaction
sys_enter_rt_sigaction
sys_enter_rt_sigaction
sys_enter_rt_sigaction
sys_enter_rt_sigaction
sys_enter_rt_sigaction
sys_enter_rt_sigaction
sys_enter_rt_sigaction
sys_enter_rt_sigaction
sys_enter_rt_sigaction
sys_enter_rt_sigaction
sys_enter_rt_sigaction
sys_enter_rt_sigaction
sys_enter_rt_sigaction
sys_enter_rt_sigaction
sys_enter_rt_sigaction
sys_enter_rt_sigaction
sys_enter_rt_sigaction
sys_enter_rt_sigaction
sys_enter_rt_sigaction
sys_enter_rt_sigaction
sys_enter_rt_sigaction
sys_enter_rt_sigaction
sys_enter_rt_sigaction
sys_enter_rt_sigaction
sys_enter_rt_sigaction
sys_enter_rt_sigaction
sys_enter_rt_sigaction
sys_enter_rt_sigaction
sys_enter_rt_sigaction
sys_enter_rt_sigaction
sys_enter_rt_sigaction
sys_enter_rt_sigprocmask
sys_enter_clone
sys_enter_rt_sigprocmask
sys_enter_gettid
sys_enter_sigaltstack
sys_enter_sigaltstack
sys_enter_gettid
sys_enter_rt_sigprocmask
sys_enter_rt_sigprocmask
sys_enter_clone
sys_enter_rt_sigprocmask
sys_enter_gettid
sys_enter_sigaltstack
sys_enter_sigaltstack
sys_enter_gettid
sys_enter_rt_sigprocmask
sys_enter_rt_sigprocmask
sys_enter_clone
sys_enter_rt_sigprocmask
sys_enter_futex
sys_enter_gettid
sys_enter_sigaltstack
sys_enter_sigaltstack
sys_enter_gettid
sys_enter_rt_sigprocmask
sys_enter_futex
sys_enter_futex
sys_enter_rt_sigprocmask
sys_enter_clone
sys_enter_rt_sigprocmask
sys_enter_futex
sys_enter_gettid
sys_enter_sigaltstack
sys_enter_sigaltstack
sys_enter_gettid
sys_enter_rt_sigprocmask
sys_enter_futex
sys_enter_futex
sys_enter_mmap
sys_enter_futex
sys_enter_futex
sys_enter_futex
sys_enter_openat
sys_enter_read
sys_enter_read
sys_enter_close
sys_enter_socket
sys_enter_close
sys_enter_socket
sys_enter_setsockopt
sys_enter_bind
sys_enter_socket
sys_enter_setsockopt
sys_enter_bind
sys_enter_close
sys_enter_close
sys_enter_getpid
sys_enter_getppid
sys_enter_mmap
sys_enter_mmap
sys_enter_getppid
sys_enter_openat
sys_enter_pipe2
sys_enter_getpid
sys_enter_clone
sys_enter_setsid
sys_enter_close
sys_enter_read
sys_enter_chdir
sys_enter_execve
sys_enter_close
sys_enter_exit_group
sys_enter_mmap
sys_enter_mmap
sys_enter_mprotect
sys_enter_mmap
sys_enter_mmap
sys_enter_mprotect
sys_enter_mmap
sys_enter_mprotect
sys_enter_mmap
sys_enter_mprotect
sys_enter_mmap
sys_enter_mmap
sys_enter_close
sys_enter_munmap
sys_enter_sched_getaffinity
sys_enter_mmap
sys_enter_munmap
sys_enter_mmap
sys_enter_mmap
sys_enter_mmap
sys_enter_mmap
sys_enter_mmap
sys_enter_mmap
sys_enter_rt_sigprocmask
sys_enter_sigaltstack
sys_enter_sigaltstack
sys_enter_gettid
sys_enter_rt_sigprocmask
sys_enter_rt_sigaction
sys_enter_rt_sigaction
sys_enter_rt_sigaction
sys_enter_rt_sigaction
sys_enter_rt_sigaction
sys_enter_rt_sigaction
sys_enter_rt_sigaction
sys_enter_rt_sigaction
sys_enter_rt_sigaction
sys_enter_rt_sigaction
sys_enter_rt_sigaction
sys_enter_rt_sigaction
sys_enter_rt_sigaction
sys_enter_rt_sigaction
sys_enter_rt_sigaction
sys_enter_rt_sigaction
sys_enter_rt_sigaction
sys_enter_rt_sigaction
sys_enter_rt_sigaction
sys_enter_rt_sigaction
sys_enter_rt_sigaction
sys_enter_rt_sigaction
sys_enter_rt_sigaction
sys_enter_rt_sigaction
sys_enter_rt_sigaction
sys_enter_rt_sigaction
sys_enter_rt_sigaction
sys_enter_rt_sigaction
sys_enter_rt_sigaction
sys_enter_rt_sigaction
sys_enter_rt_sigaction
sys_enter_rt_sigaction
sys_enter_rt_sigaction
sys_enter_rt_sigaction
sys_enter_rt_sigaction
sys_enter_rt_sigaction
sys_enter_rt_sigaction
sys_enter_rt_sigaction
sys_enter_rt_sigaction
sys_enter_rt_sigaction
sys_enter_rt_sigaction
sys_enter_rt_sigaction
sys_enter_rt_sigaction
sys_enter_rt_sigaction
sys_enter_rt_sigaction
sys_enter_rt_sigaction
sys_enter_rt_sigaction
sys_enter_rt_sigaction
sys_enter_rt_sigaction
sys_enter_rt_sigaction
sys_enter_rt_sigaction
sys_enter_rt_sigaction
sys_enter_rt_sigaction
sys_enter_rt_sigaction
sys_enter_rt_sigaction
sys_enter_rt_sigaction
sys_enter_rt_sigaction
sys_enter_rt_sigaction
sys_enter_rt_sigaction
sys_enter_rt_sigaction
sys_enter_rt_sigaction
sys_enter_rt_sigaction
sys_enter_rt_sigaction
sys_enter_rt_sigaction
sys_enter_rt_sigaction
sys_enter_rt_sigaction
sys_enter_rt_sigaction
sys_enter_rt_sigaction
sys_enter_rt_sigaction
sys_enter_rt_sigaction
sys_enter_rt_sigaction
sys_enter_rt_sigaction
sys_enter_rt_sigaction
sys_enter_rt_sigaction
sys_enter_rt_sigaction
sys_enter_rt_sigaction
sys_enter_rt_sigaction
sys_enter_rt_sigaction
sys_enter_rt_sigaction
sys_enter_rt_sigaction
sys_enter_rt_sigaction
sys_enter_rt_sigaction
sys_enter_rt_sigaction
sys_enter_rt_sigaction
sys_enter_rt_sigaction
sys_enter_rt_sigaction
sys_enter_rt_sigaction
sys_enter_rt_sigaction
sys_enter_rt_sigaction
sys_enter_rt_sigaction
sys_enter_rt_sigaction
sys_enter_rt_sigaction
sys_enter_rt_sigaction
sys_enter_rt_sigaction
sys_enter_rt_sigaction
sys_enter_rt_sigaction
sys_enter_rt_sigaction
sys_enter_rt_sigaction
sys_enter_rt_sigaction
sys_enter_rt_sigaction
sys_enter_rt_sigaction
sys_enter_rt_sigaction
sys_enter_rt_sigaction
sys_enter_rt_sigaction
sys_enter_rt_sigaction
sys_enter_rt_sigaction
sys_enter_rt_sigaction
sys_enter_rt_sigaction
sys_enter_rt_sigaction
sys_enter_rt_sigaction
sys_enter_rt_sigaction
sys_enter_rt_sigaction
sys_enter_rt_sigaction
sys_enter_rt_sigaction
sys_enter_rt_sigprocmask
sys_enter_clone
sys_enter_rt_sigprocmask
sys_enter_gettid
sys_enter_sigaltstack
sys_enter_sigaltstack
sys_enter_gettid
sys_enter_rt_sigprocmask
sys_enter_rt_sigprocmask
sys_enter_clone
sys_enter_rt_sigprocmask
sys_enter_gettid
sys_enter_sigaltstack
sys_enter_sigaltstack
sys_enter_gettid
sys_enter_rt_sigprocmask
sys_enter_clone
sys_enter_rt_sigprocmask
sys_enter_rt_sigprocmask
sys_enter_futex
sys_enter_gettid
sys_enter_rt_sigprocmask
sys_enter_clone
sys_enter_sigaltstack
sys_enter_sigaltstack
sys_enter_gettid
sys_enter_rt_sigprocmask
sys_enter_futex
sys_enter_rt_sigprocmask
sys_enter_gettid
sys_enter_futex
sys_enter_futex
sys_enter_mmap
sys_enter_openat
sys_enter_read
sys_enter_read
sys_enter_close
sys_enter_socket
sys_enter_close
sys_enter_socket
sys_enter_setsockopt
sys_enter_bind
sys_enter_socket
sys_enter_setsockopt
sys_enter_bind
sys_enter_close
sys_enter_close
sys_enter_sigaltstack
sys_enter_sigaltstack
sys_enter_gettid
sys_enter_rt_sigprocmask
sys_enter_futex
sys_enter_futex
sys_enter_futex
sys_enter_getpid
sys_enter_getppid
sys_enter_mmap
sys_enter_mmap
sys_enter_getppid
sys_enter_openat
sys_enter_pipe2
sys_enter_getpid
sys_enter_clone
sys_enter_setsid
sys_enter_close
sys_enter_read
sys_enter_chdir
sys_enter_execve
sys_enter_close
sys_enter_exit_group
sys_enter_mmap
sys_enter_mmap
sys_enter_mprotect
sys_enter_mmap
sys_enter_mmap
sys_enter_mprotect
sys_enter_mmap
sys_enter_mprotect
sys_enter_mmap
sys_enter_mprotect
sys_enter_mmap
sys_enter_mmap
sys_enter_close
sys_enter_munmap
sys_enter_sched_getaffinity
sys_enter_mmap
sys_enter_munmap
sys_enter_mmap
sys_enter_mmap
sys_enter_mmap
sys_enter_mmap
sys_enter_mmap
sys_enter_mmap
sys_enter_rt_sigprocmask
sys_enter_sigaltstack
sys_enter_sigaltstack
sys_enter_gettid
sys_enter_rt_sigprocmask
sys_enter_rt_sigaction
sys_enter_rt_sigaction
sys_enter_rt_sigaction
sys_enter_rt_sigaction
sys_enter_rt_sigaction
sys_enter_rt_sigaction
sys_enter_rt_sigaction
sys_enter_rt_sigaction
sys_enter_rt_sigaction
sys_enter_rt_sigaction
sys_enter_rt_sigaction
sys_enter_rt_sigaction
sys_enter_rt_sigaction
sys_enter_rt_sigaction
sys_enter_rt_sigaction
sys_enter_rt_sigaction
sys_enter_rt_sigaction
sys_enter_rt_sigaction
sys_enter_rt_sigaction
sys_enter_rt_sigaction
sys_enter_rt_sigaction
sys_enter_rt_sigaction
sys_enter_rt_sigaction
sys_enter_rt_sigaction
sys_enter_rt_sigaction
sys_enter_rt_sigaction
sys_enter_rt_sigaction
sys_enter_rt_sigaction
sys_enter_rt_sigaction
sys_enter_rt_sigaction
sys_enter_rt_sigaction
sys_enter_rt_sigaction
sys_enter_rt_sigaction
sys_enter_rt_sigaction
sys_enter_rt_sigaction
sys_enter_rt_sigaction
sys_enter_rt_sigaction
sys_enter_rt_sigaction
sys_enter_rt_sigaction
sys_enter_rt_sigaction
sys_enter_rt_sigaction
sys_enter_rt_sigaction
sys_enter_rt_sigaction
sys_enter_rt_sigaction
sys_enter_rt_sigaction
sys_enter_rt_sigaction
sys_enter_rt_sigaction
sys_enter_rt_sigaction
sys_enter_rt_sigaction
sys_enter_rt_sigaction
sys_enter_rt_sigaction
sys_enter_rt_sigaction
sys_enter_rt_sigaction
sys_enter_rt_sigaction
sys_enter_rt_sigaction
sys_enter_rt_sigaction
sys_enter_rt_sigaction
sys_enter_rt_sigaction
sys_enter_rt_sigaction
sys_enter_rt_sigaction
sys_enter_rt_sigaction
sys_enter_rt_sigaction
sys_enter_rt_sigaction
sys_enter_rt_sigaction
sys_enter_rt_sigaction
sys_enter_rt_sigaction
sys_enter_rt_sigaction
sys_enter_rt_sigaction
sys_enter_rt_sigaction
sys_enter_rt_sigaction
sys_enter_rt_sigaction
sys_enter_rt_sigaction
sys_enter_rt_sigaction
sys_enter_rt_sigaction
sys_enter_rt_sigaction
sys_enter_rt_sigaction
sys_enter_rt_sigaction
sys_enter_rt_sigaction
sys_enter_rt_sigaction
sys_enter_rt_sigaction
sys_enter_rt_sigaction
sys_enter_rt_sigaction
sys_enter_rt_sigaction
sys_enter_rt_sigaction
sys_enter_rt_sigaction
sys_enter_rt_sigaction
sys_enter_rt_sigaction
sys_enter_rt_sigaction
sys_enter_rt_sigaction
sys_enter_rt_sigaction
sys_enter_rt_sigaction
sys_enter_rt_sigaction
sys_enter_rt_sigaction
sys_enter_rt_sigaction
sys_enter_rt_sigaction
sys_enter_rt_sigaction
sys_enter_rt_sigaction
sys_enter_rt_sigaction
sys_enter_rt_sigaction
sys_enter_rt_sigaction
sys_enter_rt_sigaction
sys_enter_rt_sigaction
sys_enter_rt_sigaction
sys_enter_rt_sigaction
sys_enter_rt_sigaction
sys_enter_rt_sigaction
sys_enter_rt_sigaction
sys_enter_rt_sigaction
sys_enter_rt_sigaction
sys_enter_rt_sigaction
sys_enter_rt_sigaction
sys_enter_rt_sigaction
sys_enter_rt_sigaction
sys_enter_rt_sigaction
sys_enter_rt_sigprocmask
sys_enter_clone
sys_enter_rt_sigprocmask
sys_enter_gettid
sys_enter_sigaltstack
sys_enter_sigaltstack
sys_enter_gettid
sys_enter_rt_sigprocmask
sys_enter_rt_sigprocmask
sys_enter_clone
sys_enter_rt_sigprocmask
sys_enter_rt_sigprocmask
sys_enter_clone
sys_enter_gettid
sys_enter_sigaltstack
sys_enter_sigaltstack
sys_enter_rt_sigprocmask
sys_enter_gettid
sys_enter_gettid
sys_enter_futex
sys_enter_rt_sigprocmask
sys_enter_sigaltstack
sys_enter_sigaltstack
sys_enter_gettid
sys_enter_rt_sigprocmask
sys_enter_sched_yield
sys_enter_futex
sys_enter_futex
sys_enter_futex
sys_enter_futex
sys_enter_futex
sys_enter_rt_sigprocmask
sys_enter_clone
sys_enter_rt_sigprocmask
sys_enter_futex
sys_enter_gettid
sys_enter_sigaltstack
sys_enter_sigaltstack
sys_enter_gettid
sys_enter_rt_sigprocmask
sys_enter_mmap
sys_enter_futex
sys_enter_futex
sys_enter_futex
sys_enter_openat
sys_enter_futex
sys_enter_futex
sys_enter_read
sys_enter_read
sys_enter_close
sys_enter_socket
sys_enter_close
sys_enter_socket
sys_enter_setsockopt
sys_enter_bind
sys_enter_socket
sys_enter_setsockopt
sys_enter_bind
sys_enter_close
sys_enter_close
sys_enter_mmap
sys_enter_mmap
sys_enter_getpid
sys_enter_getppid
sys_enter_mmap
sys_enter_mmap
sys_enter_getppid
sys_enter_openat
sys_enter_pipe2
sys_enter_getpid
sys_enter_clone
sys_enter_setsid
sys_enter_close
sys_enter_read
sys_enter_chdir
sys_enter_execve
sys_enter_close
sys_enter_mmap
sys_enter_mmap
sys_enter_exit_group
sys_enter_mprotect
sys_enter_mmap
sys_enter_mmap
sys_enter_mprotect
sys_enter_mmap
sys_enter_mprotect
sys_enter_mmap
sys_enter_mprotect
sys_enter_mmap
sys_enter_mmap
sys_enter_close
sys_enter_munmap
sys_enter_sched_getaffinity
sys_enter_mmap
sys_enter_munmap
sys_enter_mmap
sys_enter_mmap
sys_enter_mmap
sys_enter_mmap
sys_enter_mmap
sys_enter_mmap
sys_enter_rt_sigprocmask
sys_enter_sigaltstack
sys_enter_sigaltstack
sys_enter_gettid
sys_enter_rt_sigprocmask
sys_enter_rt_sigaction
sys_enter_rt_sigaction
sys_enter_rt_sigaction
sys_enter_rt_sigaction
sys_enter_rt_sigaction
sys_enter_rt_sigaction
sys_enter_rt_sigaction
sys_enter_rt_sigaction
sys_enter_rt_sigaction
sys_enter_rt_sigaction
sys_enter_rt_sigaction
sys_enter_rt_sigaction
sys_enter_rt_sigaction
sys_enter_rt_sigaction
sys_enter_rt_sigaction
sys_enter_rt_sigaction
sys_enter_rt_sigaction
sys_enter_rt_sigaction
sys_enter_rt_sigaction
sys_enter_rt_sigaction
sys_enter_rt_sigaction
sys_enter_rt_sigaction
sys_enter_rt_sigaction
sys_enter_rt_sigaction
sys_enter_rt_sigaction
sys_enter_rt_sigaction
sys_enter_rt_sigaction
sys_enter_rt_sigaction
sys_enter_rt_sigaction
sys_enter_rt_sigaction
sys_enter_rt_sigaction
sys_enter_rt_sigaction
sys_enter_rt_sigaction
sys_enter_rt_sigaction
sys_enter_rt_sigaction
sys_enter_rt_sigaction
sys_enter_rt_sigaction
sys_enter_rt_sigaction
sys_enter_rt_sigaction
sys_enter_rt_sigaction
sys_enter_rt_sigaction
sys_enter_rt_sigaction
sys_enter_rt_sigaction
sys_enter_rt_sigaction
sys_enter_rt_sigaction
sys_enter_rt_sigaction
sys_enter_rt_sigaction
sys_enter_rt_sigaction
sys_enter_rt_sigaction
sys_enter_rt_sigaction
sys_enter_rt_sigaction
sys_enter_rt_sigaction
sys_enter_rt_sigaction
sys_enter_rt_sigaction
sys_enter_rt_sigaction
sys_enter_rt_sigaction
sys_enter_rt_sigaction
sys_enter_rt_sigaction
sys_enter_rt_sigaction
sys_enter_rt_sigaction
sys_enter_rt_sigaction
sys_enter_rt_sigaction
sys_enter_rt_sigaction
sys_enter_rt_sigaction
sys_enter_rt_sigaction
sys_enter_rt_sigaction
sys_enter_rt_sigaction
sys_enter_rt_sigaction
sys_enter_rt_sigaction
sys_enter_rt_sigaction
sys_enter_rt_sigaction
sys_enter_rt_sigaction
sys_enter_rt_sigaction
sys_enter_rt_sigaction
sys_enter_rt_sigaction
sys_enter_rt_sigaction
sys_enter_rt_sigaction
sys_enter_rt_sigaction
sys_enter_rt_sigaction
sys_enter_rt_sigaction
sys_enter_rt_sigaction
sys_enter_rt_sigaction
sys_enter_rt_sigaction
sys_enter_rt_sigaction
sys_enter_rt_sigaction
sys_enter_rt_sigaction
sys_enter_rt_sigaction
sys_enter_rt_sigaction
sys_enter_rt_sigaction
sys_enter_rt_sigaction
sys_enter_rt_sigaction
sys_enter_rt_sigaction
sys_enter_rt_sigaction
sys_enter_rt_sigaction
sys_enter_rt_sigaction
sys_enter_rt_sigaction
sys_enter_rt_sigaction
sys_enter_rt_sigaction
sys_enter_rt_sigaction
sys_enter_rt_sigaction
sys_enter_rt_sigaction
sys_enter_rt_sigaction
sys_enter_rt_sigaction
sys_enter_rt_sigaction
sys_enter_rt_sigaction
sys_enter_rt_sigaction
sys_enter_rt_sigaction
sys_enter_rt_sigaction
sys_enter_rt_sigaction
sys_enter_rt_sigaction
sys_enter_rt_sigaction
sys_enter_rt_sigaction
sys_enter_rt_sigaction
sys_enter_rt_sigaction
sys_enter_rt_sigprocmask
sys_enter_clone
sys_enter_rt_sigprocmask
sys_enter_gettid
sys_enter_sigaltstack
sys_enter_sigaltstack
sys_enter_gettid
sys_enter_rt_sigprocmask
sys_enter_rt_sigprocmask
sys_enter_clone
sys_enter_rt_sigprocmask
sys_enter_gettid
sys_enter_sigaltstack
sys_enter_sigaltstack
sys_enter_rt_sigprocmask
sys_enter_clone
sys_enter_gettid
sys_enter_rt_sigprocmask
sys_enter_rt_sigprocmask
sys_enter_futex
sys_enter_gettid
sys_enter_rt_sigprocmask
sys_enter_sigaltstack
sys_enter_sigaltstack
sys_enter_gettid
sys_enter_rt_sigprocmask
sys_enter_clone
sys_enter_futex
sys_enter_futex
sys_enter_rt_sigprocmask
sys_enter_futex
sys_enter_gettid
sys_enter_sigaltstack
sys_enter_sigaltstack
sys_enter_gettid
sys_enter_rt_sigprocmask
sys_enter_futex
sys_enter_futex
sys_enter_mmap
sys_enter_futex
sys_enter_futex
sys_enter_futex
sys_enter_openat
sys_enter_read
sys_enter_read
sys_enter_close
sys_enter_socket
sys_enter_close
sys_enter_socket
sys_enter_setsockopt
sys_enter_bind
sys_enter_socket
sys_enter_setsockopt
sys_enter_bind
sys_enter_close
sys_enter_close
sys_enter_getpid
sys_enter_getppid
sys_enter_mmap
sys_enter_mmap
sys_enter_getppid
sys_enter_openat
sys_enter_pipe2
sys_enter_getpid
sys_enter_clone
sys_enter_setsid
sys_enter_close
sys_enter_read
sys_enter_chdir
sys_enter_execve
sys_enter_close
sys_enter_exit_group
sys_enter_mmap
sys_enter_mmap
sys_enter_mprotect
sys_enter_mmap
sys_enter_mmap
sys_enter_mprotect
sys_enter_mmap
sys_enter_mprotect
sys_enter_mmap
sys_enter_mprotect
sys_enter_mmap
sys_enter_mmap
sys_enter_close
sys_enter_munmap
sys_enter_sched_getaffinity
sys_enter_mmap
sys_enter_munmap
sys_enter_mmap
sys_enter_mmap
sys_enter_mmap
sys_enter_mmap
sys_enter_mmap
sys_enter_mmap
sys_enter_rt_sigprocmask
sys_enter_sigaltstack
sys_enter_sigaltstack
sys_enter_gettid
sys_enter_rt_sigprocmask
sys_enter_rt_sigaction
sys_enter_rt_sigaction
sys_enter_rt_sigaction
sys_enter_rt_sigaction
sys_enter_rt_sigaction
sys_enter_rt_sigaction
sys_enter_rt_sigaction
sys_enter_rt_sigaction
sys_enter_rt_sigaction
sys_enter_rt_sigaction
sys_enter_rt_sigaction
sys_enter_rt_sigaction
sys_enter_rt_sigaction
sys_enter_rt_sigaction
sys_enter_rt_sigaction
sys_enter_rt_sigaction
sys_enter_rt_sigaction
sys_enter_rt_sigaction
sys_enter_rt_sigaction
sys_enter_rt_sigaction
sys_enter_rt_sigaction
sys_enter_rt_sigaction
sys_enter_rt_sigaction
sys_enter_rt_sigaction
sys_enter_rt_sigaction
sys_enter_rt_sigaction
sys_enter_rt_sigaction
sys_enter_rt_sigaction
sys_enter_rt_sigaction
sys_enter_rt_sigaction
sys_enter_rt_sigaction
sys_enter_rt_sigaction
sys_enter_rt_sigaction
sys_enter_rt_sigaction
sys_enter_rt_sigaction
sys_enter_rt_sigaction
sys_enter_rt_sigaction
sys_enter_rt_sigaction
sys_enter_rt_sigaction
sys_enter_rt_sigaction
sys_enter_rt_sigaction
sys_enter_rt_sigaction
sys_enter_rt_sigaction
sys_enter_rt_sigaction
sys_enter_rt_sigaction
sys_enter_rt_sigaction
sys_enter_rt_sigaction
sys_enter_rt_sigaction
sys_enter_rt_sigaction
sys_enter_rt_sigaction
sys_enter_rt_sigaction
sys_enter_rt_sigaction
sys_enter_rt_sigaction
sys_enter_rt_sigaction
sys_enter_rt_sigaction
sys_enter_rt_sigaction
sys_enter_rt_sigaction
sys_enter_rt_sigaction
sys_enter_rt_sigaction
sys_enter_rt_sigaction
sys_enter_rt_sigaction
sys_enter_rt_sigaction
sys_enter_rt_sigaction
sys_enter_rt_sigaction
sys_enter_rt_sigaction
sys_enter_rt_sigaction
sys_enter_rt_sigaction
sys_enter_rt_sigaction
sys_enter_rt_sigaction
sys_enter_rt_sigaction
sys_enter_rt_sigaction
sys_enter_rt_sigaction
sys_enter_rt_sigaction
sys_enter_rt_sigaction
sys_enter_rt_sigaction
sys_enter_rt_sigaction
sys_enter_rt_sigaction
sys_enter_rt_sigaction
sys_enter_rt_sigaction
sys_enter_rt_sigaction
sys_enter_rt_sigaction
sys_enter_rt_sigaction
sys_enter_rt_sigaction
sys_enter_rt_sigaction
sys_enter_rt_sigaction
sys_enter_rt_sigaction
sys_enter_rt_sigaction
sys_enter_rt_sigaction
sys_enter_rt_sigaction
sys_enter_rt_sigaction
sys_enter_rt_sigaction
sys_enter_rt_sigaction
sys_enter_rt_sigaction
sys_enter_rt_sigaction
sys_enter_rt_sigaction
sys_enter_rt_sigaction
sys_enter_rt_sigaction
sys_enter_rt_sigaction
sys_enter_rt_sigaction
sys_enter_rt_sigaction
sys_enter_rt_sigaction
sys_enter_rt_sigaction
sys_enter_rt_sigaction
sys_enter_rt_sigaction
sys_enter_rt_sigaction
sys_enter_rt_sigaction
sys_enter_rt_sigaction
sys_enter_rt_sigaction
sys_enter_rt_sigaction
sys_enter_rt_sigaction
sys_enter_rt_sigaction
sys_enter_rt_sigaction
sys_enter_rt_sigaction
sys_enter_rt_sigaction
sys_enter_rt_sigprocmask
sys_enter_clone
sys_enter_rt_sigprocmask
sys_enter_gettid
sys_enter_sigaltstack
sys_enter_sigaltstack
sys_enter_gettid
sys_enter_rt_sigprocmask
sys_enter_rt_sigprocmask
sys_enter_clone
sys_enter_rt_sigprocmask
sys_enter_gettid
sys_enter_sigaltstack
sys_enter_sigaltstack
sys_enter_gettid
sys_enter_rt_sigprocmask
sys_enter_rt_sigprocmask
sys_enter_clone
sys_enter_rt_sigprocmask
sys_enter_futex
sys_enter_gettid
sys_enter_sigaltstack
sys_enter_sigaltstack
sys_enter_gettid
sys_enter_rt_sigprocmask
sys_enter_futex
sys_enter_rt_sigprocmask
sys_enter_clone
sys_enter_rt_sigprocmask
sys_enter_futex
sys_enter_gettid
sys_enter_sigaltstack
sys_enter_futex
sys_enter_sigaltstack
sys_enter_gettid
sys_enter_rt_sigprocmask
sys_enter_futex
sys_enter_futex
sys_enter_mmap
sys_enter_futex
sys_enter_futex
sys_enter_futex
sys_enter_openat
sys_enter_read
sys_enter_read
sys_enter_close
sys_enter_socket
sys_enter_close
sys_enter_socket
sys_enter_setsockopt
sys_enter_bind
sys_enter_socket
sys_enter_setsockopt
sys_enter_bind
sys_enter_close
sys_enter_close
sys_enter_getpid
sys_enter_getppid
sys_enter_mmap
sys_enter_mmap
sys_enter_getppid
sys_enter_openat
sys_enter_pipe2
sys_enter_getpid
sys_enter_clone
sys_enter_setsid
sys_enter_close
sys_enter_read
sys_enter_chdir
sys_enter_execve
sys_enter_close
sys_enter_exit_group
sys_enter_mmap
sys_enter_mmap
sys_enter_mprotect
sys_enter_mmap
sys_enter_mmap
sys_enter_mprotect
sys_enter_mmap
sys_enter_mprotect
sys_enter_mmap
sys_enter_mprotect
sys_enter_mmap
sys_enter_mmap
sys_enter_close
sys_enter_munmap
sys_enter_sched_getaffinity
sys_enter_mmap
sys_enter_munmap
sys_enter_mmap
sys_enter_mmap
sys_enter_mmap
sys_enter_mmap
sys_enter_mmap
sys_enter_mmap
sys_enter_rt_sigprocmask
sys_enter_sigaltstack
sys_enter_sigaltstack
sys_enter_gettid
sys_enter_rt_sigprocmask
sys_enter_rt_sigaction
sys_enter_rt_sigaction
sys_enter_rt_sigaction
sys_enter_rt_sigaction
sys_enter_rt_sigaction
sys_enter_rt_sigaction
sys_enter_rt_sigaction
sys_enter_rt_sigaction
sys_enter_rt_sigaction
sys_enter_rt_sigaction
sys_enter_rt_sigaction
sys_enter_rt_sigaction
sys_enter_rt_sigaction
sys_enter_rt_sigaction
sys_enter_rt_sigaction
sys_enter_rt_sigaction
sys_enter_rt_sigaction
sys_enter_rt_sigaction
sys_enter_rt_sigaction
sys_enter_rt_sigaction
sys_enter_rt_sigaction
sys_enter_rt_sigaction
sys_enter_rt_sigaction
sys_enter_rt_sigaction
sys_enter_rt_sigaction
sys_enter_rt_sigaction
sys_enter_rt_sigaction
sys_enter_rt_sigaction
sys_enter_rt_sigaction
sys_enter_rt_sigaction
sys_enter_rt_sigaction
sys_enter_rt_sigaction
sys_enter_rt_sigaction
sys_enter_rt_sigaction
sys_enter_rt_sigaction
sys_enter_rt_sigaction
sys_enter_rt_sigaction
sys_enter_rt_sigaction
sys_enter_rt_sigaction
sys_enter_rt_sigaction
sys_enter_rt_sigaction
sys_enter_rt_sigaction
sys_enter_rt_sigaction
sys_enter_rt_sigaction
sys_enter_rt_sigaction
sys_enter_rt_sigaction
sys_enter_rt_sigaction
sys_enter_rt_sigaction
sys_enter_rt_sigaction
sys_enter_rt_sigaction
sys_enter_rt_sigaction
sys_enter_rt_sigaction
sys_enter_rt_sigaction
sys_enter_rt_sigaction
sys_enter_rt_sigaction
sys_enter_rt_sigaction
sys_enter_rt_sigaction
sys_enter_rt_sigaction
sys_enter_rt_sigaction
sys_enter_rt_sigaction
sys_enter_rt_sigaction
sys_enter_rt_sigaction
sys_enter_rt_sigaction
sys_enter_rt_sigaction
sys_enter_rt_sigaction
sys_enter_rt_sigaction
sys_enter_rt_sigaction
sys_enter_rt_sigaction
sys_enter_rt_sigaction
sys_enter_rt_sigaction
sys_enter_rt_sigaction
sys_enter_rt_sigaction
sys_enter_rt_sigaction
sys_enter_rt_sigaction
sys_enter_rt_sigaction
sys_enter_rt_sigaction
sys_enter_rt_sigaction
sys_enter_rt_sigaction
sys_enter_rt_sigaction
sys_enter_rt_sigaction
sys_enter_rt_sigaction
sys_enter_rt_sigaction
sys_enter_rt_sigaction
sys_enter_rt_sigaction
sys_enter_rt_sigaction
sys_enter_rt_sigaction
sys_enter_rt_sigaction
sys_enter_rt_sigaction
sys_enter_rt_sigaction
sys_enter_rt_sigaction
sys_enter_rt_sigaction
sys_enter_rt_sigaction
sys_enter_rt_sigaction
sys_enter_rt_sigaction
sys_enter_rt_sigaction
sys_enter_rt_sigaction
sys_enter_rt_sigaction
sys_enter_rt_sigaction
sys_enter_rt_sigaction
sys_enter_rt_sigaction
sys_enter_rt_sigaction
sys_enter_rt_sigaction
sys_enter_rt_sigaction
sys_enter_rt_sigaction
sys_enter_rt_sigaction
sys_enter_rt_sigaction
sys_enter_rt_sigaction
sys_enter_rt_sigaction
sys_enter_rt_sigaction
sys_enter_rt_sigaction
sys_enter_rt_sigaction
sys_enter_rt_sigaction
sys_enter_rt_sigaction
sys_enter_rt_sigaction
sys_enter_rt_sigprocmask
sys_enter_clone
sys_enter_rt_sigprocmask
sys_enter_gettid
sys_enter_sigaltstack
sys_enter_sigaltstack
sys_enter_gettid
sys_enter_rt_sigprocmask
sys_enter_rt_sigprocmask
sys_enter_clone
sys_enter_rt_sigprocmask
sys_enter_gettid
sys_enter_sigaltstack
sys_enter_sigaltstack
sys_enter_gettid
sys_enter_rt_sigprocmask
sys_enter_rt_sigprocmask
sys_enter_clone
sys_enter_rt_sigprocmask
sys_enter_clone
sys_enter_rt_sigprocmask
sys_enter_futex
sys_enter_gettid
sys_enter_rt_sigprocmask
sys_enter_sigaltstack
sys_enter_sigaltstack
sys_enter_gettid
sys_enter_rt_sigprocmask
sys_enter_gettid
sys_enter_futex
sys_enter_sigaltstack
sys_enter_sigaltstack
sys_enter_gettid
sys_enter_rt_sigprocmask
sys_enter_futex
sys_enter_futex
sys_enter_futex
sys_enter_futex
sys_enter_mmap
sys_enter_futex
sys_enter_futex
sys_enter_futex
sys_enter_openat
sys_enter_read
sys_enter_read
sys_enter_close
sys_enter_socket
sys_enter_close
sys_enter_socket
sys_enter_setsockopt
sys_enter_bind
sys_enter_socket
sys_enter_setsockopt
sys_enter_bind
sys_enter_close
sys_enter_close
sys_enter_getpid
sys_enter_getppid
sys_enter_mmap
sys_enter_mmap
sys_enter_getppid
sys_enter_openat
sys_enter_pipe2
sys_enter_getpid
sys_enter_clone
sys_enter_setsid
sys_enter_close
sys_enter_read
sys_enter_chdir
sys_enter_execve
sys_enter_close
sys_enter_exit_group
sys_enter_mmap
sys_enter_mmap
sys_enter_mprotect
sys_enter_mmap
sys_enter_mmap
sys_enter_mprotect
sys_enter_mmap
sys_enter_mprotect
sys_enter_mmap
sys_enter_mprotect
sys_enter_mmap
sys_enter_mmap
sys_enter_close
sys_enter_munmap
sys_enter_sched_getaffinity
sys_enter_mmap
sys_enter_munmap
sys_enter_mmap
sys_enter_mmap
sys_enter_mmap
sys_enter_mmap
sys_enter_mmap
sys_enter_mmap
sys_enter_rt_sigprocmask
sys_enter_sigaltstack
sys_enter_sigaltstack
sys_enter_gettid
sys_enter_rt_sigprocmask
sys_enter_rt_sigaction
sys_enter_rt_sigaction
sys_enter_rt_sigaction
sys_enter_rt_sigaction
sys_enter_rt_sigaction
sys_enter_rt_sigaction
sys_enter_rt_sigaction
sys_enter_rt_sigaction
sys_enter_rt_sigaction
sys_enter_rt_sigaction
sys_enter_rt_sigaction
sys_enter_rt_sigaction
sys_enter_rt_sigaction
sys_enter_rt_sigaction
sys_enter_rt_sigaction
sys_enter_rt_sigaction
sys_enter_rt_sigaction
sys_enter_rt_sigaction
sys_enter_rt_sigaction
sys_enter_rt_sigaction
sys_enter_rt_sigaction
sys_enter_rt_sigaction
sys_enter_rt_sigaction
sys_enter_rt_sigaction
sys_enter_rt_sigaction
sys_enter_rt_sigaction
sys_enter_rt_sigaction
sys_enter_rt_sigaction
sys_enter_rt_sigaction
sys_enter_rt_sigaction
sys_enter_rt_sigaction
sys_enter_rt_sigaction
sys_enter_rt_sigaction
sys_enter_rt_sigaction
sys_enter_rt_sigaction
sys_enter_rt_sigaction
sys_enter_rt_sigaction
sys_enter_rt_sigaction
sys_enter_rt_sigaction
sys_enter_rt_sigaction
sys_enter_rt_sigaction
sys_enter_rt_sigaction
sys_enter_rt_sigaction
sys_enter_rt_sigaction
sys_enter_rt_sigaction
sys_enter_rt_sigaction
sys_enter_rt_sigaction
sys_enter_rt_sigaction
sys_enter_rt_sigaction
sys_enter_rt_sigaction
sys_enter_rt_sigaction
sys_enter_rt_sigaction
sys_enter_rt_sigaction
sys_enter_rt_sigaction
sys_enter_rt_sigaction
sys_enter_rt_sigaction
sys_enter_rt_sigaction
sys_enter_rt_sigaction
sys_enter_rt_sigaction
sys_enter_rt_sigaction
sys_enter_rt_sigaction
sys_enter_rt_sigaction
sys_enter_rt_sigaction
sys_enter_rt_sigaction
sys_enter_rt_sigaction
sys_enter_rt_sigaction
sys_enter_rt_sigaction
sys_enter_rt_sigaction
sys_enter_rt_sigaction
sys_enter_rt_sigaction
sys_enter_rt_sigaction
sys_enter_rt_sigaction
sys_enter_rt_sigaction
sys_enter_rt_sigaction
sys_enter_rt_sigaction
sys_enter_rt_sigaction
sys_enter_rt_sigaction
sys_enter_rt_sigaction
sys_enter_rt_sigaction
sys_enter_rt_sigaction
sys_enter_rt_sigaction
sys_enter_rt_sigaction
sys_enter_rt_sigaction
sys_enter_rt_sigaction
sys_enter_rt_sigaction
sys_enter_rt_sigaction
sys_enter_rt_sigaction
sys_enter_rt_sigaction
sys_enter_rt_sigaction
sys_enter_rt_sigaction
sys_enter_rt_sigaction
sys_enter_rt_sigaction
sys_enter_rt_sigaction
sys_enter_rt_sigaction
sys_enter_rt_sigaction
sys_enter_rt_sigaction
sys_enter_rt_sigaction
sys_enter_rt_sigaction
sys_enter_rt_sigaction
sys_enter_rt_sigaction
sys_enter_rt_sigaction
sys_enter_rt_sigaction
sys_enter_rt_sigaction
sys_enter_rt_sigaction
sys_enter_rt_sigaction
sys_enter_rt_sigaction
sys_enter_rt_sigaction
sys_enter_rt_sigaction
sys_enter_rt_sigaction
sys_enter_rt_sigaction
sys_enter_rt_sigaction
sys_enter_rt_sigaction
sys_enter_rt_sigaction
sys_enter_rt_sigaction
sys_enter_rt_sigprocmask
sys_enter_clone
sys_enter_rt_sigprocmask
sys_enter_gettid
sys_enter_sigaltstack
sys_enter_sigaltstack
sys_enter_gettid
sys_enter_rt_sigprocmask
sys_enter_rt_sigprocmask
sys_enter_clone
sys_enter_rt_sigprocmask
sys_enter_gettid
sys_enter_sigaltstack
sys_enter_sigaltstack
sys_enter_gettid
sys_enter_rt_sigprocmask
sys_enter_clone
sys_enter_rt_sigprocmask
sys_enter_rt_sigprocmask
sys_enter_futex
sys_enter_gettid
sys_enter_rt_sigprocmask
sys_enter_clone
sys_enter_sigaltstack
sys_enter_sigaltstack
sys_enter_gettid
sys_enter_rt_sigprocmask
sys_enter_futex
sys_enter_futex
sys_enter_rt_sigprocmask
sys_enter_futex
sys_enter_gettid
sys_enter_sigaltstack
sys_enter_sigaltstack
sys_enter_gettid
sys_enter_rt_sigprocmask
sys_enter_futex
sys_enter_futex
sys_enter_mmap
sys_enter_futex
sys_enter_futex
sys_enter_futex
sys_enter_openat
sys_enter_read
sys_enter_read
sys_enter_close
sys_enter_socket
sys_enter_close
sys_enter_socket
sys_enter_setsockopt
sys_enter_bind
sys_enter_socket
sys_enter_setsockopt
sys_enter_bind
sys_enter_close
sys_enter_close
sys_enter_getpid
sys_enter_getppid
sys_enter_mmap
sys_enter_mmap
sys_enter_getppid
sys_enter_openat
sys_enter_pipe2
sys_enter_getpid
sys_enter_clone
sys_enter_setsid
sys_enter_close
sys_enter_read
sys_enter_chdir
sys_enter_execve
sys_enter_close
sys_enter_exit_group
sys_enter_mmap
sys_enter_mmap
sys_enter_mprotect
sys_enter_mmap
sys_enter_mmap
sys_enter_mprotect
sys_enter_mmap
sys_enter_mprotect
sys_enter_mmap
sys_enter_mprotect
sys_enter_mmap
sys_enter_mmap
sys_enter_close
sys_enter_munmap
sys_enter_sched_getaffinity
sys_enter_mmap
sys_enter_munmap
sys_enter_mmap
sys_enter_mmap
sys_enter_mmap
sys_enter_mmap
sys_enter_mmap
sys_enter_mmap
sys_enter_rt_sigprocmask
sys_enter_sigaltstack
sys_enter_sigaltstack
sys_enter_gettid
sys_enter_rt_sigprocmask
sys_enter_rt_sigaction
sys_enter_rt_sigaction
sys_enter_rt_sigaction
sys_enter_rt_sigaction
sys_enter_rt_sigaction
sys_enter_rt_sigaction
sys_enter_rt_sigaction
sys_enter_rt_sigaction
sys_enter_rt_sigaction
sys_enter_rt_sigaction
sys_enter_rt_sigaction
sys_enter_rt_sigaction
sys_enter_rt_sigaction
sys_enter_rt_sigaction
sys_enter_rt_sigaction
sys_enter_rt_sigaction
sys_enter_rt_sigaction
sys_enter_rt_sigaction
sys_enter_rt_sigaction
sys_enter_rt_sigaction
sys_enter_rt_sigaction
sys_enter_rt_sigaction
sys_enter_rt_sigaction
sys_enter_rt_sigaction
sys_enter_rt_sigaction
sys_enter_rt_sigaction
sys_enter_rt_sigaction
sys_enter_rt_sigaction
sys_enter_rt_sigaction
sys_enter_rt_sigaction
sys_enter_rt_sigaction
sys_enter_rt_sigaction
sys_enter_rt_sigaction
sys_enter_rt_sigaction
sys_enter_rt_sigaction
sys_enter_rt_sigaction
sys_enter_rt_sigaction
sys_enter_rt_sigaction
sys_enter_rt_sigaction
sys_enter_rt_sigaction
sys_enter_rt_sigaction
sys_enter_rt_sigaction
sys_enter_rt_sigaction
sys_enter_rt_sigaction
sys_enter_rt_sigaction
sys_enter_rt_sigaction
sys_enter_rt_sigaction
sys_enter_rt_sigaction
sys_enter_rt_sigaction
sys_enter_rt_sigaction
sys_enter_rt_sigaction
sys_enter_rt_sigaction
sys_enter_rt_sigaction
sys_enter_rt_sigaction
sys_enter_rt_sigaction
sys_enter_rt_sigaction
sys_enter_rt_sigaction
sys_enter_rt_sigaction
sys_enter_rt_sigaction
sys_enter_rt_sigaction
sys_enter_rt_sigaction
sys_enter_rt_sigaction
sys_enter_rt_sigaction
sys_enter_rt_sigaction
sys_enter_rt_sigaction
sys_enter_rt_sigaction
sys_enter_rt_sigaction
sys_enter_rt_sigaction
sys_enter_rt_sigaction
sys_enter_rt_sigaction
sys_enter_rt_sigaction
sys_enter_rt_sigaction
sys_enter_rt_sigaction
sys_enter_rt_sigaction
sys_enter_rt_sigaction
sys_enter_rt_sigaction
sys_enter_rt_sigaction
sys_enter_rt_sigaction
sys_enter_rt_sigaction
sys_enter_rt_sigaction
sys_enter_rt_sigaction
sys_enter_rt_sigaction
sys_enter_rt_sigaction
sys_enter_rt_sigaction
sys_enter_rt_sigaction
sys_enter_rt_sigaction
sys_enter_rt_sigaction
sys_enter_rt_sigaction
sys_enter_rt_sigaction
sys_enter_rt_sigaction
sys_enter_rt_sigaction
sys_enter_rt_sigaction
sys_enter_rt_sigaction
sys_enter_rt_sigaction
sys_enter_rt_sigaction
sys_enter_rt_sigaction
sys_enter_rt_sigaction
sys_enter_rt_sigaction
sys_enter_rt_sigaction
sys_enter_rt_sigaction
sys_enter_rt_sigaction
sys_enter_rt_sigaction
sys_enter_rt_sigaction
sys_enter_rt_sigaction
sys_enter_rt_sigaction
sys_enter_rt_sigaction
sys_enter_rt_sigaction
sys_enter_rt_sigaction
sys_enter_rt_sigaction
sys_enter_rt_sigaction
sys_enter_rt_sigaction
sys_enter_rt_sigaction
sys_enter_rt_sigaction
sys_enter_rt_sigaction
sys_enter_rt_sigprocmask
sys_enter_clone
sys_enter_rt_sigprocmask
sys_enter_gettid
sys_enter_sigaltstack
sys_enter_sigaltstack
sys_enter_gettid
sys_enter_rt_sigprocmask
sys_enter_rt_sigprocmask
sys_enter_clone
sys_enter_rt_sigprocmask
sys_enter_gettid
sys_enter_sigaltstack
sys_enter_sigaltstack
sys_enter_gettid
sys_enter_rt_sigprocmask
sys_enter_rt_sigprocmask
sys_enter_clone
sys_enter_rt_sigprocmask
sys_enter_futex
sys_enter_rt_sigprocmask
sys_enter_clone
sys_enter_gettid
sys_enter_sigaltstack
sys_enter_sigaltstack
sys_enter_gettid
sys_enter_rt_sigprocmask
sys_enter_rt_sigprocmask
sys_enter_gettid
sys_enter_futex
sys_enter_sigaltstack
sys_enter_sigaltstack
sys_enter_gettid
sys_enter_futex
sys_enter_rt_sigprocmask
sys_enter_futex
sys_enter_futex
sys_enter_futex
sys_enter_mmap
sys_enter_futex
sys_enter_futex
sys_enter_futex
sys_enter_openat
sys_enter_read
sys_enter_read
sys_enter_close
sys_enter_socket
sys_enter_close
sys_enter_socket
sys_enter_setsockopt
sys_enter_bind
sys_enter_socket
sys_enter_setsockopt
sys_enter_bind
sys_enter_close
sys_enter_close
sys_enter_getpid
sys_enter_getppid
sys_enter_mmap
sys_enter_mmap
sys_enter_getppid
sys_enter_openat
sys_enter_pipe2
sys_enter_getpid
sys_enter_clone
sys_enter_setsid
sys_enter_close
sys_enter_read
sys_enter_chdir
sys_enter_execve
sys_enter_close
sys_enter_exit_group
sys_enter_mmap
sys_enter_mmap
sys_enter_mprotect
sys_enter_mmap
sys_enter_mmap
sys_enter_mprotect
sys_enter_mmap
sys_enter_mprotect
sys_enter_mmap
sys_enter_mprotect
sys_enter_mmap
sys_enter_mmap
sys_enter_close
sys_enter_munmap
sys_enter_sched_getaffinity
sys_enter_mmap
sys_enter_munmap
sys_enter_mmap
sys_enter_mmap
sys_enter_mmap
sys_enter_mmap
sys_enter_mmap
sys_enter_mmap
sys_enter_rt_sigprocmask
sys_enter_sigaltstack
sys_enter_sigaltstack
sys_enter_gettid
sys_enter_rt_sigprocmask
sys_enter_rt_sigaction
sys_enter_rt_sigaction
sys_enter_rt_sigaction
sys_enter_rt_sigaction
sys_enter_rt_sigaction
sys_enter_rt_sigaction
sys_enter_rt_sigaction
sys_enter_rt_sigaction
sys_enter_rt_sigaction
sys_enter_rt_sigaction
sys_enter_rt_sigaction
sys_enter_rt_sigaction
sys_enter_rt_sigaction
sys_enter_rt_sigaction
sys_enter_rt_sigaction
sys_enter_rt_sigaction
sys_enter_rt_sigaction
sys_enter_rt_sigaction
sys_enter_rt_sigaction
sys_enter_rt_sigaction
sys_enter_rt_sigaction
sys_enter_rt_sigaction
sys_enter_rt_sigaction
sys_enter_rt_sigaction
sys_enter_rt_sigaction
sys_enter_rt_sigaction
sys_enter_rt_sigaction
sys_enter_rt_sigaction
sys_enter_rt_sigaction
sys_enter_rt_sigaction
sys_enter_rt_sigaction
sys_enter_rt_sigaction
sys_enter_rt_sigaction
sys_enter_rt_sigaction
sys_enter_rt_sigaction
sys_enter_rt_sigaction
sys_enter_rt_sigaction
sys_enter_rt_sigaction
sys_enter_rt_sigaction
sys_enter_rt_sigaction
sys_enter_rt_sigaction
sys_enter_rt_sigaction
sys_enter_rt_sigaction
sys_enter_rt_sigaction
sys_enter_rt_sigaction
sys_enter_rt_sigaction
sys_enter_rt_sigaction
sys_enter_rt_sigaction
sys_enter_rt_sigaction
sys_enter_rt_sigaction
sys_enter_rt_sigaction
sys_enter_rt_sigaction
sys_enter_rt_sigaction
sys_enter_rt_sigaction
sys_enter_rt_sigaction
sys_enter_rt_sigaction
sys_enter_rt_sigaction
sys_enter_rt_sigaction
sys_enter_rt_sigaction
sys_enter_rt_sigaction
sys_enter_rt_sigaction
sys_enter_rt_sigaction
sys_enter_rt_sigaction
sys_enter_rt_sigaction
sys_enter_rt_sigaction
sys_enter_rt_sigaction
sys_enter_rt_sigaction
sys_enter_rt_sigaction
sys_enter_rt_sigaction
sys_enter_rt_sigaction
sys_enter_rt_sigaction
sys_enter_rt_sigaction
sys_enter_rt_sigaction
sys_enter_rt_sigaction
sys_enter_rt_sigaction
sys_enter_rt_sigaction
sys_enter_rt_sigaction
sys_enter_rt_sigaction
sys_enter_rt_sigaction
sys_enter_rt_sigaction
sys_enter_rt_sigaction
sys_enter_rt_sigaction
sys_enter_rt_sigaction
sys_enter_rt_sigaction
sys_enter_rt_sigaction
sys_enter_rt_sigaction
sys_enter_rt_sigaction
sys_enter_rt_sigaction
sys_enter_rt_sigaction
sys_enter_rt_sigaction
sys_enter_rt_sigaction
sys_enter_rt_sigaction
sys_enter_rt_sigaction
sys_enter_rt_sigaction
sys_enter_rt_sigaction
sys_enter_rt_sigaction
sys_enter_rt_sigaction
sys_enter_rt_sigaction
sys_enter_rt_sigaction
sys_enter_rt_sigaction
sys_enter_rt_sigaction
sys_enter_rt_sigaction
sys_enter_rt_sigaction
sys_enter_rt_sigaction
sys_enter_rt_sigaction
sys_enter_rt_sigaction
sys_enter_rt_sigaction
sys_enter_rt_sigaction
sys_enter_rt_sigaction
sys_enter_rt_sigaction
sys_enter_rt_sigaction
sys_enter_rt_sigaction
sys_enter_rt_sigaction
sys_enter_rt_sigaction
sys_enter_rt_sigprocmask
sys_enter_clone
sys_enter_rt_sigprocmask
sys_enter_gettid
sys_enter_sigaltstack
sys_enter_sigaltstack
sys_enter_gettid
sys_enter_rt_sigprocmask
sys_enter_rt_sigprocmask
sys_enter_clone
sys_enter_rt_sigprocmask
sys_enter_gettid
sys_enter_sigaltstack
sys_enter_sigaltstack
sys_enter_rt_sigprocmask
sys_enter_clone
sys_enter_gettid
sys_enter_rt_sigprocmask
sys_enter_rt_sigprocmask
sys_enter_sched_yield
sys_enter_futex
sys_enter_gettid
sys_enter_futex
sys_enter_sigaltstack
sys_enter_sigaltstack
sys_enter_gettid
sys_enter_rt_sigprocmask
sys_enter_rt_sigprocmask
sys_enter_clone
sys_enter_futex
sys_enter_futex
sys_enter_rt_sigprocmask
sys_enter_gettid
sys_enter_futex
sys_enter_sigaltstack
sys_enter_sigaltstack
sys_enter_gettid
sys_enter_rt_sigprocmask
sys_enter_futex
sys_enter_futex
sys_enter_mmap
sys_enter_futex
sys_enter_futex
sys_enter_futex
sys_enter_openat
sys_enter_read
sys_enter_read
sys_enter_close
sys_enter_socket
sys_enter_close
sys_enter_socket
sys_enter_setsockopt
sys_enter_bind
sys_enter_socket
sys_enter_setsockopt
sys_enter_bind
sys_enter_close
sys_enter_close
sys_enter_getpid
sys_enter_getppid
sys_enter_mmap
sys_enter_mmap
sys_enter_getppid
sys_enter_openat
sys_enter_pipe2
sys_enter_getpid
sys_enter_clone
sys_enter_setsid
sys_enter_close
sys_enter_read
sys_enter_chdir
sys_enter_execve
sys_enter_close
sys_enter_mmap
sys_enter_exit_group
sys_enter_mmap
sys_enter_mprotect
sys_enter_mmap
sys_enter_mmap
sys_enter_mprotect
sys_enter_mmap
sys_enter_mprotect
sys_enter_mmap
sys_enter_mprotect
sys_enter_mmap
sys_enter_mmap
sys_enter_close
sys_enter_munmap
sys_enter_sched_getaffinity
sys_enter_mmap
sys_enter_munmap
sys_enter_mmap
sys_enter_mmap
sys_enter_mmap
sys_enter_mmap
sys_enter_mmap
sys_enter_mmap
sys_enter_rt_sigprocmask
sys_enter_sigaltstack
sys_enter_sigaltstack
sys_enter_gettid
sys_enter_rt_sigprocmask
sys_enter_rt_sigaction
sys_enter_rt_sigaction
sys_enter_rt_sigaction
sys_enter_rt_sigaction
sys_enter_rt_sigaction
sys_enter_rt_sigaction
sys_enter_rt_sigaction
sys_enter_rt_sigaction
sys_enter_rt_sigaction
sys_enter_rt_sigaction
sys_enter_rt_sigaction
sys_enter_rt_sigaction
sys_enter_rt_sigaction
sys_enter_rt_sigaction
sys_enter_rt_sigaction
sys_enter_rt_sigaction
sys_enter_rt_sigaction
sys_enter_rt_sigaction
sys_enter_rt_sigaction
sys_enter_rt_sigaction
sys_enter_rt_sigaction
sys_enter_rt_sigaction
sys_enter_rt_sigaction
sys_enter_rt_sigaction
sys_enter_rt_sigaction
sys_enter_rt_sigaction
sys_enter_rt_sigaction
sys_enter_rt_sigaction
sys_enter_rt_sigaction
sys_enter_rt_sigaction
sys_enter_rt_sigaction
sys_enter_rt_sigaction
sys_enter_rt_sigaction
sys_enter_rt_sigaction
sys_enter_rt_sigaction
sys_enter_rt_sigaction
sys_enter_rt_sigaction
sys_enter_rt_sigaction
sys_enter_rt_sigaction
sys_enter_rt_sigaction
sys_enter_rt_sigaction
sys_enter_rt_sigaction
sys_enter_rt_sigaction
sys_enter_rt_sigaction
sys_enter_rt_sigaction
sys_enter_rt_sigaction
sys_enter_rt_sigaction
sys_enter_rt_sigaction
sys_enter_rt_sigaction
sys_enter_rt_sigaction
sys_enter_rt_sigaction
sys_enter_rt_sigaction
sys_enter_rt_sigaction
sys_enter_rt_sigaction
sys_enter_rt_sigaction
sys_enter_rt_sigaction
sys_enter_rt_sigaction
sys_enter_rt_sigaction
sys_enter_rt_sigaction
sys_enter_rt_sigaction
sys_enter_rt_sigaction
sys_enter_rt_sigaction
sys_enter_rt_sigaction
sys_enter_rt_sigaction
sys_enter_rt_sigaction
sys_enter_rt_sigaction
sys_enter_rt_sigaction
sys_enter_rt_sigaction
sys_enter_rt_sigaction
sys_enter_rt_sigaction
sys_enter_rt_sigaction
sys_enter_rt_sigaction
sys_enter_rt_sigaction
sys_enter_rt_sigaction
sys_enter_rt_sigaction
sys_enter_rt_sigaction
sys_enter_rt_sigaction
sys_enter_rt_sigaction
sys_enter_rt_sigaction
sys_enter_rt_sigaction
sys_enter_rt_sigaction
sys_enter_rt_sigaction
sys_enter_rt_sigaction
sys_enter_rt_sigaction
sys_enter_rt_sigaction
sys_enter_rt_sigaction
sys_enter_rt_sigaction
sys_enter_rt_sigaction
sys_enter_rt_sigaction
sys_enter_rt_sigaction
sys_enter_rt_sigaction
sys_enter_rt_sigaction
sys_enter_rt_sigaction
sys_enter_rt_sigaction
sys_enter_rt_sigaction
sys_enter_rt_sigaction
sys_enter_rt_sigaction
sys_enter_rt_sigaction
sys_enter_rt_sigaction
sys_enter_rt_sigaction
sys_enter_rt_sigaction
sys_enter_rt_sigaction
sys_enter_rt_sigaction
sys_enter_rt_sigaction
sys_enter_rt_sigaction
sys_enter_rt_sigaction
sys_enter_rt_sigaction
sys_enter_rt_sigaction
sys_enter_rt_sigaction
sys_enter_rt_sigaction
sys_enter_rt_sigaction
sys_enter_rt_sigaction
sys_enter_rt_sigaction
sys_enter_rt_sigaction
sys_enter_rt_sigprocmask
sys_enter_clone
sys_enter_rt_sigprocmask
sys_enter_gettid
sys_enter_sigaltstack
sys_enter_sigaltstack
sys_enter_gettid
sys_enter_rt_sigprocmask
sys_enter_rt_sigprocmask
sys_enter_clone
sys_enter_rt_sigprocmask
sys_enter_gettid
sys_enter_sigaltstack
sys_enter_sigaltstack
sys_enter_gettid
sys_enter_rt_sigprocmask
sys_enter_rt_sigprocmask
sys_enter_clone
sys_enter_rt_sigprocmask
sys_enter_futex
sys_enter_gettid
sys_enter_sigaltstack
sys_enter_sigaltstack
sys_enter_gettid
sys_enter_rt_sigprocmask
sys_enter_futex
sys_enter_rt_sigprocmask
sys_enter_clone
sys_enter_rt_sigprocmask
sys_enter_futex
sys_enter_gettid
sys_enter_sigaltstack
sys_enter_sigaltstack
sys_enter_gettid
sys_enter_rt_sigprocmask
sys_enter_futex
sys_enter_futex
sys_enter_mmap
sys_enter_futex
sys_enter_futex
sys_enter_futex
sys_enter_futex
sys_enter_openat
sys_enter_read
sys_enter_read
sys_enter_close
sys_enter_socket
sys_enter_close
sys_enter_socket
sys_enter_setsockopt
sys_enter_bind
sys_enter_socket
sys_enter_setsockopt
sys_enter_bind
sys_enter_close
sys_enter_close
sys_enter_getpid
sys_enter_getppid
sys_enter_mmap
sys_enter_mmap
sys_enter_getppid
sys_enter_openat
sys_enter_pipe2
sys_enter_getpid
sys_enter_clone
sys_enter_setsid
sys_enter_close
sys_enter_read
sys_enter_chdir
sys_enter_execve
sys_enter_close
sys_enter_mmap
sys_enter_mmap
sys_enter_exit_group
sys_enter_mprotect
sys_enter_mmap
sys_enter_mmap
sys_enter_mprotect
sys_enter_mmap
sys_enter_mprotect
sys_enter_mmap
sys_enter_mprotect
sys_enter_mmap
sys_enter_mmap
sys_enter_close
sys_enter_munmap
sys_enter_sched_getaffinity
sys_enter_mmap
sys_enter_munmap
sys_enter_mmap
sys_enter_mmap
sys_enter_mmap
sys_enter_mmap
sys_enter_mmap
sys_enter_mmap
sys_enter_rt_sigprocmask
sys_enter_sigaltstack
sys_enter_sigaltstack
sys_enter_gettid
sys_enter_rt_sigprocmask
sys_enter_rt_sigaction
sys_enter_rt_sigaction
sys_enter_rt_sigaction
sys_enter_rt_sigaction
sys_enter_rt_sigaction
sys_enter_rt_sigaction
sys_enter_rt_sigaction
sys_enter_rt_sigaction
sys_enter_rt_sigaction
sys_enter_rt_sigaction
sys_enter_rt_sigaction
sys_enter_rt_sigaction
sys_enter_rt_sigaction
sys_enter_rt_sigaction
sys_enter_rt_sigaction
sys_enter_rt_sigaction
sys_enter_rt_sigaction
sys_enter_rt_sigaction
sys_enter_rt_sigaction
sys_enter_rt_sigaction
sys_enter_rt_sigaction
sys_enter_rt_sigaction
sys_enter_rt_sigaction
sys_enter_rt_sigaction
sys_enter_rt_sigaction
sys_enter_rt_sigaction
sys_enter_rt_sigaction
sys_enter_rt_sigaction
sys_enter_rt_sigaction
sys_enter_rt_sigaction
sys_enter_rt_sigaction
sys_enter_rt_sigaction
sys_enter_rt_sigaction
sys_enter_rt_sigaction
sys_enter_rt_sigaction
sys_enter_rt_sigaction
sys_enter_rt_sigaction
sys_enter_rt_sigaction
sys_enter_rt_sigaction
sys_enter_rt_sigaction
sys_enter_rt_sigaction
sys_enter_rt_sigaction
sys_enter_rt_sigaction
sys_enter_rt_sigaction
sys_enter_rt_sigaction
sys_enter_rt_sigaction
sys_enter_rt_sigaction
sys_enter_rt_sigaction
sys_enter_rt_sigaction
sys_enter_rt_sigaction
sys_enter_rt_sigaction
sys_enter_rt_sigaction
sys_enter_rt_sigaction
sys_enter_rt_sigaction
sys_enter_rt_sigaction
sys_enter_rt_sigaction
sys_enter_rt_sigaction
sys_enter_rt_sigaction
sys_enter_rt_sigaction
sys_enter_rt_sigaction
sys_enter_rt_sigaction
sys_enter_rt_sigaction
sys_enter_rt_sigaction
sys_enter_rt_sigaction
sys_enter_rt_sigaction
sys_enter_rt_sigaction
sys_enter_rt_sigaction
sys_enter_rt_sigaction
sys_enter_rt_sigaction
sys_enter_rt_sigaction
sys_enter_rt_sigaction
sys_enter_rt_sigaction
sys_enter_rt_sigaction
sys_enter_rt_sigaction
sys_enter_rt_sigaction
sys_enter_rt_sigaction
sys_enter_rt_sigaction
sys_enter_rt_sigaction
sys_enter_rt_sigaction
sys_enter_rt_sigaction
sys_enter_rt_sigaction
sys_enter_rt_sigaction
sys_enter_rt_sigaction
sys_enter_rt_sigaction
sys_enter_rt_sigaction
sys_enter_rt_sigaction
sys_enter_rt_sigaction
sys_enter_rt_sigaction
sys_enter_rt_sigaction
sys_enter_rt_sigaction
sys_enter_rt_sigaction
sys_enter_rt_sigaction
sys_enter_rt_sigaction
sys_enter_rt_sigaction
sys_enter_rt_sigaction
sys_enter_rt_sigaction
sys_enter_rt_sigaction
sys_enter_rt_sigaction
sys_enter_rt_sigaction
sys_enter_rt_sigaction
sys_enter_rt_sigaction
sys_enter_rt_sigaction
sys_enter_rt_sigaction
sys_enter_rt_sigaction
sys_enter_rt_sigaction
sys_enter_rt_sigaction
sys_enter_rt_sigaction
sys_enter_rt_sigaction
sys_enter_rt_sigaction
sys_enter_rt_sigaction
sys_enter_rt_sigaction
sys_enter_rt_sigaction
sys_enter_rt_sigaction
sys_enter_rt_sigaction
sys_enter_rt_sigprocmask
sys_enter_clone
sys_enter_rt_sigprocmask
sys_enter_rt_sigprocmask
sys_enter_clone
sys_enter_rt_sigprocmask
sys_enter_gettid
sys_enter_sigaltstack
sys_enter_sigaltstack
sys_enter_gettid
sys_enter_rt_sigprocmask
sys_enter_rt_sigprocmask
sys_enter_clone
sys_enter_rt_sigprocmask
sys_enter_futex
sys_enter_gettid
sys_enter_sigaltstack
sys_enter_sigaltstack
sys_enter_gettid
sys_enter_gettid
sys_enter_sigaltstack
sys_enter_sigaltstack
sys_enter_gettid
sys_enter_rt_sigprocmask
sys_enter_rt_sigprocmask
sys_enter_clone
sys_enter_rt_sigprocmask
sys_enter_rt_sigprocmask
sys_enter_futex
sys_enter_gettid
sys_enter_sigaltstack
sys_enter_sigaltstack
sys_enter_gettid
sys_enter_rt_sigprocmask
sys_enter_futex
sys_enter_futex
sys_enter_futex
sys_enter_futex
sys_enter_mmap
sys_enter_futex
sys_enter_futex
sys_enter_futex
sys_enter_openat
sys_enter_read
sys_enter_read
sys_enter_close
sys_enter_socket
sys_enter_close
sys_enter_socket
sys_enter_setsockopt
sys_enter_bind
sys_enter_socket
sys_enter_setsockopt
sys_enter_bind
sys_enter_close
sys_enter_close
sys_enter_getpid
sys_enter_getppid
sys_enter_mmap
sys_enter_mmap
sys_enter_getppid
sys_enter_openat
sys_enter_pipe2
sys_enter_getpid
sys_enter_clone
sys_enter_setsid
sys_enter_close
sys_enter_read
sys_enter_chdir
sys_enter_execve
sys_enter_close
sys_enter_exit_group
sys_enter_mmap
sys_enter_mmap
sys_enter_mprotect
sys_enter_mmap
sys_enter_mmap
sys_enter_mprotect
sys_enter_mmap
sys_enter_mprotect
sys_enter_mmap
sys_enter_mprotect
sys_enter_mmap
sys_enter_mmap
sys_enter_close
sys_enter_munmap
sys_enter_sched_getaffinity
sys_enter_mmap
sys_enter_munmap
sys_enter_mmap
sys_enter_mmap
sys_enter_mmap
sys_enter_mmap
sys_enter_mmap
sys_enter_mmap
sys_enter_rt_sigprocmask
sys_enter_sigaltstack
sys_enter_sigaltstack
sys_enter_gettid
sys_enter_rt_sigprocmask
sys_enter_rt_sigaction
sys_enter_rt_sigaction
sys_enter_rt_sigaction
sys_enter_rt_sigaction
sys_enter_rt_sigaction
sys_enter_rt_sigaction
sys_enter_rt_sigaction
sys_enter_rt_sigaction
sys_enter_rt_sigaction
sys_enter_rt_sigaction
sys_enter_rt_sigaction
sys_enter_rt_sigaction
sys_enter_rt_sigaction
sys_enter_rt_sigaction
sys_enter_rt_sigaction
sys_enter_rt_sigaction
sys_enter_rt_sigaction
sys_enter_rt_sigaction
sys_enter_rt_sigaction
sys_enter_rt_sigaction
sys_enter_rt_sigaction
sys_enter_rt_sigaction
sys_enter_rt_sigaction
sys_enter_rt_sigaction
sys_enter_rt_sigaction
sys_enter_rt_sigaction
sys_enter_rt_sigaction
sys_enter_rt_sigaction
sys_enter_rt_sigaction
sys_enter_rt_sigaction
sys_enter_rt_sigaction
sys_enter_rt_sigaction
sys_enter_rt_sigaction
sys_enter_rt_sigaction
sys_enter_rt_sigaction
sys_enter_rt_sigaction
sys_enter_rt_sigaction
sys_enter_rt_sigaction
sys_enter_rt_sigaction
sys_enter_rt_sigaction
sys_enter_rt_sigaction
sys_enter_rt_sigaction
sys_enter_rt_sigaction
sys_enter_rt_sigaction
sys_enter_rt_sigaction
sys_enter_rt_sigaction
sys_enter_rt_sigaction
sys_enter_rt_sigaction
sys_enter_rt_sigaction
sys_enter_rt_sigaction
sys_enter_rt_sigaction
sys_enter_rt_sigaction
sys_enter_rt_sigaction
sys_enter_rt_sigaction
sys_enter_rt_sigaction
sys_enter_rt_sigaction
sys_enter_rt_sigaction
sys_enter_rt_sigaction
sys_enter_rt_sigaction
sys_enter_rt_sigaction
sys_enter_rt_sigaction
sys_enter_rt_sigaction
sys_enter_rt_sigaction
sys_enter_rt_sigaction
sys_enter_rt_sigaction
sys_enter_rt_sigaction
sys_enter_rt_sigaction
sys_enter_rt_sigaction
sys_enter_rt_sigaction
sys_enter_rt_sigaction
sys_enter_rt_sigaction
sys_enter_rt_sigaction
sys_enter_rt_sigaction
sys_enter_rt_sigaction
sys_enter_rt_sigaction
sys_enter_rt_sigaction
sys_enter_rt_sigaction
sys_enter_rt_sigaction
sys_enter_rt_sigaction
sys_enter_rt_sigaction
sys_enter_rt_sigaction
sys_enter_rt_sigaction
sys_enter_rt_sigaction
sys_enter_rt_sigaction
sys_enter_rt_sigaction
sys_enter_rt_sigaction
sys_enter_rt_sigaction
sys_enter_rt_sigaction
sys_enter_rt_sigaction
sys_enter_rt_sigaction
sys_enter_rt_sigaction
sys_enter_rt_sigaction
sys_enter_rt_sigaction
sys_enter_rt_sigaction
sys_enter_rt_sigaction
sys_enter_rt_sigaction
sys_enter_rt_sigaction
sys_enter_rt_sigaction
sys_enter_rt_sigaction
sys_enter_rt_sigaction
sys_enter_rt_sigaction
sys_enter_rt_sigaction
sys_enter_rt_sigaction
sys_enter_rt_sigaction
sys_enter_rt_sigaction
sys_enter_rt_sigaction
sys_enter_rt_sigaction
sys_enter_rt_sigaction
sys_enter_rt_sigaction
sys_enter_rt_sigaction
sys_enter_rt_sigaction
sys_enter_rt_sigaction
sys_enter_rt_sigaction
sys_enter_rt_sigaction
sys_enter_rt_sigprocmask
sys_enter_clone
sys_enter_rt_sigprocmask
sys_enter_gettid
sys_enter_sigaltstack
sys_enter_sigaltstack
sys_enter_gettid
sys_enter_rt_sigprocmask
sys_enter_rt_sigprocmask
sys_enter_clone
sys_enter_rt_sigprocmask
sys_enter_gettid
sys_enter_sigaltstack
sys_enter_sigaltstack
sys_enter_gettid
sys_enter_rt_sigprocmask
sys_enter_rt_sigprocmask
sys_enter_clone
sys_enter_rt_sigprocmask
sys_enter_futex
sys_enter_gettid
sys_enter_gettid
sys_enter_sigaltstack
sys_enter_sigaltstack
sys_enter_gettid
sys_enter_rt_sigprocmask
sys_enter_futex
sys_enter_futex
sys_enter_rt_sigprocmask
sys_enter_clone
sys_enter_rt_sigprocmask
sys_enter_futex
sys_enter_mmap
sys_enter_sigaltstack
sys_enter_sigaltstack
sys_enter_gettid
sys_enter_rt_sigprocmask
sys_enter_futex
sys_enter_futex
sys_enter_futex
sys_enter_openat
sys_enter_futex
sys_enter_futex
sys_enter_read
sys_enter_read
sys_enter_close
sys_enter_socket
sys_enter_close
sys_enter_socket
sys_enter_setsockopt
sys_enter_bind
sys_enter_socket
sys_enter_setsockopt
sys_enter_bind
sys_enter_close
sys_enter_close
sys_enter_mmap
sys_enter_mmap
sys_enter_getpid
sys_enter_getppid
sys_enter_mmap
sys_enter_mmap
sys_enter_getppid
sys_enter_openat
sys_enter_pipe2
sys_enter_getpid
sys_enter_clone
sys_enter_setsid
sys_enter_close
sys_enter_read
sys_enter_chdir
sys_enter_execve
sys_enter_close
sys_enter_exit_group
sys_enter_mmap
sys_enter_mmap
sys_enter_mprotect
sys_enter_mmap
sys_enter_mmap
sys_enter_mprotect
sys_enter_mmap
sys_enter_mprotect
sys_enter_mmap
sys_enter_mprotect
sys_enter_mmap
sys_enter_mmap
sys_enter_close
sys_enter_munmap
sys_enter_sched_getaffinity
sys_enter_mmap
sys_enter_munmap
sys_enter_mmap
sys_enter_mmap
sys_enter_mmap
sys_enter_mmap
sys_enter_mmap
sys_enter_mmap
sys_enter_rt_sigprocmask
sys_enter_sigaltstack
sys_enter_sigaltstack
sys_enter_gettid
sys_enter_rt_sigprocmask
sys_enter_rt_sigaction
sys_enter_rt_sigaction
sys_enter_rt_sigaction
sys_enter_rt_sigaction
sys_enter_rt_sigaction
sys_enter_rt_sigaction
sys_enter_rt_sigaction
sys_enter_rt_sigaction
sys_enter_rt_sigaction
sys_enter_rt_sigaction
sys_enter_rt_sigaction
sys_enter_rt_sigaction
sys_enter_rt_sigaction
sys_enter_rt_sigaction
sys_enter_rt_sigaction
sys_enter_rt_sigaction
sys_enter_rt_sigaction
sys_enter_rt_sigaction
sys_enter_rt_sigaction
sys_enter_rt_sigaction
sys_enter_rt_sigaction
sys_enter_rt_sigaction
sys_enter_rt_sigaction
sys_enter_rt_sigaction
sys_enter_rt_sigaction
sys_enter_rt_sigaction
sys_enter_rt_sigaction
sys_enter_rt_sigaction
sys_enter_rt_sigaction
sys_enter_rt_sigaction
sys_enter_rt_sigaction
sys_enter_rt_sigaction
sys_enter_rt_sigaction
sys_enter_rt_sigaction
sys_enter_rt_sigaction
sys_enter_rt_sigaction
sys_enter_rt_sigaction
sys_enter_rt_sigaction
sys_enter_rt_sigaction
sys_enter_rt_sigaction
sys_enter_rt_sigaction
sys_enter_rt_sigaction
sys_enter_rt_sigaction
sys_enter_rt_sigaction
sys_enter_rt_sigaction
sys_enter_rt_sigaction
sys_enter_rt_sigaction
sys_enter_rt_sigaction
sys_enter_rt_sigaction
sys_enter_rt_sigaction
sys_enter_rt_sigaction
sys_enter_rt_sigaction
sys_enter_rt_sigaction
sys_enter_rt_sigaction
sys_enter_rt_sigaction
sys_enter_rt_sigaction
sys_enter_rt_sigaction
sys_enter_rt_sigaction
sys_enter_rt_sigaction
sys_enter_rt_sigaction
sys_enter_rt_sigaction
sys_enter_rt_sigaction
sys_enter_rt_sigaction
sys_enter_rt_sigaction
sys_enter_rt_sigaction
sys_enter_rt_sigaction
sys_enter_rt_sigaction
sys_enter_rt_sigaction
sys_enter_rt_sigaction
sys_enter_rt_sigaction
sys_enter_rt_sigaction
sys_enter_rt_sigaction
sys_enter_rt_sigaction
sys_enter_rt_sigaction
sys_enter_rt_sigaction
sys_enter_rt_sigaction
sys_enter_rt_sigaction
sys_enter_rt_sigaction
sys_enter_rt_sigaction
sys_enter_rt_sigaction
sys_enter_rt_sigaction
sys_enter_rt_sigaction
sys_enter_rt_sigaction
sys_enter_rt_sigaction
sys_enter_rt_sigaction
sys_enter_rt_sigaction
sys_enter_rt_sigaction
sys_enter_rt_sigaction
sys_enter_rt_sigaction
sys_enter_rt_sigaction
sys_enter_rt_sigaction
sys_enter_rt_sigaction
sys_enter_rt_sigaction
sys_enter_rt_sigaction
sys_enter_rt_sigaction
sys_enter_rt_sigaction
sys_enter_rt_sigaction
sys_enter_rt_sigaction
sys_enter_rt_sigaction
sys_enter_rt_sigaction
sys_enter_rt_sigaction
sys_enter_rt_sigaction
sys_enter_rt_sigaction
sys_enter_rt_sigaction
sys_enter_rt_sigaction
sys_enter_rt_sigaction
sys_enter_rt_sigaction
sys_enter_rt_sigaction
sys_enter_rt_sigaction
sys_enter_rt_sigaction
sys_enter_rt_sigaction
sys_enter_rt_sigaction
sys_enter_rt_sigaction
sys_enter_rt_sigaction
sys_enter_rt_sigprocmask
sys_enter_clone
sys_enter_rt_sigprocmask
sys_enter_gettid
sys_enter_sigaltstack
sys_enter_sigaltstack
sys_enter_gettid
sys_enter_rt_sigprocmask
sys_enter_rt_sigprocmask
sys_enter_clone
sys_enter_rt_sigprocmask
sys_enter_gettid
sys_enter_sigaltstack
sys_enter_sigaltstack
sys_enter_gettid
sys_enter_rt_sigprocmask
sys_enter_rt_sigprocmask
sys_enter_clone
sys_enter_rt_sigprocmask
sys_enter_clone
sys_enter_rt_sigprocmask
sys_enter_futex
sys_enter_gettid
sys_enter_sigaltstack
sys_enter_sigaltstack
sys_enter_gettid
sys_enter_rt_sigprocmask
sys_enter_rt_sigprocmask
sys_enter_gettid
sys_enter_futex
sys_enter_futex
sys_enter_sigaltstack
sys_enter_futex
sys_enter_sigaltstack
sys_enter_gettid
sys_enter_rt_sigprocmask
sys_enter_futex
sys_enter_futex
sys_enter_mmap
sys_enter_futex
sys_enter_futex
sys_enter_futex
sys_enter_openat
sys_enter_read
sys_enter_read
sys_enter_close
sys_enter_socket
sys_enter_close
sys_enter_socket
sys_enter_setsockopt
sys_enter_bind
sys_enter_socket
sys_enter_setsockopt
sys_enter_bind
sys_enter_close
sys_enter_close
sys_enter_getpid
sys_enter_getppid
sys_enter_mmap
sys_enter_mmap
sys_enter_getppid
sys_enter_openat
sys_enter_pipe2
sys_enter_getpid
sys_enter_clone
sys_enter_setsid
sys_enter_close
sys_enter_read
sys_enter_chdir
sys_enter_execve
sys_enter_close
sys_enter_exit_group
sys_enter_mmap
sys_enter_mmap
sys_enter_mprotect
sys_enter_mmap
sys_enter_mmap
sys_enter_mprotect
sys_enter_mmap
sys_enter_mprotect
sys_enter_mmap
sys_enter_mprotect
sys_enter_mmap
sys_enter_mmap
sys_enter_close
sys_enter_munmap
sys_enter_sched_getaffinity
sys_enter_mmap
sys_enter_munmap
sys_enter_mmap
sys_enter_mmap
sys_enter_mmap
sys_enter_mmap
sys_enter_mmap
sys_enter_mmap
sys_enter_rt_sigprocmask
sys_enter_sigaltstack
sys_enter_sigaltstack
sys_enter_gettid
sys_enter_rt_sigprocmask
sys_enter_rt_sigaction
sys_enter_rt_sigaction
sys_enter_rt_sigaction
sys_enter_rt_sigaction
sys_enter_rt_sigaction
sys_enter_rt_sigaction
sys_enter_rt_sigaction
sys_enter_rt_sigaction
sys_enter_rt_sigaction
sys_enter_rt_sigaction
sys_enter_rt_sigaction
sys_enter_rt_sigaction
sys_enter_rt_sigaction
sys_enter_rt_sigaction
sys_enter_rt_sigaction
sys_enter_rt_sigaction
sys_enter_rt_sigaction
sys_enter_rt_sigaction
sys_enter_rt_sigaction
sys_enter_rt_sigaction
sys_enter_rt_sigaction
sys_enter_rt_sigaction
sys_enter_rt_sigaction
sys_enter_rt_sigaction
sys_enter_rt_sigaction
sys_enter_rt_sigaction
sys_enter_rt_sigaction
sys_enter_rt_sigaction
sys_enter_rt_sigaction
sys_enter_rt_sigaction
sys_enter_rt_sigaction
sys_enter_rt_sigaction
sys_enter_rt_sigaction
sys_enter_rt_sigaction
sys_enter_rt_sigaction
sys_enter_rt_sigaction
sys_enter_rt_sigaction
sys_enter_rt_sigaction
sys_enter_rt_sigaction
sys_enter_rt_sigaction
sys_enter_rt_sigaction
sys_enter_rt_sigaction
sys_enter_rt_sigaction
sys_enter_rt_sigaction
sys_enter_rt_sigaction
sys_enter_rt_sigaction
sys_enter_rt_sigaction
sys_enter_rt_sigaction
sys_enter_rt_sigaction
sys_enter_rt_sigaction
sys_enter_rt_sigaction
sys_enter_rt_sigaction
sys_enter_rt_sigaction
sys_enter_rt_sigaction
sys_enter_rt_sigaction
sys_enter_rt_sigaction
sys_enter_rt_sigaction
sys_enter_rt_sigaction
sys_enter_rt_sigaction
sys_enter_rt_sigaction
sys_enter_rt_sigaction
sys_enter_rt_sigaction
sys_enter_rt_sigaction
sys_enter_rt_sigaction
sys_enter_rt_sigaction
sys_enter_rt_sigaction
sys_enter_rt_sigaction
sys_enter_rt_sigaction
sys_enter_rt_sigaction
sys_enter_rt_sigaction
sys_enter_rt_sigaction
sys_enter_rt_sigaction
sys_enter_rt_sigaction
sys_enter_rt_sigaction
sys_enter_rt_sigaction
sys_enter_rt_sigaction
sys_enter_rt_sigaction
sys_enter_rt_sigaction
sys_enter_rt_sigaction
sys_enter_rt_sigaction
sys_enter_rt_sigaction
sys_enter_rt_sigaction
sys_enter_rt_sigaction
sys_enter_rt_sigaction
sys_enter_rt_sigaction
sys_enter_rt_sigaction
sys_enter_rt_sigaction
sys_enter_rt_sigaction
sys_enter_rt_sigaction
sys_enter_rt_sigaction
sys_enter_rt_sigaction
sys_enter_rt_sigaction
sys_enter_rt_sigaction
sys_enter_rt_sigaction
sys_enter_rt_sigaction
sys_enter_rt_sigaction
sys_enter_rt_sigaction
sys_enter_rt_sigaction
sys_enter_rt_sigaction
sys_enter_rt_sigaction
sys_enter_rt_sigaction
sys_enter_rt_sigaction
sys_enter_rt_sigaction
sys_enter_rt_sigaction
sys_enter_rt_sigaction
sys_enter_rt_sigaction
sys_enter_rt_sigaction
sys_enter_rt_sigaction
sys_enter_rt_sigaction
sys_enter_rt_sigaction
sys_enter_rt_sigaction
sys_enter_rt_sigaction
sys_enter_rt_sigaction
sys_enter_rt_sigaction
sys_enter_rt_sigprocmask
sys_enter_clone
sys_enter_rt_sigprocmask
sys_enter_gettid
sys_enter_sigaltstack
sys_enter_sigaltstack
sys_enter_gettid
sys_enter_rt_sigprocmask
sys_enter_rt_sigprocmask
sys_enter_clone
sys_enter_rt_sigprocmask
sys_enter_gettid
sys_enter_sigaltstack
sys_enter_sigaltstack
sys_enter_gettid
sys_enter_rt_sigprocmask
sys_enter_rt_sigprocmask
sys_enter_clone
sys_enter_rt_sigprocmask
sys_enter_clone
sys_enter_rt_sigprocmask
sys_enter_gettid
sys_enter_sigaltstack
sys_enter_sigaltstack
sys_enter_gettid
sys_enter_rt_sigprocmask
sys_enter_rt_sigprocmask
sys_enter_futex
sys_enter_gettid
sys_enter_sigaltstack
sys_enter_sigaltstack
sys_enter_gettid
sys_enter_rt_sigprocmask
sys_enter_futex
sys_enter_futex
sys_enter_futex
sys_enter_futex
sys_enter_futex
sys_enter_mmap
sys_enter_futex
sys_enter_futex
sys_enter_futex
sys_enter_openat
sys_enter_read
sys_enter_read
sys_enter_close
sys_enter_socket
sys_enter_close
sys_enter_socket
sys_enter_setsockopt
sys_enter_bind
sys_enter_socket
sys_enter_setsockopt
sys_enter_bind
sys_enter_close
sys_enter_close
sys_enter_getpid
sys_enter_getppid
sys_enter_mmap
sys_enter_mmap
sys_enter_getppid
sys_enter_openat
sys_enter_pipe2
sys_enter_getpid
sys_enter_clone
sys_enter_setsid
sys_enter_chdir
sys_enter_close
sys_enter_read
sys_enter_execve
sys_enter_close
sys_enter_exit_group
sys_enter_mmap
sys_enter_mmap
sys_enter_mprotect
sys_enter_mmap
sys_enter_mmap
sys_enter_mprotect
sys_enter_mmap
sys_enter_mprotect
sys_enter_mmap
sys_enter_mprotect
sys_enter_mmap
sys_enter_mmap
sys_enter_close
sys_enter_munmap
sys_enter_sched_getaffinity
sys_enter_mmap
sys_enter_munmap
sys_enter_mmap
sys_enter_mmap
sys_enter_mmap
sys_enter_mmap
sys_enter_mmap
sys_enter_mmap
sys_enter_rt_sigprocmask
sys_enter_sigaltstack
sys_enter_sigaltstack
sys_enter_gettid
sys_enter_rt_sigprocmask
sys_enter_rt_sigaction
sys_enter_rt_sigaction
sys_enter_rt_sigaction
sys_enter_rt_sigaction
sys_enter_rt_sigaction
sys_enter_rt_sigaction
sys_enter_rt_sigaction
sys_enter_rt_sigaction
sys_enter_rt_sigaction
sys_enter_rt_sigaction
sys_enter_rt_sigaction
sys_enter_rt_sigaction
sys_enter_rt_sigaction
sys_enter_rt_sigaction
sys_enter_rt_sigaction
sys_enter_rt_sigaction
sys_enter_rt_sigaction
sys_enter_rt_sigaction
sys_enter_rt_sigaction
sys_enter_rt_sigaction
sys_enter_rt_sigaction
sys_enter_rt_sigaction
sys_enter_rt_sigaction
sys_enter_rt_sigaction
sys_enter_rt_sigaction
sys_enter_rt_sigaction
sys_enter_rt_sigaction
sys_enter_rt_sigaction
sys_enter_rt_sigaction
sys_enter_rt_sigaction
sys_enter_rt_sigaction
sys_enter_rt_sigaction
sys_enter_rt_sigaction
sys_enter_rt_sigaction
sys_enter_rt_sigaction
sys_enter_rt_sigaction
sys_enter_rt_sigaction
sys_enter_rt_sigaction
sys_enter_rt_sigaction
sys_enter_rt_sigaction
sys_enter_rt_sigaction
sys_enter_rt_sigaction
sys_enter_rt_sigaction
sys_enter_rt_sigaction
sys_enter_rt_sigaction
sys_enter_rt_sigaction
sys_enter_rt_sigaction
sys_enter_rt_sigaction
sys_enter_rt_sigaction
sys_enter_rt_sigaction
sys_enter_rt_sigaction
sys_enter_rt_sigaction
sys_enter_rt_sigaction
sys_enter_rt_sigaction
sys_enter_rt_sigaction
sys_enter_rt_sigaction
sys_enter_rt_sigaction
sys_enter_rt_sigaction
sys_enter_rt_sigaction
sys_enter_rt_sigaction
sys_enter_rt_sigaction
sys_enter_rt_sigaction
sys_enter_rt_sigaction
sys_enter_rt_sigaction
sys_enter_rt_sigaction
sys_enter_rt_sigaction
sys_enter_rt_sigaction
sys_enter_rt_sigaction
sys_enter_rt_sigaction
sys_enter_rt_sigaction
sys_enter_rt_sigaction
sys_enter_rt_sigaction
sys_enter_rt_sigaction
sys_enter_rt_sigaction
sys_enter_rt_sigaction
sys_enter_rt_sigaction
sys_enter_rt_sigaction
sys_enter_rt_sigaction
sys_enter_rt_sigaction
sys_enter_rt_sigaction
sys_enter_rt_sigaction
sys_enter_rt_sigaction
sys_enter_rt_sigaction
sys_enter_rt_sigaction
sys_enter_rt_sigaction
sys_enter_rt_sigaction
sys_enter_rt_sigaction
sys_enter_rt_sigaction
sys_enter_rt_sigaction
sys_enter_rt_sigaction
sys_enter_rt_sigaction
sys_enter_rt_sigaction
sys_enter_rt_sigaction
sys_enter_rt_sigaction
sys_enter_rt_sigaction
sys_enter_rt_sigaction
sys_enter_rt_sigaction
sys_enter_rt_sigaction
sys_enter_rt_sigaction
sys_enter_rt_sigaction
sys_enter_rt_sigaction
sys_enter_rt_sigaction
sys_enter_rt_sigaction
sys_enter_rt_sigaction
sys_enter_rt_sigaction
sys_enter_rt_sigaction
sys_enter_rt_sigaction
sys_enter_rt_sigaction
sys_enter_rt_sigaction
sys_enter_rt_sigaction
sys_enter_rt_sigaction
sys_enter_rt_sigaction
sys_enter_rt_sigaction
sys_enter_rt_sigaction
sys_enter_rt_sigprocmask
sys_enter_clone
sys_enter_rt_sigprocmask
sys_enter_gettid
sys_enter_sigaltstack
sys_enter_sigaltstack
sys_enter_gettid
sys_enter_rt_sigprocmask
sys_enter_rt_sigprocmask
sys_enter_clone
sys_enter_rt_sigprocmask
sys_enter_gettid
sys_enter_sigaltstack
sys_enter_sigaltstack
sys_enter_gettid
sys_enter_rt_sigprocmask
sys_enter_rt_sigprocmask
sys_enter_clone
sys_enter_rt_sigprocmask
sys_enter_clone
sys_enter_rt_sigprocmask
sys_enter_futex
sys_enter_gettid
sys_enter_rt_sigprocmask
sys_enter_sigaltstack
sys_enter_sigaltstack
sys_enter_gettid
sys_enter_gettid
sys_enter_rt_sigprocmask
sys_enter_futex
sys_enter_sigaltstack
sys_enter_sigaltstack
sys_enter_gettid
sys_enter_rt_sigprocmask
sys_enter_futex
sys_enter_futex
sys_enter_futex
sys_enter_futex
sys_enter_mmap
sys_enter_futex
sys_enter_futex
sys_enter_futex
sys_enter_openat
sys_enter_read
sys_enter_read
sys_enter_close
sys_enter_socket
sys_enter_close
sys_enter_socket
sys_enter_setsockopt
sys_enter_bind
sys_enter_socket
sys_enter_setsockopt
sys_enter_bind
sys_enter_close
sys_enter_close
sys_enter_getpid
sys_enter_getppid
sys_enter_mmap
sys_enter_mmap
sys_enter_getppid
sys_enter_openat
sys_enter_pipe2
sys_enter_getpid
sys_enter_clone
sys_enter_setsid
sys_enter_close
sys_enter_read
sys_enter_chdir
sys_enter_execve
sys_enter_close
sys_enter_exit_group
sys_enter_mmap
sys_enter_mmap
sys_enter_mprotect
sys_enter_mmap
sys_enter_mmap
sys_enter_mprotect
sys_enter_mmap
sys_enter_mprotect
sys_enter_mmap
sys_enter_mprotect
sys_enter_mmap
sys_enter_mmap
sys_enter_close
sys_enter_munmap
sys_enter_sched_getaffinity
sys_enter_mmap
sys_enter_munmap
sys_enter_mmap
sys_enter_mmap
sys_enter_mmap
sys_enter_mmap
sys_enter_mmap
sys_enter_mmap
sys_enter_rt_sigprocmask
sys_enter_sigaltstack
sys_enter_sigaltstack
sys_enter_gettid
sys_enter_rt_sigprocmask
sys_enter_rt_sigaction
sys_enter_rt_sigaction
sys_enter_rt_sigaction
sys_enter_rt_sigaction
sys_enter_rt_sigaction
sys_enter_rt_sigaction
sys_enter_rt_sigaction
sys_enter_rt_sigaction
sys_enter_rt_sigaction
sys_enter_rt_sigaction
sys_enter_rt_sigaction
sys_enter_rt_sigaction
sys_enter_rt_sigaction
sys_enter_rt_sigaction
sys_enter_rt_sigaction
sys_enter_rt_sigaction
sys_enter_rt_sigaction
sys_enter_rt_sigaction
sys_enter_rt_sigaction
sys_enter_rt_sigaction
sys_enter_rt_sigaction
sys_enter_rt_sigaction
sys_enter_rt_sigaction
sys_enter_rt_sigaction
sys_enter_rt_sigaction
sys_enter_rt_sigaction
sys_enter_rt_sigaction
sys_enter_rt_sigaction
sys_enter_rt_sigaction
sys_enter_rt_sigaction
sys_enter_rt_sigaction
sys_enter_rt_sigaction
sys_enter_rt_sigaction
sys_enter_rt_sigaction
sys_enter_rt_sigaction
sys_enter_rt_sigaction
sys_enter_rt_sigaction
sys_enter_rt_sigaction
sys_enter_rt_sigaction
sys_enter_rt_sigaction
sys_enter_rt_sigaction
sys_enter_rt_sigaction
sys_enter_rt_sigaction
sys_enter_rt_sigaction
sys_enter_rt_sigaction
sys_enter_rt_sigaction
sys_enter_rt_sigaction
sys_enter_rt_sigaction
sys_enter_rt_sigaction
sys_enter_rt_sigaction
sys_enter_rt_sigaction
sys_enter_rt_sigaction
sys_enter_rt_sigaction
sys_enter_rt_sigaction
sys_enter_rt_sigaction
sys_enter_rt_sigaction
sys_enter_rt_sigaction
sys_enter_rt_sigaction
sys_enter_rt_sigaction
sys_enter_rt_sigaction
sys_enter_rt_sigaction
sys_enter_rt_sigaction
sys_enter_rt_sigaction
sys_enter_rt_sigaction
sys_enter_rt_sigaction
sys_enter_rt_sigaction
sys_enter_rt_sigaction
sys_enter_rt_sigaction
sys_enter_rt_sigaction
sys_enter_rt_sigaction
sys_enter_rt_sigaction
sys_enter_rt_sigaction
sys_enter_rt_sigaction
sys_enter_rt_sigaction
sys_enter_rt_sigaction
sys_enter_rt_sigaction
sys_enter_rt_sigaction
sys_enter_rt_sigaction
sys_enter_rt_sigaction
sys_enter_rt_sigaction
sys_enter_rt_sigaction
sys_enter_rt_sigaction
sys_enter_rt_sigaction
sys_enter_rt_sigaction
sys_enter_rt_sigaction
sys_enter_rt_sigaction
sys_enter_rt_sigaction
sys_enter_rt_sigaction
sys_enter_rt_sigaction
sys_enter_rt_sigaction
sys_enter_rt_sigaction
sys_enter_rt_sigaction
sys_enter_rt_sigaction
sys_enter_rt_sigaction
sys_enter_rt_sigaction
sys_enter_rt_sigaction
sys_enter_rt_sigaction
sys_enter_rt_sigaction
sys_enter_rt_sigaction
sys_enter_rt_sigaction
sys_enter_rt_sigaction
sys_enter_rt_sigaction
sys_enter_rt_sigaction
sys_enter_rt_sigaction
sys_enter_rt_sigaction
sys_enter_rt_sigaction
sys_enter_rt_sigaction
sys_enter_rt_sigaction
sys_enter_rt_sigaction
sys_enter_rt_sigaction
sys_enter_rt_sigaction
sys_enter_rt_sigaction
sys_enter_rt_sigaction
sys_enter_rt_sigaction
sys_enter_rt_sigprocmask
sys_enter_clone
sys_enter_rt_sigprocmask
sys_enter_gettid
sys_enter_sigaltstack
sys_enter_sigaltstack
sys_enter_gettid
sys_enter_rt_sigprocmask
sys_enter_rt_sigprocmask
sys_enter_clone
sys_enter_rt_sigprocmask
sys_enter_gettid
sys_enter_sigaltstack
sys_enter_sigaltstack
sys_enter_gettid
sys_enter_rt_sigprocmask
sys_enter_rt_sigprocmask
sys_enter_clone
sys_enter_rt_sigprocmask
sys_enter_clone
sys_enter_rt_sigprocmask
sys_enter_futex
sys_enter_gettid
sys_enter_rt_sigprocmask
sys_enter_sigaltstack
sys_enter_sigaltstack
sys_enter_gettid
sys_enter_rt_sigprocmask
sys_enter_gettid
sys_enter_futex
sys_enter_sigaltstack
sys_enter_sigaltstack
sys_enter_futex
sys_enter_gettid
sys_enter_rt_sigprocmask
sys_enter_futex
sys_enter_futex
sys_enter_futex
sys_enter_mmap
sys_enter_futex
sys_enter_futex
sys_enter_futex
sys_enter_openat
sys_enter_read
sys_enter_read
sys_enter_close
sys_enter_socket
sys_enter_close
sys_enter_socket
sys_enter_setsockopt
sys_enter_bind
sys_enter_socket
sys_enter_setsockopt
sys_enter_bind
sys_enter_close
sys_enter_close
sys_enter_getpid
sys_enter_getppid
sys_enter_mmap
sys_enter_mmap
sys_enter_getppid
sys_enter_openat
sys_enter_pipe2
sys_enter_getpid
sys_enter_clone
sys_enter_setsid
sys_enter_close
sys_enter_read
sys_enter_chdir
sys_enter_execve
sys_enter_close
sys_enter_exit_group
sys_enter_mmap
sys_enter_mmap
sys_enter_mprotect
sys_enter_mmap
sys_enter_mmap
sys_enter_mprotect
sys_enter_mmap
sys_enter_mprotect
sys_enter_mmap
sys_enter_mprotect
sys_enter_mmap
sys_enter_mmap
sys_enter_close
sys_enter_munmap
sys_enter_sched_getaffinity
sys_enter_mmap
sys_enter_munmap
sys_enter_mmap
sys_enter_mmap
sys_enter_mmap
sys_enter_mmap
sys_enter_mmap
sys_enter_mmap
sys_enter_rt_sigprocmask
sys_enter_sigaltstack
sys_enter_sigaltstack
sys_enter_gettid
sys_enter_rt_sigprocmask
sys_enter_rt_sigaction
sys_enter_rt_sigaction
sys_enter_rt_sigaction
sys_enter_rt_sigaction
sys_enter_rt_sigaction
sys_enter_rt_sigaction
sys_enter_rt_sigaction
sys_enter_rt_sigaction
sys_enter_rt_sigaction
sys_enter_rt_sigaction
sys_enter_rt_sigaction
sys_enter_rt_sigaction
sys_enter_rt_sigaction
sys_enter_rt_sigaction
sys_enter_rt_sigaction
sys_enter_rt_sigaction
sys_enter_rt_sigaction
sys_enter_rt_sigaction
sys_enter_rt_sigaction
sys_enter_rt_sigaction
sys_enter_rt_sigaction
sys_enter_rt_sigaction
sys_enter_rt_sigaction
sys_enter_rt_sigaction
sys_enter_rt_sigaction
sys_enter_rt_sigaction
sys_enter_rt_sigaction
sys_enter_rt_sigaction
sys_enter_rt_sigaction
sys_enter_rt_sigaction
sys_enter_rt_sigaction
sys_enter_rt_sigaction
sys_enter_rt_sigaction
sys_enter_rt_sigaction
sys_enter_rt_sigaction
sys_enter_rt_sigaction
sys_enter_rt_sigaction
sys_enter_rt_sigaction
sys_enter_rt_sigaction
sys_enter_rt_sigaction
sys_enter_rt_sigaction
sys_enter_rt_sigaction
sys_enter_rt_sigaction
sys_enter_rt_sigaction
sys_enter_rt_sigaction
sys_enter_rt_sigaction
sys_enter_rt_sigaction
sys_enter_rt_sigaction
sys_enter_rt_sigaction
sys_enter_rt_sigaction
sys_enter_rt_sigaction
sys_enter_rt_sigaction
sys_enter_rt_sigaction
sys_enter_rt_sigaction
sys_enter_rt_sigaction
sys_enter_rt_sigaction
sys_enter_rt_sigaction
sys_enter_rt_sigaction
sys_enter_rt_sigaction
sys_enter_rt_sigaction
sys_enter_rt_sigaction
sys_enter_rt_sigaction
sys_enter_rt_sigaction
sys_enter_rt_sigaction
sys_enter_rt_sigaction
sys_enter_rt_sigaction
sys_enter_rt_sigaction
sys_enter_rt_sigaction
sys_enter_rt_sigaction
sys_enter_rt_sigaction
sys_enter_rt_sigaction
sys_enter_rt_sigaction
sys_enter_rt_sigaction
sys_enter_rt_sigaction
sys_enter_rt_sigaction
sys_enter_rt_sigaction
sys_enter_rt_sigaction
sys_enter_rt_sigaction
sys_enter_rt_sigaction
sys_enter_rt_sigaction
sys_enter_rt_sigaction
sys_enter_rt_sigaction
sys_enter_rt_sigaction
sys_enter_rt_sigaction
sys_enter_rt_sigaction
sys_enter_rt_sigaction
sys_enter_rt_sigaction
sys_enter_rt_sigaction
sys_enter_rt_sigaction
sys_enter_rt_sigaction
sys_enter_rt_sigaction
sys_enter_rt_sigaction
sys_enter_rt_sigaction
sys_enter_rt_sigaction
sys_enter_rt_sigaction
sys_enter_rt_sigaction
sys_enter_rt_sigaction
sys_enter_rt_sigaction
sys_enter_rt_sigaction
sys_enter_rt_sigaction
sys_enter_rt_sigaction
sys_enter_rt_sigaction
sys_enter_rt_sigaction
sys_enter_rt_sigaction
sys_enter_rt_sigaction
sys_enter_rt_sigaction
sys_enter_rt_sigaction
sys_enter_rt_sigaction
sys_enter_rt_sigaction
sys_enter_rt_sigaction
sys_enter_rt_sigaction
sys_enter_rt_sigaction
sys_enter_rt_sigaction
sys_enter_rt_sigaction
sys_enter_rt_sigprocmask
sys_enter_clone
sys_enter_rt_sigprocmask
sys_enter_gettid
sys_enter_sigaltstack
sys_enter_sigaltstack
sys_enter_gettid
sys_enter_rt_sigprocmask
sys_enter_rt_sigprocmask
sys_enter_clone
sys_enter_rt_sigprocmask
sys_enter_gettid
sys_enter_sigaltstack
sys_enter_sigaltstack
sys_enter_gettid
sys_enter_rt_sigprocmask
sys_enter_rt_sigprocmask
sys_enter_clone
sys_enter_rt_sigprocmask
sys_enter_futex
sys_enter_gettid
sys_enter_sigaltstack
sys_enter_rt_sigprocmask
sys_enter_clone
sys_enter_sigaltstack
sys_enter_gettid
sys_enter_rt_sigprocmask
sys_enter_rt_sigprocmask
sys_enter_futex
sys_enter_futex
sys_enter_gettid
sys_enter_futex
sys_enter_sigaltstack
sys_enter_sigaltstack
sys_enter_gettid
sys_enter_rt_sigprocmask
sys_enter_futex
sys_enter_futex
sys_enter_mmap
sys_enter_futex
sys_enter_futex
sys_enter_futex
sys_enter_openat
sys_enter_read
sys_enter_read
sys_enter_close
sys_enter_socket
sys_enter_close
sys_enter_socket
sys_enter_setsockopt
sys_enter_bind
sys_enter_socket
sys_enter_setsockopt
sys_enter_bind
sys_enter_close
sys_enter_close
sys_enter_getpid
sys_enter_getppid
sys_enter_mmap
sys_enter_mmap
sys_enter_getppid
sys_enter_openat
sys_enter_pipe2
sys_enter_getpid
sys_enter_clone
sys_enter_close
sys_enter_read
sys_enter_setsid
sys_enter_chdir
sys_enter_execve
sys_enter_close
sys_enter_exit_group
sys_enter_mmap
sys_enter_mmap
sys_enter_mprotect
sys_enter_mmap
sys_enter_mmap
sys_enter_mprotect
sys_enter_mmap
sys_enter_mprotect
sys_enter_mmap
sys_enter_mprotect
sys_enter_mmap
sys_enter_mmap
sys_enter_close
sys_enter_munmap
sys_enter_sched_getaffinity
sys_enter_mmap
sys_enter_munmap
sys_enter_mmap
sys_enter_mmap
sys_enter_mmap
sys_enter_mmap
sys_enter_mmap
sys_enter_mmap
sys_enter_rt_sigprocmask
sys_enter_sigaltstack
sys_enter_sigaltstack
sys_enter_gettid
sys_enter_rt_sigprocmask
sys_enter_rt_sigaction
sys_enter_rt_sigaction
sys_enter_rt_sigaction
sys_enter_rt_sigaction
sys_enter_rt_sigaction
sys_enter_rt_sigaction
sys_enter_rt_sigaction
sys_enter_rt_sigaction
sys_enter_rt_sigaction
sys_enter_rt_sigaction
sys_enter_rt_sigaction
sys_enter_rt_sigaction
sys_enter_rt_sigaction
sys_enter_rt_sigaction
sys_enter_rt_sigaction
sys_enter_rt_sigaction
sys_enter_rt_sigaction
sys_enter_rt_sigaction
sys_enter_rt_sigaction
sys_enter_rt_sigaction
sys_enter_rt_sigaction
sys_enter_rt_sigaction
sys_enter_rt_sigaction
sys_enter_rt_sigaction
sys_enter_rt_sigaction
sys_enter_rt_sigaction
sys_enter_rt_sigaction
sys_enter_rt_sigaction
sys_enter_rt_sigaction
sys_enter_rt_sigaction
sys_enter_rt_sigaction
sys_enter_rt_sigaction
sys_enter_rt_sigaction
sys_enter_rt_sigaction
sys_enter_rt_sigaction
sys_enter_rt_sigaction
sys_enter_rt_sigaction
sys_enter_rt_sigaction
sys_enter_rt_sigaction
sys_enter_rt_sigaction
sys_enter_rt_sigaction
sys_enter_rt_sigaction
sys_enter_rt_sigaction
sys_enter_rt_sigaction
sys_enter_rt_sigaction
sys_enter_rt_sigaction
sys_enter_rt_sigaction
sys_enter_rt_sigaction
sys_enter_rt_sigaction
sys_enter_rt_sigaction
sys_enter_rt_sigaction
sys_enter_rt_sigaction
sys_enter_rt_sigaction
sys_enter_rt_sigaction
sys_enter_rt_sigaction
sys_enter_rt_sigaction
sys_enter_rt_sigaction
sys_enter_rt_sigaction
sys_enter_rt_sigaction
sys_enter_rt_sigaction
sys_enter_rt_sigaction
sys_enter_rt_sigaction
sys_enter_rt_sigaction
sys_enter_rt_sigaction
sys_enter_rt_sigaction
sys_enter_rt_sigaction
sys_enter_rt_sigaction
sys_enter_rt_sigaction
sys_enter_rt_sigaction
sys_enter_rt_sigaction
sys_enter_rt_sigaction
sys_enter_rt_sigaction
sys_enter_rt_sigaction
sys_enter_rt_sigaction
sys_enter_rt_sigaction
sys_enter_rt_sigaction
sys_enter_rt_sigaction
sys_enter_rt_sigaction
sys_enter_rt_sigaction
sys_enter_rt_sigaction
sys_enter_rt_sigaction
sys_enter_rt_sigaction
sys_enter_rt_sigaction
sys_enter_rt_sigaction
sys_enter_rt_sigaction
sys_enter_rt_sigaction
sys_enter_rt_sigaction
sys_enter_rt_sigaction
sys_enter_rt_sigaction
sys_enter_rt_sigaction
sys_enter_rt_sigaction
sys_enter_rt_sigaction
sys_enter_rt_sigaction
sys_enter_rt_sigaction
sys_enter_rt_sigaction
sys_enter_rt_sigaction
sys_enter_rt_sigaction
sys_enter_rt_sigaction
sys_enter_rt_sigaction
sys_enter_rt_sigaction
sys_enter_rt_sigaction
sys_enter_rt_sigaction
sys_enter_rt_sigaction
sys_enter_rt_sigaction
sys_enter_rt_sigaction
sys_enter_rt_sigaction
sys_enter_rt_sigaction
sys_enter_rt_sigaction
sys_enter_rt_sigaction
sys_enter_rt_sigaction
sys_enter_rt_sigaction
sys_enter_rt_sigaction
sys_enter_rt_sigaction
sys_enter_rt_sigaction
sys_enter_rt_sigprocmask
sys_enter_clone
sys_enter_rt_sigprocmask
sys_enter_gettid
sys_enter_sigaltstack
sys_enter_sigaltstack
sys_enter_gettid
sys_enter_rt_sigprocmask
sys_enter_rt_sigprocmask
sys_enter_clone
sys_enter_rt_sigprocmask
sys_enter_gettid
sys_enter_sigaltstack
sys_enter_sigaltstack
sys_enter_rt_sigprocmask
sys_enter_gettid
sys_enter_rt_sigprocmask
sys_enter_clone
sys_enter_rt_sigprocmask
sys_enter_futex
sys_enter_gettid
sys_enter_sigaltstack
sys_enter_sigaltstack
sys_enter_gettid
sys_enter_rt_sigprocmask
sys_enter_futex
sys_enter_futex
sys_enter_rt_sigprocmask
sys_enter_clone
sys_enter_rt_sigprocmask
sys_enter_futex
sys_enter_gettid
sys_enter_sigaltstack
sys_enter_sigaltstack
sys_enter_gettid
sys_enter_rt_sigprocmask
sys_enter_futex
sys_enter_futex
sys_enter_mmap
sys_enter_futex
sys_enter_futex
sys_enter_futex
sys_enter_openat
sys_enter_futex
sys_enter_futex
sys_enter_read
sys_enter_read
sys_enter_close
sys_enter_socket
sys_enter_close
sys_enter_socket
sys_enter_setsockopt
sys_enter_bind
sys_enter_socket
sys_enter_setsockopt
sys_enter_bind
sys_enter_close
sys_enter_close
sys_enter_mmap
sys_enter_getpid
sys_enter_getppid
sys_enter_mmap
sys_enter_mmap
sys_enter_getppid
sys_enter_openat
sys_enter_pipe2
sys_enter_getpid
sys_enter_clone
sys_enter_setsid
sys_enter_close
sys_enter_read
sys_enter_chdir
sys_enter_execve
sys_enter_close
sys_enter_mmap
sys_enter_mmap
sys_enter_exit_group
sys_enter_mprotect
sys_enter_mmap
sys_enter_mmap
sys_enter_mprotect
sys_enter_mmap
sys_enter_mprotect
sys_enter_mmap
sys_enter_mprotect
sys_enter_mmap
sys_enter_mmap
sys_enter_close
sys_enter_munmap
sys_enter_sched_getaffinity
sys_enter_mmap
sys_enter_munmap
sys_enter_mmap
sys_enter_mmap
sys_enter_mmap
sys_enter_mmap
sys_enter_mmap
sys_enter_mmap
sys_enter_rt_sigprocmask
sys_enter_sigaltstack
sys_enter_sigaltstack
sys_enter_gettid
sys_enter_rt_sigprocmask
sys_enter_rt_sigaction
sys_enter_rt_sigaction
sys_enter_rt_sigaction
sys_enter_rt_sigaction
sys_enter_rt_sigaction
sys_enter_rt_sigaction
sys_enter_rt_sigaction
sys_enter_rt_sigaction
sys_enter_rt_sigaction
sys_enter_rt_sigaction
sys_enter_rt_sigaction
sys_enter_rt_sigaction
sys_enter_rt_sigaction
sys_enter_rt_sigaction
sys_enter_rt_sigaction
sys_enter_rt_sigaction
sys_enter_rt_sigaction
sys_enter_rt_sigaction
sys_enter_rt_sigaction
sys_enter_rt_sigaction
sys_enter_rt_sigaction
sys_enter_rt_sigaction
sys_enter_rt_sigaction
sys_enter_rt_sigaction
sys_enter_rt_sigaction
sys_enter_rt_sigaction
sys_enter_rt_sigaction
sys_enter_rt_sigaction
sys_enter_rt_sigaction
sys_enter_rt_sigaction
sys_enter_rt_sigaction
sys_enter_rt_sigaction
sys_enter_rt_sigaction
sys_enter_rt_sigaction
sys_enter_rt_sigaction
sys_enter_rt_sigaction
sys_enter_rt_sigaction
sys_enter_rt_sigaction
sys_enter_rt_sigaction
sys_enter_rt_sigaction
sys_enter_rt_sigaction
sys_enter_rt_sigaction
sys_enter_rt_sigaction
sys_enter_rt_sigaction
sys_enter_rt_sigaction
sys_enter_rt_sigaction
sys_enter_rt_sigaction
sys_enter_rt_sigaction
sys_enter_rt_sigaction
sys_enter_rt_sigaction
sys_enter_rt_sigaction
sys_enter_rt_sigaction
sys_enter_rt_sigaction
sys_enter_rt_sigaction
sys_enter_rt_sigaction
sys_enter_rt_sigaction
sys_enter_rt_sigaction
sys_enter_rt_sigaction
sys_enter_rt_sigaction
sys_enter_rt_sigaction
sys_enter_rt_sigaction
sys_enter_rt_sigaction
sys_enter_rt_sigaction
sys_enter_rt_sigaction
sys_enter_rt_sigaction
sys_enter_rt_sigaction
sys_enter_rt_sigaction
sys_enter_rt_sigaction
sys_enter_rt_sigaction
sys_enter_rt_sigaction
sys_enter_rt_sigaction
sys_enter_rt_sigaction
sys_enter_rt_sigaction
sys_enter_rt_sigaction
sys_enter_rt_sigaction
sys_enter_rt_sigaction
sys_enter_rt_sigaction
sys_enter_rt_sigaction
sys_enter_rt_sigaction
sys_enter_rt_sigaction
sys_enter_rt_sigaction
sys_enter_rt_sigaction
sys_enter_rt_sigaction
sys_enter_rt_sigaction
sys_enter_rt_sigaction
sys_enter_rt_sigaction
sys_enter_rt_sigaction
sys_enter_rt_sigaction
sys_enter_rt_sigaction
sys_enter_rt_sigaction
sys_enter_rt_sigaction
sys_enter_rt_sigaction
sys_enter_rt_sigaction
sys_enter_rt_sigaction
sys_enter_rt_sigaction
sys_enter_rt_sigaction
sys_enter_rt_sigaction
sys_enter_rt_sigaction
sys_enter_rt_sigaction
sys_enter_rt_sigaction
sys_enter_rt_sigaction
sys_enter_rt_sigaction
sys_enter_rt_sigaction
sys_enter_rt_sigaction
sys_enter_rt_sigaction
sys_enter_rt_sigaction
sys_enter_rt_sigaction
sys_enter_rt_sigaction
sys_enter_rt_sigaction
sys_enter_rt_sigaction
sys_enter_rt_sigaction
sys_enter_rt_sigaction
sys_enter_rt_sigaction
sys_enter_rt_sigaction
sys_enter_rt_sigprocmask
sys_enter_clone
sys_enter_rt_sigprocmask
sys_enter_gettid
sys_enter_sigaltstack
sys_enter_sigaltstack
sys_enter_gettid
sys_enter_rt_sigprocmask
sys_enter_rt_sigprocmask
sys_enter_clone
sys_enter_rt_sigprocmask
sys_enter_gettid
sys_enter_sigaltstack
sys_enter_sigaltstack
sys_enter_rt_sigprocmask
sys_enter_clone
sys_enter_gettid
sys_enter_rt_sigprocmask
sys_enter_rt_sigprocmask
sys_enter_futex
sys_enter_gettid
sys_enter_sigaltstack
sys_enter_sigaltstack
sys_enter_gettid
sys_enter_rt_sigprocmask
sys_enter_rt_sigprocmask
sys_enter_clone
sys_enter_futex
sys_enter_futex
sys_enter_rt_sigprocmask
sys_enter_futex
sys_enter_gettid
sys_enter_sigaltstack
sys_enter_sigaltstack
sys_enter_gettid
sys_enter_rt_sigprocmask
sys_enter_futex
sys_enter_futex
sys_enter_mmap
sys_enter_futex
sys_enter_futex
sys_enter_futex
sys_enter_openat
sys_enter_read
sys_enter_read
sys_enter_close
sys_enter_socket
sys_enter_close
sys_enter_socket
sys_enter_setsockopt
sys_enter_bind
sys_enter_socket
sys_enter_setsockopt
sys_enter_bind
sys_enter_close
sys_enter_close
sys_enter_getpid
sys_enter_getppid
sys_enter_mmap
sys_enter_mmap
sys_enter_getppid
sys_enter_openat
sys_enter_pipe2
sys_enter_getpid
sys_enter_clone
sys_enter_setsid
sys_enter_close
sys_enter_read
sys_enter_chdir
sys_enter_execve
sys_enter_close
sys_enter_exit_group
sys_enter_mmap
sys_enter_mmap
sys_enter_mprotect
sys_enter_mmap
sys_enter_mmap
sys_enter_mprotect
sys_enter_mmap
sys_enter_mprotect
sys_enter_mmap
sys_enter_mprotect
sys_enter_mmap
sys_enter_mmap
sys_enter_close
sys_enter_munmap
sys_enter_sched_getaffinity
sys_enter_mmap
sys_enter_munmap
sys_enter_mmap
sys_enter_mmap
sys_enter_mmap
sys_enter_mmap
sys_enter_mmap
sys_enter_mmap
sys_enter_rt_sigprocmask
sys_enter_sigaltstack
sys_enter_sigaltstack
sys_enter_gettid
sys_enter_rt_sigprocmask
sys_enter_rt_sigaction
sys_enter_rt_sigaction
sys_enter_rt_sigaction
sys_enter_rt_sigaction
sys_enter_rt_sigaction
sys_enter_rt_sigaction
sys_enter_rt_sigaction
sys_enter_rt_sigaction
sys_enter_rt_sigaction
sys_enter_rt_sigaction
sys_enter_rt_sigaction
sys_enter_rt_sigaction
sys_enter_rt_sigaction
sys_enter_rt_sigaction
sys_enter_rt_sigaction
sys_enter_rt_sigaction
sys_enter_rt_sigaction
sys_enter_rt_sigaction
sys_enter_rt_sigaction
sys_enter_rt_sigaction
sys_enter_rt_sigaction
sys_enter_rt_sigaction
sys_enter_rt_sigaction
sys_enter_rt_sigaction
sys_enter_rt_sigaction
sys_enter_rt_sigaction
sys_enter_rt_sigaction
sys_enter_rt_sigaction
sys_enter_rt_sigaction
sys_enter_rt_sigaction
sys_enter_rt_sigaction
sys_enter_rt_sigaction
sys_enter_rt_sigaction
sys_enter_rt_sigaction
sys_enter_rt_sigaction
sys_enter_rt_sigaction
sys_enter_rt_sigaction
sys_enter_rt_sigaction
sys_enter_rt_sigaction
sys_enter_rt_sigaction
sys_enter_rt_sigaction
sys_enter_rt_sigaction
sys_enter_rt_sigaction
sys_enter_rt_sigaction
sys_enter_rt_sigaction
sys_enter_rt_sigaction
sys_enter_rt_sigaction
sys_enter_rt_sigaction
sys_enter_rt_sigaction
sys_enter_rt_sigaction
sys_enter_rt_sigaction
sys_enter_rt_sigaction
sys_enter_rt_sigaction
sys_enter_rt_sigaction
sys_enter_rt_sigaction
sys_enter_rt_sigaction
sys_enter_rt_sigaction
sys_enter_rt_sigaction
sys_enter_rt_sigaction
sys_enter_rt_sigaction
sys_enter_rt_sigaction
sys_enter_rt_sigaction
sys_enter_rt_sigaction
sys_enter_rt_sigaction
sys_enter_rt_sigaction
sys_enter_rt_sigaction
sys_enter_rt_sigaction
sys_enter_rt_sigaction
sys_enter_rt_sigaction
sys_enter_rt_sigaction
sys_enter_rt_sigaction
sys_enter_rt_sigaction
sys_enter_rt_sigaction
sys_enter_rt_sigaction
sys_enter_rt_sigaction
sys_enter_rt_sigaction
sys_enter_rt_sigaction
sys_enter_rt_sigaction
sys_enter_rt_sigaction
sys_enter_rt_sigaction
sys_enter_rt_sigaction
sys_enter_rt_sigaction
sys_enter_rt_sigaction
sys_enter_rt_sigaction
sys_enter_rt_sigaction
sys_enter_rt_sigaction
sys_enter_rt_sigaction
sys_enter_rt_sigaction
sys_enter_rt_sigaction
sys_enter_rt_sigaction
sys_enter_rt_sigaction
sys_enter_rt_sigaction
sys_enter_rt_sigaction
sys_enter_rt_sigaction
sys_enter_rt_sigaction
sys_enter_rt_sigaction
sys_enter_rt_sigaction
sys_enter_rt_sigaction
sys_enter_rt_sigaction
sys_enter_rt_sigaction
sys_enter_rt_sigaction
sys_enter_rt_sigaction
sys_enter_rt_sigaction
sys_enter_rt_sigaction
sys_enter_rt_sigaction
sys_enter_rt_sigaction
sys_enter_rt_sigaction
sys_enter_rt_sigaction
sys_enter_rt_sigaction
sys_enter_rt_sigaction
sys_enter_rt_sigaction
sys_enter_rt_sigaction
sys_enter_rt_sigaction
sys_enter_rt_sigaction
sys_enter_rt_sigprocmask
sys_enter_clone
sys_enter_rt_sigprocmask
sys_enter_gettid
sys_enter_sigaltstack
sys_enter_sigaltstack
sys_enter_gettid
sys_enter_rt_sigprocmask
sys_enter_rt_sigprocmask
sys_enter_clone
sys_enter_rt_sigprocmask
sys_enter_gettid
sys_enter_sigaltstack
sys_enter_sigaltstack
sys_enter_gettid
sys_enter_rt_sigprocmask
sys_enter_rt_sigprocmask
sys_enter_clone
sys_enter_rt_sigprocmask
sys_enter_clone
sys_enter_rt_sigprocmask
sys_enter_futex
sys_enter_gettid
sys_enter_sigaltstack
sys_enter_sigaltstack
sys_enter_gettid
sys_enter_rt_sigprocmask
sys_enter_rt_sigprocmask
sys_enter_gettid
sys_enter_futex
sys_enter_sigaltstack
sys_enter_futex
sys_enter_sigaltstack
sys_enter_gettid
sys_enter_rt_sigprocmask
sys_enter_futex
sys_enter_futex
sys_enter_futex
sys_enter_mmap
sys_enter_futex
sys_enter_futex
sys_enter_futex
sys_enter_openat
sys_enter_read
sys_enter_read
sys_enter_close
sys_enter_socket
sys_enter_close
sys_enter_socket
sys_enter_setsockopt
sys_enter_bind
sys_enter_socket
sys_enter_setsockopt
sys_enter_bind
sys_enter_close
sys_enter_close
sys_enter_getpid
sys_enter_getppid
sys_enter_mmap
sys_enter_mmap
sys_enter_getppid
sys_enter_openat
sys_enter_pipe2
sys_enter_getpid
sys_enter_clone
sys_enter_setsid
sys_enter_close
sys_enter_chdir
sys_enter_read
sys_enter_execve
sys_enter_close
sys_enter_exit_group
sys_enter_mmap
sys_enter_mmap
sys_enter_mprotect
sys_enter_mmap
sys_enter_mmap
sys_enter_mprotect
sys_enter_mmap
sys_enter_mprotect
sys_enter_mmap
sys_enter_mprotect
sys_enter_mmap
sys_enter_mmap
sys_enter_close
sys_enter_munmap
sys_enter_sched_getaffinity
sys_enter_mmap
sys_enter_munmap
sys_enter_mmap
sys_enter_mmap
sys_enter_mmap
sys_enter_mmap
sys_enter_mmap
sys_enter_mmap
sys_enter_rt_sigprocmask
sys_enter_sigaltstack
sys_enter_sigaltstack
sys_enter_gettid
sys_enter_rt_sigprocmask
sys_enter_rt_sigaction
sys_enter_rt_sigaction
sys_enter_rt_sigaction
sys_enter_rt_sigaction
sys_enter_rt_sigaction
sys_enter_rt_sigaction
sys_enter_rt_sigaction
sys_enter_rt_sigaction
sys_enter_rt_sigaction
sys_enter_rt_sigaction
sys_enter_rt_sigaction
sys_enter_rt_sigaction
sys_enter_rt_sigaction
sys_enter_rt_sigaction
sys_enter_rt_sigaction
sys_enter_rt_sigaction
sys_enter_rt_sigaction
sys_enter_rt_sigaction
sys_enter_rt_sigaction
sys_enter_rt_sigaction
sys_enter_rt_sigaction
sys_enter_rt_sigaction
sys_enter_rt_sigaction
sys_enter_rt_sigaction
sys_enter_rt_sigaction
sys_enter_rt_sigaction
sys_enter_rt_sigaction
sys_enter_rt_sigaction
sys_enter_rt_sigaction
sys_enter_rt_sigaction
sys_enter_rt_sigaction
sys_enter_rt_sigaction
sys_enter_rt_sigaction
sys_enter_rt_sigaction
sys_enter_rt_sigaction
sys_enter_rt_sigaction
sys_enter_rt_sigaction
sys_enter_rt_sigaction
sys_enter_rt_sigaction
sys_enter_rt_sigaction
sys_enter_rt_sigaction
sys_enter_rt_sigaction
sys_enter_rt_sigaction
sys_enter_rt_sigaction
sys_enter_rt_sigaction
sys_enter_rt_sigaction
sys_enter_rt_sigaction
sys_enter_rt_sigaction
sys_enter_rt_sigaction
sys_enter_rt_sigaction
sys_enter_rt_sigaction
sys_enter_rt_sigaction
sys_enter_rt_sigaction
sys_enter_rt_sigaction
sys_enter_rt_sigaction
sys_enter_rt_sigaction
sys_enter_rt_sigaction
sys_enter_rt_sigaction
sys_enter_rt_sigaction
sys_enter_rt_sigaction
sys_enter_rt_sigaction
sys_enter_rt_sigaction
sys_enter_rt_sigaction
sys_enter_rt_sigaction
sys_enter_rt_sigaction
sys_enter_rt_sigaction
sys_enter_rt_sigaction
sys_enter_rt_sigaction
sys_enter_rt_sigaction
sys_enter_rt_sigaction
sys_enter_rt_sigaction
sys_enter_rt_sigaction
sys_enter_rt_sigaction
sys_enter_rt_sigaction
sys_enter_rt_sigaction
sys_enter_rt_sigaction
sys_enter_rt_sigaction
sys_enter_rt_sigaction
sys_enter_rt_sigaction
sys_enter_rt_sigaction
sys_enter_rt_sigaction
sys_enter_rt_sigaction
sys_enter_rt_sigaction
sys_enter_rt_sigaction
sys_enter_rt_sigaction
sys_enter_rt_sigaction
sys_enter_rt_sigaction
sys_enter_rt_sigaction
sys_enter_rt_sigaction
sys_enter_rt_sigaction
sys_enter_rt_sigaction
sys_enter_rt_sigaction
sys_enter_rt_sigaction
sys_enter_rt_sigaction
sys_enter_rt_sigaction
sys_enter_rt_sigaction
sys_enter_rt_sigaction
sys_enter_rt_sigaction
sys_enter_rt_sigaction
sys_enter_rt_sigaction
sys_enter_rt_sigaction
sys_enter_rt_sigaction
sys_enter_rt_sigaction
sys_enter_rt_sigaction
sys_enter_rt_sigaction
sys_enter_rt_sigaction
sys_enter_rt_sigaction
sys_enter_rt_sigaction
sys_enter_rt_sigaction
sys_enter_rt_sigaction
sys_enter_rt_sigaction
sys_enter_rt_sigaction
sys_enter_rt_sigaction
sys_enter_rt_sigaction
sys_enter_rt_sigprocmask
sys_enter_clone
sys_enter_rt_sigprocmask
sys_enter_gettid
sys_enter_sigaltstack
sys_enter_sigaltstack
sys_enter_rt_sigprocmask
sys_enter_gettid
sys_enter_clone
sys_enter_rt_sigprocmask
sys_enter_rt_sigprocmask
sys_enter_gettid
sys_enter_sigaltstack
sys_enter_sigaltstack
sys_enter_gettid
sys_enter_rt_sigprocmask
sys_enter_rt_sigprocmask
sys_enter_clone
sys_enter_rt_sigprocmask
sys_enter_rt_sigprocmask
sys_enter_futex
sys_enter_gettid
sys_enter_clone
sys_enter_sigaltstack
sys_enter_rt_sigprocmask
sys_enter_futex
sys_enter_sigaltstack
sys_enter_gettid
sys_enter_rt_sigprocmask
sys_enter_futex
sys_enter_futex
sys_enter_gettid
sys_enter_mmap
sys_enter_sigaltstack
sys_enter_sigaltstack
sys_enter_gettid
sys_enter_rt_sigprocmask
sys_enter_futex
sys_enter_futex
sys_enter_futex
sys_enter_openat
sys_enter_read
sys_enter_read
sys_enter_close
sys_enter_socket
sys_enter_close
sys_enter_socket
sys_enter_setsockopt
sys_enter_bind
sys_enter_socket
sys_enter_setsockopt
sys_enter_bind
sys_enter_close
sys_enter_close
sys_enter_getpid
sys_enter_getppid
sys_enter_mmap
sys_enter_mmap
sys_enter_getppid
sys_enter_openat
sys_enter_pipe2
sys_enter_getpid
sys_enter_clone
sys_enter_setsid
sys_enter_close
sys_enter_read
sys_enter_chdir
sys_enter_execve
sys_enter_close
sys_enter_exit_group
sys_enter_mmap
sys_enter_mmap
sys_enter_mprotect
sys_enter_mmap
sys_enter_mmap
sys_enter_mprotect
sys_enter_mmap
sys_enter_mprotect
sys_enter_mmap
sys_enter_mprotect
sys_enter_mmap
sys_enter_mmap
sys_enter_close
sys_enter_munmap
sys_enter_sched_getaffinity
sys_enter_mmap
sys_enter_munmap
sys_enter_mmap
sys_enter_mmap
sys_enter_mmap
sys_enter_mmap
sys_enter_mmap
sys_enter_mmap
sys_enter_rt_sigprocmask
sys_enter_sigaltstack
sys_enter_sigaltstack
sys_enter_gettid
sys_enter_rt_sigprocmask
sys_enter_rt_sigaction
sys_enter_rt_sigaction
sys_enter_rt_sigaction
sys_enter_rt_sigaction
sys_enter_rt_sigaction
sys_enter_rt_sigaction
sys_enter_rt_sigaction
sys_enter_rt_sigaction
sys_enter_rt_sigaction
sys_enter_rt_sigaction
sys_enter_rt_sigaction
sys_enter_rt_sigaction
sys_enter_rt_sigaction
sys_enter_rt_sigaction
sys_enter_rt_sigaction
sys_enter_rt_sigaction
sys_enter_rt_sigaction
sys_enter_rt_sigaction
sys_enter_rt_sigaction
sys_enter_rt_sigaction
sys_enter_rt_sigaction
sys_enter_rt_sigaction
sys_enter_rt_sigaction
sys_enter_rt_sigaction
sys_enter_rt_sigaction
sys_enter_rt_sigaction
sys_enter_rt_sigaction
sys_enter_rt_sigaction
sys_enter_rt_sigaction
sys_enter_rt_sigaction
sys_enter_rt_sigaction
sys_enter_rt_sigaction
sys_enter_rt_sigaction
sys_enter_rt_sigaction
sys_enter_rt_sigaction
sys_enter_rt_sigaction
sys_enter_rt_sigaction
sys_enter_rt_sigaction
sys_enter_rt_sigaction
sys_enter_rt_sigaction
sys_enter_rt_sigaction
sys_enter_rt_sigaction
sys_enter_rt_sigaction
sys_enter_rt_sigaction
sys_enter_rt_sigaction
sys_enter_rt_sigaction
sys_enter_rt_sigaction
sys_enter_rt_sigaction
sys_enter_rt_sigaction
sys_enter_rt_sigaction
sys_enter_rt_sigaction
sys_enter_rt_sigaction
sys_enter_rt_sigaction
sys_enter_rt_sigaction
sys_enter_rt_sigaction
sys_enter_rt_sigaction
sys_enter_rt_sigaction
sys_enter_rt_sigaction
sys_enter_rt_sigaction
sys_enter_rt_sigaction
sys_enter_rt_sigaction
sys_enter_rt_sigaction
sys_enter_rt_sigaction
sys_enter_rt_sigaction
sys_enter_rt_sigaction
sys_enter_rt_sigaction
sys_enter_rt_sigaction
sys_enter_rt_sigaction
sys_enter_rt_sigaction
sys_enter_rt_sigaction
sys_enter_rt_sigaction
sys_enter_rt_sigaction
sys_enter_rt_sigaction
sys_enter_rt_sigaction
sys_enter_rt_sigaction
sys_enter_rt_sigaction
sys_enter_rt_sigaction
sys_enter_rt_sigaction
sys_enter_rt_sigaction
sys_enter_rt_sigaction
sys_enter_rt_sigaction
sys_enter_rt_sigaction
sys_enter_rt_sigaction
sys_enter_rt_sigaction
sys_enter_rt_sigaction
sys_enter_rt_sigaction
sys_enter_rt_sigaction
sys_enter_rt_sigaction
sys_enter_rt_sigaction
sys_enter_rt_sigaction
sys_enter_rt_sigaction
sys_enter_rt_sigaction
sys_enter_rt_sigaction
sys_enter_rt_sigaction
sys_enter_rt_sigaction
sys_enter_rt_sigaction
sys_enter_rt_sigaction
sys_enter_rt_sigaction
sys_enter_rt_sigaction
sys_enter_rt_sigaction
sys_enter_rt_sigaction
sys_enter_rt_sigaction
sys_enter_rt_sigaction
sys_enter_rt_sigaction
sys_enter_rt_sigaction
sys_enter_rt_sigaction
sys_enter_rt_sigaction
sys_enter_rt_sigaction
sys_enter_rt_sigaction
sys_enter_rt_sigaction
sys_enter_rt_sigaction
sys_enter_rt_sigaction
sys_enter_rt_sigaction
sys_enter_rt_sigaction
sys_enter_rt_sigprocmask
sys_enter_clone
sys_enter_rt_sigprocmask
sys_enter_gettid
sys_enter_sigaltstack
sys_enter_sigaltstack
sys_enter_gettid
sys_enter_rt_sigprocmask
sys_enter_rt_sigprocmask
sys_enter_clone
sys_enter_gettid
sys_enter_sigaltstack
sys_enter_sigaltstack
sys_enter_gettid
sys_enter_rt_sigprocmask
sys_enter_rt_sigprocmask
sys_enter_rt_sigprocmask
sys_enter_rt_sigprocmask
sys_enter_clone
sys_enter_rt_sigprocmask
sys_enter_futex
sys_enter_clone
sys_enter_gettid
sys_enter_sigaltstack
sys_enter_sigaltstack
sys_enter_gettid
sys_enter_rt_sigprocmask
sys_enter_rt_sigprocmask
sys_enter_futex
sys_enter_futex
sys_enter_gettid
sys_enter_sigaltstack
sys_enter_sigaltstack
sys_enter_gettid
sys_enter_rt_sigprocmask
sys_enter_futex
sys_enter_futex
sys_enter_mmap
sys_enter_futex
sys_enter_futex
sys_enter_futex
sys_enter_futex
sys_enter_openat
sys_enter_futex
sys_enter_futex
sys_enter_read
sys_enter_read
sys_enter_close
sys_enter_socket
sys_enter_close
sys_enter_socket
sys_enter_setsockopt
sys_enter_bind
sys_enter_socket
sys_enter_setsockopt
sys_enter_bind
sys_enter_close
sys_enter_close
sys_enter_mmap
sys_enter_getpid
sys_enter_getppid
sys_enter_mmap
sys_enter_mmap
sys_enter_getppid
sys_enter_openat
sys_enter_pipe2
sys_enter_getpid
sys_enter_clone
sys_enter_setsid
sys_enter_close
sys_enter_read
sys_enter_chdir
sys_enter_execve
sys_enter_close
sys_enter_mmap
sys_enter_mmap
sys_enter_exit_group
sys_enter_mprotect
sys_enter_mmap
sys_enter_mmap
sys_enter_mprotect
sys_enter_mmap
sys_enter_mprotect
sys_enter_mmap
sys_enter_mprotect
sys_enter_mmap
sys_enter_mmap
sys_enter_close
sys_enter_munmap
sys_enter_sched_getaffinity
sys_enter_mmap
sys_enter_munmap
sys_enter_mmap
sys_enter_mmap
sys_enter_mmap
sys_enter_mmap
sys_enter_mmap
sys_enter_mmap
sys_enter_rt_sigprocmask
sys_enter_sigaltstack
sys_enter_sigaltstack
sys_enter_gettid
sys_enter_rt_sigprocmask
sys_enter_rt_sigaction
sys_enter_rt_sigaction
sys_enter_rt_sigaction
sys_enter_rt_sigaction
sys_enter_rt_sigaction
sys_enter_rt_sigaction
sys_enter_rt_sigaction
sys_enter_rt_sigaction
sys_enter_rt_sigaction
sys_enter_rt_sigaction
sys_enter_rt_sigaction
sys_enter_rt_sigaction
sys_enter_rt_sigaction
sys_enter_rt_sigaction
sys_enter_rt_sigaction
sys_enter_rt_sigaction
sys_enter_rt_sigaction
sys_enter_rt_sigaction
sys_enter_rt_sigaction
sys_enter_rt_sigaction
sys_enter_rt_sigaction
sys_enter_rt_sigaction
sys_enter_rt_sigaction
sys_enter_rt_sigaction
sys_enter_rt_sigaction
sys_enter_rt_sigaction
sys_enter_rt_sigaction
sys_enter_rt_sigaction
sys_enter_rt_sigaction
sys_enter_rt_sigaction
sys_enter_rt_sigaction
sys_enter_rt_sigaction
sys_enter_rt_sigaction
sys_enter_rt_sigaction
sys_enter_rt_sigaction
sys_enter_rt_sigaction
sys_enter_rt_sigaction
sys_enter_rt_sigaction
sys_enter_rt_sigaction
sys_enter_rt_sigaction
sys_enter_rt_sigaction
sys_enter_rt_sigaction
sys_enter_rt_sigaction
sys_enter_rt_sigaction
sys_enter_rt_sigaction
sys_enter_rt_sigaction
sys_enter_rt_sigaction
sys_enter_rt_sigaction
sys_enter_rt_sigaction
sys_enter_rt_sigaction
sys_enter_rt_sigaction
sys_enter_rt_sigaction
sys_enter_rt_sigaction
sys_enter_rt_sigaction
sys_enter_rt_sigaction
sys_enter_rt_sigaction
sys_enter_rt_sigaction
sys_enter_rt_sigaction
sys_enter_rt_sigaction
sys_enter_rt_sigaction
sys_enter_rt_sigaction
sys_enter_rt_sigaction
sys_enter_rt_sigaction
sys_enter_rt_sigaction
sys_enter_rt_sigaction
sys_enter_rt_sigaction
sys_enter_rt_sigaction
sys_enter_rt_sigaction
sys_enter_rt_sigaction
sys_enter_rt_sigaction
sys_enter_rt_sigaction
sys_enter_rt_sigaction
sys_enter_rt_sigaction
sys_enter_rt_sigaction
sys_enter_rt_sigaction
sys_enter_rt_sigaction
sys_enter_rt_sigaction
sys_enter_rt_sigaction
sys_enter_rt_sigaction
sys_enter_rt_sigaction
sys_enter_rt_sigaction
sys_enter_rt_sigaction
sys_enter_rt_sigaction
sys_enter_rt_sigaction
sys_enter_rt_sigaction
sys_enter_rt_sigaction
sys_enter_rt_sigaction
sys_enter_rt_sigaction
sys_enter_rt_sigaction
sys_enter_rt_sigaction
sys_enter_rt_sigaction
sys_enter_rt_sigaction
sys_enter_rt_sigaction
sys_enter_rt_sigaction
sys_enter_rt_sigaction
sys_enter_rt_sigaction
sys_enter_rt_sigaction
sys_enter_rt_sigaction
sys_enter_rt_sigaction
sys_enter_rt_sigaction
sys_enter_rt_sigaction
sys_enter_rt_sigaction
sys_enter_rt_sigaction
sys_enter_rt_sigaction
sys_enter_rt_sigaction
sys_enter_rt_sigaction
sys_enter_rt_sigaction
sys_enter_rt_sigaction
sys_enter_rt_sigaction
sys_enter_rt_sigaction
sys_enter_rt_sigaction
sys_enter_rt_sigaction
sys_enter_rt_sigaction
sys_enter_rt_sigaction
sys_enter_rt_sigprocmask
sys_enter_clone
sys_enter_rt_sigprocmask
sys_enter_gettid
sys_enter_sigaltstack
sys_enter_sigaltstack
sys_enter_gettid
sys_enter_rt_sigprocmask
sys_enter_rt_sigprocmask
sys_enter_clone
sys_enter_rt_sigprocmask
sys_enter_gettid
sys_enter_sigaltstack
sys_enter_sigaltstack
sys_enter_gettid
sys_enter_rt_sigprocmask
sys_enter_rt_sigprocmask
sys_enter_clone
sys_enter_rt_sigprocmask
sys_enter_clone
sys_enter_rt_sigprocmask
sys_enter_gettid
sys_enter_sigaltstack
sys_enter_sigaltstack
sys_enter_gettid
sys_enter_rt_sigprocmask
sys_enter_rt_sigprocmask
sys_enter_futex
sys_enter_gettid
sys_enter_sigaltstack
sys_enter_sigaltstack
sys_enter_gettid
sys_enter_rt_sigprocmask
sys_enter_futex
sys_enter_futex
sys_enter_futex
sys_enter_futex
sys_enter_mmap
sys_enter_futex
sys_enter_futex
sys_enter_futex
sys_enter_futex
sys_enter_openat
sys_enter_read
sys_enter_read
sys_enter_close
sys_enter_socket
sys_enter_close
sys_enter_socket
sys_enter_setsockopt
sys_enter_bind
sys_enter_socket
sys_enter_setsockopt
sys_enter_bind
sys_enter_close
sys_enter_close
sys_enter_getpid
sys_enter_getppid
sys_enter_mmap
sys_enter_mmap
sys_enter_getppid
sys_enter_openat
sys_enter_pipe2
sys_enter_getpid
sys_enter_clone
sys_enter_setsid
sys_enter_close
sys_enter_read
sys_enter_chdir
sys_enter_execve
sys_enter_close
sys_enter_mmap
sys_enter_exit_group
sys_enter_mmap
sys_enter_mprotect
sys_enter_mmap
sys_enter_mmap
sys_enter_mprotect
sys_enter_mmap
sys_enter_mprotect
sys_enter_mmap
sys_enter_mprotect
sys_enter_mmap
sys_enter_mmap
sys_enter_close
sys_enter_munmap
sys_enter_sched_getaffinity
sys_enter_mmap
sys_enter_munmap
sys_enter_mmap
sys_enter_mmap
sys_enter_mmap
sys_enter_mmap
sys_enter_mmap
sys_enter_mmap
sys_enter_rt_sigprocmask
sys_enter_sigaltstack
sys_enter_sigaltstack
sys_enter_gettid
sys_enter_rt_sigprocmask
sys_enter_rt_sigaction
sys_enter_rt_sigaction
sys_enter_rt_sigaction
sys_enter_rt_sigaction
sys_enter_rt_sigaction
sys_enter_rt_sigaction
sys_enter_rt_sigaction
sys_enter_rt_sigaction
sys_enter_rt_sigaction
sys_enter_rt_sigaction
sys_enter_rt_sigaction
sys_enter_rt_sigaction
sys_enter_rt_sigaction
sys_enter_rt_sigaction
sys_enter_rt_sigaction
sys_enter_rt_sigaction
sys_enter_rt_sigaction
sys_enter_rt_sigaction
sys_enter_rt_sigaction
sys_enter_rt_sigaction
sys_enter_rt_sigaction
sys_enter_rt_sigaction
sys_enter_rt_sigaction
sys_enter_rt_sigaction
sys_enter_rt_sigaction
sys_enter_rt_sigaction
sys_enter_rt_sigaction
sys_enter_rt_sigaction
sys_enter_rt_sigaction
sys_enter_rt_sigaction
sys_enter_rt_sigaction
sys_enter_rt_sigaction
sys_enter_rt_sigaction
sys_enter_rt_sigaction
sys_enter_rt_sigaction
sys_enter_rt_sigaction
sys_enter_rt_sigaction
sys_enter_rt_sigaction
sys_enter_rt_sigaction
sys_enter_rt_sigaction
sys_enter_rt_sigaction
sys_enter_rt_sigaction
sys_enter_rt_sigaction
sys_enter_rt_sigaction
sys_enter_rt_sigaction
sys_enter_rt_sigaction
sys_enter_rt_sigaction
sys_enter_rt_sigaction
sys_enter_rt_sigaction
sys_enter_rt_sigaction
sys_enter_rt_sigaction
sys_enter_rt_sigaction
sys_enter_rt_sigaction
sys_enter_rt_sigaction
sys_enter_rt_sigaction
sys_enter_rt_sigaction
sys_enter_rt_sigaction
sys_enter_rt_sigaction
sys_enter_rt_sigaction
sys_enter_rt_sigaction
sys_enter_rt_sigaction
sys_enter_rt_sigaction
sys_enter_rt_sigaction
sys_enter_rt_sigaction
sys_enter_rt_sigaction
sys_enter_rt_sigaction
sys_enter_rt_sigaction
sys_enter_rt_sigaction
sys_enter_rt_sigaction
sys_enter_rt_sigaction
sys_enter_rt_sigaction
sys_enter_rt_sigaction
sys_enter_rt_sigaction
sys_enter_rt_sigaction
sys_enter_rt_sigaction
sys_enter_rt_sigaction
sys_enter_rt_sigaction
sys_enter_rt_sigaction
sys_enter_rt_sigaction
sys_enter_rt_sigaction
sys_enter_rt_sigaction
sys_enter_rt_sigaction
sys_enter_rt_sigaction
sys_enter_rt_sigaction
sys_enter_rt_sigaction
sys_enter_rt_sigaction
sys_enter_rt_sigaction
sys_enter_rt_sigaction
sys_enter_rt_sigaction
sys_enter_rt_sigaction
sys_enter_rt_sigaction
sys_enter_rt_sigaction
sys_enter_rt_sigaction
sys_enter_rt_sigaction
sys_enter_rt_sigaction
sys_enter_rt_sigaction
sys_enter_rt_sigaction
sys_enter_rt_sigaction
sys_enter_rt_sigaction
sys_enter_rt_sigaction
sys_enter_rt_sigaction
sys_enter_rt_sigaction
sys_enter_rt_sigaction
sys_enter_rt_sigaction
sys_enter_rt_sigaction
sys_enter_rt_sigaction
sys_enter_rt_sigaction
sys_enter_rt_sigaction
sys_enter_rt_sigaction
sys_enter_rt_sigaction
sys_enter_rt_sigaction
sys_enter_rt_sigaction
sys_enter_rt_sigaction
sys_enter_rt_sigaction
sys_enter_rt_sigprocmask
sys_enter_clone
sys_enter_rt_sigprocmask
sys_enter_gettid
sys_enter_sigaltstack
sys_enter_sigaltstack
sys_enter_gettid
sys_enter_rt_sigprocmask
sys_enter_rt_sigprocmask
sys_enter_clone
sys_enter_rt_sigprocmask
sys_enter_gettid
sys_enter_sigaltstack
sys_enter_sigaltstack
sys_enter_gettid
sys_enter_rt_sigprocmask
sys_enter_rt_sigprocmask
sys_enter_clone
sys_enter_rt_sigprocmask
sys_enter_futex
sys_enter_rt_sigprocmask
sys_enter_clone
sys_enter_gettid
sys_enter_sigaltstack
sys_enter_sigaltstack
sys_enter_gettid
sys_enter_rt_sigprocmask
sys_enter_futex
sys_enter_futex
sys_enter_rt_sigprocmask
sys_enter_futex
sys_enter_gettid
sys_enter_sigaltstack
sys_enter_sigaltstack
sys_enter_gettid
sys_enter_rt_sigprocmask
sys_enter_futex
sys_enter_futex
sys_enter_mmap
sys_enter_futex
sys_enter_futex
sys_enter_futex
sys_enter_openat
sys_enter_read
sys_enter_read
sys_enter_close
sys_enter_socket
sys_enter_close
sys_enter_socket
sys_enter_setsockopt
sys_enter_bind
sys_enter_socket
sys_enter_setsockopt
sys_enter_bind
sys_enter_close
sys_enter_close
sys_enter_getpid
sys_enter_getppid
sys_enter_mmap
sys_enter_mmap
sys_enter_getppid
sys_enter_openat
sys_enter_pipe2
sys_enter_getpid
sys_enter_clone
sys_enter_setsid
sys_enter_close
sys_enter_read
sys_enter_chdir
sys_enter_execve
sys_enter_close
sys_enter_exit_group
sys_enter_mmap
sys_enter_mmap
sys_enter_mprotect
sys_enter_mmap
sys_enter_mmap
sys_enter_mprotect
sys_enter_mmap
sys_enter_mprotect
sys_enter_mmap
sys_enter_mprotect
sys_enter_mmap
sys_enter_mmap
sys_enter_close
sys_enter_munmap
sys_enter_sched_getaffinity
sys_enter_mmap
sys_enter_munmap
sys_enter_mmap
sys_enter_mmap
sys_enter_mmap
sys_enter_mmap
sys_enter_mmap
sys_enter_mmap
sys_enter_rt_sigprocmask
sys_enter_sigaltstack
sys_enter_sigaltstack
sys_enter_gettid
sys_enter_rt_sigprocmask
sys_enter_rt_sigaction
sys_enter_rt_sigaction
sys_enter_rt_sigaction
sys_enter_rt_sigaction
sys_enter_rt_sigaction
sys_enter_rt_sigaction
sys_enter_rt_sigaction
sys_enter_rt_sigaction
sys_enter_rt_sigaction
sys_enter_rt_sigaction
sys_enter_rt_sigaction
sys_enter_rt_sigaction
sys_enter_rt_sigaction
sys_enter_rt_sigaction
sys_enter_rt_sigaction
sys_enter_rt_sigaction
sys_enter_rt_sigaction
sys_enter_rt_sigaction
sys_enter_rt_sigaction
sys_enter_rt_sigaction
sys_enter_rt_sigaction
sys_enter_rt_sigaction
sys_enter_rt_sigaction
sys_enter_rt_sigaction
sys_enter_rt_sigaction
sys_enter_rt_sigaction
sys_enter_rt_sigaction
sys_enter_rt_sigaction
sys_enter_rt_sigaction
sys_enter_rt_sigaction
sys_enter_rt_sigaction
sys_enter_rt_sigaction
sys_enter_rt_sigaction
sys_enter_rt_sigaction
sys_enter_rt_sigaction
sys_enter_rt_sigaction
sys_enter_rt_sigaction
sys_enter_rt_sigaction
sys_enter_rt_sigaction
sys_enter_rt_sigaction
sys_enter_rt_sigaction
sys_enter_rt_sigaction
sys_enter_rt_sigaction
sys_enter_rt_sigaction
sys_enter_rt_sigaction
sys_enter_rt_sigaction
sys_enter_rt_sigaction
sys_enter_rt_sigaction
sys_enter_rt_sigaction
sys_enter_rt_sigaction
sys_enter_rt_sigaction
sys_enter_rt_sigaction
sys_enter_rt_sigaction
sys_enter_rt_sigaction
sys_enter_rt_sigaction
sys_enter_rt_sigaction
sys_enter_rt_sigaction
sys_enter_rt_sigaction
sys_enter_rt_sigaction
sys_enter_rt_sigaction
sys_enter_rt_sigaction
sys_enter_rt_sigaction
sys_enter_rt_sigaction
sys_enter_rt_sigaction
sys_enter_rt_sigaction
sys_enter_rt_sigaction
sys_enter_rt_sigaction
sys_enter_rt_sigaction
sys_enter_rt_sigaction
sys_enter_rt_sigaction
sys_enter_rt_sigaction
sys_enter_rt_sigaction
sys_enter_rt_sigaction
sys_enter_rt_sigaction
sys_enter_rt_sigaction
sys_enter_rt_sigaction
sys_enter_rt_sigaction
sys_enter_rt_sigaction
sys_enter_rt_sigaction
sys_enter_rt_sigaction
sys_enter_rt_sigaction
sys_enter_rt_sigaction
sys_enter_rt_sigaction
sys_enter_rt_sigaction
sys_enter_rt_sigaction
sys_enter_rt_sigaction
sys_enter_rt_sigaction
sys_enter_rt_sigaction
sys_enter_rt_sigaction
sys_enter_rt_sigaction
sys_enter_rt_sigaction
sys_enter_rt_sigaction
sys_enter_rt_sigaction
sys_enter_rt_sigaction
sys_enter_rt_sigaction
sys_enter_rt_sigaction
sys_enter_rt_sigaction
sys_enter_rt_sigaction
sys_enter_rt_sigaction
sys_enter_rt_sigaction
sys_enter_rt_sigaction
sys_enter_rt_sigaction
sys_enter_rt_sigaction
sys_enter_rt_sigaction
sys_enter_rt_sigaction
sys_enter_rt_sigaction
sys_enter_rt_sigaction
sys_enter_rt_sigaction
sys_enter_rt_sigaction
sys_enter_rt_sigaction
sys_enter_rt_sigaction
sys_enter_rt_sigaction
sys_enter_rt_sigaction
sys_enter_rt_sigaction
sys_enter_rt_sigprocmask
sys_enter_clone
sys_enter_rt_sigprocmask
sys_enter_gettid
sys_enter_sigaltstack
sys_enter_sigaltstack
sys_enter_gettid
sys_enter_rt_sigprocmask
sys_enter_rt_sigprocmask
sys_enter_clone
sys_enter_rt_sigprocmask
sys_enter_gettid
sys_enter_sigaltstack
sys_enter_sigaltstack
sys_enter_gettid
sys_enter_rt_sigprocmask
sys_enter_rt_sigprocmask
sys_enter_clone
sys_enter_rt_sigprocmask
sys_enter_sched_yield
sys_enter_gettid
sys_enter_futex
sys_enter_rt_sigprocmask
sys_enter_clone
sys_enter_futex
sys_enter_sigaltstack
sys_enter_sigaltstack
sys_enter_gettid
sys_enter_rt_sigprocmask
sys_enter_rt_sigprocmask
sys_enter_gettid
sys_enter_futex
sys_enter_sigaltstack
sys_enter_sigaltstack
sys_enter_futex
sys_enter_gettid
sys_enter_rt_sigprocmask
sys_enter_futex
sys_enter_futex
sys_enter_futex
sys_enter_mmap
sys_enter_futex
sys_enter_futex
sys_enter_futex
sys_enter_openat
sys_enter_read
sys_enter_read
sys_enter_close
sys_enter_socket
sys_enter_close
sys_enter_socket
sys_enter_setsockopt
sys_enter_bind
sys_enter_socket
sys_enter_setsockopt
sys_enter_bind
sys_enter_close
sys_enter_close
sys_enter_getpid
sys_enter_getppid
sys_enter_mmap
sys_enter_mmap
sys_enter_getppid
sys_enter_openat
sys_enter_pipe2
sys_enter_getpid
sys_enter_clone
sys_enter_setsid
sys_enter_close
sys_enter_read
sys_enter_chdir
sys_enter_execve
sys_enter_close
sys_enter_exit_group
sys_enter_mmap
sys_enter_mmap
sys_enter_mprotect
sys_enter_mmap
sys_enter_mmap
sys_enter_mprotect
sys_enter_mmap
sys_enter_mprotect
sys_enter_mmap
sys_enter_mprotect
sys_enter_mmap
sys_enter_mmap
sys_enter_close
sys_enter_munmap
sys_enter_sched_getaffinity
sys_enter_mmap
sys_enter_munmap
sys_enter_mmap
sys_enter_mmap
sys_enter_mmap
sys_enter_mmap
sys_enter_mmap
sys_enter_mmap
sys_enter_rt_sigprocmask
sys_enter_sigaltstack
sys_enter_sigaltstack
sys_enter_gettid
sys_enter_rt_sigprocmask
sys_enter_rt_sigaction
sys_enter_rt_sigaction
sys_enter_rt_sigaction
sys_enter_rt_sigaction
sys_enter_rt_sigaction
sys_enter_rt_sigaction
sys_enter_rt_sigaction
sys_enter_rt_sigaction
sys_enter_rt_sigaction
sys_enter_rt_sigaction
sys_enter_rt_sigaction
sys_enter_rt_sigaction
sys_enter_rt_sigaction
sys_enter_rt_sigaction
sys_enter_rt_sigaction
sys_enter_rt_sigaction
sys_enter_rt_sigaction
sys_enter_rt_sigaction
sys_enter_rt_sigaction
sys_enter_rt_sigaction
sys_enter_rt_sigaction
sys_enter_rt_sigaction
sys_enter_rt_sigaction
sys_enter_rt_sigaction
sys_enter_rt_sigaction
sys_enter_rt_sigaction
sys_enter_rt_sigaction
sys_enter_rt_sigaction
sys_enter_rt_sigaction
sys_enter_rt_sigaction
sys_enter_rt_sigaction
sys_enter_rt_sigaction
sys_enter_rt_sigaction
sys_enter_rt_sigaction
sys_enter_rt_sigaction
sys_enter_rt_sigaction
sys_enter_rt_sigaction
sys_enter_rt_sigaction
sys_enter_rt_sigaction
sys_enter_rt_sigaction
sys_enter_rt_sigaction
sys_enter_rt_sigaction
sys_enter_rt_sigaction
sys_enter_rt_sigaction
sys_enter_rt_sigaction
sys_enter_rt_sigaction
sys_enter_rt_sigaction
sys_enter_rt_sigaction
sys_enter_rt_sigaction
sys_enter_rt_sigaction
sys_enter_rt_sigaction
sys_enter_rt_sigaction
sys_enter_rt_sigaction
sys_enter_rt_sigaction
sys_enter_rt_sigaction
sys_enter_rt_sigaction
sys_enter_rt_sigaction
sys_enter_rt_sigaction
sys_enter_rt_sigaction
sys_enter_rt_sigaction
sys_enter_rt_sigaction
sys_enter_rt_sigaction
sys_enter_rt_sigaction
sys_enter_rt_sigaction
sys_enter_rt_sigaction
sys_enter_rt_sigaction
sys_enter_rt_sigaction
sys_enter_rt_sigaction
sys_enter_rt_sigaction
sys_enter_rt_sigaction
sys_enter_rt_sigaction
sys_enter_rt_sigaction
sys_enter_rt_sigaction
sys_enter_rt_sigaction
sys_enter_rt_sigaction
sys_enter_rt_sigaction
sys_enter_rt_sigaction
sys_enter_rt_sigaction
sys_enter_rt_sigaction
sys_enter_rt_sigaction
sys_enter_rt_sigaction
sys_enter_rt_sigaction
sys_enter_rt_sigaction
sys_enter_rt_sigaction
sys_enter_rt_sigaction
sys_enter_rt_sigaction
sys_enter_rt_sigaction
sys_enter_rt_sigaction
sys_enter_rt_sigaction
sys_enter_rt_sigaction
sys_enter_rt_sigaction
sys_enter_rt_sigaction
sys_enter_rt_sigaction
sys_enter_rt_sigaction
sys_enter_rt_sigaction
sys_enter_rt_sigaction
sys_enter_rt_sigaction
sys_enter_rt_sigaction
sys_enter_rt_sigaction
sys_enter_rt_sigaction
sys_enter_rt_sigaction
sys_enter_rt_sigaction
sys_enter_rt_sigaction
sys_enter_rt_sigaction
sys_enter_rt_sigaction
sys_enter_rt_sigaction
sys_enter_rt_sigaction
sys_enter_rt_sigaction
sys_enter_rt_sigaction
sys_enter_rt_sigaction
sys_enter_rt_sigaction
sys_enter_rt_sigaction
sys_enter_rt_sigaction
sys_enter_rt_sigaction
sys_enter_rt_sigprocmask
sys_enter_clone
sys_enter_rt_sigprocmask
sys_enter_gettid
sys_enter_sigaltstack
sys_enter_sigaltstack
sys_enter_gettid
sys_enter_rt_sigprocmask
sys_enter_rt_sigprocmask
sys_enter_clone
sys_enter_rt_sigprocmask
sys_enter_gettid
sys_enter_rt_sigprocmask
sys_enter_clone
sys_enter_sigaltstack
sys_enter_sigaltstack
sys_enter_gettid
sys_enter_rt_sigprocmask
sys_enter_rt_sigprocmask
sys_enter_futex
sys_enter_gettid
sys_enter_sigaltstack
sys_enter_sigaltstack
sys_enter_gettid
sys_enter_rt_sigprocmask
sys_enter_futex
sys_enter_rt_sigprocmask
sys_enter_clone
sys_enter_futex
sys_enter_rt_sigprocmask
sys_enter_futex
sys_enter_gettid
sys_enter_sigaltstack
sys_enter_sigaltstack
sys_enter_gettid
sys_enter_rt_sigprocmask
sys_enter_futex
sys_enter_futex
sys_enter_mmap
sys_enter_futex
sys_enter_futex
sys_enter_futex
sys_enter_openat
sys_enter_read
sys_enter_read
sys_enter_close
sys_enter_socket
sys_enter_close
sys_enter_socket
sys_enter_setsockopt
sys_enter_bind
sys_enter_socket
sys_enter_setsockopt
sys_enter_bind
sys_enter_close
sys_enter_close
sys_enter_getpid
sys_enter_getppid
sys_enter_mmap
sys_enter_mmap
sys_enter_getppid
sys_enter_openat
sys_enter_pipe2
sys_enter_getpid
sys_enter_clone
sys_enter_setsid
sys_enter_close
sys_enter_read
sys_enter_chdir
sys_enter_execve
sys_enter_close
sys_enter_mmap
sys_enter_exit_group
sys_enter_mmap
sys_enter_mprotect
sys_enter_mmap
sys_enter_mmap
sys_enter_mprotect
sys_enter_mmap
sys_enter_mprotect
sys_enter_mmap
sys_enter_mprotect
sys_enter_mmap
sys_enter_mmap
sys_enter_close
sys_enter_munmap
sys_enter_sched_getaffinity
sys_enter_mmap
sys_enter_munmap
sys_enter_mmap
sys_enter_mmap
sys_enter_mmap
sys_enter_mmap
sys_enter_mmap
sys_enter_mmap
sys_enter_rt_sigprocmask
sys_enter_sigaltstack
sys_enter_sigaltstack
sys_enter_gettid
sys_enter_rt_sigprocmask
sys_enter_rt_sigaction
sys_enter_rt_sigaction
sys_enter_rt_sigaction
sys_enter_rt_sigaction
sys_enter_rt_sigaction
sys_enter_rt_sigaction
sys_enter_rt_sigaction
sys_enter_rt_sigaction
sys_enter_rt_sigaction
sys_enter_rt_sigaction
sys_enter_rt_sigaction
sys_enter_rt_sigaction
sys_enter_rt_sigaction
sys_enter_rt_sigaction
sys_enter_rt_sigaction
sys_enter_rt_sigaction
sys_enter_rt_sigaction
sys_enter_rt_sigaction
sys_enter_rt_sigaction
sys_enter_rt_sigaction
sys_enter_rt_sigaction
sys_enter_rt_sigaction
sys_enter_rt_sigaction
sys_enter_rt_sigaction
sys_enter_rt_sigaction
sys_enter_rt_sigaction
sys_enter_rt_sigaction
sys_enter_rt_sigaction
sys_enter_rt_sigaction
sys_enter_rt_sigaction
sys_enter_rt_sigaction
sys_enter_rt_sigaction
sys_enter_rt_sigaction
sys_enter_rt_sigaction
sys_enter_rt_sigaction
sys_enter_rt_sigaction
sys_enter_rt_sigaction
sys_enter_rt_sigaction
sys_enter_rt_sigaction
sys_enter_rt_sigaction
sys_enter_rt_sigaction
sys_enter_rt_sigaction
sys_enter_rt_sigaction
sys_enter_rt_sigaction
sys_enter_rt_sigaction
sys_enter_rt_sigaction
sys_enter_rt_sigaction
sys_enter_rt_sigaction
sys_enter_rt_sigaction
sys_enter_rt_sigaction
sys_enter_rt_sigaction
sys_enter_rt_sigaction
sys_enter_rt_sigaction
sys_enter_rt_sigaction
sys_enter_rt_sigaction
sys_enter_rt_sigaction
sys_enter_rt_sigaction
sys_enter_rt_sigaction
sys_enter_rt_sigaction
sys_enter_rt_sigaction
sys_enter_rt_sigaction
sys_enter_rt_sigaction
sys_enter_rt_sigaction
sys_enter_rt_sigaction
sys_enter_rt_sigaction
sys_enter_rt_sigaction
sys_enter_rt_sigaction
sys_enter_rt_sigaction
sys_enter_rt_sigaction
sys_enter_rt_sigaction
sys_enter_rt_sigaction
sys_enter_rt_sigaction
sys_enter_rt_sigaction
sys_enter_rt_sigaction
sys_enter_rt_sigaction
sys_enter_rt_sigaction
sys_enter_rt_sigaction
sys_enter_rt_sigaction
sys_enter_rt_sigaction
sys_enter_rt_sigaction
sys_enter_rt_sigaction
sys_enter_rt_sigaction
sys_enter_rt_sigaction
sys_enter_rt_sigaction
sys_enter_rt_sigaction
sys_enter_rt_sigaction
sys_enter_rt_sigaction
sys_enter_rt_sigaction
sys_enter_rt_sigaction
sys_enter_rt_sigaction
sys_enter_rt_sigaction
sys_enter_rt_sigaction
sys_enter_rt_sigaction
sys_enter_rt_sigaction
sys_enter_rt_sigaction
sys_enter_rt_sigaction
sys_enter_rt_sigaction
sys_enter_rt_sigaction
sys_enter_rt_sigaction
sys_enter_rt_sigaction
sys_enter_rt_sigaction
sys_enter_rt_sigaction
sys_enter_rt_sigaction
sys_enter_rt_sigaction
sys_enter_rt_sigaction
sys_enter_rt_sigaction
sys_enter_rt_sigaction
sys_enter_rt_sigaction
sys_enter_rt_sigaction
sys_enter_rt_sigaction
sys_enter_rt_sigaction
sys_enter_rt_sigaction
sys_enter_rt_sigaction
sys_enter_rt_sigaction
sys_enter_rt_sigprocmask
sys_enter_clone
sys_enter_rt_sigprocmask
sys_enter_gettid
sys_enter_sigaltstack
sys_enter_sigaltstack
sys_enter_gettid
sys_enter_rt_sigprocmask
sys_enter_rt_sigprocmask
sys_enter_clone
sys_enter_rt_sigprocmask
sys_enter_gettid
sys_enter_sigaltstack
sys_enter_sigaltstack
sys_enter_gettid
sys_enter_rt_sigprocmask
sys_enter_rt_sigprocmask
sys_enter_clone
sys_enter_rt_sigprocmask
sys_enter_futex
sys_enter_rt_sigprocmask
sys_enter_clone
sys_enter_gettid
sys_enter_sigaltstack
sys_enter_sigaltstack
sys_enter_gettid
sys_enter_rt_sigprocmask
sys_enter_rt_sigprocmask
sys_enter_gettid
sys_enter_futex
sys_enter_sigaltstack
sys_enter_sigaltstack
sys_enter_futex
sys_enter_gettid
sys_enter_rt_sigprocmask
sys_enter_futex
sys_enter_futex
sys_enter_futex
sys_enter_mmap
sys_enter_futex
sys_enter_futex
sys_enter_futex
sys_enter_openat
sys_enter_read
sys_enter_read
sys_enter_close
sys_enter_socket
sys_enter_close
sys_enter_socket
sys_enter_setsockopt
sys_enter_bind
sys_enter_socket
sys_enter_setsockopt
sys_enter_bind
sys_enter_close
sys_enter_close
sys_enter_getpid
sys_enter_getppid
sys_enter_mmap
sys_enter_mmap
sys_enter_getppid
sys_enter_openat
sys_enter_pipe2
sys_enter_getpid
sys_enter_clone
sys_enter_setsid
sys_enter_close
sys_enter_read
sys_enter_chdir
sys_enter_execve
sys_enter_close
sys_enter_exit_group
sys_enter_mmap
sys_enter_mmap
sys_enter_mprotect
sys_enter_mmap
sys_enter_mmap
sys_enter_mprotect
sys_enter_mmap
sys_enter_mprotect
sys_enter_mmap
sys_enter_mprotect
sys_enter_mmap
sys_enter_mmap
sys_enter_close
sys_enter_munmap
sys_enter_sched_getaffinity
sys_enter_mmap
sys_enter_munmap
sys_enter_mmap
sys_enter_mmap
sys_enter_mmap
sys_enter_mmap
sys_enter_mmap
sys_enter_mmap
sys_enter_rt_sigprocmask
sys_enter_sigaltstack
sys_enter_sigaltstack
sys_enter_gettid
sys_enter_rt_sigprocmask
sys_enter_rt_sigaction
sys_enter_rt_sigaction
sys_enter_rt_sigaction
sys_enter_rt_sigaction
sys_enter_rt_sigaction
sys_enter_rt_sigaction
sys_enter_rt_sigaction
sys_enter_rt_sigaction
sys_enter_rt_sigaction
sys_enter_rt_sigaction
sys_enter_rt_sigaction
sys_enter_rt_sigaction
sys_enter_rt_sigaction
sys_enter_rt_sigaction
sys_enter_rt_sigaction
sys_enter_rt_sigaction
sys_enter_rt_sigaction
sys_enter_rt_sigaction
sys_enter_rt_sigaction
sys_enter_rt_sigaction
sys_enter_rt_sigaction
sys_enter_rt_sigaction
sys_enter_rt_sigaction
sys_enter_rt_sigaction
sys_enter_rt_sigaction
sys_enter_rt_sigaction
sys_enter_rt_sigaction
sys_enter_rt_sigaction
sys_enter_rt_sigaction
sys_enter_rt_sigaction
sys_enter_rt_sigaction
sys_enter_rt_sigaction
sys_enter_rt_sigaction
sys_enter_rt_sigaction
sys_enter_rt_sigaction
sys_enter_rt_sigaction
sys_enter_rt_sigaction
sys_enter_rt_sigaction
sys_enter_rt_sigaction
sys_enter_rt_sigaction
sys_enter_rt_sigaction
sys_enter_rt_sigaction
sys_enter_rt_sigaction
sys_enter_rt_sigaction
sys_enter_rt_sigaction
sys_enter_rt_sigaction
sys_enter_rt_sigaction
sys_enter_rt_sigaction
sys_enter_rt_sigaction
sys_enter_rt_sigaction
sys_enter_rt_sigaction
sys_enter_rt_sigaction
sys_enter_rt_sigaction
sys_enter_rt_sigaction
sys_enter_rt_sigaction
sys_enter_rt_sigaction
sys_enter_rt_sigaction
sys_enter_rt_sigaction
sys_enter_rt_sigaction
sys_enter_rt_sigaction
sys_enter_rt_sigaction
sys_enter_rt_sigaction
sys_enter_rt_sigaction
sys_enter_rt_sigaction
sys_enter_rt_sigaction
sys_enter_rt_sigaction
sys_enter_rt_sigaction
sys_enter_rt_sigaction
sys_enter_rt_sigaction
sys_enter_rt_sigaction
sys_enter_rt_sigaction
sys_enter_rt_sigaction
sys_enter_rt_sigaction
sys_enter_rt_sigaction
sys_enter_rt_sigaction
sys_enter_rt_sigaction
sys_enter_rt_sigaction
sys_enter_rt_sigaction
sys_enter_rt_sigaction
sys_enter_rt_sigaction
sys_enter_rt_sigaction
sys_enter_rt_sigaction
sys_enter_rt_sigaction
sys_enter_rt_sigaction
sys_enter_rt_sigaction
sys_enter_rt_sigaction
sys_enter_rt_sigaction
sys_enter_rt_sigaction
sys_enter_rt_sigaction
sys_enter_rt_sigaction
sys_enter_rt_sigaction
sys_enter_rt_sigaction
sys_enter_rt_sigaction
sys_enter_rt_sigaction
sys_enter_rt_sigaction
sys_enter_rt_sigaction
sys_enter_rt_sigaction
sys_enter_rt_sigaction
sys_enter_rt_sigaction
sys_enter_rt_sigaction
sys_enter_rt_sigaction
sys_enter_rt_sigaction
sys_enter_rt_sigaction
sys_enter_rt_sigaction
sys_enter_rt_sigaction
sys_enter_rt_sigaction
sys_enter_rt_sigaction
sys_enter_rt_sigaction
sys_enter_rt_sigaction
sys_enter_rt_sigaction
sys_enter_rt_sigaction
sys_enter_rt_sigaction
sys_enter_rt_sigaction
sys_enter_rt_sigaction
sys_enter_rt_sigprocmask
sys_enter_clone
sys_enter_rt_sigprocmask
sys_enter_gettid
sys_enter_sigaltstack
sys_enter_sigaltstack
sys_enter_gettid
sys_enter_rt_sigprocmask
sys_enter_rt_sigprocmask
sys_enter_clone
sys_enter_rt_sigprocmask
sys_enter_gettid
sys_enter_sigaltstack
sys_enter_sigaltstack
sys_enter_gettid
sys_enter_rt_sigprocmask
sys_enter_rt_sigprocmask
sys_enter_clone
sys_enter_rt_sigprocmask
sys_enter_futex
sys_enter_gettid
sys_enter_gettid
sys_enter_sigaltstack
sys_enter_sigaltstack
sys_enter_gettid
sys_enter_rt_sigprocmask
sys_enter_futex
sys_enter_futex
sys_enter_rt_sigprocmask
sys_enter_clone
sys_enter_rt_sigprocmask
sys_enter_futex
sys_enter_mmap
sys_enter_openat
sys_enter_futex
sys_enter_futex
sys_enter_read
sys_enter_read
sys_enter_close
sys_enter_sigaltstack
sys_enter_sigaltstack
sys_enter_gettid
sys_enter_rt_sigprocmask
sys_enter_futex
sys_enter_socket
sys_enter_close
sys_enter_socket
sys_enter_setsockopt
sys_enter_bind
sys_enter_socket
sys_enter_setsockopt
sys_enter_bind
sys_enter_close
sys_enter_close
sys_enter_getpid
sys_enter_getppid
sys_enter_mmap
sys_enter_mmap
sys_enter_getppid
sys_enter_openat
sys_enter_pipe2
sys_enter_getpid
sys_enter_clone
sys_enter_setsid
sys_enter_close
sys_enter_read
sys_enter_chdir
sys_enter_execve
sys_enter_close
sys_enter_mmap
sys_enter_exit_group
sys_enter_mmap
sys_enter_mprotect
sys_enter_mmap
sys_enter_mmap
sys_enter_mprotect
sys_enter_mmap
sys_enter_mprotect
sys_enter_mmap
sys_enter_mprotect
sys_enter_mmap
sys_enter_mmap
sys_enter_close
sys_enter_munmap
sys_enter_sched_getaffinity
sys_enter_mmap
sys_enter_munmap
sys_enter_mmap
sys_enter_mmap
sys_enter_mmap
sys_enter_mmap
sys_enter_mmap
sys_enter_mmap
sys_enter_rt_sigprocmask
sys_enter_sigaltstack
sys_enter_sigaltstack
sys_enter_gettid
sys_enter_rt_sigprocmask
sys_enter_rt_sigaction
sys_enter_rt_sigaction
sys_enter_rt_sigaction
sys_enter_rt_sigaction
sys_enter_rt_sigaction
sys_enter_rt_sigaction
sys_enter_rt_sigaction
sys_enter_rt_sigaction
sys_enter_rt_sigaction
sys_enter_rt_sigaction
sys_enter_rt_sigaction
sys_enter_rt_sigaction
sys_enter_rt_sigaction
sys_enter_rt_sigaction
sys_enter_rt_sigaction
sys_enter_rt_sigaction
sys_enter_rt_sigaction
sys_enter_rt_sigaction
sys_enter_rt_sigaction
sys_enter_rt_sigaction
sys_enter_rt_sigaction
sys_enter_rt_sigaction
sys_enter_rt_sigaction
sys_enter_rt_sigaction
sys_enter_rt_sigaction
sys_enter_rt_sigaction
sys_enter_rt_sigaction
sys_enter_rt_sigaction
sys_enter_rt_sigaction
sys_enter_rt_sigaction
sys_enter_rt_sigaction
sys_enter_rt_sigaction
sys_enter_rt_sigaction
sys_enter_rt_sigaction
sys_enter_rt_sigaction
sys_enter_rt_sigaction
sys_enter_rt_sigaction
sys_enter_rt_sigaction
sys_enter_rt_sigaction
sys_enter_rt_sigaction
sys_enter_rt_sigaction
sys_enter_rt_sigaction
sys_enter_rt_sigaction
sys_enter_rt_sigaction
sys_enter_rt_sigaction
sys_enter_rt_sigaction
sys_enter_rt_sigaction
sys_enter_rt_sigaction
sys_enter_rt_sigaction
sys_enter_rt_sigaction
sys_enter_rt_sigaction
sys_enter_rt_sigaction
sys_enter_rt_sigaction
sys_enter_rt_sigaction
sys_enter_rt_sigaction
sys_enter_rt_sigaction
sys_enter_rt_sigaction
sys_enter_rt_sigaction
sys_enter_rt_sigaction
sys_enter_rt_sigaction
sys_enter_rt_sigaction
sys_enter_rt_sigaction
sys_enter_rt_sigaction
sys_enter_rt_sigaction
sys_enter_rt_sigaction
sys_enter_rt_sigaction
sys_enter_rt_sigaction
sys_enter_rt_sigaction
sys_enter_rt_sigaction
sys_enter_rt_sigaction
sys_enter_rt_sigaction
sys_enter_rt_sigaction
sys_enter_rt_sigaction
sys_enter_rt_sigaction
sys_enter_rt_sigaction
sys_enter_rt_sigaction
sys_enter_rt_sigaction
sys_enter_rt_sigaction
sys_enter_rt_sigaction
sys_enter_rt_sigaction
sys_enter_rt_sigaction
sys_enter_rt_sigaction
sys_enter_rt_sigaction
sys_enter_rt_sigaction
sys_enter_rt_sigaction
sys_enter_rt_sigaction
sys_enter_rt_sigaction
sys_enter_rt_sigaction
sys_enter_rt_sigaction
sys_enter_rt_sigaction
sys_enter_rt_sigaction
sys_enter_rt_sigaction
sys_enter_rt_sigaction
sys_enter_rt_sigaction
sys_enter_rt_sigaction
sys_enter_rt_sigaction
sys_enter_rt_sigaction
sys_enter_rt_sigaction
sys_enter_rt_sigaction
sys_enter_rt_sigaction
sys_enter_rt_sigaction
sys_enter_rt_sigaction
sys_enter_rt_sigaction
sys_enter_rt_sigaction
sys_enter_rt_sigaction
sys_enter_rt_sigaction
sys_enter_rt_sigaction
sys_enter_rt_sigaction
sys_enter_rt_sigaction
sys_enter_rt_sigaction
sys_enter_rt_sigaction
sys_enter_rt_sigaction
sys_enter_rt_sigaction
sys_enter_rt_sigaction
sys_enter_rt_sigprocmask
sys_enter_clone
sys_enter_rt_sigprocmask
sys_enter_gettid
sys_enter_sigaltstack
sys_enter_sigaltstack
sys_enter_gettid
sys_enter_rt_sigprocmask
sys_enter_rt_sigprocmask
sys_enter_clone
sys_enter_rt_sigprocmask
sys_enter_gettid
sys_enter_sigaltstack
sys_enter_sigaltstack
sys_enter_gettid
sys_enter_rt_sigprocmask
sys_enter_clone
sys_enter_rt_sigprocmask
sys_enter_rt_sigprocmask
sys_enter_futex
sys_enter_gettid
sys_enter_sigaltstack
sys_enter_rt_sigprocmask
sys_enter_clone
sys_enter_rt_sigprocmask
sys_enter_futex
sys_enter_gettid
sys_enter_sigaltstack
sys_enter_sigaltstack
sys_enter_gettid
sys_enter_rt_sigprocmask
sys_enter_futex
sys_enter_futex
sys_enter_mmap
sys_enter_sigaltstack
sys_enter_gettid
sys_enter_rt_sigprocmask
sys_enter_futex
sys_enter_futex
sys_enter_futex
sys_enter_openat
sys_enter_read
sys_enter_read
sys_enter_close
sys_enter_socket
sys_enter_close
sys_enter_socket
sys_enter_setsockopt
sys_enter_bind
sys_enter_socket
sys_enter_setsockopt
sys_enter_bind
sys_enter_close
sys_enter_close
sys_enter_getpid
sys_enter_getppid
sys_enter_mmap
sys_enter_mmap
sys_enter_getppid
sys_enter_openat
sys_enter_pipe2
sys_enter_getpid
sys_enter_clone
sys_enter_setsid
sys_enter_close
sys_enter_read
sys_enter_chdir
sys_enter_execve
sys_enter_close
sys_enter_exit_group
sys_enter_mmap
sys_enter_mmap
sys_enter_mprotect
sys_enter_mmap
sys_enter_mmap
sys_enter_mprotect
sys_enter_mmap
sys_enter_mprotect
sys_enter_mmap
sys_enter_mprotect
sys_enter_mmap
sys_enter_mmap
sys_enter_close
sys_enter_munmap
sys_enter_sched_getaffinity
sys_enter_mmap
sys_enter_munmap
sys_enter_mmap
sys_enter_mmap
sys_enter_mmap
sys_enter_mmap
sys_enter_mmap
sys_enter_mmap
sys_enter_rt_sigprocmask
sys_enter_sigaltstack
sys_enter_sigaltstack
sys_enter_gettid
sys_enter_rt_sigprocmask
sys_enter_rt_sigaction
sys_enter_rt_sigaction
sys_enter_rt_sigaction
sys_enter_rt_sigaction
sys_enter_rt_sigaction
sys_enter_rt_sigaction
sys_enter_rt_sigaction
sys_enter_rt_sigaction
sys_enter_rt_sigaction
sys_enter_rt_sigaction
sys_enter_rt_sigaction
sys_enter_rt_sigaction
sys_enter_rt_sigaction
sys_enter_rt_sigaction
sys_enter_rt_sigaction
sys_enter_rt_sigaction
sys_enter_rt_sigaction
sys_enter_rt_sigaction
sys_enter_rt_sigaction
sys_enter_rt_sigaction
sys_enter_rt_sigaction
sys_enter_rt_sigaction
sys_enter_rt_sigaction
sys_enter_rt_sigaction
sys_enter_rt_sigaction
sys_enter_rt_sigaction
sys_enter_rt_sigaction
sys_enter_rt_sigaction
sys_enter_rt_sigaction
sys_enter_rt_sigaction
sys_enter_rt_sigaction
sys_enter_rt_sigaction
sys_enter_rt_sigaction
sys_enter_rt_sigaction
sys_enter_rt_sigaction
sys_enter_rt_sigaction
sys_enter_rt_sigaction
sys_enter_rt_sigaction
sys_enter_rt_sigaction
sys_enter_rt_sigaction
sys_enter_rt_sigaction
sys_enter_rt_sigaction
sys_enter_rt_sigaction
sys_enter_rt_sigaction
sys_enter_rt_sigaction
sys_enter_rt_sigaction
sys_enter_rt_sigaction
sys_enter_rt_sigaction
sys_enter_rt_sigaction
sys_enter_rt_sigaction
sys_enter_rt_sigaction
sys_enter_rt_sigaction
sys_enter_rt_sigaction
sys_enter_rt_sigaction
sys_enter_rt_sigaction
sys_enter_rt_sigaction
sys_enter_rt_sigaction
sys_enter_rt_sigaction
sys_enter_rt_sigaction
sys_enter_rt_sigaction
sys_enter_rt_sigaction
sys_enter_rt_sigaction
sys_enter_rt_sigaction
sys_enter_rt_sigaction
sys_enter_rt_sigaction
sys_enter_rt_sigaction
sys_enter_rt_sigaction
sys_enter_rt_sigaction
sys_enter_rt_sigaction
sys_enter_rt_sigaction
sys_enter_rt_sigaction
sys_enter_rt_sigaction
sys_enter_rt_sigaction
sys_enter_rt_sigaction
sys_enter_rt_sigaction
sys_enter_rt_sigaction
sys_enter_rt_sigaction
sys_enter_rt_sigaction
sys_enter_rt_sigaction
sys_enter_rt_sigaction
sys_enter_rt_sigaction
sys_enter_rt_sigaction
sys_enter_rt_sigaction
sys_enter_rt_sigaction
sys_enter_rt_sigaction
sys_enter_rt_sigaction
sys_enter_rt_sigaction
sys_enter_rt_sigaction
sys_enter_rt_sigaction
sys_enter_rt_sigaction
sys_enter_rt_sigaction
sys_enter_rt_sigaction
sys_enter_rt_sigaction
sys_enter_rt_sigaction
sys_enter_rt_sigaction
sys_enter_rt_sigaction
sys_enter_rt_sigaction
sys_enter_rt_sigaction
sys_enter_rt_sigaction
sys_enter_rt_sigaction
sys_enter_rt_sigaction
sys_enter_rt_sigaction
sys_enter_rt_sigaction
sys_enter_rt_sigaction
sys_enter_rt_sigaction
sys_enter_rt_sigaction
sys_enter_rt_sigaction
sys_enter_rt_sigaction
sys_enter_rt_sigaction
sys_enter_rt_sigaction
sys_enter_rt_sigaction
sys_enter_rt_sigaction
sys_enter_rt_sigaction
sys_enter_rt_sigaction
sys_enter_rt_sigprocmask
sys_enter_clone
sys_enter_rt_sigprocmask
sys_enter_gettid
sys_enter_sigaltstack
sys_enter_sigaltstack
sys_enter_gettid
sys_enter_rt_sigprocmask
sys_enter_rt_sigprocmask
sys_enter_clone
sys_enter_rt_sigprocmask
sys_enter_gettid
sys_enter_sigaltstack
sys_enter_sigaltstack
sys_enter_rt_sigprocmask
sys_enter_gettid
sys_enter_rt_sigprocmask
sys_enter_clone
sys_enter_rt_sigprocmask
sys_enter_sched_yield
sys_enter_gettid
sys_enter_futex
sys_enter_sigaltstack
sys_enter_sigaltstack
sys_enter_gettid
sys_enter_rt_sigprocmask
sys_enter_futex
sys_enter_futex
sys_enter_futex
sys_enter_futex
sys_enter_rt_sigprocmask
sys_enter_clone
sys_enter_rt_sigprocmask
sys_enter_futex
sys_enter_gettid
sys_enter_sigaltstack
sys_enter_sigaltstack
sys_enter_gettid
sys_enter_rt_sigprocmask
sys_enter_mmap
sys_enter_futex
sys_enter_futex
sys_enter_futex
sys_enter_openat
sys_enter_futex
sys_enter_futex
sys_enter_read
sys_enter_read
sys_enter_close
sys_enter_socket
sys_enter_close
sys_enter_socket
sys_enter_setsockopt
sys_enter_bind
sys_enter_socket
sys_enter_setsockopt
sys_enter_bind
sys_enter_close
sys_enter_close
sys_enter_getpid
sys_enter_getppid
sys_enter_mmap
sys_enter_mmap
sys_enter_getppid
sys_enter_openat
sys_enter_pipe2
sys_enter_getpid
sys_enter_clone
sys_enter_setsid
sys_enter_close
sys_enter_read
sys_enter_chdir
sys_enter_execve
sys_enter_close
sys_enter_exit_group
sys_enter_mmap
sys_enter_mmap
sys_enter_mprotect
sys_enter_mmap
sys_enter_mmap
sys_enter_mprotect
sys_enter_mmap
sys_enter_mprotect
sys_enter_mmap
sys_enter_mprotect
sys_enter_mmap
sys_enter_mmap
sys_enter_close
sys_enter_munmap
sys_enter_sched_getaffinity
sys_enter_mmap
sys_enter_munmap
sys_enter_mmap
sys_enter_mmap
sys_enter_mmap
sys_enter_mmap
sys_enter_mmap
sys_enter_mmap
sys_enter_rt_sigprocmask
sys_enter_sigaltstack
sys_enter_sigaltstack
sys_enter_gettid
sys_enter_rt_sigprocmask
sys_enter_rt_sigaction
sys_enter_rt_sigaction
sys_enter_rt_sigaction
sys_enter_rt_sigaction
sys_enter_rt_sigaction
sys_enter_rt_sigaction
sys_enter_rt_sigaction
sys_enter_rt_sigaction
sys_enter_rt_sigaction
sys_enter_rt_sigaction
sys_enter_rt_sigaction
sys_enter_rt_sigaction
sys_enter_rt_sigaction
sys_enter_rt_sigaction
sys_enter_rt_sigaction
sys_enter_rt_sigaction
sys_enter_rt_sigaction
sys_enter_rt_sigaction
sys_enter_rt_sigaction
sys_enter_rt_sigaction
sys_enter_rt_sigaction
sys_enter_rt_sigaction
sys_enter_rt_sigaction
sys_enter_rt_sigaction
sys_enter_rt_sigaction
sys_enter_rt_sigaction
sys_enter_rt_sigaction
sys_enter_rt_sigaction
sys_enter_rt_sigaction
sys_enter_rt_sigaction
sys_enter_rt_sigaction
sys_enter_rt_sigaction
sys_enter_rt_sigaction
sys_enter_rt_sigaction
sys_enter_rt_sigaction
sys_enter_rt_sigaction
sys_enter_rt_sigaction
sys_enter_rt_sigaction
sys_enter_rt_sigaction
sys_enter_rt_sigaction
sys_enter_rt_sigaction
sys_enter_rt_sigaction
sys_enter_rt_sigaction
sys_enter_rt_sigaction
sys_enter_rt_sigaction
sys_enter_rt_sigaction
sys_enter_rt_sigaction
sys_enter_rt_sigaction
sys_enter_rt_sigaction
sys_enter_rt_sigaction
sys_enter_rt_sigaction
sys_enter_rt_sigaction
sys_enter_rt_sigaction
sys_enter_rt_sigaction
sys_enter_rt_sigaction
sys_enter_rt_sigaction
sys_enter_rt_sigaction
sys_enter_rt_sigaction
sys_enter_rt_sigaction
sys_enter_rt_sigaction
sys_enter_rt_sigaction
sys_enter_rt_sigaction
sys_enter_rt_sigaction
sys_enter_rt_sigaction
sys_enter_rt_sigaction
sys_enter_rt_sigaction
sys_enter_rt_sigaction
sys_enter_rt_sigaction
sys_enter_rt_sigaction
sys_enter_rt_sigaction
sys_enter_rt_sigaction
sys_enter_rt_sigaction
sys_enter_rt_sigaction
sys_enter_rt_sigaction
sys_enter_rt_sigaction
sys_enter_rt_sigaction
sys_enter_rt_sigaction
sys_enter_rt_sigaction
sys_enter_rt_sigaction
sys_enter_rt_sigaction
sys_enter_rt_sigaction
sys_enter_rt_sigaction
sys_enter_rt_sigaction
sys_enter_rt_sigaction
sys_enter_rt_sigaction
sys_enter_rt_sigaction
sys_enter_rt_sigaction
sys_enter_rt_sigaction
sys_enter_rt_sigaction
sys_enter_rt_sigaction
sys_enter_rt_sigaction
sys_enter_rt_sigaction
sys_enter_rt_sigaction
sys_enter_rt_sigaction
sys_enter_rt_sigaction
sys_enter_rt_sigaction
sys_enter_rt_sigaction
sys_enter_rt_sigaction
sys_enter_rt_sigaction
sys_enter_rt_sigaction
sys_enter_rt_sigaction
sys_enter_rt_sigaction
sys_enter_rt_sigaction
sys_enter_rt_sigaction
sys_enter_rt_sigaction
sys_enter_rt_sigaction
sys_enter_rt_sigaction
sys_enter_rt_sigaction
sys_enter_rt_sigaction
sys_enter_rt_sigaction
sys_enter_rt_sigaction
sys_enter_rt_sigaction
sys_enter_rt_sigaction
sys_enter_rt_sigaction
sys_enter_rt_sigprocmask
sys_enter_clone
sys_enter_rt_sigprocmask
sys_enter_gettid
sys_enter_sigaltstack
sys_enter_sigaltstack
sys_enter_gettid
sys_enter_rt_sigprocmask
sys_enter_rt_sigprocmask
sys_enter_clone
sys_enter_rt_sigprocmask
sys_enter_gettid
sys_enter_sigaltstack
sys_enter_sigaltstack
sys_enter_gettid
sys_enter_rt_sigprocmask
sys_enter_rt_sigprocmask
sys_enter_clone
sys_enter_rt_sigprocmask
sys_enter_futex
sys_enter_gettid
sys_enter_sigaltstack
sys_enter_rt_sigprocmask
sys_enter_sigaltstack
sys_enter_clone
sys_enter_gettid
sys_enter_rt_sigprocmask
sys_enter_futex
sys_enter_futex
sys_enter_rt_sigprocmask
sys_enter_futex
sys_enter_gettid
sys_enter_sigaltstack
sys_enter_sigaltstack
sys_enter_gettid
sys_enter_rt_sigprocmask
sys_enter_futex
sys_enter_futex
sys_enter_mmap
sys_enter_futex
sys_enter_futex
sys_enter_futex
sys_enter_openat
sys_enter_read
sys_enter_read
sys_enter_close
sys_enter_socket
sys_enter_close
sys_enter_socket
sys_enter_setsockopt
sys_enter_bind
sys_enter_socket
sys_enter_setsockopt
sys_enter_bind
sys_enter_close
sys_enter_close
sys_enter_getpid
sys_enter_getppid
sys_enter_mmap
sys_enter_mmap
sys_enter_getppid
sys_enter_openat
sys_enter_pipe2
sys_enter_getpid
sys_enter_clone
sys_enter_setsid
sys_enter_close
sys_enter_read
sys_enter_chdir
sys_enter_execve
sys_enter_close
sys_enter_exit_group
sys_enter_mmap
sys_enter_mmap
sys_enter_mprotect
sys_enter_mmap
sys_enter_mmap
sys_enter_mprotect
sys_enter_mmap
sys_enter_mprotect
sys_enter_mmap
sys_enter_mprotect
sys_enter_mmap
sys_enter_mmap
sys_enter_close
sys_enter_munmap
sys_enter_sched_getaffinity
sys_enter_mmap
sys_enter_munmap
sys_enter_mmap
sys_enter_mmap
sys_enter_mmap
sys_enter_mmap
sys_enter_mmap
sys_enter_mmap
sys_enter_rt_sigprocmask
sys_enter_sigaltstack
sys_enter_sigaltstack
sys_enter_gettid
sys_enter_rt_sigprocmask
sys_enter_rt_sigaction
sys_enter_rt_sigaction
sys_enter_rt_sigaction
sys_enter_rt_sigaction
sys_enter_rt_sigaction
sys_enter_rt_sigaction
sys_enter_rt_sigaction
sys_enter_rt_sigaction
sys_enter_rt_sigaction
sys_enter_rt_sigaction
sys_enter_rt_sigaction
sys_enter_rt_sigaction
sys_enter_rt_sigaction
sys_enter_rt_sigaction
sys_enter_rt_sigaction
sys_enter_rt_sigaction
sys_enter_rt_sigaction
sys_enter_rt_sigaction
sys_enter_rt_sigaction
sys_enter_rt_sigaction
sys_enter_rt_sigaction
sys_enter_rt_sigaction
sys_enter_rt_sigaction
sys_enter_rt_sigaction
sys_enter_rt_sigaction
sys_enter_rt_sigaction
sys_enter_rt_sigaction
sys_enter_rt_sigaction
sys_enter_rt_sigaction
sys_enter_rt_sigaction
sys_enter_rt_sigaction
sys_enter_rt_sigaction
sys_enter_rt_sigaction
sys_enter_rt_sigaction
sys_enter_rt_sigaction
sys_enter_rt_sigaction
sys_enter_rt_sigaction
sys_enter_rt_sigaction
sys_enter_rt_sigaction
sys_enter_rt_sigaction
sys_enter_rt_sigaction
sys_enter_rt_sigaction
sys_enter_rt_sigaction
sys_enter_rt_sigaction
sys_enter_rt_sigaction
sys_enter_rt_sigaction
sys_enter_rt_sigaction
sys_enter_rt_sigaction
sys_enter_rt_sigaction
sys_enter_rt_sigaction
sys_enter_rt_sigaction
sys_enter_rt_sigaction
sys_enter_rt_sigaction
sys_enter_rt_sigaction
sys_enter_rt_sigaction
sys_enter_rt_sigaction
sys_enter_rt_sigaction
sys_enter_rt_sigaction
sys_enter_rt_sigaction
sys_enter_rt_sigaction
sys_enter_rt_sigaction
sys_enter_rt_sigaction
sys_enter_rt_sigaction
sys_enter_rt_sigaction
sys_enter_rt_sigaction
sys_enter_rt_sigaction
sys_enter_rt_sigaction
sys_enter_rt_sigaction
sys_enter_rt_sigaction
sys_enter_rt_sigaction
sys_enter_rt_sigaction
sys_enter_rt_sigaction
sys_enter_rt_sigaction
sys_enter_rt_sigaction
sys_enter_rt_sigaction
sys_enter_rt_sigaction
sys_enter_rt_sigaction
sys_enter_rt_sigaction
sys_enter_rt_sigaction
sys_enter_rt_sigaction
sys_enter_rt_sigaction
sys_enter_rt_sigaction
sys_enter_rt_sigaction
sys_enter_rt_sigaction
sys_enter_rt_sigaction
sys_enter_rt_sigaction
sys_enter_rt_sigaction
sys_enter_rt_sigaction
sys_enter_rt_sigaction
sys_enter_rt_sigaction
sys_enter_rt_sigaction
sys_enter_rt_sigaction
sys_enter_rt_sigaction
sys_enter_rt_sigaction
sys_enter_rt_sigaction
sys_enter_rt_sigaction
sys_enter_rt_sigaction
sys_enter_rt_sigaction
sys_enter_rt_sigaction
sys_enter_rt_sigaction
sys_enter_rt_sigaction
sys_enter_rt_sigaction
sys_enter_rt_sigaction
sys_enter_rt_sigaction
sys_enter_rt_sigaction
sys_enter_rt_sigaction
sys_enter_rt_sigaction
sys_enter_rt_sigaction
sys_enter_rt_sigaction
sys_enter_rt_sigaction
sys_enter_rt_sigaction
sys_enter_rt_sigaction
sys_enter_rt_sigaction
sys_enter_rt_sigaction
sys_enter_rt_sigprocmask
sys_enter_clone
sys_enter_rt_sigprocmask
sys_enter_gettid
sys_enter_sigaltstack
sys_enter_sigaltstack
sys_enter_gettid
sys_enter_rt_sigprocmask
sys_enter_rt_sigprocmask
sys_enter_clone
sys_enter_rt_sigprocmask
sys_enter_gettid
sys_enter_sigaltstack
sys_enter_sigaltstack
sys_enter_gettid
sys_enter_rt_sigprocmask
sys_enter_rt_sigprocmask
sys_enter_clone
sys_enter_rt_sigprocmask
sys_enter_clone
sys_enter_rt_sigprocmask
sys_enter_futex
sys_enter_gettid
sys_enter_sigaltstack
sys_enter_sigaltstack
sys_enter_gettid
sys_enter_rt_sigprocmask
sys_enter_rt_sigprocmask
sys_enter_futex
sys_enter_gettid
sys_enter_futex
sys_enter_sigaltstack
sys_enter_futex
sys_enter_sigaltstack
sys_enter_gettid
sys_enter_rt_sigprocmask
sys_enter_futex
sys_enter_futex
sys_enter_mmap
sys_enter_futex
sys_enter_futex
sys_enter_futex
sys_enter_openat
sys_enter_read
sys_enter_read
sys_enter_close
sys_enter_socket
sys_enter_close
sys_enter_socket
sys_enter_setsockopt
sys_enter_bind
sys_enter_socket
sys_enter_setsockopt
sys_enter_bind
sys_enter_close
sys_enter_close
sys_enter_getpid
sys_enter_getppid
sys_enter_mmap
sys_enter_mmap
sys_enter_getppid
sys_enter_openat
sys_enter_pipe2
sys_enter_getpid
sys_enter_clone
sys_enter_setsid
sys_enter_close
sys_enter_read
sys_enter_chdir
sys_enter_execve
sys_enter_close
sys_enter_exit_group
sys_enter_mmap
sys_enter_mmap
sys_enter_mprotect
sys_enter_mmap
sys_enter_mmap
sys_enter_mprotect
sys_enter_mmap
sys_enter_mprotect
sys_enter_mmap
sys_enter_mprotect
sys_enter_mmap
sys_enter_mmap
sys_enter_close
sys_enter_munmap
sys_enter_sched_getaffinity
sys_enter_mmap
sys_enter_munmap
sys_enter_mmap
sys_enter_mmap
sys_enter_mmap
sys_enter_mmap
sys_enter_mmap
sys_enter_mmap
sys_enter_rt_sigprocmask
sys_enter_sigaltstack
sys_enter_sigaltstack
sys_enter_gettid
sys_enter_rt_sigprocmask
sys_enter_rt_sigaction
sys_enter_rt_sigaction
sys_enter_rt_sigaction
sys_enter_rt_sigaction
sys_enter_rt_sigaction
sys_enter_rt_sigaction
sys_enter_rt_sigaction
sys_enter_rt_sigaction
sys_enter_rt_sigaction
sys_enter_rt_sigaction
sys_enter_rt_sigaction
sys_enter_rt_sigaction
sys_enter_rt_sigaction
sys_enter_rt_sigaction
sys_enter_rt_sigaction
sys_enter_rt_sigaction
sys_enter_rt_sigaction
sys_enter_rt_sigaction
sys_enter_rt_sigaction
sys_enter_rt_sigaction
sys_enter_rt_sigaction
sys_enter_rt_sigaction
sys_enter_rt_sigaction
sys_enter_rt_sigaction
sys_enter_rt_sigaction
sys_enter_rt_sigaction
sys_enter_rt_sigaction
sys_enter_rt_sigaction
sys_enter_rt_sigaction
sys_enter_rt_sigaction
sys_enter_rt_sigaction
sys_enter_rt_sigaction
sys_enter_rt_sigaction
sys_enter_rt_sigaction
sys_enter_rt_sigaction
sys_enter_rt_sigaction
sys_enter_rt_sigaction
sys_enter_rt_sigaction
sys_enter_rt_sigaction
sys_enter_rt_sigaction
sys_enter_rt_sigaction
sys_enter_rt_sigaction
sys_enter_rt_sigaction
sys_enter_rt_sigaction
sys_enter_rt_sigaction
sys_enter_rt_sigaction
sys_enter_rt_sigaction
sys_enter_rt_sigaction
sys_enter_rt_sigaction
sys_enter_rt_sigaction
sys_enter_rt_sigaction
sys_enter_rt_sigaction
sys_enter_rt_sigaction
sys_enter_rt_sigaction
sys_enter_rt_sigaction
sys_enter_rt_sigaction
sys_enter_rt_sigaction
sys_enter_rt_sigaction
sys_enter_rt_sigaction
sys_enter_rt_sigaction
sys_enter_rt_sigaction
sys_enter_rt_sigaction
sys_enter_rt_sigaction
sys_enter_rt_sigaction
sys_enter_rt_sigaction
sys_enter_rt_sigaction
sys_enter_rt_sigaction
sys_enter_rt_sigaction
sys_enter_rt_sigaction
sys_enter_rt_sigaction
sys_enter_rt_sigaction
sys_enter_rt_sigaction
sys_enter_rt_sigaction
sys_enter_rt_sigaction
sys_enter_rt_sigaction
sys_enter_rt_sigaction
sys_enter_rt_sigaction
sys_enter_rt_sigaction
sys_enter_rt_sigaction
sys_enter_rt_sigaction
sys_enter_rt_sigaction
sys_enter_rt_sigaction
sys_enter_rt_sigaction
sys_enter_rt_sigaction
sys_enter_rt_sigaction
sys_enter_rt_sigaction
sys_enter_rt_sigaction
sys_enter_rt_sigaction
sys_enter_rt_sigaction
sys_enter_rt_sigaction
sys_enter_rt_sigaction
sys_enter_rt_sigaction
sys_enter_rt_sigaction
sys_enter_rt_sigaction
sys_enter_rt_sigaction
sys_enter_rt_sigaction
sys_enter_rt_sigaction
sys_enter_rt_sigaction
sys_enter_rt_sigaction
sys_enter_rt_sigaction
sys_enter_rt_sigaction
sys_enter_rt_sigaction
sys_enter_rt_sigaction
sys_enter_rt_sigaction
sys_enter_rt_sigaction
sys_enter_rt_sigaction
sys_enter_rt_sigaction
sys_enter_rt_sigaction
sys_enter_rt_sigaction
sys_enter_rt_sigaction
sys_enter_rt_sigaction
sys_enter_rt_sigaction
sys_enter_rt_sigaction
sys_enter_rt_sigaction
sys_enter_rt_sigprocmask
sys_enter_clone
sys_enter_rt_sigprocmask
sys_enter_gettid
sys_enter_sigaltstack
sys_enter_sigaltstack
sys_enter_gettid
sys_enter_rt_sigprocmask
sys_enter_rt_sigprocmask
sys_enter_clone
sys_enter_rt_sigprocmask
sys_enter_gettid
sys_enter_sigaltstack
sys_enter_sigaltstack
sys_enter_gettid
sys_enter_rt_sigprocmask
sys_enter_rt_sigprocmask
sys_enter_clone
sys_enter_rt_sigprocmask
sys_enter_clone
sys_enter_rt_sigprocmask
sys_enter_futex
sys_enter_gettid
sys_enter_rt_sigprocmask
sys_enter_sigaltstack
sys_enter_sigaltstack
sys_enter_gettid
sys_enter_gettid
sys_enter_rt_sigprocmask
sys_enter_sigaltstack
sys_enter_sigaltstack
sys_enter_gettid
sys_enter_rt_sigprocmask
sys_enter_futex
sys_enter_futex
sys_enter_futex
sys_enter_futex
sys_enter_futex
sys_enter_mmap
sys_enter_futex
sys_enter_futex
sys_enter_futex
sys_enter_openat
sys_enter_read
sys_enter_read
sys_enter_close
sys_enter_socket
sys_enter_close
sys_enter_socket
sys_enter_setsockopt
sys_enter_bind
sys_enter_socket
sys_enter_setsockopt
sys_enter_bind
sys_enter_close
sys_enter_close
sys_enter_getpid
sys_enter_getppid
sys_enter_mmap
sys_enter_mmap
sys_enter_getppid
sys_enter_openat
sys_enter_pipe2
sys_enter_getpid
sys_enter_clone
sys_enter_setsid
sys_enter_close
sys_enter_read
sys_enter_chdir
sys_enter_execve
sys_enter_close
sys_enter_exit_group
sys_enter_mmap
sys_enter_mmap
sys_enter_mprotect
sys_enter_mmap
sys_enter_mmap
sys_enter_mprotect
sys_enter_mmap
sys_enter_mprotect
sys_enter_mmap
sys_enter_mprotect
sys_enter_mmap
sys_enter_mmap
sys_enter_close
sys_enter_munmap
sys_enter_sched_getaffinity
sys_enter_mmap
sys_enter_munmap
sys_enter_mmap
sys_enter_mmap
sys_enter_mmap
sys_enter_mmap
sys_enter_mmap
sys_enter_mmap
sys_enter_rt_sigprocmask
sys_enter_sigaltstack
sys_enter_sigaltstack
sys_enter_gettid
sys_enter_rt_sigprocmask
sys_enter_rt_sigaction
sys_enter_rt_sigaction
sys_enter_rt_sigaction
sys_enter_rt_sigaction
sys_enter_rt_sigaction
sys_enter_rt_sigaction
sys_enter_rt_sigaction
sys_enter_rt_sigaction
sys_enter_rt_sigaction
sys_enter_rt_sigaction
sys_enter_rt_sigaction
sys_enter_rt_sigaction
sys_enter_rt_sigaction
sys_enter_rt_sigaction
sys_enter_rt_sigaction
sys_enter_rt_sigaction
sys_enter_rt_sigaction
sys_enter_rt_sigaction
sys_enter_rt_sigaction
sys_enter_rt_sigaction
sys_enter_rt_sigaction
sys_enter_rt_sigaction
sys_enter_rt_sigaction
sys_enter_rt_sigaction
sys_enter_rt_sigaction
sys_enter_rt_sigaction
sys_enter_rt_sigaction
sys_enter_rt_sigaction
sys_enter_rt_sigaction
sys_enter_rt_sigaction
sys_enter_rt_sigaction
sys_enter_rt_sigaction
sys_enter_rt_sigaction
sys_enter_rt_sigaction
sys_enter_rt_sigaction
sys_enter_rt_sigaction
sys_enter_rt_sigaction
sys_enter_rt_sigaction
sys_enter_rt_sigaction
sys_enter_rt_sigaction
sys_enter_rt_sigaction
sys_enter_rt_sigaction
sys_enter_rt_sigaction
sys_enter_rt_sigaction
sys_enter_rt_sigaction
sys_enter_rt_sigaction
sys_enter_rt_sigaction
sys_enter_rt_sigaction
sys_enter_rt_sigaction
sys_enter_rt_sigaction
sys_enter_rt_sigaction
sys_enter_rt_sigaction
sys_enter_rt_sigaction
sys_enter_rt_sigaction
sys_enter_rt_sigaction
sys_enter_rt_sigaction
sys_enter_rt_sigaction
sys_enter_rt_sigaction
sys_enter_rt_sigaction
sys_enter_rt_sigaction
sys_enter_rt_sigaction
sys_enter_rt_sigaction
sys_enter_rt_sigaction
sys_enter_rt_sigaction
sys_enter_rt_sigaction
sys_enter_rt_sigaction
sys_enter_rt_sigaction
sys_enter_rt_sigaction
sys_enter_rt_sigaction
sys_enter_rt_sigaction
sys_enter_rt_sigaction
sys_enter_rt_sigaction
sys_enter_rt_sigaction
sys_enter_rt_sigaction
sys_enter_rt_sigaction
sys_enter_rt_sigaction
sys_enter_rt_sigaction
sys_enter_rt_sigaction
sys_enter_rt_sigaction
sys_enter_rt_sigaction
sys_enter_rt_sigaction
sys_enter_rt_sigaction
sys_enter_rt_sigaction
sys_enter_rt_sigaction
sys_enter_rt_sigaction
sys_enter_rt_sigaction
sys_enter_rt_sigaction
sys_enter_rt_sigaction
sys_enter_rt_sigaction
sys_enter_rt_sigaction
sys_enter_rt_sigaction
sys_enter_rt_sigaction
sys_enter_rt_sigaction
sys_enter_rt_sigaction
sys_enter_rt_sigaction
sys_enter_rt_sigaction
sys_enter_rt_sigaction
sys_enter_rt_sigaction
sys_enter_rt_sigaction
sys_enter_rt_sigaction
sys_enter_rt_sigaction
sys_enter_rt_sigaction
sys_enter_rt_sigaction
sys_enter_rt_sigaction
sys_enter_rt_sigaction
sys_enter_rt_sigaction
sys_enter_rt_sigaction
sys_enter_rt_sigaction
sys_enter_rt_sigaction
sys_enter_rt_sigaction
sys_enter_rt_sigaction
sys_enter_rt_sigaction
sys_enter_rt_sigaction
sys_enter_rt_sigaction
sys_enter_rt_sigprocmask
sys_enter_clone
sys_enter_rt_sigprocmask
sys_enter_gettid
sys_enter_sigaltstack
sys_enter_sigaltstack
sys_enter_gettid
sys_enter_rt_sigprocmask
sys_enter_rt_sigprocmask
sys_enter_clone
sys_enter_rt_sigprocmask
sys_enter_gettid
sys_enter_sigaltstack
sys_enter_sigaltstack
sys_enter_gettid
sys_enter_rt_sigprocmask
sys_enter_rt_sigprocmask
sys_enter_clone
sys_enter_rt_sigprocmask
sys_enter_sched_yield
sys_enter_futex
sys_enter_futex
sys_enter_gettid
sys_enter_sigaltstack
sys_enter_sigaltstack
sys_enter_gettid
sys_enter_rt_sigprocmask
sys_enter_futex
sys_enter_futex
sys_enter_rt_sigprocmask
sys_enter_clone
sys_enter_rt_sigprocmask
sys_enter_futex
sys_enter_gettid
sys_enter_sigaltstack
sys_enter_sigaltstack
sys_enter_gettid
sys_enter_rt_sigprocmask
sys_enter_futex
sys_enter_futex
sys_enter_mmap
sys_enter_futex
sys_enter_futex
sys_enter_futex
sys_enter_openat
sys_enter_read
sys_enter_read
sys_enter_close
sys_enter_socket
sys_enter_close
sys_enter_socket
sys_enter_setsockopt
sys_enter_bind
sys_enter_socket
sys_enter_setsockopt
sys_enter_bind
sys_enter_close
sys_enter_close
sys_enter_getpid
sys_enter_getppid
sys_enter_mmap
sys_enter_mmap
sys_enter_getppid
sys_enter_openat
sys_enter_pipe2
sys_enter_getpid
sys_enter_clone
sys_enter_setsid
sys_enter_close
sys_enter_read
sys_enter_chdir
sys_enter_execve
sys_enter_close
sys_enter_mmap
sys_enter_mmap
sys_enter_exit_group
sys_enter_mprotect
sys_enter_mmap
sys_enter_mmap
sys_enter_mprotect
sys_enter_mmap
sys_enter_mprotect
sys_enter_mmap
sys_enter_mprotect
sys_enter_mmap
sys_enter_mmap
sys_enter_close
sys_enter_munmap
sys_enter_sched_getaffinity
sys_enter_mmap
sys_enter_munmap
sys_enter_mmap
sys_enter_mmap
sys_enter_mmap
sys_enter_mmap
sys_enter_mmap
sys_enter_mmap
sys_enter_rt_sigprocmask
sys_enter_sigaltstack
sys_enter_sigaltstack
sys_enter_gettid
sys_enter_rt_sigprocmask
sys_enter_rt_sigaction
sys_enter_rt_sigaction
sys_enter_rt_sigaction
sys_enter_rt_sigaction
sys_enter_rt_sigaction
sys_enter_rt_sigaction
sys_enter_rt_sigaction
sys_enter_rt_sigaction
sys_enter_rt_sigaction
sys_enter_rt_sigaction
sys_enter_rt_sigaction
sys_enter_rt_sigaction
sys_enter_rt_sigaction
sys_enter_rt_sigaction
sys_enter_rt_sigaction
sys_enter_rt_sigaction
sys_enter_rt_sigaction
sys_enter_rt_sigaction
sys_enter_rt_sigaction
sys_enter_rt_sigaction
sys_enter_rt_sigaction
sys_enter_rt_sigaction
sys_enter_rt_sigaction
sys_enter_rt_sigaction
sys_enter_rt_sigaction
sys_enter_rt_sigaction
sys_enter_rt_sigaction
sys_enter_rt_sigaction
sys_enter_rt_sigaction
sys_enter_rt_sigaction
sys_enter_rt_sigaction
sys_enter_rt_sigaction
sys_enter_rt_sigaction
sys_enter_rt_sigaction
sys_enter_rt_sigaction
sys_enter_rt_sigaction
sys_enter_rt_sigaction
sys_enter_rt_sigaction
sys_enter_rt_sigaction
sys_enter_rt_sigaction
sys_enter_rt_sigaction
sys_enter_rt_sigaction
sys_enter_rt_sigaction
sys_enter_rt_sigaction
sys_enter_rt_sigaction
sys_enter_rt_sigaction
sys_enter_rt_sigaction
sys_enter_rt_sigaction
sys_enter_rt_sigaction
sys_enter_rt_sigaction
sys_enter_rt_sigaction
sys_enter_rt_sigaction
sys_enter_rt_sigaction
sys_enter_rt_sigaction
sys_enter_rt_sigaction
sys_enter_rt_sigaction
sys_enter_rt_sigaction
sys_enter_rt_sigaction
sys_enter_rt_sigaction
sys_enter_rt_sigaction
sys_enter_rt_sigaction
sys_enter_rt_sigaction
sys_enter_rt_sigaction
sys_enter_rt_sigaction
sys_enter_rt_sigaction
sys_enter_rt_sigaction
sys_enter_rt_sigaction
sys_enter_rt_sigaction
sys_enter_rt_sigaction
sys_enter_rt_sigaction
sys_enter_rt_sigaction
sys_enter_rt_sigaction
sys_enter_rt_sigaction
sys_enter_rt_sigaction
sys_enter_rt_sigaction
sys_enter_rt_sigaction
sys_enter_rt_sigaction
sys_enter_rt_sigaction
sys_enter_rt_sigaction
sys_enter_rt_sigaction
sys_enter_rt_sigaction
sys_enter_rt_sigaction
sys_enter_rt_sigaction
sys_enter_rt_sigaction
sys_enter_rt_sigaction
sys_enter_rt_sigaction
sys_enter_rt_sigaction
sys_enter_rt_sigaction
sys_enter_rt_sigaction
sys_enter_rt_sigaction
sys_enter_rt_sigaction
sys_enter_rt_sigaction
sys_enter_rt_sigaction
sys_enter_rt_sigaction
sys_enter_rt_sigaction
sys_enter_rt_sigaction
sys_enter_rt_sigaction
sys_enter_rt_sigaction
sys_enter_rt_sigaction
sys_enter_rt_sigaction
sys_enter_rt_sigaction
sys_enter_rt_sigaction
sys_enter_rt_sigaction
sys_enter_rt_sigaction
sys_enter_rt_sigaction
sys_enter_rt_sigaction
sys_enter_rt_sigaction
sys_enter_rt_sigaction
sys_enter_rt_sigaction
sys_enter_rt_sigaction
sys_enter_rt_sigaction
sys_enter_rt_sigaction
sys_enter_rt_sigaction
sys_enter_rt_sigaction
sys_enter_rt_sigprocmask
sys_enter_clone
sys_enter_rt_sigprocmask
sys_enter_gettid
sys_enter_sigaltstack
sys_enter_sigaltstack
sys_enter_gettid
sys_enter_rt_sigprocmask
sys_enter_rt_sigprocmask
sys_enter_clone
sys_enter_rt_sigprocmask
sys_enter_rt_sigprocmask
sys_enter_clone
sys_enter_rt_sigprocmask
sys_enter_futex
sys_enter_gettid
sys_enter_sigaltstack
sys_enter_sigaltstack
sys_enter_gettid
sys_enter_rt_sigprocmask
sys_enter_futex
sys_enter_gettid
sys_enter_sigaltstack
sys_enter_sigaltstack
sys_enter_gettid
sys_enter_rt_sigprocmask
sys_enter_rt_sigprocmask
sys_enter_clone
sys_enter_rt_sigprocmask
sys_enter_futex
sys_enter_gettid
sys_enter_sigaltstack
sys_enter_sigaltstack
sys_enter_gettid
sys_enter_rt_sigprocmask
sys_enter_futex
sys_enter_futex
sys_enter_futex
sys_enter_mmap
sys_enter_futex
sys_enter_futex
sys_enter_futex
sys_enter_openat
sys_enter_read
sys_enter_read
sys_enter_close
sys_enter_socket
sys_enter_close
sys_enter_socket
sys_enter_setsockopt
sys_enter_bind
sys_enter_socket
sys_enter_setsockopt
sys_enter_bind
sys_enter_close
sys_enter_close
sys_enter_getpid
sys_enter_getppid
sys_enter_mmap
sys_enter_mmap
sys_enter_getppid
sys_enter_openat
sys_enter_pipe2
sys_enter_getpid
sys_enter_clone
sys_enter_setsid
sys_enter_close
sys_enter_read
sys_enter_chdir
sys_enter_execve
sys_enter_close
sys_enter_mmap
sys_enter_exit_group
sys_enter_mmap
sys_enter_mprotect
sys_enter_mmap
sys_enter_mmap
sys_enter_mprotect
sys_enter_mmap
sys_enter_mprotect
sys_enter_mmap
sys_enter_mprotect
sys_enter_mmap
sys_enter_mmap
sys_enter_close
sys_enter_munmap
sys_enter_sched_getaffinity
sys_enter_mmap
sys_enter_munmap
sys_enter_mmap
sys_enter_mmap
sys_enter_mmap
sys_enter_mmap
sys_enter_mmap
sys_enter_mmap
sys_enter_rt_sigprocmask
sys_enter_sigaltstack
sys_enter_sigaltstack
sys_enter_gettid
sys_enter_rt_sigprocmask
sys_enter_rt_sigaction
sys_enter_rt_sigaction
sys_enter_rt_sigaction
sys_enter_rt_sigaction
sys_enter_rt_sigaction
sys_enter_rt_sigaction
sys_enter_rt_sigaction
sys_enter_rt_sigaction
sys_enter_rt_sigaction
sys_enter_rt_sigaction
sys_enter_rt_sigaction
sys_enter_rt_sigaction
sys_enter_rt_sigaction
sys_enter_rt_sigaction
sys_enter_rt_sigaction
sys_enter_rt_sigaction
sys_enter_rt_sigaction
sys_enter_rt_sigaction
sys_enter_rt_sigaction
sys_enter_rt_sigaction
sys_enter_rt_sigaction
sys_enter_rt_sigaction
sys_enter_rt_sigaction
sys_enter_rt_sigaction
sys_enter_rt_sigaction
sys_enter_rt_sigaction
sys_enter_rt_sigaction
sys_enter_rt_sigaction
sys_enter_rt_sigaction
sys_enter_rt_sigaction
sys_enter_rt_sigaction
sys_enter_rt_sigaction
sys_enter_rt_sigaction
sys_enter_rt_sigaction
sys_enter_rt_sigaction
sys_enter_rt_sigaction
sys_enter_rt_sigaction
sys_enter_rt_sigaction
sys_enter_rt_sigaction
sys_enter_rt_sigaction
sys_enter_rt_sigaction
sys_enter_rt_sigaction
sys_enter_rt_sigaction
sys_enter_rt_sigaction
sys_enter_rt_sigaction
sys_enter_rt_sigaction
sys_enter_rt_sigaction
sys_enter_rt_sigaction
sys_enter_rt_sigaction
sys_enter_rt_sigaction
sys_enter_rt_sigaction
sys_enter_rt_sigaction
sys_enter_rt_sigaction
sys_enter_rt_sigaction
sys_enter_rt_sigaction
sys_enter_rt_sigaction
sys_enter_rt_sigaction
sys_enter_rt_sigaction
sys_enter_rt_sigaction
sys_enter_rt_sigaction
sys_enter_rt_sigaction
sys_enter_rt_sigaction
sys_enter_rt_sigaction
sys_enter_rt_sigaction
sys_enter_rt_sigaction
sys_enter_rt_sigaction
sys_enter_rt_sigaction
sys_enter_rt_sigaction
sys_enter_rt_sigaction
sys_enter_rt_sigaction
sys_enter_rt_sigaction
sys_enter_rt_sigaction
sys_enter_rt_sigaction
sys_enter_rt_sigaction
sys_enter_rt_sigaction
sys_enter_rt_sigaction
sys_enter_rt_sigaction
sys_enter_rt_sigaction
sys_enter_rt_sigaction
sys_enter_rt_sigaction
sys_enter_rt_sigaction
sys_enter_rt_sigaction
sys_enter_rt_sigaction
sys_enter_rt_sigaction
sys_enter_rt_sigaction
sys_enter_rt_sigaction
sys_enter_rt_sigaction
sys_enter_rt_sigaction
sys_enter_rt_sigaction
sys_enter_rt_sigaction
sys_enter_rt_sigaction
sys_enter_rt_sigaction
sys_enter_rt_sigaction
sys_enter_rt_sigaction
sys_enter_rt_sigaction
sys_enter_rt_sigaction
sys_enter_rt_sigaction
sys_enter_rt_sigaction
sys_enter_rt_sigaction
sys_enter_rt_sigaction
sys_enter_rt_sigaction
sys_enter_rt_sigaction
sys_enter_rt_sigaction
sys_enter_rt_sigaction
sys_enter_rt_sigaction
sys_enter_rt_sigaction
sys_enter_rt_sigaction
sys_enter_rt_sigaction
sys_enter_rt_sigaction
sys_enter_rt_sigaction
sys_enter_rt_sigaction
sys_enter_rt_sigaction
sys_enter_rt_sigaction
sys_enter_rt_sigaction
sys_enter_rt_sigprocmask
sys_enter_clone
sys_enter_rt_sigprocmask
sys_enter_gettid
sys_enter_sigaltstack
sys_enter_sigaltstack
sys_enter_gettid
sys_enter_rt_sigprocmask
sys_enter_rt_sigprocmask
sys_enter_clone
sys_enter_rt_sigprocmask
sys_enter_gettid
sys_enter_sigaltstack
sys_enter_sigaltstack
sys_enter_gettid
sys_enter_rt_sigprocmask
sys_enter_rt_sigprocmask
sys_enter_clone
sys_enter_rt_sigprocmask
sys_enter_rt_sigprocmask
sys_enter_clone
sys_enter_futex
sys_enter_gettid
sys_enter_sigaltstack
sys_enter_sigaltstack
sys_enter_rt_sigprocmask
sys_enter_gettid
sys_enter_rt_sigprocmask
sys_enter_gettid
sys_enter_futex
sys_enter_sigaltstack
sys_enter_sigaltstack
sys_enter_futex
sys_enter_gettid
sys_enter_rt_sigprocmask
sys_enter_futex
sys_enter_futex
sys_enter_futex
sys_enter_mmap
sys_enter_futex
sys_enter_futex
sys_enter_futex
sys_enter_openat
sys_enter_read
sys_enter_read
sys_enter_close
sys_enter_socket
sys_enter_close
sys_enter_socket
sys_enter_setsockopt
sys_enter_bind
sys_enter_socket
sys_enter_setsockopt
sys_enter_bind
sys_enter_close
sys_enter_close
sys_enter_getpid
sys_enter_getppid
sys_enter_mmap
sys_enter_mmap
sys_enter_getppid
sys_enter_openat
sys_enter_pipe2
sys_enter_getpid
sys_enter_clone
sys_enter_setsid
sys_enter_close
sys_enter_read
sys_enter_chdir
sys_enter_execve
sys_enter_close
sys_enter_exit_group
sys_enter_mmap
sys_enter_mmap
sys_enter_mprotect
sys_enter_mmap
sys_enter_mmap
sys_enter_mprotect
sys_enter_mmap
sys_enter_mprotect
sys_enter_mmap
sys_enter_mprotect
sys_enter_mmap
sys_enter_mmap
sys_enter_close
sys_enter_munmap
sys_enter_sched_getaffinity
sys_enter_mmap
sys_enter_munmap
sys_enter_mmap
sys_enter_mmap
sys_enter_mmap
sys_enter_mmap
sys_enter_mmap
sys_enter_mmap
sys_enter_rt_sigprocmask
sys_enter_sigaltstack
sys_enter_sigaltstack
sys_enter_gettid
sys_enter_rt_sigprocmask
sys_enter_rt_sigaction
sys_enter_rt_sigaction
sys_enter_rt_sigaction
sys_enter_rt_sigaction
sys_enter_rt_sigaction
sys_enter_rt_sigaction
sys_enter_rt_sigaction
sys_enter_rt_sigaction
sys_enter_rt_sigaction
sys_enter_rt_sigaction
sys_enter_rt_sigaction
sys_enter_rt_sigaction
sys_enter_rt_sigaction
sys_enter_rt_sigaction
sys_enter_rt_sigaction
sys_enter_rt_sigaction
sys_enter_rt_sigaction
sys_enter_rt_sigaction
sys_enter_rt_sigaction
sys_enter_rt_sigaction
sys_enter_rt_sigaction
sys_enter_rt_sigaction
sys_enter_rt_sigaction
sys_enter_rt_sigaction
sys_enter_rt_sigaction
sys_enter_rt_sigaction
sys_enter_rt_sigaction
sys_enter_rt_sigaction
sys_enter_rt_sigaction
sys_enter_rt_sigaction
sys_enter_rt_sigaction
sys_enter_rt_sigaction
sys_enter_rt_sigaction
sys_enter_rt_sigaction
sys_enter_rt_sigaction
sys_enter_rt_sigaction
sys_enter_rt_sigaction
sys_enter_rt_sigaction
sys_enter_rt_sigaction
sys_enter_rt_sigaction
sys_enter_rt_sigaction
sys_enter_rt_sigaction
sys_enter_rt_sigaction
sys_enter_rt_sigaction
sys_enter_rt_sigaction
sys_enter_rt_sigaction
sys_enter_rt_sigaction
sys_enter_rt_sigaction
sys_enter_rt_sigaction
sys_enter_rt_sigaction
sys_enter_rt_sigaction
sys_enter_rt_sigaction
sys_enter_rt_sigaction
sys_enter_rt_sigaction
sys_enter_rt_sigaction
sys_enter_rt_sigaction
sys_enter_rt_sigaction
sys_enter_rt_sigaction
sys_enter_rt_sigaction
sys_enter_rt_sigaction
sys_enter_rt_sigaction
sys_enter_rt_sigaction
sys_enter_rt_sigaction
sys_enter_rt_sigaction
sys_enter_rt_sigaction
sys_enter_rt_sigaction
sys_enter_rt_sigaction
sys_enter_rt_sigaction
sys_enter_rt_sigaction
sys_enter_rt_sigaction
sys_enter_rt_sigaction
sys_enter_rt_sigaction
sys_enter_rt_sigaction
sys_enter_rt_sigaction
sys_enter_rt_sigaction
sys_enter_rt_sigaction
sys_enter_rt_sigaction
sys_enter_rt_sigaction
sys_enter_rt_sigaction
sys_enter_rt_sigaction
sys_enter_rt_sigaction
sys_enter_rt_sigaction
sys_enter_rt_sigaction
sys_enter_rt_sigaction
sys_enter_rt_sigaction
sys_enter_rt_sigaction
sys_enter_rt_sigaction
sys_enter_rt_sigaction
sys_enter_rt_sigaction
sys_enter_rt_sigaction
sys_enter_rt_sigaction
sys_enter_rt_sigaction
sys_enter_rt_sigaction
sys_enter_rt_sigaction
sys_enter_rt_sigaction
sys_enter_rt_sigaction
sys_enter_rt_sigaction
sys_enter_rt_sigaction
sys_enter_rt_sigaction
sys_enter_rt_sigaction
sys_enter_rt_sigaction
sys_enter_rt_sigaction
sys_enter_rt_sigaction
sys_enter_rt_sigaction
sys_enter_rt_sigaction
sys_enter_rt_sigaction
sys_enter_rt_sigaction
sys_enter_rt_sigaction
sys_enter_rt_sigaction
sys_enter_rt_sigaction
sys_enter_rt_sigaction
sys_enter_rt_sigaction
sys_enter_rt_sigaction
sys_enter_rt_sigaction
sys_enter_rt_sigprocmask
sys_enter_clone
sys_enter_rt_sigprocmask
sys_enter_gettid
sys_enter_sigaltstack
sys_enter_sigaltstack
sys_enter_gettid
sys_enter_rt_sigprocmask
sys_enter_rt_sigprocmask
sys_enter_clone
sys_enter_rt_sigprocmask
sys_enter_gettid
sys_enter_sigaltstack
sys_enter_sigaltstack
sys_enter_gettid
sys_enter_rt_sigprocmask
sys_enter_clone
sys_enter_rt_sigprocmask
sys_enter_rt_sigprocmask
sys_enter_futex
sys_enter_gettid
sys_enter_sigaltstack
sys_enter_sigaltstack
sys_enter_gettid
sys_enter_rt_sigprocmask
sys_enter_rt_sigprocmask
sys_enter_clone
sys_enter_futex
sys_enter_futex
sys_enter_rt_sigprocmask
sys_enter_futex
sys_enter_gettid
sys_enter_sigaltstack
sys_enter_sigaltstack
sys_enter_gettid
sys_enter_rt_sigprocmask
sys_enter_futex
sys_enter_futex
sys_enter_mmap
sys_enter_futex
sys_enter_futex
sys_enter_futex
sys_enter_openat
sys_enter_read
sys_enter_read
sys_enter_close
sys_enter_socket
sys_enter_close
sys_enter_socket
sys_enter_setsockopt
sys_enter_bind
sys_enter_socket
sys_enter_setsockopt
sys_enter_bind
sys_enter_close
sys_enter_close
sys_enter_getpid
sys_enter_getppid
sys_enter_mmap
sys_enter_mmap
sys_enter_getppid
sys_enter_openat
sys_enter_pipe2
sys_enter_getpid
sys_enter_clone
sys_enter_setsid
sys_enter_close
sys_enter_read
sys_enter_chdir
sys_enter_execve
sys_enter_close
sys_enter_exit_group
sys_enter_mmap
sys_enter_mmap
sys_enter_mprotect
sys_enter_mmap
sys_enter_mmap
sys_enter_mprotect
sys_enter_mmap
sys_enter_mprotect
sys_enter_mmap
sys_enter_mprotect
sys_enter_mmap
sys_enter_mmap
sys_enter_close
sys_enter_munmap
sys_enter_sched_getaffinity
sys_enter_mmap
sys_enter_munmap
sys_enter_mmap
sys_enter_mmap
sys_enter_mmap
sys_enter_mmap
sys_enter_mmap
sys_enter_mmap
sys_enter_rt_sigprocmask
sys_enter_sigaltstack
sys_enter_sigaltstack
sys_enter_gettid
sys_enter_rt_sigprocmask
sys_enter_rt_sigaction
sys_enter_rt_sigaction
sys_enter_rt_sigaction
sys_enter_rt_sigaction
sys_enter_rt_sigaction
sys_enter_rt_sigaction
sys_enter_rt_sigaction
sys_enter_rt_sigaction
sys_enter_rt_sigaction
sys_enter_rt_sigaction
sys_enter_rt_sigaction
sys_enter_rt_sigaction
sys_enter_rt_sigaction
sys_enter_rt_sigaction
sys_enter_rt_sigaction
sys_enter_rt_sigaction
sys_enter_rt_sigaction
sys_enter_rt_sigaction
sys_enter_rt_sigaction
sys_enter_rt_sigaction
sys_enter_rt_sigaction
sys_enter_rt_sigaction
sys_enter_rt_sigaction
sys_enter_rt_sigaction
sys_enter_rt_sigaction
sys_enter_rt_sigaction
sys_enter_rt_sigaction
sys_enter_rt_sigaction
sys_enter_rt_sigaction
sys_enter_rt_sigaction
sys_enter_rt_sigaction
sys_enter_rt_sigaction
sys_enter_rt_sigaction
sys_enter_rt_sigaction
sys_enter_rt_sigaction
sys_enter_rt_sigaction
sys_enter_rt_sigaction
sys_enter_rt_sigaction
sys_enter_rt_sigaction
sys_enter_rt_sigaction
sys_enter_rt_sigaction
sys_enter_rt_sigaction
sys_enter_rt_sigaction
sys_enter_rt_sigaction
sys_enter_rt_sigaction
sys_enter_rt_sigaction
sys_enter_rt_sigaction
sys_enter_rt_sigaction
sys_enter_rt_sigaction
sys_enter_rt_sigaction
sys_enter_rt_sigaction
sys_enter_rt_sigaction
sys_enter_rt_sigaction
sys_enter_rt_sigaction
sys_enter_rt_sigaction
sys_enter_rt_sigaction
sys_enter_rt_sigaction
sys_enter_rt_sigaction
sys_enter_rt_sigaction
sys_enter_rt_sigaction
sys_enter_rt_sigaction
sys_enter_rt_sigaction
sys_enter_rt_sigaction
sys_enter_rt_sigaction
sys_enter_rt_sigaction
sys_enter_rt_sigaction
sys_enter_rt_sigaction
sys_enter_rt_sigaction
sys_enter_rt_sigaction
sys_enter_rt_sigaction
sys_enter_rt_sigaction
sys_enter_rt_sigaction
sys_enter_rt_sigaction
sys_enter_rt_sigaction
sys_enter_rt_sigaction
sys_enter_rt_sigaction
sys_enter_rt_sigaction
sys_enter_rt_sigaction
sys_enter_rt_sigaction
sys_enter_rt_sigaction
sys_enter_rt_sigaction
sys_enter_rt_sigaction
sys_enter_rt_sigaction
sys_enter_rt_sigaction
sys_enter_rt_sigaction
sys_enter_rt_sigaction
sys_enter_rt_sigaction
sys_enter_rt_sigaction
sys_enter_rt_sigaction
sys_enter_rt_sigaction
sys_enter_rt_sigaction
sys_enter_rt_sigaction
sys_enter_rt_sigaction
sys_enter_rt_sigaction
sys_enter_rt_sigaction
sys_enter_rt_sigaction
sys_enter_rt_sigaction
sys_enter_rt_sigaction
sys_enter_rt_sigaction
sys_enter_rt_sigaction
sys_enter_rt_sigaction
sys_enter_rt_sigaction
sys_enter_rt_sigaction
sys_enter_rt_sigaction
sys_enter_rt_sigaction
sys_enter_rt_sigaction
sys_enter_rt_sigaction
sys_enter_rt_sigaction
sys_enter_rt_sigaction
sys_enter_rt_sigaction
sys_enter_rt_sigaction
sys_enter_rt_sigaction
sys_enter_rt_sigaction
sys_enter_rt_sigaction
sys_enter_rt_sigprocmask
sys_enter_clone
sys_enter_rt_sigprocmask
sys_enter_gettid
sys_enter_sigaltstack
sys_enter_sigaltstack
sys_enter_gettid
sys_enter_rt_sigprocmask
sys_enter_rt_sigprocmask
sys_enter_clone
sys_enter_rt_sigprocmask
sys_enter_gettid
sys_enter_sigaltstack
sys_enter_sigaltstack
sys_enter_gettid
sys_enter_rt_sigprocmask
sys_enter_rt_sigprocmask
sys_enter_clone
sys_enter_rt_sigprocmask
sys_enter_sched_yield
sys_enter_gettid
sys_enter_futex
sys_enter_sigaltstack
sys_enter_sigaltstack
sys_enter_futex
sys_enter_gettid
sys_enter_rt_sigprocmask
sys_enter_rt_sigprocmask
sys_enter_clone
sys_enter_futex
sys_enter_futex
sys_enter_rt_sigprocmask
sys_enter_futex
sys_enter_gettid
sys_enter_sigaltstack
sys_enter_sigaltstack
sys_enter_gettid
sys_enter_rt_sigprocmask
sys_enter_futex
sys_enter_futex
sys_enter_mmap
sys_enter_futex
sys_enter_futex
sys_enter_futex
sys_enter_openat
sys_enter_read
sys_enter_read
sys_enter_close
sys_enter_socket
sys_enter_close
sys_enter_socket
sys_enter_setsockopt
sys_enter_bind
sys_enter_socket
sys_enter_setsockopt
sys_enter_bind
sys_enter_close
sys_enter_close
sys_enter_getpid
sys_enter_getppid
sys_enter_mmap
sys_enter_mmap
sys_enter_getppid
sys_enter_openat
sys_enter_pipe2
sys_enter_getpid
sys_enter_clone
sys_enter_setsid
sys_enter_close
sys_enter_read
sys_enter_chdir
sys_enter_execve
sys_enter_close
sys_enter_exit_group
sys_enter_mmap
sys_enter_mmap
sys_enter_mprotect
sys_enter_mmap
sys_enter_mmap
sys_enter_mprotect
sys_enter_mmap
sys_enter_mprotect
sys_enter_mmap
sys_enter_mprotect
sys_enter_mmap
sys_enter_mmap
sys_enter_close
sys_enter_munmap
sys_enter_sched_getaffinity
sys_enter_mmap
sys_enter_munmap
sys_enter_mmap
sys_enter_mmap
sys_enter_mmap
sys_enter_mmap
sys_enter_mmap
sys_enter_mmap
sys_enter_rt_sigprocmask
sys_enter_sigaltstack
sys_enter_sigaltstack
sys_enter_gettid
sys_enter_rt_sigprocmask
sys_enter_rt_sigaction
sys_enter_rt_sigaction
sys_enter_rt_sigaction
sys_enter_rt_sigaction
sys_enter_rt_sigaction
sys_enter_rt_sigaction
sys_enter_rt_sigaction
sys_enter_rt_sigaction
sys_enter_rt_sigaction
sys_enter_rt_sigaction
sys_enter_rt_sigaction
sys_enter_rt_sigaction
sys_enter_rt_sigaction
sys_enter_rt_sigaction
sys_enter_rt_sigaction
sys_enter_rt_sigaction
sys_enter_rt_sigaction
sys_enter_rt_sigaction
sys_enter_rt_sigaction
sys_enter_rt_sigaction
sys_enter_rt_sigaction
sys_enter_rt_sigaction
sys_enter_rt_sigaction
sys_enter_rt_sigaction
sys_enter_rt_sigaction
sys_enter_rt_sigaction
sys_enter_rt_sigaction
sys_enter_rt_sigaction
sys_enter_rt_sigaction
sys_enter_rt_sigaction
sys_enter_rt_sigaction
sys_enter_rt_sigaction
sys_enter_rt_sigaction
sys_enter_rt_sigaction
sys_enter_rt_sigaction
sys_enter_rt_sigaction
sys_enter_rt_sigaction
sys_enter_rt_sigaction
sys_enter_rt_sigaction
sys_enter_rt_sigaction
sys_enter_rt_sigaction
sys_enter_rt_sigaction
sys_enter_rt_sigaction
sys_enter_rt_sigaction
sys_enter_rt_sigaction
sys_enter_rt_sigaction
sys_enter_rt_sigaction
sys_enter_rt_sigaction
sys_enter_rt_sigaction
sys_enter_rt_sigaction
sys_enter_rt_sigaction
sys_enter_rt_sigaction
sys_enter_rt_sigaction
sys_enter_rt_sigaction
sys_enter_rt_sigaction
sys_enter_rt_sigaction
sys_enter_rt_sigaction
sys_enter_rt_sigaction
sys_enter_rt_sigaction
sys_enter_rt_sigaction
sys_enter_rt_sigaction
sys_enter_rt_sigaction
sys_enter_rt_sigaction
sys_enter_rt_sigaction
sys_enter_rt_sigaction
sys_enter_rt_sigaction
sys_enter_rt_sigaction
sys_enter_rt_sigaction
sys_enter_rt_sigaction
sys_enter_rt_sigaction
sys_enter_rt_sigaction
sys_enter_rt_sigaction
sys_enter_rt_sigaction
sys_enter_rt_sigaction
sys_enter_rt_sigaction
sys_enter_rt_sigaction
sys_enter_rt_sigaction
sys_enter_rt_sigaction
sys_enter_rt_sigaction
sys_enter_rt_sigaction
sys_enter_rt_sigaction
sys_enter_rt_sigaction
sys_enter_rt_sigaction
sys_enter_rt_sigaction
sys_enter_rt_sigaction
sys_enter_rt_sigaction
sys_enter_rt_sigaction
sys_enter_rt_sigaction
sys_enter_rt_sigaction
sys_enter_rt_sigaction
sys_enter_rt_sigaction
sys_enter_rt_sigaction
sys_enter_rt_sigaction
sys_enter_rt_sigaction
sys_enter_rt_sigaction
sys_enter_rt_sigaction
sys_enter_rt_sigaction
sys_enter_rt_sigaction
sys_enter_rt_sigaction
sys_enter_rt_sigaction
sys_enter_rt_sigaction
sys_enter_rt_sigaction
sys_enter_rt_sigaction
sys_enter_rt_sigaction
sys_enter_rt_sigaction
sys_enter_rt_sigaction
sys_enter_rt_sigaction
sys_enter_rt_sigaction
sys_enter_rt_sigaction
sys_enter_rt_sigaction
sys_enter_rt_sigaction
sys_enter_rt_sigaction
sys_enter_rt_sigaction
sys_enter_rt_sigaction
sys_enter_rt_sigprocmask
sys_enter_clone
sys_enter_rt_sigprocmask
sys_enter_gettid
sys_enter_sigaltstack
sys_enter_sigaltstack
sys_enter_gettid
sys_enter_rt_sigprocmask
sys_enter_rt_sigprocmask
sys_enter_clone
sys_enter_rt_sigprocmask
sys_enter_gettid
sys_enter_sigaltstack
sys_enter_sigaltstack
sys_enter_gettid
sys_enter_rt_sigprocmask
sys_enter_rt_sigprocmask
sys_enter_clone
sys_enter_rt_sigprocmask
sys_enter_futex
sys_enter_gettid
sys_enter_sigaltstack
sys_enter_sigaltstack
sys_enter_gettid
sys_enter_rt_sigprocmask
sys_enter_rt_sigprocmask
sys_enter_clone
sys_enter_rt_sigprocmask
sys_enter_gettid
sys_enter_sigaltstack
sys_enter_sigaltstack
sys_enter_gettid
sys_enter_rt_sigprocmask
sys_enter_futex
sys_enter_futex
sys_enter_futex
sys_enter_futex
sys_enter_futex
sys_enter_mmap
sys_enter_futex
sys_enter_futex
sys_enter_futex
sys_enter_openat
sys_enter_read
sys_enter_read
sys_enter_close
sys_enter_socket
sys_enter_close
sys_enter_socket
sys_enter_setsockopt
sys_enter_bind
sys_enter_socket
sys_enter_setsockopt
sys_enter_bind
sys_enter_close
sys_enter_close
sys_enter_getpid
sys_enter_getppid
sys_enter_mmap
sys_enter_mmap
sys_enter_getppid
sys_enter_openat
sys_enter_pipe2
sys_enter_getpid
sys_enter_clone
sys_enter_setsid
sys_enter_close
sys_enter_read
sys_enter_chdir
sys_enter_execve
sys_enter_close
sys_enter_mmap
sys_enter_exit_group
sys_enter_mmap
sys_enter_mprotect
sys_enter_mmap
sys_enter_mmap
sys_enter_mprotect
sys_enter_mmap
sys_enter_mprotect
sys_enter_mmap
sys_enter_mprotect
sys_enter_mmap
sys_enter_mmap
sys_enter_close
sys_enter_munmap
sys_enter_sched_getaffinity
sys_enter_mmap
sys_enter_munmap
sys_enter_mmap
sys_enter_mmap
sys_enter_mmap
sys_enter_mmap
sys_enter_mmap
sys_enter_mmap
sys_enter_rt_sigprocmask
sys_enter_sigaltstack
sys_enter_sigaltstack
sys_enter_gettid
sys_enter_rt_sigprocmask
sys_enter_rt_sigaction
sys_enter_rt_sigaction
sys_enter_rt_sigaction
sys_enter_rt_sigaction
sys_enter_rt_sigaction
sys_enter_rt_sigaction
sys_enter_rt_sigaction
sys_enter_rt_sigaction
sys_enter_rt_sigaction
sys_enter_rt_sigaction
sys_enter_rt_sigaction
sys_enter_rt_sigaction
sys_enter_rt_sigaction
sys_enter_rt_sigaction
sys_enter_rt_sigaction
sys_enter_rt_sigaction
sys_enter_rt_sigaction
sys_enter_rt_sigaction
sys_enter_rt_sigaction
sys_enter_rt_sigaction
sys_enter_rt_sigaction
sys_enter_rt_sigaction
sys_enter_rt_sigaction
sys_enter_rt_sigaction
sys_enter_rt_sigaction
sys_enter_rt_sigaction
sys_enter_rt_sigaction
sys_enter_rt_sigaction
sys_enter_rt_sigaction
sys_enter_rt_sigaction
sys_enter_rt_sigaction
sys_enter_rt_sigaction
sys_enter_rt_sigaction
sys_enter_rt_sigaction
sys_enter_rt_sigaction
sys_enter_rt_sigaction
sys_enter_rt_sigaction
sys_enter_rt_sigaction
sys_enter_rt_sigaction
sys_enter_rt_sigaction
sys_enter_rt_sigaction
sys_enter_rt_sigaction
sys_enter_rt_sigaction
sys_enter_rt_sigaction
sys_enter_rt_sigaction
sys_enter_rt_sigaction
sys_enter_rt_sigaction
sys_enter_rt_sigaction
sys_enter_rt_sigaction
sys_enter_rt_sigaction
sys_enter_rt_sigaction
sys_enter_rt_sigaction
sys_enter_rt_sigaction
sys_enter_rt_sigaction
sys_enter_rt_sigaction
sys_enter_rt_sigaction
sys_enter_rt_sigaction
sys_enter_rt_sigaction
sys_enter_rt_sigaction
sys_enter_rt_sigaction
sys_enter_rt_sigaction
sys_enter_rt_sigaction
sys_enter_rt_sigaction
sys_enter_rt_sigaction
sys_enter_rt_sigaction
sys_enter_rt_sigaction
sys_enter_rt_sigaction
sys_enter_rt_sigaction
sys_enter_rt_sigaction
sys_enter_rt_sigaction
sys_enter_rt_sigaction
sys_enter_rt_sigaction
sys_enter_rt_sigaction
sys_enter_rt_sigaction
sys_enter_rt_sigaction
sys_enter_rt_sigaction
sys_enter_rt_sigaction
sys_enter_rt_sigaction
sys_enter_rt_sigaction
sys_enter_rt_sigaction
sys_enter_rt_sigaction
sys_enter_rt_sigaction
sys_enter_rt_sigaction
sys_enter_rt_sigaction
sys_enter_rt_sigaction
sys_enter_rt_sigaction
sys_enter_rt_sigaction
sys_enter_rt_sigaction
sys_enter_rt_sigaction
sys_enter_rt_sigaction
sys_enter_rt_sigaction
sys_enter_rt_sigaction
sys_enter_rt_sigaction
sys_enter_rt_sigaction
sys_enter_rt_sigaction
sys_enter_rt_sigaction
sys_enter_rt_sigaction
sys_enter_rt_sigaction
sys_enter_rt_sigaction
sys_enter_rt_sigaction
sys_enter_rt_sigaction
sys_enter_rt_sigaction
sys_enter_rt_sigaction
sys_enter_rt_sigaction
sys_enter_rt_sigaction
sys_enter_rt_sigaction
sys_enter_rt_sigaction
sys_enter_rt_sigaction
sys_enter_rt_sigaction
sys_enter_rt_sigaction
sys_enter_rt_sigaction
sys_enter_rt_sigaction
sys_enter_rt_sigaction
sys_enter_rt_sigaction
sys_enter_rt_sigprocmask
sys_enter_clone
sys_enter_rt_sigprocmask
sys_enter_gettid
sys_enter_sigaltstack
sys_enter_sigaltstack
sys_enter_gettid
sys_enter_rt_sigprocmask
sys_enter_rt_sigprocmask
sys_enter_clone
sys_enter_rt_sigprocmask
sys_enter_gettid
sys_enter_sigaltstack
sys_enter_sigaltstack
sys_enter_gettid
sys_enter_rt_sigprocmask
sys_enter_rt_sigprocmask
sys_enter_clone
sys_enter_rt_sigprocmask
sys_enter_futex
sys_enter_rt_sigprocmask
sys_enter_clone
sys_enter_gettid
sys_enter_sigaltstack
sys_enter_sigaltstack
sys_enter_gettid
sys_enter_rt_sigprocmask
sys_enter_rt_sigprocmask
sys_enter_gettid
sys_enter_futex
sys_enter_futex
sys_enter_sigaltstack
sys_enter_futex
sys_enter_mmap
sys_enter_sigaltstack
sys_enter_gettid
sys_enter_rt_sigprocmask
sys_enter_futex
sys_enter_futex
sys_enter_futex
sys_enter_openat
sys_enter_futex
sys_enter_futex
sys_enter_read
sys_enter_read
sys_enter_close
sys_enter_socket
sys_enter_close
sys_enter_socket
sys_enter_setsockopt
sys_enter_bind
sys_enter_socket
sys_enter_setsockopt
sys_enter_bind
sys_enter_close
sys_enter_close
sys_enter_mmap
sys_enter_getpid
sys_enter_getppid
sys_enter_mmap
sys_enter_mmap
sys_enter_mmap
sys_enter_getppid
sys_enter_openat
sys_enter_pipe2
sys_enter_getpid
sys_enter_clone
sys_enter_setsid
sys_enter_close
sys_enter_read
sys_enter_chdir
sys_enter_execve
sys_enter_close
sys_enter_mmap
sys_enter_mmap
sys_enter_exit_group
sys_enter_mprotect
sys_enter_mmap
sys_enter_mmap
sys_enter_mprotect
sys_enter_mmap
sys_enter_mprotect
sys_enter_mmap
sys_enter_mprotect
sys_enter_mmap
sys_enter_mmap
sys_enter_close
sys_enter_munmap
sys_enter_sched_getaffinity
sys_enter_mmap
sys_enter_munmap
sys_enter_mmap
sys_enter_mmap
sys_enter_mmap
sys_enter_mmap
sys_enter_mmap
sys_enter_mmap
sys_enter_rt_sigprocmask
sys_enter_sigaltstack
sys_enter_sigaltstack
sys_enter_gettid
sys_enter_rt_sigprocmask
sys_enter_rt_sigaction
sys_enter_rt_sigaction
sys_enter_rt_sigaction
sys_enter_rt_sigaction
sys_enter_rt_sigaction
sys_enter_rt_sigaction
sys_enter_rt_sigaction
sys_enter_rt_sigaction
sys_enter_rt_sigaction
sys_enter_rt_sigaction
sys_enter_rt_sigaction
sys_enter_rt_sigaction
sys_enter_rt_sigaction
sys_enter_rt_sigaction
sys_enter_rt_sigaction
sys_enter_rt_sigaction
sys_enter_rt_sigaction
sys_enter_rt_sigaction
sys_enter_rt_sigaction
sys_enter_rt_sigaction
sys_enter_rt_sigaction
sys_enter_rt_sigaction
sys_enter_rt_sigaction
sys_enter_rt_sigaction
sys_enter_rt_sigaction
sys_enter_rt_sigaction
sys_enter_rt_sigaction
sys_enter_rt_sigaction
sys_enter_rt_sigaction
sys_enter_rt_sigaction
sys_enter_rt_sigaction
sys_enter_rt_sigaction
sys_enter_rt_sigaction
sys_enter_rt_sigaction
sys_enter_rt_sigaction
sys_enter_rt_sigaction
sys_enter_rt_sigaction
sys_enter_rt_sigaction
sys_enter_rt_sigaction
sys_enter_rt_sigaction
sys_enter_rt_sigaction
sys_enter_rt_sigaction
sys_enter_rt_sigaction
sys_enter_rt_sigaction
sys_enter_rt_sigaction
sys_enter_rt_sigaction
sys_enter_rt_sigaction
sys_enter_rt_sigaction
sys_enter_rt_sigaction
sys_enter_rt_sigaction
sys_enter_rt_sigaction
sys_enter_rt_sigaction
sys_enter_rt_sigaction
sys_enter_rt_sigaction
sys_enter_rt_sigaction
sys_enter_rt_sigaction
sys_enter_rt_sigaction
sys_enter_rt_sigaction
sys_enter_rt_sigaction
sys_enter_rt_sigaction
sys_enter_rt_sigaction
sys_enter_rt_sigaction
sys_enter_rt_sigaction
sys_enter_rt_sigaction
sys_enter_rt_sigaction
sys_enter_rt_sigaction
sys_enter_rt_sigaction
sys_enter_rt_sigaction
sys_enter_rt_sigaction
sys_enter_rt_sigaction
sys_enter_rt_sigaction
sys_enter_rt_sigaction
sys_enter_rt_sigaction
sys_enter_rt_sigaction
sys_enter_rt_sigaction
sys_enter_rt_sigaction
sys_enter_rt_sigaction
sys_enter_rt_sigaction
sys_enter_rt_sigaction
sys_enter_rt_sigaction
sys_enter_rt_sigaction
sys_enter_rt_sigaction
sys_enter_rt_sigaction
sys_enter_rt_sigaction
sys_enter_rt_sigaction
sys_enter_rt_sigaction
sys_enter_rt_sigaction
sys_enter_rt_sigaction
sys_enter_rt_sigaction
sys_enter_rt_sigaction
sys_enter_rt_sigaction
sys_enter_rt_sigaction
sys_enter_rt_sigaction
sys_enter_rt_sigaction
sys_enter_rt_sigaction
sys_enter_rt_sigaction
sys_enter_rt_sigaction
sys_enter_rt_sigaction
sys_enter_rt_sigaction
sys_enter_rt_sigaction
sys_enter_rt_sigaction
sys_enter_rt_sigaction
sys_enter_rt_sigaction
sys_enter_rt_sigaction
sys_enter_rt_sigaction
sys_enter_rt_sigaction
sys_enter_rt_sigaction
sys_enter_rt_sigaction
sys_enter_rt_sigaction
sys_enter_rt_sigaction
sys_enter_rt_sigaction
sys_enter_rt_sigaction
sys_enter_rt_sigaction
sys_enter_rt_sigaction
sys_enter_rt_sigprocmask
sys_enter_clone
sys_enter_rt_sigprocmask
sys_enter_gettid
sys_enter_sigaltstack
sys_enter_sigaltstack
sys_enter_gettid
sys_enter_rt_sigprocmask
sys_enter_rt_sigprocmask
sys_enter_clone
sys_enter_rt_sigprocmask
sys_enter_gettid
sys_enter_sigaltstack
sys_enter_sigaltstack
sys_enter_rt_sigprocmask
sys_enter_clone
sys_enter_gettid
sys_enter_rt_sigprocmask
sys_enter_rt_sigprocmask
sys_enter_futex
sys_enter_gettid
sys_enter_sigaltstack
sys_enter_sigaltstack
sys_enter_gettid
sys_enter_rt_sigprocmask
sys_enter_rt_sigprocmask
sys_enter_futex
sys_enter_clone
sys_enter_futex
sys_enter_rt_sigprocmask
sys_enter_gettid
sys_enter_futex
sys_enter_sigaltstack
sys_enter_sigaltstack
sys_enter_gettid
sys_enter_rt_sigprocmask
sys_enter_futex
sys_enter_futex
sys_enter_mmap
sys_enter_futex
sys_enter_futex
sys_enter_futex
sys_enter_openat
sys_enter_read
sys_enter_read
sys_enter_close
sys_enter_socket
sys_enter_close
sys_enter_socket
sys_enter_setsockopt
sys_enter_bind
sys_enter_socket
sys_enter_setsockopt
sys_enter_bind
sys_enter_close
sys_enter_close
sys_enter_getpid
sys_enter_getppid
sys_enter_mmap
sys_enter_mmap
sys_enter_getppid
sys_enter_openat
sys_enter_pipe2
sys_enter_getpid
sys_enter_clone
sys_enter_setsid
sys_enter_close
sys_enter_read
sys_enter_chdir
sys_enter_execve
sys_enter_close
sys_enter_exit_group
sys_enter_mmap
sys_enter_mmap
sys_enter_mprotect
sys_enter_mmap
sys_enter_mmap
sys_enter_mprotect
sys_enter_mmap
sys_enter_mprotect
sys_enter_mmap
sys_enter_mprotect
sys_enter_mmap
sys_enter_mmap
sys_enter_close
sys_enter_munmap
sys_enter_sched_getaffinity
sys_enter_mmap
sys_enter_munmap
sys_enter_mmap
sys_enter_mmap
sys_enter_mmap
sys_enter_mmap
sys_enter_mmap
sys_enter_mmap
sys_enter_rt_sigprocmask
sys_enter_sigaltstack
sys_enter_sigaltstack
sys_enter_gettid
sys_enter_rt_sigprocmask
sys_enter_rt_sigaction
sys_enter_rt_sigaction
sys_enter_rt_sigaction
sys_enter_rt_sigaction
sys_enter_rt_sigaction
sys_enter_rt_sigaction
sys_enter_rt_sigaction
sys_enter_rt_sigaction
sys_enter_rt_sigaction
sys_enter_rt_sigaction
sys_enter_rt_sigaction
sys_enter_rt_sigaction
sys_enter_rt_sigaction
sys_enter_rt_sigaction
sys_enter_rt_sigaction
sys_enter_rt_sigaction
sys_enter_rt_sigaction
sys_enter_rt_sigaction
sys_enter_rt_sigaction
sys_enter_rt_sigaction
sys_enter_rt_sigaction
sys_enter_rt_sigaction
sys_enter_rt_sigaction
sys_enter_rt_sigaction
sys_enter_rt_sigaction
sys_enter_rt_sigaction
sys_enter_rt_sigaction
sys_enter_rt_sigaction
sys_enter_rt_sigaction
sys_enter_rt_sigaction
sys_enter_rt_sigaction
sys_enter_rt_sigaction
sys_enter_rt_sigaction
sys_enter_rt_sigaction
sys_enter_rt_sigaction
sys_enter_rt_sigaction
sys_enter_rt_sigaction
sys_enter_rt_sigaction
sys_enter_rt_sigaction
sys_enter_rt_sigaction
sys_enter_rt_sigaction
sys_enter_rt_sigaction
sys_enter_rt_sigaction
sys_enter_rt_sigaction
sys_enter_rt_sigaction
sys_enter_rt_sigaction
sys_enter_rt_sigaction
sys_enter_rt_sigaction
sys_enter_rt_sigaction
sys_enter_rt_sigaction
sys_enter_rt_sigaction
sys_enter_rt_sigaction
sys_enter_rt_sigaction
sys_enter_rt_sigaction
sys_enter_rt_sigaction
sys_enter_rt_sigaction
sys_enter_rt_sigaction
sys_enter_rt_sigaction
sys_enter_rt_sigaction
sys_enter_rt_sigaction
sys_enter_rt_sigaction
sys_enter_rt_sigaction
sys_enter_rt_sigaction
sys_enter_rt_sigaction
sys_enter_rt_sigaction
sys_enter_rt_sigaction
sys_enter_rt_sigaction
sys_enter_rt_sigaction
sys_enter_rt_sigaction
sys_enter_rt_sigaction
sys_enter_rt_sigaction
sys_enter_rt_sigaction
sys_enter_rt_sigaction
sys_enter_rt_sigaction
sys_enter_rt_sigaction
sys_enter_rt_sigaction
sys_enter_rt_sigaction
sys_enter_rt_sigaction
sys_enter_rt_sigaction
sys_enter_rt_sigaction
sys_enter_rt_sigaction
sys_enter_rt_sigaction
sys_enter_rt_sigaction
sys_enter_rt_sigaction
sys_enter_rt_sigaction
sys_enter_rt_sigaction
sys_enter_rt_sigaction
sys_enter_rt_sigaction
sys_enter_rt_sigaction
sys_enter_rt_sigaction
sys_enter_rt_sigaction
sys_enter_rt_sigaction
sys_enter_rt_sigaction
sys_enter_rt_sigaction
sys_enter_rt_sigaction
sys_enter_rt_sigaction
sys_enter_rt_sigaction
sys_enter_rt_sigaction
sys_enter_rt_sigaction
sys_enter_rt_sigaction
sys_enter_rt_sigaction
sys_enter_rt_sigaction
sys_enter_rt_sigaction
sys_enter_rt_sigaction
sys_enter_rt_sigaction
sys_enter_rt_sigaction
sys_enter_rt_sigaction
sys_enter_rt_sigaction
sys_enter_rt_sigaction
sys_enter_rt_sigaction
sys_enter_rt_sigaction
sys_enter_rt_sigaction
sys_enter_rt_sigaction
sys_enter_rt_sigaction
sys_enter_rt_sigprocmask
sys_enter_clone
sys_enter_rt_sigprocmask
sys_enter_gettid
sys_enter_sigaltstack
sys_enter_sigaltstack
sys_enter_gettid
sys_enter_rt_sigprocmask
sys_enter_rt_sigprocmask
sys_enter_clone
sys_enter_rt_sigprocmask
sys_enter_gettid
sys_enter_sigaltstack
sys_enter_sigaltstack
sys_enter_gettid
sys_enter_rt_sigprocmask
sys_enter_rt_sigprocmask
sys_enter_clone
sys_enter_rt_sigprocmask
sys_enter_clone
sys_enter_rt_sigprocmask
sys_enter_futex
sys_enter_gettid
sys_enter_sigaltstack
sys_enter_sigaltstack
sys_enter_gettid
sys_enter_rt_sigprocmask
sys_enter_futex
sys_enter_futex
sys_enter_rt_sigprocmask
sys_enter_gettid
sys_enter_sigaltstack
sys_enter_sigaltstack
sys_enter_gettid
sys_enter_rt_sigprocmask
sys_enter_futex
sys_enter_futex
sys_enter_futex
sys_enter_mmap
sys_enter_futex
sys_enter_futex
sys_enter_futex
sys_enter_openat
sys_enter_read
sys_enter_read
sys_enter_close
sys_enter_socket
sys_enter_close
sys_enter_socket
sys_enter_setsockopt
sys_enter_bind
sys_enter_socket
sys_enter_setsockopt
sys_enter_bind
sys_enter_close
sys_enter_close
sys_enter_getpid
sys_enter_getppid
sys_enter_mmap
sys_enter_mmap
sys_enter_getppid
sys_enter_openat
sys_enter_pipe2
sys_enter_getpid
sys_enter_clone
sys_enter_close
sys_enter_read
sys_enter_setsid
sys_enter_chdir
sys_enter_execve
sys_enter_close
sys_enter_exit_group
sys_enter_mmap
sys_enter_mmap
sys_enter_mprotect
sys_enter_mmap
sys_enter_mmap
sys_enter_mprotect
sys_enter_mmap
sys_enter_mprotect
sys_enter_mmap
sys_enter_mprotect
sys_enter_mmap
sys_enter_mmap
sys_enter_close
sys_enter_munmap
sys_enter_sched_getaffinity
sys_enter_mmap
sys_enter_munmap
sys_enter_mmap
sys_enter_mmap
sys_enter_mmap
sys_enter_mmap
sys_enter_mmap
sys_enter_mmap
sys_enter_rt_sigprocmask
sys_enter_sigaltstack
sys_enter_sigaltstack
sys_enter_gettid
sys_enter_rt_sigprocmask
sys_enter_rt_sigaction
sys_enter_rt_sigaction
sys_enter_rt_sigaction
sys_enter_rt_sigaction
sys_enter_rt_sigaction
sys_enter_rt_sigaction
sys_enter_rt_sigaction
sys_enter_rt_sigaction
sys_enter_rt_sigaction
sys_enter_rt_sigaction
sys_enter_rt_sigaction
sys_enter_rt_sigaction
sys_enter_rt_sigaction
sys_enter_rt_sigaction
sys_enter_rt_sigaction
sys_enter_rt_sigaction
sys_enter_rt_sigaction
sys_enter_rt_sigaction
sys_enter_rt_sigaction
sys_enter_rt_sigaction
sys_enter_rt_sigaction
sys_enter_rt_sigaction
sys_enter_rt_sigaction
sys_enter_rt_sigaction
sys_enter_rt_sigaction
sys_enter_rt_sigaction
sys_enter_rt_sigaction
sys_enter_rt_sigaction
sys_enter_rt_sigaction
sys_enter_rt_sigaction
sys_enter_rt_sigaction
sys_enter_rt_sigaction
sys_enter_rt_sigaction
sys_enter_rt_sigaction
sys_enter_rt_sigaction
sys_enter_rt_sigaction
sys_enter_rt_sigaction
sys_enter_rt_sigaction
sys_enter_rt_sigaction
sys_enter_rt_sigaction
sys_enter_rt_sigaction
sys_enter_rt_sigaction
sys_enter_rt_sigaction
sys_enter_rt_sigaction
sys_enter_rt_sigaction
sys_enter_rt_sigaction
sys_enter_rt_sigaction
sys_enter_rt_sigaction
sys_enter_rt_sigaction
sys_enter_rt_sigaction
sys_enter_rt_sigaction
sys_enter_rt_sigaction
sys_enter_rt_sigaction
sys_enter_rt_sigaction
sys_enter_rt_sigaction
sys_enter_rt_sigaction
sys_enter_rt_sigaction
sys_enter_rt_sigaction
sys_enter_rt_sigaction
sys_enter_rt_sigaction
sys_enter_rt_sigaction
sys_enter_rt_sigaction
sys_enter_rt_sigaction
sys_enter_rt_sigaction
sys_enter_rt_sigaction
sys_enter_rt_sigaction
sys_enter_rt_sigaction
sys_enter_rt_sigaction
sys_enter_rt_sigaction
sys_enter_rt_sigaction
sys_enter_rt_sigaction
sys_enter_rt_sigaction
sys_enter_rt_sigaction
sys_enter_rt_sigaction
sys_enter_rt_sigaction
sys_enter_rt_sigaction
sys_enter_rt_sigaction
sys_enter_rt_sigaction
sys_enter_rt_sigaction
sys_enter_rt_sigaction
sys_enter_rt_sigaction
sys_enter_rt_sigaction
sys_enter_rt_sigaction
sys_enter_rt_sigaction
sys_enter_rt_sigaction
sys_enter_rt_sigaction
sys_enter_rt_sigaction
sys_enter_rt_sigaction
sys_enter_rt_sigaction
sys_enter_rt_sigaction
sys_enter_rt_sigaction
sys_enter_rt_sigaction
sys_enter_rt_sigaction
sys_enter_rt_sigaction
sys_enter_rt_sigaction
sys_enter_rt_sigaction
sys_enter_rt_sigaction
sys_enter_rt_sigaction
sys_enter_rt_sigaction
sys_enter_rt_sigaction
sys_enter_rt_sigaction
sys_enter_rt_sigaction
sys_enter_rt_sigaction
sys_enter_rt_sigaction
sys_enter_rt_sigaction
sys_enter_rt_sigaction
sys_enter_rt_sigaction
sys_enter_rt_sigaction
sys_enter_rt_sigaction
sys_enter_rt_sigaction
sys_enter_rt_sigaction
sys_enter_rt_sigaction
sys_enter_rt_sigaction
sys_enter_rt_sigaction
sys_enter_rt_sigprocmask
sys_enter_clone
sys_enter_rt_sigprocmask
sys_enter_gettid
sys_enter_sigaltstack
sys_enter_sigaltstack
sys_enter_gettid
sys_enter_rt_sigprocmask
sys_enter_rt_sigprocmask
sys_enter_clone
sys_enter_rt_sigprocmask
sys_enter_gettid
sys_enter_sigaltstack
sys_enter_sigaltstack
sys_enter_gettid
sys_enter_rt_sigprocmask
sys_enter_sched_yield
sys_enter_futex
sys_enter_sched_yield
sys_enter_futex
sys_enter_futex
sys_enter_rt_sigprocmask
sys_enter_clone
sys_enter_futex
sys_enter_rt_sigprocmask
sys_enter_clone
sys_enter_rt_sigprocmask
sys_enter_futex
sys_enter_gettid
sys_enter_rt_sigprocmask
sys_enter_sigaltstack
sys_enter_sigaltstack
sys_enter_gettid
sys_enter_rt_sigprocmask
sys_enter_gettid
sys_enter_futex
sys_enter_sigaltstack
sys_enter_sigaltstack
sys_enter_gettid
sys_enter_rt_sigprocmask
sys_enter_futex
sys_enter_futex
sys_enter_futex
sys_enter_futex
sys_enter_mmap
sys_enter_futex
sys_enter_futex
sys_enter_futex
sys_enter_openat
sys_enter_read
sys_enter_read
sys_enter_close
sys_enter_socket
sys_enter_close
sys_enter_socket
sys_enter_setsockopt
sys_enter_bind
sys_enter_socket
sys_enter_setsockopt
sys_enter_bind
sys_enter_close
sys_enter_close
sys_enter_getpid
sys_enter_getppid
sys_enter_mmap
sys_enter_mmap
sys_enter_getppid
sys_enter_openat
sys_enter_pipe2
sys_enter_getpid
sys_enter_clone
sys_enter_setsid
sys_enter_close
sys_enter_read
sys_enter_chdir
sys_enter_execve
sys_enter_close
sys_enter_mmap
sys_enter_mmap
sys_enter_mprotect
sys_enter_exit_group
sys_enter_mmap
sys_enter_mmap
sys_enter_mprotect
sys_enter_mmap
sys_enter_mprotect
sys_enter_mmap
sys_enter_mprotect
sys_enter_mmap
sys_enter_mmap
sys_enter_close
sys_enter_munmap
sys_enter_sched_getaffinity
sys_enter_mmap
sys_enter_munmap
sys_enter_mmap
sys_enter_mmap
sys_enter_mmap
sys_enter_mmap
sys_enter_mmap
sys_enter_mmap
sys_enter_rt_sigprocmask
sys_enter_sigaltstack
sys_enter_sigaltstack
sys_enter_gettid
sys_enter_rt_sigprocmask
sys_enter_rt_sigaction
sys_enter_rt_sigaction
sys_enter_rt_sigaction
sys_enter_rt_sigaction
sys_enter_rt_sigaction
sys_enter_rt_sigaction
sys_enter_rt_sigaction
sys_enter_rt_sigaction
sys_enter_rt_sigaction
sys_enter_rt_sigaction
sys_enter_rt_sigaction
sys_enter_rt_sigaction
sys_enter_rt_sigaction
sys_enter_rt_sigaction
sys_enter_rt_sigaction
sys_enter_rt_sigaction
sys_enter_rt_sigaction
sys_enter_rt_sigaction
sys_enter_rt_sigaction
sys_enter_rt_sigaction
sys_enter_rt_sigaction
sys_enter_rt_sigaction
sys_enter_rt_sigaction
sys_enter_rt_sigaction
sys_enter_rt_sigaction
sys_enter_rt_sigaction
sys_enter_rt_sigaction
sys_enter_rt_sigaction
sys_enter_rt_sigaction
sys_enter_rt_sigaction
sys_enter_rt_sigaction
sys_enter_rt_sigaction
sys_enter_rt_sigaction
sys_enter_rt_sigaction
sys_enter_rt_sigaction
sys_enter_rt_sigaction
sys_enter_rt_sigaction
sys_enter_rt_sigaction
sys_enter_rt_sigaction
sys_enter_rt_sigaction
sys_enter_rt_sigaction
sys_enter_rt_sigaction
sys_enter_rt_sigaction
sys_enter_rt_sigaction
sys_enter_rt_sigaction
sys_enter_rt_sigaction
sys_enter_rt_sigaction
sys_enter_rt_sigaction
sys_enter_rt_sigaction
sys_enter_rt_sigaction
sys_enter_rt_sigaction
sys_enter_rt_sigaction
sys_enter_rt_sigaction
sys_enter_rt_sigaction
sys_enter_rt_sigaction
sys_enter_rt_sigaction
sys_enter_rt_sigaction
sys_enter_rt_sigaction
sys_enter_rt_sigaction
sys_enter_rt_sigaction
sys_enter_rt_sigaction
sys_enter_rt_sigaction
sys_enter_rt_sigaction
sys_enter_rt_sigaction
sys_enter_rt_sigaction
sys_enter_rt_sigaction
sys_enter_rt_sigaction
sys_enter_rt_sigaction
sys_enter_rt_sigaction
sys_enter_rt_sigaction
sys_enter_rt_sigaction
sys_enter_rt_sigaction
sys_enter_rt_sigaction
sys_enter_rt_sigaction
sys_enter_rt_sigaction
sys_enter_rt_sigaction
sys_enter_rt_sigaction
sys_enter_rt_sigaction
sys_enter_rt_sigaction
sys_enter_rt_sigaction
sys_enter_rt_sigaction
sys_enter_rt_sigaction
sys_enter_rt_sigaction
sys_enter_rt_sigaction
sys_enter_rt_sigaction
sys_enter_rt_sigaction
sys_enter_rt_sigaction
sys_enter_rt_sigaction
sys_enter_rt_sigaction
sys_enter_rt_sigaction
sys_enter_rt_sigaction
sys_enter_rt_sigaction
sys_enter_rt_sigaction
sys_enter_rt_sigaction
sys_enter_rt_sigaction
sys_enter_rt_sigaction
sys_enter_rt_sigaction
sys_enter_rt_sigaction
sys_enter_rt_sigaction
sys_enter_rt_sigaction
sys_enter_rt_sigaction
sys_enter_rt_sigaction
sys_enter_rt_sigaction
sys_enter_rt_sigaction
sys_enter_rt_sigaction
sys_enter_rt_sigaction
sys_enter_rt_sigaction
sys_enter_rt_sigaction
sys_enter_rt_sigaction
sys_enter_rt_sigaction
sys_enter_rt_sigaction
sys_enter_rt_sigaction
sys_enter_rt_sigaction
sys_enter_rt_sigaction
sys_enter_rt_sigprocmask
sys_enter_clone
sys_enter_rt_sigprocmask
sys_enter_gettid
sys_enter_sigaltstack
sys_enter_sigaltstack
sys_enter_gettid
sys_enter_rt_sigprocmask
sys_enter_rt_sigprocmask
sys_enter_clone
sys_enter_rt_sigprocmask
sys_enter_gettid
sys_enter_sigaltstack
sys_enter_sigaltstack
sys_enter_gettid
sys_enter_rt_sigprocmask
sys_enter_rt_sigprocmask
sys_enter_clone
sys_enter_rt_sigprocmask
sys_enter_clone
sys_enter_rt_sigprocmask
sys_enter_futex
sys_enter_gettid
sys_enter_rt_sigprocmask
sys_enter_sigaltstack
sys_enter_sigaltstack
sys_enter_gettid
sys_enter_rt_sigprocmask
sys_enter_gettid
sys_enter_sigaltstack
sys_enter_futex
sys_enter_sigaltstack
sys_enter_gettid
sys_enter_rt_sigprocmask
sys_enter_futex
sys_enter_futex
sys_enter_futex
sys_enter_futex
sys_enter_mmap
sys_enter_futex
sys_enter_futex
sys_enter_futex
sys_enter_openat
sys_enter_read
sys_enter_read
sys_enter_close
sys_enter_socket
sys_enter_close
sys_enter_socket
sys_enter_setsockopt
sys_enter_bind
sys_enter_socket
sys_enter_setsockopt
sys_enter_bind
sys_enter_close
sys_enter_close
sys_enter_getpid
sys_enter_getppid
sys_enter_mmap
sys_enter_mmap
sys_enter_getppid
sys_enter_openat
sys_enter_pipe2
sys_enter_getpid
sys_enter_clone
sys_enter_setsid
sys_enter_close
sys_enter_read
sys_enter_chdir
sys_enter_execve
sys_enter_close
sys_enter_exit_group
sys_enter_mmap
sys_enter_mmap
sys_enter_mprotect
sys_enter_mmap
sys_enter_mmap
sys_enter_mprotect
sys_enter_mmap
sys_enter_mprotect
sys_enter_mmap
sys_enter_mprotect
sys_enter_mmap
sys_enter_mmap
sys_enter_close
sys_enter_munmap
sys_enter_sched_getaffinity
sys_enter_mmap
sys_enter_munmap
sys_enter_mmap
sys_enter_mmap
sys_enter_mmap
sys_enter_mmap
sys_enter_mmap
sys_enter_mmap
sys_enter_rt_sigprocmask
sys_enter_sigaltstack
sys_enter_sigaltstack
sys_enter_gettid
sys_enter_rt_sigprocmask
sys_enter_rt_sigaction
sys_enter_rt_sigaction
sys_enter_rt_sigaction
sys_enter_rt_sigaction
sys_enter_rt_sigaction
sys_enter_rt_sigaction
sys_enter_rt_sigaction
sys_enter_rt_sigaction
sys_enter_rt_sigaction
sys_enter_rt_sigaction
sys_enter_rt_sigaction
sys_enter_rt_sigaction
sys_enter_rt_sigaction
sys_enter_rt_sigaction
sys_enter_rt_sigaction
sys_enter_rt_sigaction
sys_enter_rt_sigaction
sys_enter_rt_sigaction
sys_enter_rt_sigaction
sys_enter_rt_sigaction
sys_enter_rt_sigaction
sys_enter_rt_sigaction
sys_enter_rt_sigaction
sys_enter_rt_sigaction
sys_enter_rt_sigaction
sys_enter_rt_sigaction
sys_enter_rt_sigaction
sys_enter_rt_sigaction
sys_enter_rt_sigaction
sys_enter_rt_sigaction
sys_enter_rt_sigaction
sys_enter_rt_sigaction
sys_enter_rt_sigaction
sys_enter_rt_sigaction
sys_enter_rt_sigaction
sys_enter_rt_sigaction
sys_enter_rt_sigaction
sys_enter_rt_sigaction
sys_enter_rt_sigaction
sys_enter_rt_sigaction
sys_enter_rt_sigaction
sys_enter_rt_sigaction
sys_enter_rt_sigaction
sys_enter_rt_sigaction
sys_enter_rt_sigaction
sys_enter_rt_sigaction
sys_enter_rt_sigaction
sys_enter_rt_sigaction
sys_enter_rt_sigaction
sys_enter_rt_sigaction
sys_enter_rt_sigaction
sys_enter_rt_sigaction
sys_enter_rt_sigaction
sys_enter_rt_sigaction
sys_enter_rt_sigaction
sys_enter_rt_sigaction
sys_enter_rt_sigaction
sys_enter_rt_sigaction
sys_enter_rt_sigaction
sys_enter_rt_sigaction
sys_enter_rt_sigaction
sys_enter_rt_sigaction
sys_enter_rt_sigaction
sys_enter_rt_sigaction
sys_enter_rt_sigaction
sys_enter_rt_sigaction
sys_enter_rt_sigaction
sys_enter_rt_sigaction
sys_enter_rt_sigaction
sys_enter_rt_sigaction
sys_enter_rt_sigaction
sys_enter_rt_sigaction
sys_enter_rt_sigaction
sys_enter_rt_sigaction
sys_enter_rt_sigaction
sys_enter_rt_sigaction
sys_enter_rt_sigaction
sys_enter_rt_sigaction
sys_enter_rt_sigaction
sys_enter_rt_sigaction
sys_enter_rt_sigaction
sys_enter_rt_sigaction
sys_enter_rt_sigaction
sys_enter_rt_sigaction
sys_enter_rt_sigaction
sys_enter_rt_sigaction
sys_enter_rt_sigaction
sys_enter_rt_sigaction
sys_enter_rt_sigaction
sys_enter_rt_sigaction
sys_enter_rt_sigaction
sys_enter_rt_sigaction
sys_enter_rt_sigaction
sys_enter_rt_sigaction
sys_enter_rt_sigaction
sys_enter_rt_sigaction
sys_enter_rt_sigaction
sys_enter_rt_sigaction
sys_enter_rt_sigaction
sys_enter_rt_sigaction
sys_enter_rt_sigaction
sys_enter_rt_sigaction
sys_enter_rt_sigaction
sys_enter_rt_sigaction
sys_enter_rt_sigaction
sys_enter_rt_sigaction
sys_enter_rt_sigaction
sys_enter_rt_sigaction
sys_enter_rt_sigaction
sys_enter_rt_sigaction
sys_enter_rt_sigaction
sys_enter_rt_sigaction
sys_enter_rt_sigaction
sys_enter_rt_sigaction
sys_enter_rt_sigprocmask
sys_enter_clone
sys_enter_rt_sigprocmask
sys_enter_gettid
sys_enter_sigaltstack
sys_enter_sigaltstack
sys_enter_gettid
sys_enter_rt_sigprocmask
sys_enter_rt_sigprocmask
sys_enter_clone
sys_enter_rt_sigprocmask
sys_enter_gettid
sys_enter_sigaltstack
sys_enter_sigaltstack
sys_enter_gettid
sys_enter_rt_sigprocmask
sys_enter_rt_sigprocmask
sys_enter_clone
sys_enter_rt_sigprocmask
sys_enter_clone
sys_enter_rt_sigprocmask
sys_enter_futex
sys_enter_gettid
sys_enter_sigaltstack
sys_enter_sigaltstack
sys_enter_gettid
sys_enter_rt_sigprocmask
sys_enter_futex
sys_enter_futex
sys_enter_rt_sigprocmask
sys_enter_gettid
sys_enter_sigaltstack
sys_enter_sigaltstack
sys_enter_gettid
sys_enter_rt_sigprocmask
sys_enter_futex
sys_enter_futex
sys_enter_futex
sys_enter_mmap
sys_enter_futex
sys_enter_futex
sys_enter_futex
sys_enter_openat
sys_enter_read
sys_enter_read
sys_enter_close
sys_enter_socket
sys_enter_close
sys_enter_socket
sys_enter_setsockopt
sys_enter_bind
sys_enter_socket
sys_enter_setsockopt
sys_enter_bind
sys_enter_close
sys_enter_close
sys_enter_getpid
sys_enter_getppid
sys_enter_mmap
sys_enter_mmap
sys_enter_getppid
sys_enter_openat
sys_enter_pipe2
sys_enter_getpid
sys_enter_clone
sys_enter_setsid
sys_enter_close
sys_enter_read
sys_enter_chdir
sys_enter_execve
sys_enter_close
sys_enter_exit_group
sys_enter_mmap
sys_enter_mmap
sys_enter_mprotect
sys_enter_mmap
sys_enter_mmap
sys_enter_mprotect
sys_enter_mmap
sys_enter_mprotect
sys_enter_mmap
sys_enter_mprotect
sys_enter_mmap
sys_enter_mmap
sys_enter_close
sys_enter_munmap
sys_enter_sched_getaffinity
sys_enter_mmap
sys_enter_munmap
sys_enter_mmap
sys_enter_mmap
sys_enter_mmap
sys_enter_mmap
sys_enter_mmap
sys_enter_mmap
sys_enter_rt_sigprocmask
sys_enter_sigaltstack
sys_enter_sigaltstack
sys_enter_gettid
sys_enter_rt_sigprocmask
sys_enter_rt_sigaction
sys_enter_rt_sigaction
sys_enter_rt_sigaction
sys_enter_rt_sigaction
sys_enter_rt_sigaction
sys_enter_rt_sigaction
sys_enter_rt_sigaction
sys_enter_rt_sigaction
sys_enter_rt_sigaction
sys_enter_rt_sigaction
sys_enter_rt_sigaction
sys_enter_rt_sigaction
sys_enter_rt_sigaction
sys_enter_rt_sigaction
sys_enter_rt_sigaction
sys_enter_rt_sigaction
sys_enter_rt_sigaction
sys_enter_rt_sigaction
sys_enter_rt_sigaction
sys_enter_rt_sigaction
sys_enter_rt_sigaction
sys_enter_rt_sigaction
sys_enter_rt_sigaction
sys_enter_rt_sigaction
sys_enter_rt_sigaction
sys_enter_rt_sigaction
sys_enter_rt_sigaction
sys_enter_rt_sigaction
sys_enter_rt_sigaction
sys_enter_rt_sigaction
sys_enter_rt_sigaction
sys_enter_rt_sigaction
sys_enter_rt_sigaction
sys_enter_rt_sigaction
sys_enter_rt_sigaction
sys_enter_rt_sigaction
sys_enter_rt_sigaction
sys_enter_rt_sigaction
sys_enter_rt_sigaction
sys_enter_rt_sigaction
sys_enter_rt_sigaction
sys_enter_rt_sigaction
sys_enter_rt_sigaction
sys_enter_rt_sigaction
sys_enter_rt_sigaction
sys_enter_rt_sigaction
sys_enter_rt_sigaction
sys_enter_rt_sigaction
sys_enter_rt_sigaction
sys_enter_rt_sigaction
sys_enter_rt_sigaction
sys_enter_rt_sigaction
sys_enter_rt_sigaction
sys_enter_rt_sigaction
sys_enter_rt_sigaction
sys_enter_rt_sigaction
sys_enter_rt_sigaction
sys_enter_rt_sigaction
sys_enter_rt_sigaction
sys_enter_rt_sigaction
sys_enter_rt_sigaction
sys_enter_rt_sigaction
sys_enter_rt_sigaction
sys_enter_rt_sigaction
sys_enter_rt_sigaction
sys_enter_rt_sigaction
sys_enter_rt_sigaction
sys_enter_rt_sigaction
sys_enter_rt_sigaction
sys_enter_rt_sigaction
sys_enter_rt_sigaction
sys_enter_rt_sigaction
sys_enter_rt_sigaction
sys_enter_rt_sigaction
sys_enter_rt_sigaction
sys_enter_rt_sigaction
sys_enter_rt_sigaction
sys_enter_rt_sigaction
sys_enter_rt_sigaction
sys_enter_rt_sigaction
sys_enter_rt_sigaction
sys_enter_rt_sigaction
sys_enter_rt_sigaction
sys_enter_rt_sigaction
sys_enter_rt_sigaction
sys_enter_rt_sigaction
sys_enter_rt_sigaction
sys_enter_rt_sigaction
sys_enter_rt_sigaction
sys_enter_rt_sigaction
sys_enter_rt_sigaction
sys_enter_rt_sigaction
sys_enter_rt_sigaction
sys_enter_rt_sigaction
sys_enter_rt_sigaction
sys_enter_rt_sigaction
sys_enter_rt_sigaction
sys_enter_rt_sigaction
sys_enter_rt_sigaction
sys_enter_rt_sigaction
sys_enter_rt_sigaction
sys_enter_rt_sigaction
sys_enter_rt_sigaction
sys_enter_rt_sigaction
sys_enter_rt_sigaction
sys_enter_rt_sigaction
sys_enter_rt_sigaction
sys_enter_rt_sigaction
sys_enter_rt_sigaction
sys_enter_rt_sigaction
sys_enter_rt_sigaction
sys_enter_rt_sigaction
sys_enter_rt_sigaction
sys_enter_rt_sigaction
sys_enter_rt_sigprocmask
sys_enter_clone
sys_enter_rt_sigprocmask
sys_enter_gettid
sys_enter_sigaltstack
sys_enter_sigaltstack
sys_enter_gettid
sys_enter_rt_sigprocmask
sys_enter_rt_sigprocmask
sys_enter_clone
sys_enter_rt_sigprocmask
sys_enter_gettid
sys_enter_sigaltstack
sys_enter_sigaltstack
sys_enter_gettid
sys_enter_rt_sigprocmask
sys_enter_rt_sigprocmask
sys_enter_clone
sys_enter_rt_sigprocmask
sys_enter_futex
sys_enter_rt_sigprocmask
sys_enter_clone
sys_enter_gettid
sys_enter_sigaltstack
sys_enter_sigaltstack
sys_enter_rt_sigprocmask
sys_enter_gettid
sys_enter_rt_sigprocmask
sys_enter_gettid
sys_enter_futex
sys_enter_sigaltstack
sys_enter_sigaltstack
sys_enter_gettid
sys_enter_rt_sigprocmask
sys_enter_futex
sys_enter_futex
sys_enter_futex
sys_enter_futex
sys_enter_mmap
sys_enter_futex
sys_enter_futex
sys_enter_futex
sys_enter_openat
sys_enter_read
sys_enter_read
sys_enter_close
sys_enter_socket
sys_enter_close
sys_enter_socket
sys_enter_setsockopt
sys_enter_bind
sys_enter_socket
sys_enter_setsockopt
sys_enter_bind
sys_enter_close
sys_enter_close
sys_enter_getpid
sys_enter_getppid
sys_enter_mmap
sys_enter_mmap
sys_enter_getppid
sys_enter_openat
sys_enter_pipe2
sys_enter_getpid
sys_enter_clone
sys_enter_setsid
sys_enter_close
sys_enter_read
sys_enter_chdir
sys_enter_execve
sys_enter_close
sys_enter_exit_group
sys_enter_mmap
sys_enter_mmap
sys_enter_mprotect
sys_enter_mmap
sys_enter_mmap
sys_enter_mprotect
sys_enter_mmap
sys_enter_mprotect
